1.000000000000000000e+00 4.879000000000000000e+03 -1.000000000000000000e+00 -1.000000000000000000e+00 -1.000000000000000000e+00 -1.000000000000000000e+00 -1.000000000000000000e+00 1.364507000000000062e+03 1.455708000000000084e+03 1.441000000000000059e+00 1.306499999999999995e+00 3.418000000000000149e+00 1.564999999999999947e+00
2.000000000000000000e+00 4.879000000000000000e+03 -1.000000000000000000e+00 -1.000000000000000000e+00 -1.000000000000000000e+00 -1.000000000000000000e+00 -1.000000000000000000e+00 1.364490000000000009e+03 1.455718000000000075e+03 1.441000000000000059e+00 1.306499999999999995e+00 3.418000000000000149e+00 1.564999999999999947e+00
3.000000000000000000e+00 4.879000000000000000e+03 -1.000000000000000000e+00 -1.000000000000000000e+00 -1.000000000000000000e+00 -1.000000000000000000e+00 -1.000000000000000000e+00 1.364471999999999980e+03 1.455727000000000089e+03 1.441000000000000059e+00 1.306499999999999995e+00 3.418000000000000149e+00 1.564999999999999947e+00
4.000000000000000000e+00 4.879000000000000000e+03 -1.000000000000000000e+00 -1.000000000000000000e+00 -1.000000000000000000e+00 -1.000000000000000000e+00 -1.000000000000000000e+00 1.364471999999999980e+03 1.455727000000000089e+03 1.469000000000000083e+00 1.306499999999999995e+00 3.418000000000000149e+00 1.564999999999999947e+00
5.000000000000000000e+00 4.879000000000000000e+03 -1.000000000000000000e+00 -1.000000000000000000e+00 -1.000000000000000000e+00 -1.000000000000000000e+00 -1.000000000000000000e+00 1.364471999999999980e+03 1.455727000000000089e+03 1.493000000000000105e+00 1.306499999999999995e+00 3.418000000000000149e+00 1.564999999999999947e+00
6.000000000000000000e+00 4.879000000000000000e+03 -1.000000000000000000e+00 -1.000000000000000000e+00 -1.000000000000000000e+00 -1.000000000000000000e+00 -1.000000000000000000e+00 1.364548999999999978e+03 1.455685999999999922e+03 1.433000000000000052e+00 1.306499999999999995e+00 3.418000000000000149e+00 1.564999999999999947e+00
7.000000000000000000e+00 4.879000000000000000e+03 -1.000000000000000000e+00 -1.000000000000000000e+00 -1.000000000000000000e+00 -1.000000000000000000e+00 -1.000000000000000000e+00 1.364548999999999978e+03 1.455711000000000013e+03 1.510999999999999899e+00 1.306499999999999995e+00 3.418000000000000149e+00 1.564999999999999947e+00
8.000000000000000000e+00 4.879000000000000000e+03 -1.000000000000000000e+00 -1.000000000000000000e+00 -1.000000000000000000e+00 -1.000000000000000000e+00 -1.000000000000000000e+00 1.364548999999999978e+03 1.455730999999999995e+03 1.576000000000000068e+00 1.306499999999999995e+00 3.418000000000000149e+00 1.564999999999999947e+00
9.000000000000000000e+00 4.879000000000000000e+03 -1.000000000000000000e+00 -1.000000000000000000e+00 -1.000000000000000000e+00 -1.000000000000000000e+00 -1.000000000000000000e+00 1.364548999999999978e+03 1.455750999999999976e+03 1.669999999999999929e+00 1.306499999999999995e+00 3.418000000000000149e+00 1.564999999999999947e+00
1.000000000000000000e+01 4.879000000000000000e+03 -1.000000000000000000e+00 -1.000000000000000000e+00 -1.000000000000000000e+00 -1.000000000000000000e+00 -1.000000000000000000e+00 1.364548999999999978e+03 1.455771999999999935e+03 1.614000000000000101e+00 1.306499999999999995e+00 3.418000000000000149e+00 1.564999999999999947e+00
1.100000000000000000e+01 4.879000000000000000e+03 -1.000000000000000000e+00 -1.000000000000000000e+00 -1.000000000000000000e+00 -1.000000000000000000e+00 -1.000000000000000000e+00 1.364548999999999978e+03 1.455791999999999916e+03 1.558000000000000052e+00 1.306499999999999995e+00 3.418000000000000149e+00 1.564999999999999947e+00
1.200000000000000000e+01 4.879000000000000000e+03 -1.000000000000000000e+00 -1.000000000000000000e+00 -1.000000000000000000e+00 -1.000000000000000000e+00 -1.000000000000000000e+00 1.364548999999999978e+03 1.455791999999999916e+03 1.598000000000000087e+00 1.306499999999999995e+00 3.418000000000000149e+00 1.564999999999999947e+00
1.300000000000000000e+01 4.879000000000000000e+03 -1.000000000000000000e+00 -1.000000000000000000e+00 -1.000000000000000000e+00 -1.000000000000000000e+00 -1.000000000000000000e+00 1.364548999999999978e+03 1.455791999999999916e+03 1.637999999999999901e+00 1.306499999999999995e+00 3.418000000000000149e+00 1.564999999999999947e+00
1.400000000000000000e+01 4.896000000000000000e+03 -1.000000000000000000e+00 -1.000000000000000000e+00 -1.000000000000000000e+00 -1.000000000000000000e+00 -1.000000000000000000e+00 1.432330999999999904e+03 1.414798000000000002e+03 8.569999999999999840e-01 1.058000000000000052e+00 2.918499999999999872e+00 1.000000000000000000e+00
1.400000000000000000e+01 4.879000000000000000e+03 -1.000000000000000000e+00 -1.000000000000000000e+00 -1.000000000000000000e+00 -1.000000000000000000e+00 -1.000000000000000000e+00 1.364548999999999978e+03 1.455791999999999916e+03 1.677999999999999936e+00 1.306499999999999995e+00 3.418000000000000149e+00 1.564999999999999947e+00
1.500000000000000000e+01 4.896000000000000000e+03 -1.000000000000000000e+00 -1.000000000000000000e+00 -1.000000000000000000e+00 -1.000000000000000000e+00 -1.000000000000000000e+00 1.432330999999999904e+03 1.414798000000000002e+03 8.589999999999999858e-01 1.058000000000000052e+00 2.918499999999999872e+00 1.000000000000000000e+00
1.500000000000000000e+01 4.879000000000000000e+03 -1.000000000000000000e+00 -1.000000000000000000e+00 -1.000000000000000000e+00 -1.000000000000000000e+00 -1.000000000000000000e+00 1.364548999999999978e+03 1.455791999999999916e+03 1.717999999999999972e+00 1.306499999999999995e+00 3.418000000000000149e+00 1.564999999999999947e+00
1.600000000000000000e+01 4.896000000000000000e+03 -1.000000000000000000e+00 -1.000000000000000000e+00 -1.000000000000000000e+00 -1.000000000000000000e+00 -1.000000000000000000e+00 1.432330999999999904e+03 1.414798000000000002e+03 8.599999999999999867e-01 1.058000000000000052e+00 2.918499999999999872e+00 1.000000000000000000e+00
1.600000000000000000e+01 4.879000000000000000e+03 -1.000000000000000000e+00 -1.000000000000000000e+00 -1.000000000000000000e+00 -1.000000000000000000e+00 -1.000000000000000000e+00 1.364548999999999978e+03 1.455791999999999916e+03 1.758000000000000007e+00 1.306499999999999995e+00 3.418000000000000149e+00 1.564999999999999947e+00
1.700000000000000000e+01 4.901000000000000000e+03 -1.000000000000000000e+00 -1.000000000000000000e+00 -1.000000000000000000e+00 -1.000000000000000000e+00 -1.000000000000000000e+00 1.444376999999999953e+03 1.408580999999999904e+03 8.840000000000000080e-01 9.879999999999999893e-01 2.787999999999999812e+00 1.022000000000000020e+00
1.700000000000000000e+01 4.896000000000000000e+03 -1.000000000000000000e+00 -1.000000000000000000e+00 -1.000000000000000000e+00 -1.000000000000000000e+00 -1.000000000000000000e+00 1.432330999999999904e+03 1.414798000000000002e+03 8.619999999999999885e-01 1.058000000000000052e+00 2.918499999999999872e+00 1.000000000000000000e+00
1.700000000000000000e+01 4.902000000000000000e+03 -1.000000000000000000e+00 -1.000000000000000000e+00 -1.000000000000000000e+00 -1.000000000000000000e+00 -1.000000000000000000e+00 1.439877999999999929e+03 1.389500000000000000e+03 1.034000000000000030e+00 1.073499999999999899e+00 2.646999999999999797e+00 9.230000000000000426e-01
1.800000000000000000e+01 4.901000000000000000e+03 -1.000000000000000000e+00 -1.000000000000000000e+00 -1.000000000000000000e+00 -1.000000000000000000e+00 -1.000000000000000000e+00 1.444358999999999924e+03 1.408547000000000025e+03 8.910000000000000142e-01 9.879999999999999893e-01 2.787999999999999812e+00 1.022000000000000020e+00
1.800000000000000000e+01 4.896000000000000000e+03 -1.000000000000000000e+00 -1.000000000000000000e+00 -1.000000000000000000e+00 -1.000000000000000000e+00 -1.000000000000000000e+00 1.432330999999999904e+03 1.414798000000000002e+03 8.639999999999999902e-01 1.058000000000000052e+00 2.918499999999999872e+00 1.000000000000000000e+00
1.800000000000000000e+01 4.902000000000000000e+03 -1.000000000000000000e+00 -1.000000000000000000e+00 -1.000000000000000000e+00 -1.000000000000000000e+00 -1.000000000000000000e+00 1.439877999999999929e+03 1.389500000000000000e+03 1.026999999999999913e+00 1.073499999999999899e+00 2.646999999999999797e+00 9.230000000000000426e-01
1.900000000000000000e+01 4.901000000000000000e+03 -1.000000000000000000e+00 -1.000000000000000000e+00 -1.000000000000000000e+00 -1.000000000000000000e+00 -1.000000000000000000e+00 1.444340999999999894e+03 1.408512999999999920e+03 8.980000000000000204e-01 9.879999999999999893e-01 2.787999999999999812e+00 1.022000000000000020e+00
1.900000000000000000e+01 4.896000000000000000e+03 -1.000000000000000000e+00 -1.000000000000000000e+00 -1.000000000000000000e+00 -1.000000000000000000e+00 -1.000000000000000000e+00 1.432330999999999904e+03 1.414798000000000002e+03 8.689999999999999947e-01 1.058000000000000052e+00 2.918499999999999872e+00 1.000000000000000000e+00
1.900000000000000000e+01 4.902000000000000000e+03 -1.000000000000000000e+00 -1.000000000000000000e+00 -1.000000000000000000e+00 -1.000000000000000000e+00 -1.000000000000000000e+00 1.439877999999999929e+03 1.389500000000000000e+03 1.020999999999999908e+00 1.073499999999999899e+00 2.646999999999999797e+00 9.230000000000000426e-01
2.000000000000000000e+01 4.901000000000000000e+03 -1.000000000000000000e+00 -1.000000000000000000e+00 -1.000000000000000000e+00 -1.000000000000000000e+00 -1.000000000000000000e+00 1.444321999999999889e+03 1.408479000000000042e+03 9.100000000000000311e-01 9.879999999999999893e-01 2.787999999999999812e+00 1.022000000000000020e+00
2.000000000000000000e+01 4.896000000000000000e+03 -1.000000000000000000e+00 -1.000000000000000000e+00 -1.000000000000000000e+00 -1.000000000000000000e+00 -1.000000000000000000e+00 1.432330999999999904e+03 1.414798000000000002e+03 8.739999999999999991e-01 1.058000000000000052e+00 2.918499999999999872e+00 1.000000000000000000e+00
2.000000000000000000e+01 4.902000000000000000e+03 -1.000000000000000000e+00 -1.000000000000000000e+00 -1.000000000000000000e+00 -1.000000000000000000e+00 -1.000000000000000000e+00 1.439877999999999929e+03 1.389500000000000000e+03 1.014000000000000012e+00 1.073499999999999899e+00 2.646999999999999797e+00 9.230000000000000426e-01
2.000000000000000000e+01 4.905000000000000000e+03 -1.000000000000000000e+00 -1.000000000000000000e+00 -1.000000000000000000e+00 -1.000000000000000000e+00 -1.000000000000000000e+00 1.450391000000000076e+03 1.384096999999999980e+03 1.038999999999999924e+00 1.073499999999999899e+00 2.676000000000000156e+00 9.230000000000000426e-01
2.100000000000000000e+01 4.901000000000000000e+03 -1.000000000000000000e+00 -1.000000000000000000e+00 -1.000000000000000000e+00 -1.000000000000000000e+00 -1.000000000000000000e+00 1.444304000000000087e+03 1.408444999999999936e+03 9.210000000000000409e-01 9.879999999999999893e-01 2.787999999999999812e+00 1.022000000000000020e+00
2.100000000000000000e+01 4.896000000000000000e+03 -1.000000000000000000e+00 -1.000000000000000000e+00 -1.000000000000000000e+00 -1.000000000000000000e+00 -1.000000000000000000e+00 1.432330999999999904e+03 1.414798000000000002e+03 8.790000000000000036e-01 1.058000000000000052e+00 2.918499999999999872e+00 1.000000000000000000e+00
2.100000000000000000e+01 4.902000000000000000e+03 -1.000000000000000000e+00 -1.000000000000000000e+00 -1.000000000000000000e+00 -1.000000000000000000e+00 -1.000000000000000000e+00 1.439877999999999929e+03 1.389500000000000000e+03 1.014000000000000012e+00 1.073499999999999899e+00 2.646999999999999797e+00 9.230000000000000426e-01
2.100000000000000000e+01 4.905000000000000000e+03 -1.000000000000000000e+00 -1.000000000000000000e+00 -1.000000000000000000e+00 -1.000000000000000000e+00 -1.000000000000000000e+00 1.450426999999999907e+03 1.384184999999999945e+03 1.014000000000000012e+00 1.073499999999999899e+00 2.676000000000000156e+00 9.230000000000000426e-01
2.200000000000000000e+01 4.901000000000000000e+03 -1.000000000000000000e+00 -1.000000000000000000e+00 -1.000000000000000000e+00 -1.000000000000000000e+00 -1.000000000000000000e+00 1.444286000000000058e+03 1.408412000000000035e+03 9.330000000000000515e-01 9.879999999999999893e-01 2.787999999999999812e+00 1.022000000000000020e+00
2.200000000000000000e+01 4.896000000000000000e+03 -1.000000000000000000e+00 -1.000000000000000000e+00 -1.000000000000000000e+00 -1.000000000000000000e+00 -1.000000000000000000e+00 1.432330999999999904e+03 1.414798000000000002e+03 8.840000000000000080e-01 1.058000000000000052e+00 2.918499999999999872e+00 1.000000000000000000e+00
2.200000000000000000e+01 4.902000000000000000e+03 -1.000000000000000000e+00 -1.000000000000000000e+00 -1.000000000000000000e+00 -1.000000000000000000e+00 -1.000000000000000000e+00 1.439877999999999929e+03 1.389500000000000000e+03 1.014000000000000012e+00 1.073499999999999899e+00 2.646999999999999797e+00 9.230000000000000426e-01
2.200000000000000000e+01 4.909000000000000000e+03 -1.000000000000000000e+00 -1.000000000000000000e+00 -1.000000000000000000e+00 -1.000000000000000000e+00 -1.000000000000000000e+00 1.449767000000000053e+03 1.398446999999999889e+03 8.890000000000000124e-01 1.020999999999999908e+00 2.773499999999999854e+00 9.354999999999999982e-01
2.200000000000000000e+01 4.905000000000000000e+03 -1.000000000000000000e+00 -1.000000000000000000e+00 -1.000000000000000000e+00 -1.000000000000000000e+00 -1.000000000000000000e+00 1.450499000000000024e+03 1.384250000000000000e+03 9.889999999999999902e-01 1.073499999999999899e+00 2.676000000000000156e+00 9.230000000000000426e-01
2.300000000000000000e+01 4.901000000000000000e+03 -1.000000000000000000e+00 -1.000000000000000000e+00 -1.000000000000000000e+00 -1.000000000000000000e+00 -1.000000000000000000e+00 1.444268000000000029e+03 1.408377999999999929e+03 9.449999999999999512e-01 9.879999999999999893e-01 2.787999999999999812e+00 1.022000000000000020e+00
2.300000000000000000e+01 4.896000000000000000e+03 -1.000000000000000000e+00 -1.000000000000000000e+00 -1.000000000000000000e+00 -1.000000000000000000e+00 -1.000000000000000000e+00 1.432365000000000009e+03 1.414790999999999940e+03 9.190000000000000391e-01 1.058000000000000052e+00 2.918499999999999872e+00 1.000000000000000000e+00
2.300000000000000000e+01 4.902000000000000000e+03 -1.000000000000000000e+00 -1.000000000000000000e+00 -1.000000000000000000e+00 -1.000000000000000000e+00 -1.000000000000000000e+00 1.439877999999999929e+03 1.389500000000000000e+03 1.014000000000000012e+00 1.073499999999999899e+00 2.646999999999999797e+00 9.230000000000000426e-01
2.300000000000000000e+01 4.909000000000000000e+03 -1.000000000000000000e+00 -1.000000000000000000e+00 -1.000000000000000000e+00 -1.000000000000000000e+00 -1.000000000000000000e+00 1.444666999999999916e+03 1.401271999999999935e+03 9.050000000000000266e-01 1.020999999999999908e+00 2.773499999999999854e+00 9.354999999999999982e-01
2.300000000000000000e+01 4.905000000000000000e+03 -1.000000000000000000e+00 -1.000000000000000000e+00 -1.000000000000000000e+00 -1.000000000000000000e+00 -1.000000000000000000e+00 1.450310999999999922e+03 1.384134000000000015e+03 9.639999999999999680e-01 1.073499999999999899e+00 2.676000000000000156e+00 9.230000000000000426e-01
2.400000000000000000e+01 4.901000000000000000e+03 -1.000000000000000000e+00 -1.000000000000000000e+00 -1.000000000000000000e+00 -1.000000000000000000e+00 -1.000000000000000000e+00 1.444250000000000000e+03 1.408344000000000051e+03 9.559999999999999609e-01 9.879999999999999893e-01 2.787999999999999812e+00 1.022000000000000020e+00
2.400000000000000000e+01 4.896000000000000000e+03 -1.000000000000000000e+00 -1.000000000000000000e+00 -1.000000000000000000e+00 -1.000000000000000000e+00 -1.000000000000000000e+00 1.432400000000000091e+03 1.414782999999999902e+03 9.549999999999999600e-01 1.058000000000000052e+00 2.918499999999999872e+00 1.000000000000000000e+00
2.400000000000000000e+01 4.902000000000000000e+03 -1.000000000000000000e+00 -1.000000000000000000e+00 -1.000000000000000000e+00 -1.000000000000000000e+00 -1.000000000000000000e+00 1.439877999999999929e+03 1.389500000000000000e+03 1.014000000000000012e+00 1.073499999999999899e+00 2.646999999999999797e+00 9.230000000000000426e-01
2.400000000000000000e+01 4.909000000000000000e+03 -1.000000000000000000e+00 -1.000000000000000000e+00 -1.000000000000000000e+00 -1.000000000000000000e+00 -1.000000000000000000e+00 1.439560999999999922e+03 1.404099999999999909e+03 9.220000000000000417e-01 1.020999999999999908e+00 2.773499999999999854e+00 9.354999999999999982e-01
2.400000000000000000e+01 4.905000000000000000e+03 -1.000000000000000000e+00 -1.000000000000000000e+00 -1.000000000000000000e+00 -1.000000000000000000e+00 -1.000000000000000000e+00 1.450369999999999891e+03 1.384260999999999967e+03 9.389999999999999458e-01 1.073499999999999899e+00 2.676000000000000156e+00 9.230000000000000426e-01
2.500000000000000000e+01 4.901000000000000000e+03 -1.000000000000000000e+00 -1.000000000000000000e+00 -1.000000000000000000e+00 -1.000000000000000000e+00 -1.000000000000000000e+00 1.444230999999999995e+03 1.408309999999999945e+03 9.679999999999999716e-01 9.879999999999999893e-01 2.787999999999999812e+00 1.022000000000000020e+00
2.500000000000000000e+01 4.896000000000000000e+03 -1.000000000000000000e+00 -1.000000000000000000e+00 -1.000000000000000000e+00 -1.000000000000000000e+00 -1.000000000000000000e+00 1.432434999999999945e+03 1.414776000000000067e+03 9.909999999999999920e-01 1.058000000000000052e+00 2.918499999999999872e+00 1.000000000000000000e+00
2.500000000000000000e+01 4.902000000000000000e+03 -1.000000000000000000e+00 -1.000000000000000000e+00 -1.000000000000000000e+00 -1.000000000000000000e+00 -1.000000000000000000e+00 1.439877999999999929e+03 1.389500000000000000e+03 1.014000000000000012e+00 1.073499999999999899e+00 2.646999999999999797e+00 9.230000000000000426e-01
2.500000000000000000e+01 4.909000000000000000e+03 -1.000000000000000000e+00 -1.000000000000000000e+00 -1.000000000000000000e+00 -1.000000000000000000e+00 -1.000000000000000000e+00 1.434454999999999927e+03 1.406928000000000111e+03 9.389999999999999458e-01 1.020999999999999908e+00 2.773499999999999854e+00 9.354999999999999982e-01
2.500000000000000000e+01 4.905000000000000000e+03 -1.000000000000000000e+00 -1.000000000000000000e+00 -1.000000000000000000e+00 -1.000000000000000000e+00 -1.000000000000000000e+00 1.450439000000000078e+03 1.384154999999999973e+03 9.130000000000000338e-01 1.073499999999999899e+00 2.676000000000000156e+00 9.230000000000000426e-01
2.600000000000000000e+01 4.901000000000000000e+03 -1.000000000000000000e+00 -1.000000000000000000e+00 -1.000000000000000000e+00 -1.000000000000000000e+00 -1.000000000000000000e+00 1.444263999999999896e+03 1.408307000000000016e+03 9.360000000000000542e-01 9.879999999999999893e-01 2.787999999999999812e+00 1.022000000000000020e+00
2.600000000000000000e+01 4.896000000000000000e+03 -1.000000000000000000e+00 -1.000000000000000000e+00 -1.000000000000000000e+00 -1.000000000000000000e+00 -1.000000000000000000e+00 1.432469000000000051e+03 1.414769000000000005e+03 1.026999999999999913e+00 1.058000000000000052e+00 2.918499999999999872e+00 1.000000000000000000e+00
2.600000000000000000e+01 4.902000000000000000e+03 -1.000000000000000000e+00 -1.000000000000000000e+00 -1.000000000000000000e+00 -1.000000000000000000e+00 -1.000000000000000000e+00 1.439877999999999929e+03 1.389500000000000000e+03 1.014000000000000012e+00 1.073499999999999899e+00 2.646999999999999797e+00 9.230000000000000426e-01
2.600000000000000000e+01 4.909000000000000000e+03 -1.000000000000000000e+00 -1.000000000000000000e+00 -1.000000000000000000e+00 -1.000000000000000000e+00 -1.000000000000000000e+00 1.429652000000000044e+03 1.409890000000000100e+03 1.004999999999999893e+00 1.020999999999999908e+00 2.773499999999999854e+00 9.354999999999999982e-01
2.600000000000000000e+01 4.905000000000000000e+03 -1.000000000000000000e+00 -1.000000000000000000e+00 -1.000000000000000000e+00 -1.000000000000000000e+00 -1.000000000000000000e+00 1.450416999999999916e+03 1.384211000000000013e+03 8.880000000000000115e-01 1.073499999999999899e+00 2.676000000000000156e+00 9.230000000000000426e-01
2.700000000000000000e+01 4.901000000000000000e+03 -1.000000000000000000e+00 -1.000000000000000000e+00 -1.000000000000000000e+00 -1.000000000000000000e+00 -1.000000000000000000e+00 1.444297000000000025e+03 1.408304000000000087e+03 9.599999999999999645e-01 9.879999999999999893e-01 2.787999999999999812e+00 1.022000000000000020e+00
2.700000000000000000e+01 4.896000000000000000e+03 -1.000000000000000000e+00 -1.000000000000000000e+00 -1.000000000000000000e+00 -1.000000000000000000e+00 -1.000000000000000000e+00 1.432503999999999905e+03 1.414761999999999944e+03 1.010000000000000009e+00 1.058000000000000052e+00 2.918499999999999872e+00 1.000000000000000000e+00
2.700000000000000000e+01 4.902000000000000000e+03 -1.000000000000000000e+00 -1.000000000000000000e+00 -1.000000000000000000e+00 -1.000000000000000000e+00 -1.000000000000000000e+00 1.439877999999999929e+03 1.389500000000000000e+03 1.014000000000000012e+00 1.073499999999999899e+00 2.646999999999999797e+00 9.230000000000000426e-01
2.700000000000000000e+01 4.909000000000000000e+03 -1.000000000000000000e+00 -1.000000000000000000e+00 -1.000000000000000000e+00 -1.000000000000000000e+00 -1.000000000000000000e+00 1.424912000000000035e+03 1.412766000000000076e+03 1.098999999999999977e+00 1.020999999999999908e+00 2.773499999999999854e+00 9.354999999999999982e-01
2.700000000000000000e+01 4.905000000000000000e+03 -1.000000000000000000e+00 -1.000000000000000000e+00 -1.000000000000000000e+00 -1.000000000000000000e+00 -1.000000000000000000e+00 1.450403999999999996e+03 1.384262999999999920e+03 9.320000000000000506e-01 1.073499999999999899e+00 2.676000000000000156e+00 9.230000000000000426e-01
2.800000000000000000e+01 4.901000000000000000e+03 -1.000000000000000000e+00 -1.000000000000000000e+00 -1.000000000000000000e+00 -1.000000000000000000e+00 -1.000000000000000000e+00 1.444329999999999927e+03 1.408300999999999931e+03 9.839999999999999858e-01 9.879999999999999893e-01 2.787999999999999812e+00 1.022000000000000020e+00
2.800000000000000000e+01 4.896000000000000000e+03 -1.000000000000000000e+00 -1.000000000000000000e+00 -1.000000000000000000e+00 -1.000000000000000000e+00 -1.000000000000000000e+00 1.432538999999999987e+03 1.414753999999999905e+03 9.929999999999999938e-01 1.058000000000000052e+00 2.918499999999999872e+00 1.000000000000000000e+00
2.800000000000000000e+01 4.902000000000000000e+03 -1.000000000000000000e+00 -1.000000000000000000e+00 -1.000000000000000000e+00 -1.000000000000000000e+00 -1.000000000000000000e+00 1.439877999999999929e+03 1.389500000000000000e+03 1.014000000000000012e+00 1.073499999999999899e+00 2.646999999999999797e+00 9.230000000000000426e-01
2.800000000000000000e+01 4.909000000000000000e+03 -1.000000000000000000e+00 -1.000000000000000000e+00 -1.000000000000000000e+00 -1.000000000000000000e+00 -1.000000000000000000e+00 1.420166999999999916e+03 1.415645999999999958e+03 1.193999999999999950e+00 1.020999999999999908e+00 2.773499999999999854e+00 9.354999999999999982e-01
2.800000000000000000e+01 4.905000000000000000e+03 -1.000000000000000000e+00 -1.000000000000000000e+00 -1.000000000000000000e+00 -1.000000000000000000e+00 -1.000000000000000000e+00 1.450380000000000109e+03 1.384230000000000018e+03 9.310000000000000497e-01 1.073499999999999899e+00 2.676000000000000156e+00 9.230000000000000426e-01
2.900000000000000000e+01 4.901000000000000000e+03 -1.000000000000000000e+00 -1.000000000000000000e+00 -1.000000000000000000e+00 -1.000000000000000000e+00 -1.000000000000000000e+00 1.444356999999999971e+03 1.408298999999999978e+03 1.002999999999999892e+00 9.879999999999999893e-01 2.787999999999999812e+00 1.022000000000000020e+00
2.900000000000000000e+01 4.896000000000000000e+03 -1.000000000000000000e+00 -1.000000000000000000e+00 -1.000000000000000000e+00 -1.000000000000000000e+00 -1.000000000000000000e+00 1.432566000000000031e+03 1.414749000000000024e+03 1.010999999999999899e+00 1.058000000000000052e+00 2.918499999999999872e+00 1.000000000000000000e+00
2.900000000000000000e+01 4.902000000000000000e+03 -1.000000000000000000e+00 -1.000000000000000000e+00 -1.000000000000000000e+00 -1.000000000000000000e+00 -1.000000000000000000e+00 1.439877999999999929e+03 1.389500000000000000e+03 1.024999999999999911e+00 1.073499999999999899e+00 2.646999999999999797e+00 9.230000000000000426e-01
2.900000000000000000e+01 4.909000000000000000e+03 -1.000000000000000000e+00 -1.000000000000000000e+00 -1.000000000000000000e+00 -1.000000000000000000e+00 -1.000000000000000000e+00 1.416435999999999922e+03 1.417920000000000073e+03 1.276000000000000023e+00 1.020999999999999908e+00 2.773499999999999854e+00 9.354999999999999982e-01
2.900000000000000000e+01 4.905000000000000000e+03 -1.000000000000000000e+00 -1.000000000000000000e+00 -1.000000000000000000e+00 -1.000000000000000000e+00 -1.000000000000000000e+00 1.450395999999999958e+03 1.384226000000000113e+03 9.350000000000000533e-01 1.073499999999999899e+00 2.676000000000000156e+00 9.230000000000000426e-01
3.000000000000000000e+01 4.901000000000000000e+03 -1.000000000000000000e+00 -1.000000000000000000e+00 -1.000000000000000000e+00 -1.000000000000000000e+00 -1.000000000000000000e+00 1.444390000000000100e+03 1.408296000000000049e+03 1.004000000000000004e+00 9.879999999999999893e-01 2.787999999999999812e+00 1.022000000000000020e+00
3.000000000000000000e+01 4.896000000000000000e+03 -1.000000000000000000e+00 -1.000000000000000000e+00 -1.000000000000000000e+00 -1.000000000000000000e+00 -1.000000000000000000e+00 1.432601000000000113e+03 1.414740999999999985e+03 1.032999999999999918e+00 1.058000000000000052e+00 2.918499999999999872e+00 1.000000000000000000e+00
3.000000000000000000e+01 4.902000000000000000e+03 -1.000000000000000000e+00 -1.000000000000000000e+00 -1.000000000000000000e+00 -1.000000000000000000e+00 -1.000000000000000000e+00 1.439877999999999929e+03 1.389500000000000000e+03 1.040000000000000036e+00 1.073499999999999899e+00 2.646999999999999797e+00 9.230000000000000426e-01
3.000000000000000000e+01 4.905000000000000000e+03 -1.000000000000000000e+00 -1.000000000000000000e+00 -1.000000000000000000e+00 -1.000000000000000000e+00 -1.000000000000000000e+00 1.450472999999999956e+03 1.384255000000000109e+03 9.409999999999999476e-01 1.073499999999999899e+00 2.676000000000000156e+00 9.230000000000000426e-01
3.100000000000000000e+01 4.901000000000000000e+03 -1.000000000000000000e+00 -1.000000000000000000e+00 -1.000000000000000000e+00 -1.000000000000000000e+00 -1.000000000000000000e+00 1.444423000000000002e+03 1.408292999999999893e+03 1.004999999999999893e+00 9.879999999999999893e-01 2.787999999999999812e+00 1.022000000000000020e+00
3.100000000000000000e+01 4.896000000000000000e+03 -1.000000000000000000e+00 -1.000000000000000000e+00 -1.000000000000000000e+00 -1.000000000000000000e+00 -1.000000000000000000e+00 1.432635999999999967e+03 1.414733999999999924e+03 1.054000000000000048e+00 1.058000000000000052e+00 2.918499999999999872e+00 1.000000000000000000e+00
3.100000000000000000e+01 4.902000000000000000e+03 -1.000000000000000000e+00 -1.000000000000000000e+00 -1.000000000000000000e+00 -1.000000000000000000e+00 -1.000000000000000000e+00 1.439877999999999929e+03 1.389500000000000000e+03 1.054000000000000048e+00 1.073499999999999899e+00 2.646999999999999797e+00 9.230000000000000426e-01
3.100000000000000000e+01 4.905000000000000000e+03 -1.000000000000000000e+00 -1.000000000000000000e+00 -1.000000000000000000e+00 -1.000000000000000000e+00 -1.000000000000000000e+00 1.450521999999999935e+03 1.384215999999999894e+03 9.969999999999999973e-01 1.073499999999999899e+00 2.676000000000000156e+00 9.230000000000000426e-01
3.200000000000000000e+01 4.901000000000000000e+03 -1.000000000000000000e+00 -1.000000000000000000e+00 -1.000000000000000000e+00 -1.000000000000000000e+00 -1.000000000000000000e+00 1.444455999999999904e+03 1.408289999999999964e+03 1.006000000000000005e+00 9.879999999999999893e-01 2.787999999999999812e+00 1.022000000000000020e+00
3.200000000000000000e+01 4.896000000000000000e+03 -1.000000000000000000e+00 -1.000000000000000000e+00 -1.000000000000000000e+00 -1.000000000000000000e+00 -1.000000000000000000e+00 1.432670000000000073e+03 1.414727000000000089e+03 1.076000000000000068e+00 1.058000000000000052e+00 2.918499999999999872e+00 1.000000000000000000e+00
3.200000000000000000e+01 4.902000000000000000e+03 -1.000000000000000000e+00 -1.000000000000000000e+00 -1.000000000000000000e+00 -1.000000000000000000e+00 -1.000000000000000000e+00 1.439877999999999929e+03 1.389500000000000000e+03 1.064000000000000057e+00 1.073499999999999899e+00 2.646999999999999797e+00 9.230000000000000426e-01
3.200000000000000000e+01 4.905000000000000000e+03 -1.000000000000000000e+00 -1.000000000000000000e+00 -1.000000000000000000e+00 -1.000000000000000000e+00 -1.000000000000000000e+00 1.450557999999999993e+03 1.384227000000000089e+03 9.759999999999999787e-01 1.073499999999999899e+00 2.676000000000000156e+00 9.230000000000000426e-01
3.300000000000000000e+01 4.901000000000000000e+03 -1.000000000000000000e+00 -1.000000000000000000e+00 -1.000000000000000000e+00 -1.000000000000000000e+00 -1.000000000000000000e+00 1.444489000000000033e+03 1.408287000000000035e+03 1.006999999999999895e+00 9.879999999999999893e-01 2.787999999999999812e+00 1.022000000000000020e+00
3.300000000000000000e+01 4.896000000000000000e+03 -1.000000000000000000e+00 -1.000000000000000000e+00 -1.000000000000000000e+00 -1.000000000000000000e+00 -1.000000000000000000e+00 1.432704999999999927e+03 1.414720000000000027e+03 1.098000000000000087e+00 1.058000000000000052e+00 2.918499999999999872e+00 1.000000000000000000e+00
3.300000000000000000e+01 4.902000000000000000e+03 -1.000000000000000000e+00 -1.000000000000000000e+00 -1.000000000000000000e+00 -1.000000000000000000e+00 -1.000000000000000000e+00 1.439877999999999929e+03 1.389500000000000000e+03 1.074999999999999956e+00 1.073499999999999899e+00 2.646999999999999797e+00 9.230000000000000426e-01
3.300000000000000000e+01 4.927000000000000000e+03 -1.000000000000000000e+00 -1.000000000000000000e+00 -1.000000000000000000e+00 -1.000000000000000000e+00 -1.000000000000000000e+00 1.503569999999999936e+03 1.388650000000000091e+03 1.122999999999999998e+00 1.006999999999999895e+00 2.846999999999999975e+00 1.009500000000000064e+00
3.300000000000000000e+01 4.905000000000000000e+03 -1.000000000000000000e+00 -1.000000000000000000e+00 -1.000000000000000000e+00 -1.000000000000000000e+00 -1.000000000000000000e+00 1.450578999999999951e+03 1.384202999999999975e+03 1.004000000000000004e+00 1.073499999999999899e+00 2.676000000000000156e+00 9.230000000000000426e-01
3.400000000000000000e+01 4.901000000000000000e+03 -1.000000000000000000e+00 -1.000000000000000000e+00 -1.000000000000000000e+00 -1.000000000000000000e+00 -1.000000000000000000e+00 1.444521999999999935e+03 1.408284000000000106e+03 1.008000000000000007e+00 9.879999999999999893e-01 2.787999999999999812e+00 1.022000000000000020e+00
3.400000000000000000e+01 4.896000000000000000e+03 -1.000000000000000000e+00 -1.000000000000000000e+00 -1.000000000000000000e+00 -1.000000000000000000e+00 -1.000000000000000000e+00 1.432740000000000009e+03 1.414711999999999989e+03 1.118999999999999995e+00 1.058000000000000052e+00 2.918499999999999872e+00 1.000000000000000000e+00
3.400000000000000000e+01 4.902000000000000000e+03 -1.000000000000000000e+00 -1.000000000000000000e+00 -1.000000000000000000e+00 -1.000000000000000000e+00 -1.000000000000000000e+00 1.439877999999999929e+03 1.389500000000000000e+03 1.084999999999999964e+00 1.073499999999999899e+00 2.646999999999999797e+00 9.230000000000000426e-01
3.400000000000000000e+01 4.927000000000000000e+03 -1.000000000000000000e+00 -1.000000000000000000e+00 -1.000000000000000000e+00 -1.000000000000000000e+00 -1.000000000000000000e+00 1.503593000000000075e+03 1.388544000000000096e+03 1.157000000000000028e+00 1.006999999999999895e+00 2.846999999999999975e+00 1.009500000000000064e+00
3.400000000000000000e+01 4.905000000000000000e+03 -1.000000000000000000e+00 -1.000000000000000000e+00 -1.000000000000000000e+00 -1.000000000000000000e+00 -1.000000000000000000e+00 1.450538999999999987e+03 1.384259000000000015e+03 1.032999999999999918e+00 1.073499999999999899e+00 2.676000000000000156e+00 9.230000000000000426e-01
3.500000000000000000e+01 4.901000000000000000e+03 -1.000000000000000000e+00 -1.000000000000000000e+00 -1.000000000000000000e+00 -1.000000000000000000e+00 -1.000000000000000000e+00 1.444512999999999920e+03 1.408234999999999900e+03 1.044999999999999929e+00 9.879999999999999893e-01 2.787999999999999812e+00 1.022000000000000020e+00
3.500000000000000000e+01 4.902000000000000000e+03 -1.000000000000000000e+00 -1.000000000000000000e+00 -1.000000000000000000e+00 -1.000000000000000000e+00 -1.000000000000000000e+00 1.439877999999999929e+03 1.389500000000000000e+03 1.094000000000000083e+00 1.073499999999999899e+00 2.646999999999999797e+00 9.230000000000000426e-01
3.500000000000000000e+01 4.927000000000000000e+03 -1.000000000000000000e+00 -1.000000000000000000e+00 -1.000000000000000000e+00 -1.000000000000000000e+00 -1.000000000000000000e+00 1.503614000000000033e+03 1.388448000000000093e+03 1.187999999999999945e+00 1.006999999999999895e+00 2.846999999999999975e+00 1.009500000000000064e+00
3.500000000000000000e+01 4.905000000000000000e+03 -1.000000000000000000e+00 -1.000000000000000000e+00 -1.000000000000000000e+00 -1.000000000000000000e+00 -1.000000000000000000e+00 1.450566000000000031e+03 1.384233999999999924e+03 1.058999999999999941e+00 1.073499999999999899e+00 2.676000000000000156e+00 9.230000000000000426e-01
3.600000000000000000e+01 4.901000000000000000e+03 -1.000000000000000000e+00 -1.000000000000000000e+00 -1.000000000000000000e+00 -1.000000000000000000e+00 -1.000000000000000000e+00 1.444502999999999929e+03 1.408181000000000040e+03 1.084999999999999964e+00 9.879999999999999893e-01 2.787999999999999812e+00 1.022000000000000020e+00
3.600000000000000000e+01 4.902000000000000000e+03 -1.000000000000000000e+00 -1.000000000000000000e+00 -1.000000000000000000e+00 -1.000000000000000000e+00 -1.000000000000000000e+00 1.439877999999999929e+03 1.389500000000000000e+03 1.114000000000000101e+00 1.073499999999999899e+00 2.646999999999999797e+00 9.230000000000000426e-01
3.600000000000000000e+01 4.927000000000000000e+03 -1.000000000000000000e+00 -1.000000000000000000e+00 -1.000000000000000000e+00 -1.000000000000000000e+00 -1.000000000000000000e+00 1.503637999999999920e+03 1.388342000000000098e+03 1.223000000000000087e+00 1.006999999999999895e+00 2.846999999999999975e+00 1.009500000000000064e+00
3.600000000000000000e+01 4.905000000000000000e+03 -1.000000000000000000e+00 -1.000000000000000000e+00 -1.000000000000000000e+00 -1.000000000000000000e+00 -1.000000000000000000e+00 1.450542999999999893e+03 1.384193999999999960e+03 1.086999999999999966e+00 1.073499999999999899e+00 2.676000000000000156e+00 9.230000000000000426e-01
3.700000000000000000e+01 4.901000000000000000e+03 -1.000000000000000000e+00 -1.000000000000000000e+00 -1.000000000000000000e+00 -1.000000000000000000e+00 -1.000000000000000000e+00 1.444491999999999962e+03 1.408126999999999953e+03 1.125999999999999890e+00 9.879999999999999893e-01 2.787999999999999812e+00 1.022000000000000020e+00
3.700000000000000000e+01 4.927000000000000000e+03 -1.000000000000000000e+00 -1.000000000000000000e+00 -1.000000000000000000e+00 -1.000000000000000000e+00 -1.000000000000000000e+00 1.503579999999999927e+03 1.388286000000000058e+03 1.223000000000000087e+00 1.006999999999999895e+00 2.846999999999999975e+00 1.009500000000000064e+00
3.700000000000000000e+01 4.905000000000000000e+03 -1.000000000000000000e+00 -1.000000000000000000e+00 -1.000000000000000000e+00 -1.000000000000000000e+00 -1.000000000000000000e+00 1.450579999999999927e+03 1.384275000000000091e+03 1.116000000000000103e+00 1.073499999999999899e+00 2.676000000000000156e+00 9.230000000000000426e-01
3.700000000000000000e+01 4.902000000000000000e+03 -1.000000000000000000e+00 -1.000000000000000000e+00 -1.000000000000000000e+00 -1.000000000000000000e+00 -1.000000000000000000e+00 1.439877999999999929e+03 1.389500000000000000e+03 1.154007532288855886e+00 1.073499999999999899e+00 2.646999999999999797e+00 9.230000000000000426e-01
3.800000000000000000e+01 4.927000000000000000e+03 -1.000000000000000000e+00 -1.000000000000000000e+00 -1.000000000000000000e+00 -1.000000000000000000e+00 -1.000000000000000000e+00 1.503522999999999911e+03 1.388229000000000042e+03 1.223000000000000087e+00 1.006999999999999895e+00 2.846999999999999975e+00 1.009500000000000064e+00
3.800000000000000000e+01 4.932000000000000000e+03 -1.000000000000000000e+00 -1.000000000000000000e+00 -1.000000000000000000e+00 -1.000000000000000000e+00 -1.000000000000000000e+00 1.528808999999999969e+03 1.382626999999999953e+03 9.579999999999999627e-01 9.945000000000000506e-01 2.410000000000000142e+00 9.629999999999999671e-01
3.800000000000000000e+01 4.905000000000000000e+03 -1.000000000000000000e+00 -1.000000000000000000e+00 -1.000000000000000000e+00 -1.000000000000000000e+00 -1.000000000000000000e+00 1.450550999999999931e+03 1.384246000000000095e+03 1.145000000000000018e+00 1.073499999999999899e+00 2.676000000000000156e+00 9.230000000000000426e-01
3.800000000000000000e+01 4.902000000000000000e+03 -1.000000000000000000e+00 -1.000000000000000000e+00 -1.000000000000000000e+00 -1.000000000000000000e+00 -1.000000000000000000e+00 1.439877999999999929e+03 1.389500000000000000e+03 1.133993387583588586e+00 1.073499999999999899e+00 2.646999999999999797e+00 9.230000000000000426e-01
3.900000000000000000e+01 4.933000000000000000e+03 -1.000000000000000000e+00 -1.000000000000000000e+00 -1.000000000000000000e+00 -1.000000000000000000e+00 -1.000000000000000000e+00 1.509775000000000091e+03 1.392027000000000044e+03 1.284000000000000030e+00 9.945000000000000506e-01 2.410000000000000142e+00 1.012999999999999901e+00
3.900000000000000000e+01 4.902000000000000000e+03 -1.000000000000000000e+00 -1.000000000000000000e+00 -1.000000000000000000e+00 -1.000000000000000000e+00 -1.000000000000000000e+00 1.439877999999999929e+03 1.389500000000000000e+03 1.173999999999999932e+00 1.073499999999999899e+00 2.646999999999999797e+00 9.230000000000000426e-01
3.900000000000000000e+01 4.927000000000000000e+03 -1.000000000000000000e+00 -1.000000000000000000e+00 -1.000000000000000000e+00 -1.000000000000000000e+00 -1.000000000000000000e+00 1.503615000000000009e+03 1.388355999999999995e+03 1.256000000000000005e+00 1.006999999999999895e+00 2.846999999999999975e+00 1.009500000000000064e+00
3.900000000000000000e+01 4.932000000000000000e+03 -1.000000000000000000e+00 -1.000000000000000000e+00 -1.000000000000000000e+00 -1.000000000000000000e+00 -1.000000000000000000e+00 1.528922000000000025e+03 1.382903000000000020e+03 1.066999999999999948e+00 9.945000000000000506e-01 2.410000000000000142e+00 9.629999999999999671e-01
3.900000000000000000e+01 4.905000000000000000e+03 -1.000000000000000000e+00 -1.000000000000000000e+00 -1.000000000000000000e+00 -1.000000000000000000e+00 -1.000000000000000000e+00 1.450465999999999894e+03 1.384121000000000095e+03 1.173000000000000043e+00 1.073499999999999899e+00 2.676000000000000156e+00 9.230000000000000426e-01
4.000000000000000000e+01 4.933000000000000000e+03 -1.000000000000000000e+00 -1.000000000000000000e+00 -1.000000000000000000e+00 -1.000000000000000000e+00 -1.000000000000000000e+00 1.509775000000000091e+03 1.392027000000000044e+03 1.284000000000000030e+00 9.945000000000000506e-01 2.410000000000000142e+00 1.012999999999999901e+00
4.000000000000000000e+01 4.927000000000000000e+03 -1.000000000000000000e+00 -1.000000000000000000e+00 -1.000000000000000000e+00 -1.000000000000000000e+00 -1.000000000000000000e+00 1.503612000000000080e+03 1.388173999999999978e+03 1.239000000000000101e+00 1.006999999999999895e+00 2.846999999999999975e+00 1.009500000000000064e+00
4.000000000000000000e+01 4.932000000000000000e+03 -1.000000000000000000e+00 -1.000000000000000000e+00 -1.000000000000000000e+00 -1.000000000000000000e+00 -1.000000000000000000e+00 1.528865000000000009e+03 1.382765000000000100e+03 1.177000000000000046e+00 9.945000000000000506e-01 2.410000000000000142e+00 9.629999999999999671e-01
4.000000000000000000e+01 4.905000000000000000e+03 -1.000000000000000000e+00 -1.000000000000000000e+00 -1.000000000000000000e+00 -1.000000000000000000e+00 -1.000000000000000000e+00 1.450480999999999995e+03 1.384165999999999940e+03 1.201999999999999957e+00 1.073499999999999899e+00 2.676000000000000156e+00 9.230000000000000426e-01
4.100000000000000000e+01 4.933000000000000000e+03 -1.000000000000000000e+00 -1.000000000000000000e+00 -1.000000000000000000e+00 -1.000000000000000000e+00 -1.000000000000000000e+00 1.509775000000000091e+03 1.392027000000000044e+03 1.284000000000000030e+00 9.945000000000000506e-01 2.410000000000000142e+00 1.012999999999999901e+00
4.100000000000000000e+01 4.927000000000000000e+03 -1.000000000000000000e+00 -1.000000000000000000e+00 -1.000000000000000000e+00 -1.000000000000000000e+00 -1.000000000000000000e+00 1.503556000000000040e+03 1.388208000000000084e+03 1.473000000000000087e+00 1.006999999999999895e+00 2.846999999999999975e+00 1.009500000000000064e+00
4.100000000000000000e+01 4.932000000000000000e+03 -1.000000000000000000e+00 -1.000000000000000000e+00 -1.000000000000000000e+00 -1.000000000000000000e+00 -1.000000000000000000e+00 1.528808999999999969e+03 1.382626999999999953e+03 1.288000000000000034e+00 9.945000000000000506e-01 2.410000000000000142e+00 9.629999999999999671e-01
4.100000000000000000e+01 4.905000000000000000e+03 -1.000000000000000000e+00 -1.000000000000000000e+00 -1.000000000000000000e+00 -1.000000000000000000e+00 -1.000000000000000000e+00 1.450458000000000084e+03 1.384146999999999935e+03 1.231000000000000094e+00 1.073499999999999899e+00 2.676000000000000156e+00 9.230000000000000426e-01
