1.800000000000000000e+01 6.530000000000000000e+02 -1.000000000000000000e+00 -1.000000000000000000e+00 -1.000000000000000000e+00 -1.000000000000000000e+00 -1.000000000000000000e+00 1.333101000000000113e+03 1.000873000000000047e+03 8.950000000000000178e-01 3.170000000000000040e-01 1.046000000000000041e+00 9.070000000000000284e-01
1.900000000000000000e+01 6.530000000000000000e+02 -1.000000000000000000e+00 -1.000000000000000000e+00 -1.000000000000000000e+00 -1.000000000000000000e+00 -1.000000000000000000e+00 1.335307999999999993e+03 9.989439999999999600e+02 8.950000000000000178e-01 3.170000000000000040e-01 1.046000000000000041e+00 9.070000000000000284e-01
2.000000000000000000e+01 6.530000000000000000e+02 -1.000000000000000000e+00 -1.000000000000000000e+00 -1.000000000000000000e+00 -1.000000000000000000e+00 -1.000000000000000000e+00 1.337515000000000100e+03 9.970149999999999864e+02 8.950000000000000178e-01 3.170000000000000040e-01 1.046000000000000041e+00 9.070000000000000284e-01
2.100000000000000000e+01 6.530000000000000000e+02 -1.000000000000000000e+00 -1.000000000000000000e+00 -1.000000000000000000e+00 -1.000000000000000000e+00 -1.000000000000000000e+00 1.339721999999999980e+03 9.950869999999999891e+02 8.950000000000000178e-01 3.170000000000000040e-01 1.046000000000000041e+00 9.070000000000000284e-01
2.200000000000000000e+01 6.530000000000000000e+02 -1.000000000000000000e+00 -1.000000000000000000e+00 -1.000000000000000000e+00 -1.000000000000000000e+00 -1.000000000000000000e+00 1.341961020156059021e+03 9.931434825041085332e+02 8.679997569389916734e-01 3.170000000000000040e-01 1.046000000000000041e+00 9.070000000000000284e-01
2.300000000000000000e+01 6.530000000000000000e+02 -1.000000000000000000e+00 -1.000000000000000000e+00 -1.000000000000000000e+00 -1.000000000000000000e+00 -1.000000000000000000e+00 1.344200000000000045e+03 9.912000000000000455e+02 8.409999999999999698e-01 3.170000000000000040e-01 1.046000000000000041e+00 9.070000000000000284e-01
2.400000000000000000e+01 6.530000000000000000e+02 -1.000000000000000000e+00 -1.000000000000000000e+00 -1.000000000000000000e+00 -1.000000000000000000e+00 -1.000000000000000000e+00 1.346413999999999987e+03 9.893260000000000218e+02 8.399999999999999689e-01 3.170000000000000040e-01 1.046000000000000041e+00 9.070000000000000284e-01
2.500000000000000000e+01 6.530000000000000000e+02 -1.000000000000000000e+00 -1.000000000000000000e+00 -1.000000000000000000e+00 -1.000000000000000000e+00 -1.000000000000000000e+00 1.348626999999999953e+03 9.874529999999999745e+02 8.399999999999999689e-01 3.170000000000000040e-01 1.046000000000000041e+00 9.070000000000000284e-01
2.600000000000000000e+01 6.530000000000000000e+02 -1.000000000000000000e+00 -1.000000000000000000e+00 -1.000000000000000000e+00 -1.000000000000000000e+00 -1.000000000000000000e+00 1.350840999999999894e+03 9.855789999999999509e+02 8.399999999999999689e-01 3.170000000000000040e-01 1.046000000000000041e+00 9.070000000000000284e-01
2.700000000000000000e+01 6.530000000000000000e+02 -1.000000000000000000e+00 -1.000000000000000000e+00 -1.000000000000000000e+00 -1.000000000000000000e+00 -1.000000000000000000e+00 1.352922000000000025e+03 9.837069999999999936e+02 5.819999999999999618e-01 3.170000000000000040e-01 1.046000000000000041e+00 9.070000000000000284e-01
2.800000000000000000e+01 6.530000000000000000e+02 -1.000000000000000000e+00 -1.000000000000000000e+00 -1.000000000000000000e+00 -1.000000000000000000e+00 -1.000000000000000000e+00 1.355003999999999905e+03 9.819230000000000018e+02 5.230000000000000204e-01 3.170000000000000040e-01 1.046000000000000041e+00 9.070000000000000284e-01
