2.800000000000000000e+01 5.624000000000000000e+03 -1.000000000000000000e+00 -1.000000000000000000e+00 -1.000000000000000000e+00 -1.000000000000000000e+00 -1.000000000000000000e+00 1.637651000000000067e+03 1.033439000000000078e+03 9.330000000000000515e-01 9.785000000000000364e-01 2.460500000000000131e+00 1.040499999999999980e+00
2.900000000000000000e+01 5.624000000000000000e+03 -1.000000000000000000e+00 -1.000000000000000000e+00 -1.000000000000000000e+00 -1.000000000000000000e+00 -1.000000000000000000e+00 1.639248000000000047e+03 1.032057999999999993e+03 1.004999999999999893e+00 9.785000000000000364e-01 2.460500000000000131e+00 1.040499999999999980e+00
3.000000000000000000e+01 5.624000000000000000e+03 -1.000000000000000000e+00 -1.000000000000000000e+00 -1.000000000000000000e+00 -1.000000000000000000e+00 -1.000000000000000000e+00 1.640487000000000080e+03 1.030800999999999931e+03 1.018999999999999906e+00 9.785000000000000364e-01 2.460500000000000131e+00 1.040499999999999980e+00
3.100000000000000000e+01 5.624000000000000000e+03 -1.000000000000000000e+00 -1.000000000000000000e+00 -1.000000000000000000e+00 -1.000000000000000000e+00 -1.000000000000000000e+00 1.641766000000000076e+03 1.029689000000000078e+03 1.032999999999999918e+00 9.785000000000000364e-01 2.460500000000000131e+00 1.040499999999999980e+00
3.200000000000000000e+01 5.624000000000000000e+03 -1.000000000000000000e+00 -1.000000000000000000e+00 -1.000000000000000000e+00 -1.000000000000000000e+00 -1.000000000000000000e+00 1.642537000000000035e+03 1.028871000000000095e+03 1.046000000000000041e+00 9.785000000000000364e-01 2.460500000000000131e+00 1.040499999999999980e+00
3.300000000000000000e+01 5.624000000000000000e+03 -1.000000000000000000e+00 -1.000000000000000000e+00 -1.000000000000000000e+00 -1.000000000000000000e+00 -1.000000000000000000e+00 1.643280999999999949e+03 1.028146999999999935e+03 1.060000000000000053e+00 9.785000000000000364e-01 2.460500000000000131e+00 1.040499999999999980e+00
3.400000000000000000e+01 5.624000000000000000e+03 -1.000000000000000000e+00 -1.000000000000000000e+00 -1.000000000000000000e+00 -1.000000000000000000e+00 -1.000000000000000000e+00 1.643759999999999991e+03 1.027637999999999920e+03 1.074000000000000066e+00 9.785000000000000364e-01 2.460500000000000131e+00 1.040499999999999980e+00
3.500000000000000000e+01 5.624000000000000000e+03 -1.000000000000000000e+00 -1.000000000000000000e+00 -1.000000000000000000e+00 -1.000000000000000000e+00 -1.000000000000000000e+00 1.644237000000000080e+03 1.026926999999999907e+03 1.086999999999999966e+00 9.785000000000000364e-01 2.460500000000000131e+00 1.040499999999999980e+00
3.600000000000000000e+01 5.626000000000000000e+03 -1.000000000000000000e+00 -1.000000000000000000e+00 -1.000000000000000000e+00 -1.000000000000000000e+00 -1.000000000000000000e+00 1.602928000000000111e+03 1.054296000000000049e+03 -3.410000000000000253e-01 1.038499999999999979e+00 2.910000000000000142e+00 1.036499999999999977e+00
3.600000000000000000e+01 5.624000000000000000e+03 -1.000000000000000000e+00 -1.000000000000000000e+00 -1.000000000000000000e+00 -1.000000000000000000e+00 -1.000000000000000000e+00 1.644767000000000053e+03 1.025893000000000029e+03 1.197000000000000064e+00 9.785000000000000364e-01 2.460500000000000131e+00 1.040499999999999980e+00
3.700000000000000000e+01 5.626000000000000000e+03 -1.000000000000000000e+00 -1.000000000000000000e+00 -1.000000000000000000e+00 -1.000000000000000000e+00 -1.000000000000000000e+00 1.602917999999999893e+03 1.054295000000000073e+03 -2.730000000000000204e-01 1.038499999999999979e+00 2.910000000000000142e+00 1.036499999999999977e+00
3.700000000000000000e+01 5.624000000000000000e+03 -1.000000000000000000e+00 -1.000000000000000000e+00 -1.000000000000000000e+00 -1.000000000000000000e+00 -1.000000000000000000e+00 1.645243999999999915e+03 1.024568999999999960e+03 1.306000000000000050e+00 9.785000000000000364e-01 2.460500000000000131e+00 1.040499999999999980e+00
3.800000000000000000e+01 5.626000000000000000e+03 -1.000000000000000000e+00 -1.000000000000000000e+00 -1.000000000000000000e+00 -1.000000000000000000e+00 -1.000000000000000000e+00 1.602647999999999911e+03 1.054438000000000102e+03 -2.220000000000000029e-01 1.038499999999999979e+00 2.910000000000000142e+00 1.036499999999999977e+00
3.800000000000000000e+01 5.624000000000000000e+03 -1.000000000000000000e+00 -1.000000000000000000e+00 -1.000000000000000000e+00 -1.000000000000000000e+00 -1.000000000000000000e+00 1.645400000000000091e+03 1.023241999999999962e+03 1.393000000000000016e+00 9.785000000000000364e-01 2.460500000000000131e+00 1.040499999999999980e+00
3.900000000000000000e+01 5.626000000000000000e+03 -1.000000000000000000e+00 -1.000000000000000000e+00 -1.000000000000000000e+00 -1.000000000000000000e+00 -1.000000000000000000e+00 1.602345000000000027e+03 1.054598999999999933e+03 -1.660000000000000087e-01 1.038499999999999979e+00 2.910000000000000142e+00 1.036499999999999977e+00
3.900000000000000000e+01 5.624000000000000000e+03 -1.000000000000000000e+00 -1.000000000000000000e+00 -1.000000000000000000e+00 -1.000000000000000000e+00 -1.000000000000000000e+00 1.645357999999999947e+03 1.021711999999999989e+03 1.491999999999999993e+00 9.785000000000000364e-01 2.460500000000000131e+00 1.040499999999999980e+00
4.000000000000000000e+01 5.626000000000000000e+03 -1.000000000000000000e+00 -1.000000000000000000e+00 -1.000000000000000000e+00 -1.000000000000000000e+00 -1.000000000000000000e+00 1.602352000000000089e+03 1.054698000000000093e+03 -3.000000000000000062e-03 1.038499999999999979e+00 2.910000000000000142e+00 1.036499999999999977e+00
4.000000000000000000e+01 5.624000000000000000e+03 -1.000000000000000000e+00 -1.000000000000000000e+00 -1.000000000000000000e+00 -1.000000000000000000e+00 -1.000000000000000000e+00 1.644874000000000024e+03 1.019606999999999971e+03 1.612000000000000099e+00 9.785000000000000364e-01 2.460500000000000131e+00 1.040499999999999980e+00
