1.000000000000000000e+00 9.100000000000000000e+02 -1.000000000000000000e+00 -1.000000000000000000e+00 -1.000000000000000000e+00 -1.000000000000000000e+00 -1.000000000000000000e+00 6.056240000000000236e+02 1.490060999999999922e+03 1.586999999999999966e+00 1.384500000000000064e+00 2.920500000000000096e+00 1.609499999999999931e+00
1.000000000000000000e+00 9.190000000000000000e+02 -1.000000000000000000e+00 -1.000000000000000000e+00 -1.000000000000000000e+00 -1.000000000000000000e+00 -1.000000000000000000e+00 5.878110000000000355e+02 1.518990000000000009e+03 1.788000000000000034e+00 1.431499999999999995e+00 5.083499999999999908e+00 1.960499999999999909e+00
2.000000000000000000e+00 9.100000000000000000e+02 -1.000000000000000000e+00 -1.000000000000000000e+00 -1.000000000000000000e+00 -1.000000000000000000e+00 -1.000000000000000000e+00 6.056240000000000236e+02 1.490060999999999922e+03 1.586999999999999966e+00 1.384500000000000064e+00 2.920500000000000096e+00 1.609499999999999931e+00
2.000000000000000000e+00 9.190000000000000000e+02 -1.000000000000000000e+00 -1.000000000000000000e+00 -1.000000000000000000e+00 -1.000000000000000000e+00 -1.000000000000000000e+00 5.877970000000000255e+02 1.518998000000000047e+03 1.792000000000000037e+00 1.431499999999999995e+00 5.083499999999999908e+00 1.960499999999999909e+00
3.000000000000000000e+00 9.100000000000000000e+02 -1.000000000000000000e+00 -1.000000000000000000e+00 -1.000000000000000000e+00 -1.000000000000000000e+00 -1.000000000000000000e+00 6.056240000000000236e+02 1.490060999999999922e+03 1.586999999999999966e+00 1.384500000000000064e+00 2.920500000000000096e+00 1.609499999999999931e+00
3.000000000000000000e+00 9.190000000000000000e+02 -1.000000000000000000e+00 -1.000000000000000000e+00 -1.000000000000000000e+00 -1.000000000000000000e+00 -1.000000000000000000e+00 5.877830000000000155e+02 1.519007000000000062e+03 1.796000000000000041e+00 1.431499999999999995e+00 5.083499999999999908e+00 1.960499999999999909e+00
4.000000000000000000e+00 9.100000000000000000e+02 -1.000000000000000000e+00 -1.000000000000000000e+00 -1.000000000000000000e+00 -1.000000000000000000e+00 -1.000000000000000000e+00 6.056240000000000236e+02 1.490060999999999922e+03 1.586999999999999966e+00 1.384500000000000064e+00 2.920500000000000096e+00 1.609499999999999931e+00
4.000000000000000000e+00 9.190000000000000000e+02 -1.000000000000000000e+00 -1.000000000000000000e+00 -1.000000000000000000e+00 -1.000000000000000000e+00 -1.000000000000000000e+00 5.877690000000000055e+02 1.519015000000000100e+03 1.800999999999999934e+00 1.431499999999999995e+00 5.083499999999999908e+00 1.960499999999999909e+00
5.000000000000000000e+00 9.100000000000000000e+02 -1.000000000000000000e+00 -1.000000000000000000e+00 -1.000000000000000000e+00 -1.000000000000000000e+00 -1.000000000000000000e+00 6.056240000000000236e+02 1.490060999999999922e+03 1.586999999999999966e+00 1.384500000000000064e+00 2.920500000000000096e+00 1.609499999999999931e+00
5.000000000000000000e+00 9.190000000000000000e+02 -1.000000000000000000e+00 -1.000000000000000000e+00 -1.000000000000000000e+00 -1.000000000000000000e+00 -1.000000000000000000e+00 5.877549999999999955e+02 1.519023999999999887e+03 1.804999999999999938e+00 1.431499999999999995e+00 5.083499999999999908e+00 1.960499999999999909e+00
6.000000000000000000e+00 9.100000000000000000e+02 -1.000000000000000000e+00 -1.000000000000000000e+00 -1.000000000000000000e+00 -1.000000000000000000e+00 -1.000000000000000000e+00 6.056240000000000236e+02 1.490060999999999922e+03 1.586999999999999966e+00 1.384500000000000064e+00 2.920500000000000096e+00 1.609499999999999931e+00
6.000000000000000000e+00 9.190000000000000000e+02 -1.000000000000000000e+00 -1.000000000000000000e+00 -1.000000000000000000e+00 -1.000000000000000000e+00 -1.000000000000000000e+00 5.877419999999999618e+02 1.519031999999999925e+03 1.808999999999999941e+00 1.431499999999999995e+00 5.083499999999999908e+00 1.960499999999999909e+00
7.000000000000000000e+00 9.100000000000000000e+02 -1.000000000000000000e+00 -1.000000000000000000e+00 -1.000000000000000000e+00 -1.000000000000000000e+00 -1.000000000000000000e+00 6.056240000000000236e+02 1.490060999999999922e+03 1.586999999999999966e+00 1.384500000000000064e+00 2.920500000000000096e+00 1.609499999999999931e+00
7.000000000000000000e+00 9.190000000000000000e+02 -1.000000000000000000e+00 -1.000000000000000000e+00 -1.000000000000000000e+00 -1.000000000000000000e+00 -1.000000000000000000e+00 5.877279999999999518e+02 1.519040999999999940e+03 1.812999999999999945e+00 1.431499999999999995e+00 5.083499999999999908e+00 1.960499999999999909e+00
8.000000000000000000e+00 9.100000000000000000e+02 -1.000000000000000000e+00 -1.000000000000000000e+00 -1.000000000000000000e+00 -1.000000000000000000e+00 -1.000000000000000000e+00 6.056609999999999445e+02 1.490032999999999902e+03 1.586999999999999966e+00 1.384500000000000064e+00 2.920500000000000096e+00 1.609499999999999931e+00
8.000000000000000000e+00 9.190000000000000000e+02 -1.000000000000000000e+00 -1.000000000000000000e+00 -1.000000000000000000e+00 -1.000000000000000000e+00 -1.000000000000000000e+00 5.877780000000000200e+02 1.519007000000000062e+03 1.810000000000000053e+00 1.431499999999999995e+00 5.083499999999999908e+00 1.960499999999999909e+00
9.000000000000000000e+00 9.100000000000000000e+02 -1.000000000000000000e+00 -1.000000000000000000e+00 -1.000000000000000000e+00 -1.000000000000000000e+00 -1.000000000000000000e+00 6.056989999999999554e+02 1.490003999999999905e+03 1.586999999999999966e+00 1.384500000000000064e+00 2.920500000000000096e+00 1.609499999999999931e+00
9.000000000000000000e+00 9.190000000000000000e+02 -1.000000000000000000e+00 -1.000000000000000000e+00 -1.000000000000000000e+00 -1.000000000000000000e+00 -1.000000000000000000e+00 5.878269999999999982e+02 1.518972999999999956e+03 1.806999999999999940e+00 1.431499999999999995e+00 5.083499999999999908e+00 1.960499999999999909e+00
1.000000000000000000e+01 9.100000000000000000e+02 -1.000000000000000000e+00 -1.000000000000000000e+00 -1.000000000000000000e+00 -1.000000000000000000e+00 -1.000000000000000000e+00 6.057359999999999900e+02 1.489976000000000113e+03 1.586999999999999966e+00 1.384500000000000064e+00 2.920500000000000096e+00 1.609499999999999931e+00
1.000000000000000000e+01 9.190000000000000000e+02 -1.000000000000000000e+00 -1.000000000000000000e+00 -1.000000000000000000e+00 -1.000000000000000000e+00 -1.000000000000000000e+00 5.878769999999999527e+02 1.518939000000000078e+03 1.804000000000000048e+00 1.431499999999999995e+00 5.083499999999999908e+00 1.960499999999999909e+00
1.100000000000000000e+01 9.100000000000000000e+02 -1.000000000000000000e+00 -1.000000000000000000e+00 -1.000000000000000000e+00 -1.000000000000000000e+00 -1.000000000000000000e+00 6.057730000000000246e+02 1.489946999999999889e+03 1.586999999999999966e+00 1.384500000000000064e+00 2.920500000000000096e+00 1.609499999999999931e+00
1.100000000000000000e+01 9.190000000000000000e+02 -1.000000000000000000e+00 -1.000000000000000000e+00 -1.000000000000000000e+00 -1.000000000000000000e+00 -1.000000000000000000e+00 5.879270000000000209e+02 1.518904999999999973e+03 1.800999999999999934e+00 1.431499999999999995e+00 5.083499999999999908e+00 1.960499999999999909e+00
1.200000000000000000e+01 9.100000000000000000e+02 -1.000000000000000000e+00 -1.000000000000000000e+00 -1.000000000000000000e+00 -1.000000000000000000e+00 -1.000000000000000000e+00 6.058110000000000355e+02 1.489919000000000096e+03 1.586999999999999966e+00 1.384500000000000064e+00 2.920500000000000096e+00 1.609499999999999931e+00
1.200000000000000000e+01 9.190000000000000000e+02 -1.000000000000000000e+00 -1.000000000000000000e+00 -1.000000000000000000e+00 -1.000000000000000000e+00 -1.000000000000000000e+00 5.879769999999999754e+02 1.518871000000000095e+03 1.796999999999999931e+00 1.431499999999999995e+00 5.083499999999999908e+00 1.960499999999999909e+00
1.300000000000000000e+01 9.100000000000000000e+02 -1.000000000000000000e+00 -1.000000000000000000e+00 -1.000000000000000000e+00 -1.000000000000000000e+00 -1.000000000000000000e+00 6.058479999999999563e+02 1.489891000000000076e+03 1.586999999999999966e+00 1.384500000000000064e+00 2.920500000000000096e+00 1.609499999999999931e+00
1.300000000000000000e+01 9.190000000000000000e+02 -1.000000000000000000e+00 -1.000000000000000000e+00 -1.000000000000000000e+00 -1.000000000000000000e+00 -1.000000000000000000e+00 5.880270000000000437e+02 1.518836999999999989e+03 1.794000000000000039e+00 1.431499999999999995e+00 5.083499999999999908e+00 1.960499999999999909e+00
1.400000000000000000e+01 9.100000000000000000e+02 -1.000000000000000000e+00 -1.000000000000000000e+00 -1.000000000000000000e+00 -1.000000000000000000e+00 -1.000000000000000000e+00 6.057390000000000327e+02 1.489974999999999909e+03 1.606000000000000094e+00 1.384500000000000064e+00 2.920500000000000096e+00 1.609499999999999931e+00
1.400000000000000000e+01 9.190000000000000000e+02 -1.000000000000000000e+00 -1.000000000000000000e+00 -1.000000000000000000e+00 -1.000000000000000000e+00 -1.000000000000000000e+00 5.880769999999999982e+02 1.518804000000000087e+03 1.790999999999999925e+00 1.431499999999999995e+00 5.083499999999999908e+00 1.960499999999999909e+00
1.500000000000000000e+01 9.100000000000000000e+02 -1.000000000000000000e+00 -1.000000000000000000e+00 -1.000000000000000000e+00 -1.000000000000000000e+00 -1.000000000000000000e+00 6.057110000000000127e+02 1.490000000000000000e+03 1.639000000000000012e+00 1.384500000000000064e+00 2.920500000000000096e+00 1.609499999999999931e+00
1.500000000000000000e+01 9.190000000000000000e+02 -1.000000000000000000e+00 -1.000000000000000000e+00 -1.000000000000000000e+00 -1.000000000000000000e+00 -1.000000000000000000e+00 5.881269999999999527e+02 1.518769999999999982e+03 1.788000000000000034e+00 1.431499999999999995e+00 5.083499999999999908e+00 1.960499999999999909e+00
1.600000000000000000e+01 9.100000000000000000e+02 -1.000000000000000000e+00 -1.000000000000000000e+00 -1.000000000000000000e+00 -1.000000000000000000e+00 -1.000000000000000000e+00 6.056829999999999927e+02 1.490026000000000067e+03 1.671000000000000041e+00 1.384500000000000064e+00 2.920500000000000096e+00 1.609499999999999931e+00
1.600000000000000000e+01 9.190000000000000000e+02 -1.000000000000000000e+00 -1.000000000000000000e+00 -1.000000000000000000e+00 -1.000000000000000000e+00 -1.000000000000000000e+00 5.881130000000000564e+02 1.518769000000000005e+03 1.788000000000000034e+00 1.431499999999999995e+00 5.083499999999999908e+00 1.960499999999999909e+00
1.700000000000000000e+01 9.100000000000000000e+02 -1.000000000000000000e+00 -1.000000000000000000e+00 -1.000000000000000000e+00 -1.000000000000000000e+00 -1.000000000000000000e+00 6.056549999999999727e+02 1.490050999999999931e+03 1.661999999999999922e+00 1.384500000000000064e+00 2.920500000000000096e+00 1.609499999999999931e+00
1.700000000000000000e+01 9.190000000000000000e+02 -1.000000000000000000e+00 -1.000000000000000000e+00 -1.000000000000000000e+00 -1.000000000000000000e+00 -1.000000000000000000e+00 5.880990000000000464e+02 1.518768000000000029e+03 1.788000000000000034e+00 1.431499999999999995e+00 5.083499999999999908e+00 1.960499999999999909e+00
1.800000000000000000e+01 9.100000000000000000e+02 -1.000000000000000000e+00 -1.000000000000000000e+00 -1.000000000000000000e+00 -1.000000000000000000e+00 -1.000000000000000000e+00 6.056269999999999527e+02 1.490076000000000022e+03 1.681000000000000050e+00 1.384500000000000064e+00 2.920500000000000096e+00 1.609499999999999931e+00
1.800000000000000000e+01 9.190000000000000000e+02 -1.000000000000000000e+00 -1.000000000000000000e+00 -1.000000000000000000e+00 -1.000000000000000000e+00 -1.000000000000000000e+00 5.880819999999999936e+02 1.518778999999999996e+03 1.850999999999999979e+00 1.431499999999999995e+00 5.083499999999999908e+00 1.960499999999999909e+00
1.900000000000000000e+01 9.100000000000000000e+02 -1.000000000000000000e+00 -1.000000000000000000e+00 -1.000000000000000000e+00 -1.000000000000000000e+00 -1.000000000000000000e+00 6.057000000000000455e+02 1.490028999999999996e+03 1.699999999999999956e+00 1.384500000000000064e+00 2.920500000000000096e+00 1.609499999999999931e+00
1.900000000000000000e+01 9.190000000000000000e+02 -1.000000000000000000e+00 -1.000000000000000000e+00 -1.000000000000000000e+00 -1.000000000000000000e+00 -1.000000000000000000e+00 5.880650000000000546e+02 1.518788999999999987e+03 1.913999999999999924e+00 1.431499999999999995e+00 5.083499999999999908e+00 1.960499999999999909e+00
2.000000000000000000e+01 9.100000000000000000e+02 -1.000000000000000000e+00 -1.000000000000000000e+00 -1.000000000000000000e+00 -1.000000000000000000e+00 -1.000000000000000000e+00 6.052169999999999845e+02 1.490377999999999929e+03 1.764000000000000012e+00 1.384500000000000064e+00 2.920500000000000096e+00 1.609499999999999931e+00
2.000000000000000000e+01 9.190000000000000000e+02 -1.000000000000000000e+00 -1.000000000000000000e+00 -1.000000000000000000e+00 -1.000000000000000000e+00 -1.000000000000000000e+00 5.880489999999999782e+02 1.518798999999999978e+03 1.977999999999999980e+00 1.431499999999999995e+00 5.083499999999999908e+00 1.960499999999999909e+00
2.100000000000000000e+01 9.100000000000000000e+02 -1.000000000000000000e+00 -1.000000000000000000e+00 -1.000000000000000000e+00 -1.000000000000000000e+00 -1.000000000000000000e+00 6.051910000000000309e+02 1.490396999999999935e+03 1.828000000000000069e+00 1.384500000000000064e+00 2.920500000000000096e+00 1.609499999999999931e+00
2.100000000000000000e+01 9.190000000000000000e+02 -1.000000000000000000e+00 -1.000000000000000000e+00 -1.000000000000000000e+00 -1.000000000000000000e+00 -1.000000000000000000e+00 5.880320000000000391e+02 1.518808999999999969e+03 2.040999999999999925e+00 1.431499999999999995e+00 5.083499999999999908e+00 1.960499999999999909e+00
2.200000000000000000e+01 9.100000000000000000e+02 -1.000000000000000000e+00 -1.000000000000000000e+00 -1.000000000000000000e+00 -1.000000000000000000e+00 -1.000000000000000000e+00 6.051639999999999873e+02 1.490415999999999940e+03 1.893000000000000016e+00 1.384500000000000064e+00 2.920500000000000096e+00 1.609499999999999931e+00
2.200000000000000000e+01 9.190000000000000000e+02 -1.000000000000000000e+00 -1.000000000000000000e+00 -1.000000000000000000e+00 -1.000000000000000000e+00 -1.000000000000000000e+00 5.880149999999999864e+02 1.518818999999999960e+03 2.104000000000000092e+00 1.431499999999999995e+00 5.083499999999999908e+00 1.960499999999999909e+00
2.300000000000000000e+01 9.100000000000000000e+02 -1.000000000000000000e+00 -1.000000000000000000e+00 -1.000000000000000000e+00 -1.000000000000000000e+00 -1.000000000000000000e+00 6.052029999999999745e+02 1.490388999999999896e+03 1.957000000000000073e+00 1.384500000000000064e+00 2.920500000000000096e+00 1.609499999999999931e+00
2.300000000000000000e+01 9.190000000000000000e+02 -1.000000000000000000e+00 -1.000000000000000000e+00 -1.000000000000000000e+00 -1.000000000000000000e+00 -1.000000000000000000e+00 5.879980000000000473e+02 1.518829999999999927e+03 2.166999999999999815e+00 1.431499999999999995e+00 5.083499999999999908e+00 1.960499999999999909e+00
2.400000000000000000e+01 9.100000000000000000e+02 -1.000000000000000000e+00 -1.000000000000000000e+00 -1.000000000000000000e+00 -1.000000000000000000e+00 -1.000000000000000000e+00 6.051680000000000064e+02 1.490413999999999987e+03 2.020999999999999908e+00 1.384500000000000064e+00 2.920500000000000096e+00 1.609499999999999931e+00
2.400000000000000000e+01 9.190000000000000000e+02 -1.000000000000000000e+00 -1.000000000000000000e+00 -1.000000000000000000e+00 -1.000000000000000000e+00 -1.000000000000000000e+00 5.879990000000000236e+02 1.518828999999999951e+03 2.229999999999999982e+00 1.431499999999999995e+00 5.083499999999999908e+00 1.960499999999999909e+00
2.500000000000000000e+01 9.190000000000000000e+02 -1.000000000000000000e+00 -1.000000000000000000e+00 -1.000000000000000000e+00 -1.000000000000000000e+00 -1.000000000000000000e+00 5.880000000000000000e+02 1.518828999999999951e+03 2.293000000000000149e+00 1.431499999999999995e+00 5.083499999999999908e+00 1.960499999999999909e+00
2.600000000000000000e+01 9.190000000000000000e+02 -1.000000000000000000e+00 -1.000000000000000000e+00 -1.000000000000000000e+00 -1.000000000000000000e+00 -1.000000000000000000e+00 5.880009999999999764e+02 1.518827999999999975e+03 2.357000000000000206e+00 1.431499999999999995e+00 5.083499999999999908e+00 1.960499999999999909e+00
2.700000000000000000e+01 9.190000000000000000e+02 -1.000000000000000000e+00 -1.000000000000000000e+00 -1.000000000000000000e+00 -1.000000000000000000e+00 -1.000000000000000000e+00 5.880009999999999764e+02 1.518827999999999975e+03 2.419999999999999929e+00 1.431499999999999995e+00 5.083499999999999908e+00 1.960499999999999909e+00
2.800000000000000000e+01 9.560000000000000000e+02 -1.000000000000000000e+00 -1.000000000000000000e+00 -1.000000000000000000e+00 -1.000000000000000000e+00 -1.000000000000000000e+00 5.299880000000000564e+02 1.544288999999999987e+03 1.189999999999999947e+00 1.085499999999999909e+00 2.891000000000000014e+00 9.200000000000000400e-01
2.800000000000000000e+01 9.190000000000000000e+02 -1.000000000000000000e+00 -1.000000000000000000e+00 -1.000000000000000000e+00 -1.000000000000000000e+00 -1.000000000000000000e+00 5.880019999999999527e+02 1.518826999999999998e+03 2.483000000000000096e+00 1.431499999999999995e+00 5.083499999999999908e+00 1.960499999999999909e+00
2.900000000000000000e+01 9.560000000000000000e+02 -1.000000000000000000e+00 -1.000000000000000000e+00 -1.000000000000000000e+00 -1.000000000000000000e+00 -1.000000000000000000e+00 5.326950000000000500e+02 1.542576999999999998e+03 1.133000000000000007e+00 1.085499999999999909e+00 2.891000000000000014e+00 9.200000000000000400e-01
2.900000000000000000e+01 9.190000000000000000e+02 -1.000000000000000000e+00 -1.000000000000000000e+00 -1.000000000000000000e+00 -1.000000000000000000e+00 -1.000000000000000000e+00 5.880030000000000427e+02 1.518826999999999998e+03 2.545999999999999819e+00 1.431499999999999995e+00 5.083499999999999908e+00 1.960499999999999909e+00
3.000000000000000000e+01 9.560000000000000000e+02 -1.000000000000000000e+00 -1.000000000000000000e+00 -1.000000000000000000e+00 -1.000000000000000000e+00 -1.000000000000000000e+00 5.354020000000000437e+02 1.540864000000000033e+03 1.074999999999999956e+00 1.085499999999999909e+00 2.891000000000000014e+00 9.200000000000000400e-01
3.000000000000000000e+01 9.190000000000000000e+02 -1.000000000000000000e+00 -1.000000000000000000e+00 -1.000000000000000000e+00 -1.000000000000000000e+00 -1.000000000000000000e+00 5.880030000000000427e+02 1.518826000000000022e+03 2.608999999999999986e+00 1.431499999999999995e+00 5.083499999999999908e+00 1.960499999999999909e+00
3.100000000000000000e+01 9.560000000000000000e+02 -1.000000000000000000e+00 -1.000000000000000000e+00 -1.000000000000000000e+00 -1.000000000000000000e+00 -1.000000000000000000e+00 5.380259999999999536e+02 1.539203999999999951e+03 1.082000000000000073e+00 1.085499999999999909e+00 2.891000000000000014e+00 9.200000000000000400e-01
3.100000000000000000e+01 9.190000000000000000e+02 -1.000000000000000000e+00 -1.000000000000000000e+00 -1.000000000000000000e+00 -1.000000000000000000e+00 -1.000000000000000000e+00 5.880040000000000191e+02 1.518826000000000022e+03 2.672000000000000153e+00 1.431499999999999995e+00 5.083499999999999908e+00 1.960499999999999909e+00
3.200000000000000000e+01 9.560000000000000000e+02 -1.000000000000000000e+00 -1.000000000000000000e+00 -1.000000000000000000e+00 -1.000000000000000000e+00 -1.000000000000000000e+00 5.406119999999999663e+02 1.537644000000000005e+03 1.024999999999999911e+00 1.085499999999999909e+00 2.891000000000000014e+00 9.200000000000000400e-01
3.300000000000000000e+01 9.560000000000000000e+02 -1.000000000000000000e+00 -1.000000000000000000e+00 -1.000000000000000000e+00 -1.000000000000000000e+00 -1.000000000000000000e+00 5.438329999999999700e+02 1.535680000000000064e+03 9.669999999999999707e-01 1.085499999999999909e+00 2.891000000000000014e+00 9.200000000000000400e-01
3.400000000000000000e+01 9.560000000000000000e+02 -1.000000000000000000e+00 -1.000000000000000000e+00 -1.000000000000000000e+00 -1.000000000000000000e+00 -1.000000000000000000e+00 5.461059999999999945e+02 1.534250000000000000e+03 9.090000000000000302e-01 1.085499999999999909e+00 2.891000000000000014e+00 9.200000000000000400e-01
3.500000000000000000e+01 9.560000000000000000e+02 -1.000000000000000000e+00 -1.000000000000000000e+00 -1.000000000000000000e+00 -1.000000000000000000e+00 -1.000000000000000000e+00 5.490599999999999454e+02 1.532432000000000016e+03 8.519999999999999796e-01 1.085499999999999909e+00 2.891000000000000014e+00 9.200000000000000400e-01
3.600000000000000000e+01 9.560000000000000000e+02 -1.000000000000000000e+00 -1.000000000000000000e+00 -1.000000000000000000e+00 -1.000000000000000000e+00 -1.000000000000000000e+00 5.520130000000000337e+02 1.530615000000000009e+03 7.940000000000000391e-01 1.085499999999999909e+00 2.891000000000000014e+00 9.200000000000000400e-01
3.700000000000000000e+01 9.560000000000000000e+02 -1.000000000000000000e+00 -1.000000000000000000e+00 -1.000000000000000000e+00 -1.000000000000000000e+00 -1.000000000000000000e+00 5.568959999999999582e+02 1.527568999999999960e+03 7.369999999999999885e-01 1.085499999999999909e+00 2.891000000000000014e+00 9.200000000000000400e-01
