1.300000000000000000e+01 5.058000000000000000e+03 -1.000000000000000000e+00 -1.000000000000000000e+00 -1.000000000000000000e+00 -1.000000000000000000e+00 -1.000000000000000000e+00 1.272887999999999920e+03 1.056170000000000073e+03 2.700000000000000178e-01 6.185000000000000497e-01 5.685000000000000053e-01 1.192499999999999893e+00
1.400000000000000000e+01 5.058000000000000000e+03 -1.000000000000000000e+00 -1.000000000000000000e+00 -1.000000000000000000e+00 -1.000000000000000000e+00 -1.000000000000000000e+00 1.272355999999999995e+03 1.055588999999999942e+03 3.079999999999999960e-01 6.185000000000000497e-01 5.685000000000000053e-01 1.192499999999999893e+00
1.500000000000000000e+01 5.058000000000000000e+03 -1.000000000000000000e+00 -1.000000000000000000e+00 -1.000000000000000000e+00 -1.000000000000000000e+00 -1.000000000000000000e+00 1.271824000000000069e+03 1.055007000000000062e+03 4.450000000000000067e-01 6.185000000000000497e-01 5.685000000000000053e-01 1.192499999999999893e+00
1.600000000000000000e+01 5.058000000000000000e+03 -1.000000000000000000e+00 -1.000000000000000000e+00 -1.000000000000000000e+00 -1.000000000000000000e+00 -1.000000000000000000e+00 1.271398999999999887e+03 1.054542999999999893e+03 4.349999999999999978e-01 6.185000000000000497e-01 5.685000000000000053e-01 1.192499999999999893e+00
1.700000000000000000e+01 5.058000000000000000e+03 -1.000000000000000000e+00 -1.000000000000000000e+00 -1.000000000000000000e+00 -1.000000000000000000e+00 -1.000000000000000000e+00 1.270867999999999938e+03 1.053961999999999989e+03 6.099999999999999867e-01 6.185000000000000497e-01 5.685000000000000053e-01 1.192499999999999893e+00
1.800000000000000000e+01 5.058000000000000000e+03 -1.000000000000000000e+00 -1.000000000000000000e+00 -1.000000000000000000e+00 -1.000000000000000000e+00 -1.000000000000000000e+00 1.270388999999999896e+03 1.053439000000000078e+03 5.979999999999999760e-01 6.185000000000000497e-01 5.685000000000000053e-01 1.192499999999999893e+00
1.900000000000000000e+01 5.058000000000000000e+03 -1.000000000000000000e+00 -1.000000000000000000e+00 -1.000000000000000000e+00 -1.000000000000000000e+00 -1.000000000000000000e+00 1.269805000000000064e+03 1.052769000000000005e+03 4.779999999999999805e-01 6.185000000000000497e-01 5.685000000000000053e-01 1.192499999999999893e+00
2.000000000000000000e+01 5.058000000000000000e+03 -1.000000000000000000e+00 -1.000000000000000000e+00 -1.000000000000000000e+00 -1.000000000000000000e+00 -1.000000000000000000e+00 1.269326999999999998e+03 1.052147999999999911e+03 5.430000000000000382e-01 6.185000000000000497e-01 5.685000000000000053e-01 1.192499999999999893e+00
2.100000000000000000e+01 5.058000000000000000e+03 -1.000000000000000000e+00 -1.000000000000000000e+00 -1.000000000000000000e+00 -1.000000000000000000e+00 -1.000000000000000000e+00 1.268903999999999996e+03 1.051630000000000109e+03 5.929999999999999716e-01 6.185000000000000497e-01 5.685000000000000053e-01 1.192499999999999893e+00
2.200000000000000000e+01 5.058000000000000000e+03 -1.000000000000000000e+00 -1.000000000000000000e+00 -1.000000000000000000e+00 -1.000000000000000000e+00 -1.000000000000000000e+00 1.268536000000000058e+03 1.050998000000000047e+03 6.430000000000000160e-01 6.185000000000000497e-01 5.685000000000000053e-01 1.192499999999999893e+00
2.300000000000000000e+01 5.058000000000000000e+03 -1.000000000000000000e+00 -1.000000000000000000e+00 -1.000000000000000000e+00 -1.000000000000000000e+00 -1.000000000000000000e+00 1.268198000000000093e+03 1.050480999999999995e+03 7.930000000000000382e-01 6.185000000000000497e-01 5.685000000000000053e-01 1.192499999999999893e+00
2.400000000000000000e+01 5.058000000000000000e+03 -1.000000000000000000e+00 -1.000000000000000000e+00 -1.000000000000000000e+00 -1.000000000000000000e+00 -1.000000000000000000e+00 1.267752999999999929e+03 1.049852000000000089e+03 9.429999999999999494e-01 6.185000000000000497e-01 5.685000000000000053e-01 1.192499999999999893e+00
2.500000000000000000e+01 5.058000000000000000e+03 -1.000000000000000000e+00 -1.000000000000000000e+00 -1.000000000000000000e+00 -1.000000000000000000e+00 -1.000000000000000000e+00 1.267289999999999964e+03 1.049200000000000045e+03 1.294000000000000039e+00 6.185000000000000497e-01 5.685000000000000053e-01 1.192499999999999893e+00
2.600000000000000000e+01 5.058000000000000000e+03 -1.000000000000000000e+00 -1.000000000000000000e+00 -1.000000000000000000e+00 -1.000000000000000000e+00 -1.000000000000000000e+00 1.266946999999999889e+03 1.048693999999999960e+03 1.421000000000000041e+00 6.185000000000000497e-01 5.685000000000000053e-01 1.192499999999999893e+00
2.700000000000000000e+01 5.058000000000000000e+03 -1.000000000000000000e+00 -1.000000000000000000e+00 -1.000000000000000000e+00 -1.000000000000000000e+00 -1.000000000000000000e+00 1.266577999999999975e+03 1.047997000000000071e+03 1.429000000000000048e+00 6.185000000000000497e-01 5.685000000000000053e-01 1.192499999999999893e+00
2.800000000000000000e+01 5.058000000000000000e+03 -1.000000000000000000e+00 -1.000000000000000000e+00 -1.000000000000000000e+00 -1.000000000000000000e+00 -1.000000000000000000e+00 1.266228000000000065e+03 1.047289999999999964e+03 1.435999999999999943e+00 6.185000000000000497e-01 5.685000000000000053e-01 1.192499999999999893e+00
2.800000000000000000e+01 5.076000000000000000e+03 -1.000000000000000000e+00 -1.000000000000000000e+00 -1.000000000000000000e+00 -1.000000000000000000e+00 -1.000000000000000000e+00 1.243875999999999976e+03 1.010321000000000026e+03 2.069999999999999896e-01 3.770000000000000018e-01 3.165000000000000036e-01 8.764999999999999458e-01
2.900000000000000000e+01 5.058000000000000000e+03 -1.000000000000000000e+00 -1.000000000000000000e+00 -1.000000000000000000e+00 -1.000000000000000000e+00 -1.000000000000000000e+00 1.265854000000000042e+03 1.046596000000000004e+03 1.443999999999999950e+00 6.185000000000000497e-01 5.685000000000000053e-01 1.192499999999999893e+00
2.900000000000000000e+01 5.076000000000000000e+03 -1.000000000000000000e+00 -1.000000000000000000e+00 -1.000000000000000000e+00 -1.000000000000000000e+00 -1.000000000000000000e+00 1.243868999999999915e+03 1.010278999999999996e+03 2.010000000000000120e-01 3.770000000000000018e-01 3.165000000000000036e-01 8.764999999999999458e-01
2.900000000000000000e+01 5.077000000000000000e+03 -1.000000000000000000e+00 -1.000000000000000000e+00 -1.000000000000000000e+00 -1.000000000000000000e+00 -1.000000000000000000e+00 1.243303000000000111e+03 1.009450000000000045e+03 1.000000000000000056e-01 2.665000000000000147e-01 3.330000000000000182e-01 9.399999999999999467e-01
3.000000000000000000e+01 5.058000000000000000e+03 -1.000000000000000000e+00 -1.000000000000000000e+00 -1.000000000000000000e+00 -1.000000000000000000e+00 -1.000000000000000000e+00 1.265416999999999916e+03 1.045847999999999956e+03 1.552000000000000046e+00 6.185000000000000497e-01 5.685000000000000053e-01 1.192499999999999893e+00
3.000000000000000000e+01 5.076000000000000000e+03 -1.000000000000000000e+00 -1.000000000000000000e+00 -1.000000000000000000e+00 -1.000000000000000000e+00 -1.000000000000000000e+00 1.243861000000000104e+03 1.010232999999999947e+03 1.930000000000000049e-01 3.770000000000000018e-01 3.165000000000000036e-01 8.764999999999999458e-01
3.000000000000000000e+01 5.077000000000000000e+03 -1.000000000000000000e+00 -1.000000000000000000e+00 -1.000000000000000000e+00 -1.000000000000000000e+00 -1.000000000000000000e+00 1.243355999999999995e+03 1.009500999999999976e+03 1.000000000000000056e-01 2.665000000000000147e-01 3.330000000000000182e-01 9.399999999999999467e-01
3.100000000000000000e+01 5.058000000000000000e+03 -1.000000000000000000e+00 -1.000000000000000000e+00 -1.000000000000000000e+00 -1.000000000000000000e+00 -1.000000000000000000e+00 1.265078999999999951e+03 1.045387999999999920e+03 1.651000000000000023e+00 6.185000000000000497e-01 5.685000000000000053e-01 1.192499999999999893e+00
3.100000000000000000e+01 5.076000000000000000e+03 -1.000000000000000000e+00 -1.000000000000000000e+00 -1.000000000000000000e+00 -1.000000000000000000e+00 -1.000000000000000000e+00 1.243893000000000029e+03 1.010274000000000001e+03 2.429999999999999938e-01 3.770000000000000018e-01 3.165000000000000036e-01 8.764999999999999458e-01
3.100000000000000000e+01 5.077000000000000000e+03 -1.000000000000000000e+00 -1.000000000000000000e+00 -1.000000000000000000e+00 -1.000000000000000000e+00 -1.000000000000000000e+00 1.243326999999999998e+03 1.009339000000000055e+03 1.000000000000000056e-01 2.665000000000000147e-01 3.330000000000000182e-01 9.399999999999999467e-01
3.200000000000000000e+01 5.058000000000000000e+03 -1.000000000000000000e+00 -1.000000000000000000e+00 -1.000000000000000000e+00 -1.000000000000000000e+00 -1.000000000000000000e+00 1.264676999999999907e+03 1.044845000000000027e+03 1.749000000000000110e+00 6.185000000000000497e-01 5.685000000000000053e-01 1.192499999999999893e+00
3.200000000000000000e+01 5.076000000000000000e+03 -1.000000000000000000e+00 -1.000000000000000000e+00 -1.000000000000000000e+00 -1.000000000000000000e+00 -1.000000000000000000e+00 1.243893000000000029e+03 1.010274000000000001e+03 3.430000000000000271e-01 3.770000000000000018e-01 3.165000000000000036e-01 8.764999999999999458e-01
3.200000000000000000e+01 5.077000000000000000e+03 -1.000000000000000000e+00 -1.000000000000000000e+00 -1.000000000000000000e+00 -1.000000000000000000e+00 -1.000000000000000000e+00 1.243326999999999998e+03 1.009339000000000055e+03 2.000000000000000111e-01 2.665000000000000147e-01 3.330000000000000182e-01 9.399999999999999467e-01
3.300000000000000000e+01 5.058000000000000000e+03 -1.000000000000000000e+00 -1.000000000000000000e+00 -1.000000000000000000e+00 -1.000000000000000000e+00 -1.000000000000000000e+00 1.264276000000000067e+03 1.044300999999999931e+03 1.832000000000000073e+00 6.185000000000000497e-01 5.685000000000000053e-01 1.192499999999999893e+00
3.300000000000000000e+01 5.076000000000000000e+03 -1.000000000000000000e+00 -1.000000000000000000e+00 -1.000000000000000000e+00 -1.000000000000000000e+00 -1.000000000000000000e+00 1.243893000000000029e+03 1.010274000000000001e+03 4.430000000000000049e-01 3.770000000000000018e-01 3.165000000000000036e-01 8.764999999999999458e-01
3.300000000000000000e+01 5.077000000000000000e+03 -1.000000000000000000e+00 -1.000000000000000000e+00 -1.000000000000000000e+00 -1.000000000000000000e+00 -1.000000000000000000e+00 1.243327999999999975e+03 1.009341000000000008e+03 2.800000000000000266e-01 2.665000000000000147e-01 3.330000000000000182e-01 9.399999999999999467e-01
3.400000000000000000e+01 5.087000000000000000e+03 -1.000000000000000000e+00 -1.000000000000000000e+00 -1.000000000000000000e+00 -1.000000000000000000e+00 -1.000000000000000000e+00 1.250358999999999924e+03 9.802129999999999654e+02 3.900000000000000133e-01 2.879999999999999782e-01 2.530000000000000027e-01 8.760000000000000009e-01
3.400000000000000000e+01 5.058000000000000000e+03 -1.000000000000000000e+00 -1.000000000000000000e+00 -1.000000000000000000e+00 -1.000000000000000000e+00 -1.000000000000000000e+00 1.263874000000000024e+03 1.043757000000000062e+03 1.913999999999999924e+00 6.185000000000000497e-01 5.685000000000000053e-01 1.192499999999999893e+00
3.400000000000000000e+01 5.076000000000000000e+03 -1.000000000000000000e+00 -1.000000000000000000e+00 -1.000000000000000000e+00 -1.000000000000000000e+00 -1.000000000000000000e+00 1.243855999999999995e+03 1.010225999999999999e+03 5.180000000000000160e-01 3.770000000000000018e-01 3.165000000000000036e-01 8.764999999999999458e-01
3.400000000000000000e+01 5.077000000000000000e+03 -1.000000000000000000e+00 -1.000000000000000000e+00 -1.000000000000000000e+00 -1.000000000000000000e+00 -1.000000000000000000e+00 1.243328999999999951e+03 1.009341999999999985e+03 3.599999999999999867e-01 2.665000000000000147e-01 3.330000000000000182e-01 9.399999999999999467e-01
3.500000000000000000e+01 5.087000000000000000e+03 -1.000000000000000000e+00 -1.000000000000000000e+00 -1.000000000000000000e+00 -1.000000000000000000e+00 -1.000000000000000000e+00 1.250290999999999940e+03 9.806570000000000391e+02 3.400000000000000244e-01 2.879999999999999782e-01 2.530000000000000027e-01 8.760000000000000009e-01
3.500000000000000000e+01 5.076000000000000000e+03 -1.000000000000000000e+00 -1.000000000000000000e+00 -1.000000000000000000e+00 -1.000000000000000000e+00 -1.000000000000000000e+00 1.243817999999999984e+03 1.010178999999999974e+03 5.929999999999999716e-01 3.770000000000000018e-01 3.165000000000000036e-01 8.764999999999999458e-01
3.500000000000000000e+01 5.077000000000000000e+03 -1.000000000000000000e+00 -1.000000000000000000e+00 -1.000000000000000000e+00 -1.000000000000000000e+00 -1.000000000000000000e+00 1.243330999999999904e+03 1.009344000000000051e+03 4.400000000000000022e-01 2.665000000000000147e-01 3.330000000000000182e-01 9.399999999999999467e-01
3.500000000000000000e+01 5.058000000000000000e+03 -1.000000000000000000e+00 -1.000000000000000000e+00 -1.000000000000000000e+00 -1.000000000000000000e+00 -1.000000000000000000e+00 1.263471774543157153e+03 1.043212194623753703e+03 2.063583845268717187e+00 6.185000000000000497e-01 5.685000000000000053e-01 1.192499999999999893e+00
3.600000000000000000e+01 5.058000000000000000e+03 -1.000000000000000000e+00 -1.000000000000000000e+00 -1.000000000000000000e+00 -1.000000000000000000e+00 -1.000000000000000000e+00 1.263069999999999936e+03 1.042667999999999893e+03 2.213000000000000078e+00 6.185000000000000497e-01 5.685000000000000053e-01 1.192499999999999893e+00
3.600000000000000000e+01 5.076000000000000000e+03 -1.000000000000000000e+00 -1.000000000000000000e+00 -1.000000000000000000e+00 -1.000000000000000000e+00 -1.000000000000000000e+00 1.243788000000000011e+03 1.010140999999999963e+03 7.429999999999999938e-01 3.770000000000000018e-01 3.165000000000000036e-01 8.764999999999999458e-01
3.600000000000000000e+01 5.077000000000000000e+03 -1.000000000000000000e+00 -1.000000000000000000e+00 -1.000000000000000000e+00 -1.000000000000000000e+00 -1.000000000000000000e+00 1.243346999999999980e+03 1.009365999999999985e+03 5.859999999999999654e-01 2.665000000000000147e-01 3.330000000000000182e-01 9.399999999999999467e-01
3.600000000000000000e+01 5.087000000000000000e+03 -1.000000000000000000e+00 -1.000000000000000000e+00 -1.000000000000000000e+00 -1.000000000000000000e+00 -1.000000000000000000e+00 1.250371001758466718e+03 9.811620111003205693e+02 4.025013738020446485e-01 2.879999999999999782e-01 2.530000000000000027e-01 8.760000000000000009e-01
3.700000000000000000e+01 5.087000000000000000e+03 -1.000000000000000000e+00 -1.000000000000000000e+00 -1.000000000000000000e+00 -1.000000000000000000e+00 -1.000000000000000000e+00 1.250451000000000022e+03 9.816670000000000300e+02 4.650000000000000244e-01 2.879999999999999782e-01 2.530000000000000027e-01 8.760000000000000009e-01
3.700000000000000000e+01 5.076000000000000000e+03 -1.000000000000000000e+00 -1.000000000000000000e+00 -1.000000000000000000e+00 -1.000000000000000000e+00 -1.000000000000000000e+00 1.243798000000000002e+03 1.010150999999999954e+03 7.930000000000000382e-01 3.770000000000000018e-01 3.165000000000000036e-01 8.764999999999999458e-01
3.700000000000000000e+01 5.077000000000000000e+03 -1.000000000000000000e+00 -1.000000000000000000e+00 -1.000000000000000000e+00 -1.000000000000000000e+00 -1.000000000000000000e+00 1.243363000000000056e+03 1.009386999999999944e+03 7.329999999999999849e-01 2.665000000000000147e-01 3.330000000000000182e-01 9.399999999999999467e-01
3.700000000000000000e+01 5.058000000000000000e+03 -1.000000000000000000e+00 -1.000000000000000000e+00 -1.000000000000000000e+00 -1.000000000000000000e+00 -1.000000000000000000e+00 1.262668231478389771e+03 1.042124313244388304e+03 2.301449040205215013e+00 6.185000000000000497e-01 5.685000000000000053e-01 1.192499999999999893e+00
3.800000000000000000e+01 5.087000000000000000e+03 -1.000000000000000000e+00 -1.000000000000000000e+00 -1.000000000000000000e+00 -1.000000000000000000e+00 -1.000000000000000000e+00 1.250901000000000067e+03 9.822599999999999909e+02 6.149999999999999911e-01 2.879999999999999782e-01 2.530000000000000027e-01 8.760000000000000009e-01
3.800000000000000000e+01 5.058000000000000000e+03 -1.000000000000000000e+00 -1.000000000000000000e+00 -1.000000000000000000e+00 -1.000000000000000000e+00 -1.000000000000000000e+00 1.262266000000000076e+03 1.041579999999999927e+03 2.390000000000000124e+00 6.185000000000000497e-01 5.685000000000000053e-01 1.192499999999999893e+00
3.800000000000000000e+01 5.076000000000000000e+03 -1.000000000000000000e+00 -1.000000000000000000e+00 -1.000000000000000000e+00 -1.000000000000000000e+00 -1.000000000000000000e+00 1.243893000000000029e+03 1.010274000000000001e+03 9.429999999999999494e-01 3.770000000000000018e-01 3.165000000000000036e-01 8.764999999999999458e-01
3.800000000000000000e+01 5.077000000000000000e+03 -1.000000000000000000e+00 -1.000000000000000000e+00 -1.000000000000000000e+00 -1.000000000000000000e+00 -1.000000000000000000e+00 1.243303000000000111e+03 1.009234000000000037e+03 8.329999999999999627e-01 2.665000000000000147e-01 3.330000000000000182e-01 9.399999999999999467e-01
3.900000000000000000e+01 5.087000000000000000e+03 -1.000000000000000000e+00 -1.000000000000000000e+00 -1.000000000000000000e+00 -1.000000000000000000e+00 -1.000000000000000000e+00 1.251454999999999927e+03 9.828490000000000464e+02 7.650000000000000133e-01 2.879999999999999782e-01 2.530000000000000027e-01 8.760000000000000009e-01
3.900000000000000000e+01 5.076000000000000000e+03 -1.000000000000000000e+00 -1.000000000000000000e+00 -1.000000000000000000e+00 -1.000000000000000000e+00 -1.000000000000000000e+00 1.243893000000000029e+03 1.010274000000000001e+03 1.042999999999999927e+00 3.770000000000000018e-01 3.165000000000000036e-01 8.764999999999999458e-01
3.900000000000000000e+01 5.077000000000000000e+03 -1.000000000000000000e+00 -1.000000000000000000e+00 -1.000000000000000000e+00 -1.000000000000000000e+00 -1.000000000000000000e+00 1.243281999999999925e+03 1.009038999999999987e+03 1.032999999999999918e+00 2.665000000000000147e-01 3.330000000000000182e-01 9.399999999999999467e-01
4.000000000000000000e+01 5.089000000000000000e+03 -1.000000000000000000e+00 -1.000000000000000000e+00 -1.000000000000000000e+00 -1.000000000000000000e+00 -1.000000000000000000e+00 1.209385999999999967e+03 9.746989999999999554e+02 2.240000000000000047e-01 3.290000000000000147e-01 5.514999999999999902e-01 8.555000000000000382e-01
4.000000000000000000e+01 5.087000000000000000e+03 -1.000000000000000000e+00 -1.000000000000000000e+00 -1.000000000000000000e+00 -1.000000000000000000e+00 -1.000000000000000000e+00 1.252030999999999949e+03 9.834629999999999654e+02 9.150000000000000355e-01 2.879999999999999782e-01 2.530000000000000027e-01 8.760000000000000009e-01
4.000000000000000000e+01 5.076000000000000000e+03 -1.000000000000000000e+00 -1.000000000000000000e+00 -1.000000000000000000e+00 -1.000000000000000000e+00 -1.000000000000000000e+00 1.243893000000000029e+03 1.010274000000000001e+03 1.143000000000000016e+00 3.770000000000000018e-01 3.165000000000000036e-01 8.764999999999999458e-01
4.000000000000000000e+01 5.077000000000000000e+03 -1.000000000000000000e+00 -1.000000000000000000e+00 -1.000000000000000000e+00 -1.000000000000000000e+00 -1.000000000000000000e+00 1.243359999999999900e+03 1.008931000000000040e+03 9.759999999999999787e-01 2.665000000000000147e-01 3.330000000000000182e-01 9.399999999999999467e-01
