1.000000000000000000e+00 1.971000000000000000e+03 -1.000000000000000000e+00 -1.000000000000000000e+00 -1.000000000000000000e+00 -1.000000000000000000e+00 -1.000000000000000000e+00 3.934660000000000082e+02 1.150160000000000082e+03 1.637999999999999901e+00 1.315499999999999892e+00 6.060500000000000220e+00 1.608500000000000041e+00
2.000000000000000000e+00 1.971000000000000000e+03 -1.000000000000000000e+00 -1.000000000000000000e+00 -1.000000000000000000e+00 -1.000000000000000000e+00 -1.000000000000000000e+00 3.933709999999999809e+02 1.149942999999999984e+03 1.637999999999999901e+00 1.315499999999999892e+00 6.060500000000000220e+00 1.608500000000000041e+00
3.000000000000000000e+00 1.971000000000000000e+03 -1.000000000000000000e+00 -1.000000000000000000e+00 -1.000000000000000000e+00 -1.000000000000000000e+00 -1.000000000000000000e+00 3.933330000000000268e+02 1.149855999999999995e+03 1.637999999999999901e+00 1.315499999999999892e+00 6.060500000000000220e+00 1.608500000000000041e+00
4.000000000000000000e+00 1.971000000000000000e+03 -1.000000000000000000e+00 -1.000000000000000000e+00 -1.000000000000000000e+00 -1.000000000000000000e+00 -1.000000000000000000e+00 3.932989999999999782e+02 1.149777000000000044e+03 1.637999999999999901e+00 1.315499999999999892e+00 6.060500000000000220e+00 1.608500000000000041e+00
5.000000000000000000e+00 1.971000000000000000e+03 -1.000000000000000000e+00 -1.000000000000000000e+00 -1.000000000000000000e+00 -1.000000000000000000e+00 -1.000000000000000000e+00 3.932930000000000064e+02 1.149708000000000084e+03 1.637999999999999901e+00 1.315499999999999892e+00 6.060500000000000220e+00 1.608500000000000041e+00
6.000000000000000000e+00 1.971000000000000000e+03 -1.000000000000000000e+00 -1.000000000000000000e+00 -1.000000000000000000e+00 -1.000000000000000000e+00 -1.000000000000000000e+00 3.932869999999999777e+02 1.149638999999999896e+03 1.637999999999999901e+00 1.315499999999999892e+00 6.060500000000000220e+00 1.608500000000000041e+00
7.000000000000000000e+00 1.971000000000000000e+03 -1.000000000000000000e+00 -1.000000000000000000e+00 -1.000000000000000000e+00 -1.000000000000000000e+00 -1.000000000000000000e+00 3.932819999999999823e+02 1.149584000000000060e+03 1.637999999999999901e+00 1.315499999999999892e+00 6.060500000000000220e+00 1.608500000000000041e+00
8.000000000000000000e+00 1.971000000000000000e+03 -1.000000000000000000e+00 -1.000000000000000000e+00 -1.000000000000000000e+00 -1.000000000000000000e+00 -1.000000000000000000e+00 3.932760000000000105e+02 1.149515000000000100e+03 1.637999999999999901e+00 1.315499999999999892e+00 6.060500000000000220e+00 1.608500000000000041e+00
9.000000000000000000e+00 1.971000000000000000e+03 -1.000000000000000000e+00 -1.000000000000000000e+00 -1.000000000000000000e+00 -1.000000000000000000e+00 -1.000000000000000000e+00 3.932850000000000250e+02 1.149480000000000018e+03 1.625000000000000000e+00 1.315499999999999892e+00 6.060500000000000220e+00 1.608500000000000041e+00
1.000000000000000000e+01 1.971000000000000000e+03 -1.000000000000000000e+00 -1.000000000000000000e+00 -1.000000000000000000e+00 -1.000000000000000000e+00 -1.000000000000000000e+00 3.932919999999999732e+02 1.149451000000000022e+03 1.614000000000000101e+00 1.315499999999999892e+00 6.060500000000000220e+00 1.608500000000000041e+00
1.100000000000000000e+01 1.971000000000000000e+03 -1.000000000000000000e+00 -1.000000000000000000e+00 -1.000000000000000000e+00 -1.000000000000000000e+00 -1.000000000000000000e+00 3.933000000000000114e+02 1.149415999999999940e+03 1.600999999999999979e+00 1.315499999999999892e+00 6.060500000000000220e+00 1.608500000000000041e+00
1.200000000000000000e+01 1.971000000000000000e+03 -1.000000000000000000e+00 -1.000000000000000000e+00 -1.000000000000000000e+00 -1.000000000000000000e+00 -1.000000000000000000e+00 3.933090000000000259e+02 1.149381000000000085e+03 1.588000000000000078e+00 1.315499999999999892e+00 6.060500000000000220e+00 1.608500000000000041e+00
1.300000000000000000e+01 1.971000000000000000e+03 -1.000000000000000000e+00 -1.000000000000000000e+00 -1.000000000000000000e+00 -1.000000000000000000e+00 -1.000000000000000000e+00 3.932989999999999782e+02 1.149356999999999971e+03 1.588000000000000078e+00 1.315499999999999892e+00 6.060500000000000220e+00 1.608500000000000041e+00
1.400000000000000000e+01 1.971000000000000000e+03 -1.000000000000000000e+00 -1.000000000000000000e+00 -1.000000000000000000e+00 -1.000000000000000000e+00 -1.000000000000000000e+00 3.932869999999999777e+02 1.149330999999999904e+03 1.588000000000000078e+00 1.315499999999999892e+00 6.060500000000000220e+00 1.608500000000000041e+00
1.500000000000000000e+01 1.971000000000000000e+03 -1.000000000000000000e+00 -1.000000000000000000e+00 -1.000000000000000000e+00 -1.000000000000000000e+00 -1.000000000000000000e+00 3.932760000000000105e+02 1.149305000000000064e+03 1.588000000000000078e+00 1.315499999999999892e+00 6.060500000000000220e+00 1.608500000000000041e+00
1.600000000000000000e+01 1.971000000000000000e+03 -1.000000000000000000e+00 -1.000000000000000000e+00 -1.000000000000000000e+00 -1.000000000000000000e+00 -1.000000000000000000e+00 3.932640000000000100e+02 1.149278000000000020e+03 1.588000000000000078e+00 1.315499999999999892e+00 6.060500000000000220e+00 1.608500000000000041e+00
1.700000000000000000e+01 1.971000000000000000e+03 -1.000000000000000000e+00 -1.000000000000000000e+00 -1.000000000000000000e+00 -1.000000000000000000e+00 -1.000000000000000000e+00 3.932529999999999859e+02 1.149251999999999953e+03 1.588000000000000078e+00 1.315499999999999892e+00 6.060500000000000220e+00 1.608500000000000041e+00
1.800000000000000000e+01 1.971000000000000000e+03 -1.000000000000000000e+00 -1.000000000000000000e+00 -1.000000000000000000e+00 -1.000000000000000000e+00 -1.000000000000000000e+00 3.932400000000000091e+02 1.149257000000000062e+03 1.629000000000000004e+00 1.315499999999999892e+00 6.060500000000000220e+00 1.608500000000000041e+00
1.900000000000000000e+01 1.971000000000000000e+03 -1.000000000000000000e+00 -1.000000000000000000e+00 -1.000000000000000000e+00 -1.000000000000000000e+00 -1.000000000000000000e+00 3.932280000000000086e+02 1.149262999999999920e+03 1.669000000000000039e+00 1.315499999999999892e+00 6.060500000000000220e+00 1.608500000000000041e+00
2.000000000000000000e+01 1.971000000000000000e+03 -1.000000000000000000e+00 -1.000000000000000000e+00 -1.000000000000000000e+00 -1.000000000000000000e+00 -1.000000000000000000e+00 3.932149999999999750e+02 1.149268000000000029e+03 1.709999999999999964e+00 1.315499999999999892e+00 6.060500000000000220e+00 1.608500000000000041e+00
2.100000000000000000e+01 1.971000000000000000e+03 -1.000000000000000000e+00 -1.000000000000000000e+00 -1.000000000000000000e+00 -1.000000000000000000e+00 -1.000000000000000000e+00 3.932019999999999982e+02 1.149273999999999887e+03 1.750999999999999890e+00 1.315499999999999892e+00 6.060500000000000220e+00 1.608500000000000041e+00
2.200000000000000000e+01 1.971000000000000000e+03 -1.000000000000000000e+00 -1.000000000000000000e+00 -1.000000000000000000e+00 -1.000000000000000000e+00 -1.000000000000000000e+00 3.931890000000000214e+02 1.149279999999999973e+03 1.794999999999999929e+00 1.315499999999999892e+00 6.060500000000000220e+00 1.608500000000000041e+00
2.300000000000000000e+01 1.971000000000000000e+03 -1.000000000000000000e+00 -1.000000000000000000e+00 -1.000000000000000000e+00 -1.000000000000000000e+00 -1.000000000000000000e+00 3.931759999999999877e+02 1.149285000000000082e+03 1.836000000000000076e+00 1.315499999999999892e+00 6.060500000000000220e+00 1.608500000000000041e+00
2.400000000000000000e+01 1.971000000000000000e+03 -1.000000000000000000e+00 -1.000000000000000000e+00 -1.000000000000000000e+00 -1.000000000000000000e+00 -1.000000000000000000e+00 3.931630000000000109e+02 1.149290999999999940e+03 1.810999999999999943e+00 1.315499999999999892e+00 6.060500000000000220e+00 1.608500000000000041e+00
2.500000000000000000e+01 1.971000000000000000e+03 -1.000000000000000000e+00 -1.000000000000000000e+00 -1.000000000000000000e+00 -1.000000000000000000e+00 -1.000000000000000000e+00 3.931499999999999773e+02 1.149296000000000049e+03 1.786000000000000032e+00 1.315499999999999892e+00 6.060500000000000220e+00 1.608500000000000041e+00
2.600000000000000000e+01 1.971000000000000000e+03 -1.000000000000000000e+00 -1.000000000000000000e+00 -1.000000000000000000e+00 -1.000000000000000000e+00 -1.000000000000000000e+00 3.931390000000000100e+02 1.149301999999999907e+03 1.762999999999999901e+00 1.315499999999999892e+00 6.060500000000000220e+00 1.608500000000000041e+00
2.700000000000000000e+01 1.971000000000000000e+03 -1.000000000000000000e+00 -1.000000000000000000e+00 -1.000000000000000000e+00 -1.000000000000000000e+00 -1.000000000000000000e+00 3.931259999999999764e+02 1.149307000000000016e+03 1.737999999999999989e+00 1.315499999999999892e+00 6.060500000000000220e+00 1.608500000000000041e+00
2.800000000000000000e+01 1.971000000000000000e+03 -1.000000000000000000e+00 -1.000000000000000000e+00 -1.000000000000000000e+00 -1.000000000000000000e+00 -1.000000000000000000e+00 3.931129999999999995e+02 1.149313000000000102e+03 1.713000000000000078e+00 1.315499999999999892e+00 6.060500000000000220e+00 1.608500000000000041e+00
2.900000000000000000e+01 1.971000000000000000e+03 -1.000000000000000000e+00 -1.000000000000000000e+00 -1.000000000000000000e+00 -1.000000000000000000e+00 -1.000000000000000000e+00 3.931000000000000227e+02 1.149317999999999984e+03 1.687999999999999945e+00 1.315499999999999892e+00 6.060500000000000220e+00 1.608500000000000041e+00
3.000000000000000000e+01 1.971000000000000000e+03 -1.000000000000000000e+00 -1.000000000000000000e+00 -1.000000000000000000e+00 -1.000000000000000000e+00 -1.000000000000000000e+00 3.931000000000000227e+02 1.149317999999999984e+03 1.687999999999999945e+00 1.315499999999999892e+00 6.060500000000000220e+00 1.608500000000000041e+00
3.100000000000000000e+01 1.971000000000000000e+03 -1.000000000000000000e+00 -1.000000000000000000e+00 -1.000000000000000000e+00 -1.000000000000000000e+00 -1.000000000000000000e+00 3.931000000000000227e+02 1.149317999999999984e+03 1.687999999999999945e+00 1.315499999999999892e+00 6.060500000000000220e+00 1.608500000000000041e+00
3.200000000000000000e+01 1.971000000000000000e+03 -1.000000000000000000e+00 -1.000000000000000000e+00 -1.000000000000000000e+00 -1.000000000000000000e+00 -1.000000000000000000e+00 3.931000000000000227e+02 1.149317999999999984e+03 1.687999999999999945e+00 1.315499999999999892e+00 6.060500000000000220e+00 1.608500000000000041e+00
3.300000000000000000e+01 1.971000000000000000e+03 -1.000000000000000000e+00 -1.000000000000000000e+00 -1.000000000000000000e+00 -1.000000000000000000e+00 -1.000000000000000000e+00 3.931000000000000227e+02 1.149317999999999984e+03 1.687999999999999945e+00 1.315499999999999892e+00 6.060500000000000220e+00 1.608500000000000041e+00
3.400000000000000000e+01 1.971000000000000000e+03 -1.000000000000000000e+00 -1.000000000000000000e+00 -1.000000000000000000e+00 -1.000000000000000000e+00 -1.000000000000000000e+00 3.931000000000000227e+02 1.149317999999999984e+03 1.687999999999999945e+00 1.315499999999999892e+00 6.060500000000000220e+00 1.608500000000000041e+00
3.500000000000000000e+01 1.971000000000000000e+03 -1.000000000000000000e+00 -1.000000000000000000e+00 -1.000000000000000000e+00 -1.000000000000000000e+00 -1.000000000000000000e+00 3.931000000000000227e+02 1.149317999999999984e+03 1.687999999999999945e+00 1.315499999999999892e+00 6.060500000000000220e+00 1.608500000000000041e+00
3.600000000000000000e+01 1.971000000000000000e+03 -1.000000000000000000e+00 -1.000000000000000000e+00 -1.000000000000000000e+00 -1.000000000000000000e+00 -1.000000000000000000e+00 3.931000000000000227e+02 1.149317999999999984e+03 1.687999999999999945e+00 1.315499999999999892e+00 6.060500000000000220e+00 1.608500000000000041e+00
3.700000000000000000e+01 1.971000000000000000e+03 -1.000000000000000000e+00 -1.000000000000000000e+00 -1.000000000000000000e+00 -1.000000000000000000e+00 -1.000000000000000000e+00 3.931000000000000227e+02 1.149317999999999984e+03 1.687999999999999945e+00 1.315499999999999892e+00 6.060500000000000220e+00 1.608500000000000041e+00
3.800000000000000000e+01 1.971000000000000000e+03 -1.000000000000000000e+00 -1.000000000000000000e+00 -1.000000000000000000e+00 -1.000000000000000000e+00 -1.000000000000000000e+00 3.931000000000000227e+02 1.149317999999999984e+03 1.687999999999999945e+00 1.315499999999999892e+00 6.060500000000000220e+00 1.608500000000000041e+00
3.900000000000000000e+01 1.971000000000000000e+03 -1.000000000000000000e+00 -1.000000000000000000e+00 -1.000000000000000000e+00 -1.000000000000000000e+00 -1.000000000000000000e+00 3.931000000000000227e+02 1.149317999999999984e+03 1.687999999999999945e+00 1.315499999999999892e+00 6.060500000000000220e+00 1.608500000000000041e+00
4.000000000000000000e+01 1.971000000000000000e+03 -1.000000000000000000e+00 -1.000000000000000000e+00 -1.000000000000000000e+00 -1.000000000000000000e+00 -1.000000000000000000e+00 3.931000000000000227e+02 1.149317999999999984e+03 1.687999999999999945e+00 1.315499999999999892e+00 6.060500000000000220e+00 1.608500000000000041e+00
