1.000000000000000000e+00 3.849000000000000000e+03 -1.000000000000000000e+00 -1.000000000000000000e+00 -1.000000000000000000e+00 -1.000000000000000000e+00 -1.000000000000000000e+00 2.349898000000000138e+03 1.038633000000000038e+03 1.383999999999999897e+00 9.465000000000000080e-01 2.603499999999999925e+00 9.120000000000000329e-01
1.000000000000000000e+00 3.850000000000000000e+03 -1.000000000000000000e+00 -1.000000000000000000e+00 -1.000000000000000000e+00 -1.000000000000000000e+00 -1.000000000000000000e+00 2.362188999999999851e+03 1.055914999999999964e+03 1.999000000000000110e+00 1.455000000000000071e+00 5.742499999999999716e+00 1.936500000000000110e+00
2.000000000000000000e+00 3.849000000000000000e+03 -1.000000000000000000e+00 -1.000000000000000000e+00 -1.000000000000000000e+00 -1.000000000000000000e+00 -1.000000000000000000e+00 2.349864000000000033e+03 1.038601000000000113e+03 1.411999999999999922e+00 9.465000000000000080e-01 2.603499999999999925e+00 9.120000000000000329e-01
2.000000000000000000e+00 3.850000000000000000e+03 -1.000000000000000000e+00 -1.000000000000000000e+00 -1.000000000000000000e+00 -1.000000000000000000e+00 -1.000000000000000000e+00 2.362061999999999898e+03 1.058224999999999909e+03 2.048000000000000043e+00 1.455000000000000071e+00 5.742499999999999716e+00 1.936500000000000110e+00
3.000000000000000000e+00 3.849000000000000000e+03 -1.000000000000000000e+00 -1.000000000000000000e+00 -1.000000000000000000e+00 -1.000000000000000000e+00 -1.000000000000000000e+00 2.349835999999999785e+03 1.038573000000000093e+03 1.435999999999999943e+00 9.465000000000000080e-01 2.603499999999999925e+00 9.120000000000000329e-01
3.000000000000000000e+00 3.850000000000000000e+03 -1.000000000000000000e+00 -1.000000000000000000e+00 -1.000000000000000000e+00 -1.000000000000000000e+00 -1.000000000000000000e+00 2.361956999999999880e+03 1.060147999999999911e+03 2.088999999999999968e+00 1.455000000000000071e+00 5.742499999999999716e+00 1.936500000000000110e+00
4.000000000000000000e+00 3.849000000000000000e+03 -1.000000000000000000e+00 -1.000000000000000000e+00 -1.000000000000000000e+00 -1.000000000000000000e+00 -1.000000000000000000e+00 2.349806999999999789e+03 1.038546000000000049e+03 1.459999999999999964e+00 9.465000000000000080e-01 2.603499999999999925e+00 9.120000000000000329e-01
4.000000000000000000e+00 3.850000000000000000e+03 -1.000000000000000000e+00 -1.000000000000000000e+00 -1.000000000000000000e+00 -1.000000000000000000e+00 -1.000000000000000000e+00 2.361851999999999862e+03 1.062074000000000069e+03 2.129999999999999893e+00 1.455000000000000071e+00 5.742499999999999716e+00 1.936500000000000110e+00
5.000000000000000000e+00 3.849000000000000000e+03 -1.000000000000000000e+00 -1.000000000000000000e+00 -1.000000000000000000e+00 -1.000000000000000000e+00 -1.000000000000000000e+00 2.349826000000000022e+03 1.038519000000000005e+03 1.483999999999999986e+00 9.465000000000000080e-01 2.603499999999999925e+00 9.120000000000000329e-01
5.000000000000000000e+00 3.854000000000000000e+03 -1.000000000000000000e+00 -1.000000000000000000e+00 -1.000000000000000000e+00 -1.000000000000000000e+00 -1.000000000000000000e+00 2.376423999999999978e+03 1.016716999999999985e+03 1.266000000000000014e+00 1.457000000000000073e+00 5.067499999999999893e+00 1.685999999999999943e+00
5.000000000000000000e+00 3.850000000000000000e+03 -1.000000000000000000e+00 -1.000000000000000000e+00 -1.000000000000000000e+00 -1.000000000000000000e+00 -1.000000000000000000e+00 2.361746000000000095e+03 1.064000000000000000e+03 2.172000000000000153e+00 1.455000000000000071e+00 5.742499999999999716e+00 1.936500000000000110e+00
6.000000000000000000e+00 3.849000000000000000e+03 -1.000000000000000000e+00 -1.000000000000000000e+00 -1.000000000000000000e+00 -1.000000000000000000e+00 -1.000000000000000000e+00 2.349809000000000196e+03 1.038508000000000038e+03 1.508000000000000007e+00 9.465000000000000080e-01 2.603499999999999925e+00 9.120000000000000329e-01
6.000000000000000000e+00 3.854000000000000000e+03 -1.000000000000000000e+00 -1.000000000000000000e+00 -1.000000000000000000e+00 -1.000000000000000000e+00 -1.000000000000000000e+00 2.376264999999999873e+03 1.016683999999999969e+03 1.334000000000000075e+00 1.457000000000000073e+00 5.067499999999999893e+00 1.685999999999999943e+00
6.000000000000000000e+00 3.850000000000000000e+03 -1.000000000000000000e+00 -1.000000000000000000e+00 -1.000000000000000000e+00 -1.000000000000000000e+00 -1.000000000000000000e+00 2.361648000000000138e+03 1.065365999999999985e+03 2.270000000000000018e+00 1.455000000000000071e+00 5.742499999999999716e+00 1.936500000000000110e+00
7.000000000000000000e+00 3.849000000000000000e+03 -1.000000000000000000e+00 -1.000000000000000000e+00 -1.000000000000000000e+00 -1.000000000000000000e+00 -1.000000000000000000e+00 2.349788000000000011e+03 1.038494999999999891e+03 1.536999999999999922e+00 9.465000000000000080e-01 2.603499999999999925e+00 9.120000000000000329e-01
7.000000000000000000e+00 3.854000000000000000e+03 -1.000000000000000000e+00 -1.000000000000000000e+00 -1.000000000000000000e+00 -1.000000000000000000e+00 -1.000000000000000000e+00 2.376076000000000022e+03 1.016644999999999982e+03 1.415999999999999925e+00 1.457000000000000073e+00 5.067499999999999893e+00 1.685999999999999943e+00
7.000000000000000000e+00 3.850000000000000000e+03 -1.000000000000000000e+00 -1.000000000000000000e+00 -1.000000000000000000e+00 -1.000000000000000000e+00 -1.000000000000000000e+00 2.361530000000000200e+03 1.067006000000000085e+03 2.388999999999999790e+00 1.455000000000000071e+00 5.742499999999999716e+00 1.936500000000000110e+00
8.000000000000000000e+00 3.849000000000000000e+03 -1.000000000000000000e+00 -1.000000000000000000e+00 -1.000000000000000000e+00 -1.000000000000000000e+00 -1.000000000000000000e+00 2.349771000000000186e+03 1.038484999999999900e+03 1.560999999999999943e+00 9.465000000000000080e-01 2.603499999999999925e+00 9.120000000000000329e-01
8.000000000000000000e+00 3.854000000000000000e+03 -1.000000000000000000e+00 -1.000000000000000000e+00 -1.000000000000000000e+00 -1.000000000000000000e+00 -1.000000000000000000e+00 2.376076000000000022e+03 1.016610000000000014e+03 1.473000000000000087e+00 1.457000000000000073e+00 5.067499999999999893e+00 1.685999999999999943e+00
8.000000000000000000e+00 3.850000000000000000e+03 -1.000000000000000000e+00 -1.000000000000000000e+00 -1.000000000000000000e+00 -1.000000000000000000e+00 -1.000000000000000000e+00 2.361637000000000171e+03 1.068226000000000113e+03 2.487999999999999989e+00 1.455000000000000071e+00 5.742499999999999716e+00 1.936500000000000110e+00
9.000000000000000000e+00 3.849000000000000000e+03 -1.000000000000000000e+00 -1.000000000000000000e+00 -1.000000000000000000e+00 -1.000000000000000000e+00 -1.000000000000000000e+00 2.349753999999999905e+03 1.038473999999999933e+03 1.584999999999999964e+00 9.465000000000000080e-01 2.603499999999999925e+00 9.120000000000000329e-01
9.000000000000000000e+00 3.854000000000000000e+03 -1.000000000000000000e+00 -1.000000000000000000e+00 -1.000000000000000000e+00 -1.000000000000000000e+00 -1.000000000000000000e+00 2.376076000000000022e+03 1.016575000000000045e+03 1.530000000000000027e+00 1.457000000000000073e+00 5.067499999999999893e+00 1.685999999999999943e+00
1.000000000000000000e+01 3.849000000000000000e+03 -1.000000000000000000e+00 -1.000000000000000000e+00 -1.000000000000000000e+00 -1.000000000000000000e+00 -1.000000000000000000e+00 2.349737000000000080e+03 1.038463999999999942e+03 1.610000000000000098e+00 9.465000000000000080e-01 2.603499999999999925e+00 9.120000000000000329e-01
1.000000000000000000e+01 3.854000000000000000e+03 -1.000000000000000000e+00 -1.000000000000000000e+00 -1.000000000000000000e+00 -1.000000000000000000e+00 -1.000000000000000000e+00 2.376076000000000022e+03 1.016539999999999964e+03 1.586999999999999966e+00 1.457000000000000073e+00 5.067499999999999893e+00 1.685999999999999943e+00
1.100000000000000000e+01 3.849000000000000000e+03 -1.000000000000000000e+00 -1.000000000000000000e+00 -1.000000000000000000e+00 -1.000000000000000000e+00 -1.000000000000000000e+00 2.349719000000000051e+03 1.038452999999999975e+03 1.633999999999999897e+00 9.465000000000000080e-01 2.603499999999999925e+00 9.120000000000000329e-01
1.100000000000000000e+01 3.854000000000000000e+03 -1.000000000000000000e+00 -1.000000000000000000e+00 -1.000000000000000000e+00 -1.000000000000000000e+00 -1.000000000000000000e+00 2.376077000000000226e+03 1.016504999999999995e+03 1.643999999999999906e+00 1.457000000000000073e+00 5.067499999999999893e+00 1.685999999999999943e+00
1.200000000000000000e+01 3.854000000000000000e+03 -1.000000000000000000e+00 -1.000000000000000000e+00 -1.000000000000000000e+00 -1.000000000000000000e+00 -1.000000000000000000e+00 2.376077000000000226e+03 1.016470000000000027e+03 1.701000000000000068e+00 1.457000000000000073e+00 5.067499999999999893e+00 1.685999999999999943e+00
1.300000000000000000e+01 3.854000000000000000e+03 -1.000000000000000000e+00 -1.000000000000000000e+00 -1.000000000000000000e+00 -1.000000000000000000e+00 -1.000000000000000000e+00 2.376077000000000226e+03 1.016436000000000035e+03 1.758000000000000007e+00 1.457000000000000073e+00 5.067499999999999893e+00 1.685999999999999943e+00
1.400000000000000000e+01 3.854000000000000000e+03 -1.000000000000000000e+00 -1.000000000000000000e+00 -1.000000000000000000e+00 -1.000000000000000000e+00 -1.000000000000000000e+00 2.376083999999999833e+03 1.016481999999999971e+03 1.774999999999999911e+00 1.457000000000000073e+00 5.067499999999999893e+00 1.685999999999999943e+00
1.500000000000000000e+01 3.854000000000000000e+03 -1.000000000000000000e+00 -1.000000000000000000e+00 -1.000000000000000000e+00 -1.000000000000000000e+00 -1.000000000000000000e+00 2.376090000000000146e+03 1.016519000000000005e+03 1.790000000000000036e+00 1.457000000000000073e+00 5.067499999999999893e+00 1.685999999999999943e+00
1.600000000000000000e+01 3.854000000000000000e+03 -1.000000000000000000e+00 -1.000000000000000000e+00 -1.000000000000000000e+00 -1.000000000000000000e+00 -1.000000000000000000e+00 2.376097000000000207e+03 1.016561000000000035e+03 1.804999999999999938e+00 1.457000000000000073e+00 5.067499999999999893e+00 1.685999999999999943e+00
1.700000000000000000e+01 3.854000000000000000e+03 -1.000000000000000000e+00 -1.000000000000000000e+00 -1.000000000000000000e+00 -1.000000000000000000e+00 -1.000000000000000000e+00 2.376103999999999814e+03 1.016602999999999952e+03 1.820999999999999952e+00 1.457000000000000073e+00 5.067499999999999893e+00 1.685999999999999943e+00
1.800000000000000000e+01 3.854000000000000000e+03 -1.000000000000000000e+00 -1.000000000000000000e+00 -1.000000000000000000e+00 -1.000000000000000000e+00 -1.000000000000000000e+00 2.376110000000000127e+03 1.016644999999999982e+03 1.836999999999999966e+00 1.457000000000000073e+00 5.067499999999999893e+00 1.685999999999999943e+00
1.900000000000000000e+01 3.854000000000000000e+03 -1.000000000000000000e+00 -1.000000000000000000e+00 -1.000000000000000000e+00 -1.000000000000000000e+00 -1.000000000000000000e+00 2.376117000000000189e+03 1.016687000000000012e+03 1.852999999999999980e+00 1.457000000000000073e+00 5.067499999999999893e+00 1.685999999999999943e+00
