1.000000000000000000e+00 1.442000000000000000e+03 -1.000000000000000000e+00 -1.000000000000000000e+00 -1.000000000000000000e+00 -1.000000000000000000e+00 -1.000000000000000000e+00 1.006642000000000053e+03 1.341040999999999940e+03 1.752999999999999892e+00 1.419999999999999929e+00 5.751999999999999780e+00 1.921499999999999986e+00
2.000000000000000000e+00 1.442000000000000000e+03 -1.000000000000000000e+00 -1.000000000000000000e+00 -1.000000000000000000e+00 -1.000000000000000000e+00 -1.000000000000000000e+00 1.007883000000000038e+03 1.342480000000000018e+03 1.752999999999999892e+00 1.419999999999999929e+00 5.751999999999999780e+00 1.921499999999999986e+00
3.000000000000000000e+00 1.442000000000000000e+03 -1.000000000000000000e+00 -1.000000000000000000e+00 -1.000000000000000000e+00 -1.000000000000000000e+00 -1.000000000000000000e+00 1.009058999999999969e+03 1.343971999999999980e+03 1.580999999999999961e+00 1.419999999999999929e+00 5.751999999999999780e+00 1.921499999999999986e+00
4.000000000000000000e+00 1.442000000000000000e+03 -1.000000000000000000e+00 -1.000000000000000000e+00 -1.000000000000000000e+00 -1.000000000000000000e+00 -1.000000000000000000e+00 1.010086000000000013e+03 1.345279999999999973e+03 1.608999999999999986e+00 1.419999999999999929e+00 5.751999999999999780e+00 1.921499999999999986e+00
5.000000000000000000e+00 1.442000000000000000e+03 -1.000000000000000000e+00 -1.000000000000000000e+00 -1.000000000000000000e+00 -1.000000000000000000e+00 -1.000000000000000000e+00 1.010869000000000028e+03 1.346172000000000025e+03 1.887999999999999901e+00 1.419999999999999929e+00 5.751999999999999780e+00 1.921499999999999986e+00
6.000000000000000000e+00 1.442000000000000000e+03 -1.000000000000000000e+00 -1.000000000000000000e+00 -1.000000000000000000e+00 -1.000000000000000000e+00 -1.000000000000000000e+00 1.011754999999999995e+03 1.347186999999999898e+03 1.915999999999999925e+00 1.419999999999999929e+00 5.751999999999999780e+00 1.921499999999999986e+00
7.000000000000000000e+00 1.442000000000000000e+03 -1.000000000000000000e+00 -1.000000000000000000e+00 -1.000000000000000000e+00 -1.000000000000000000e+00 -1.000000000000000000e+00 1.012326999999999998e+03 1.347948000000000093e+03 1.943999999999999950e+00 1.419999999999999929e+00 5.751999999999999780e+00 1.921499999999999986e+00
8.000000000000000000e+00 1.442000000000000000e+03 -1.000000000000000000e+00 -1.000000000000000000e+00 -1.000000000000000000e+00 -1.000000000000000000e+00 -1.000000000000000000e+00 1.012861999999999966e+03 1.348538000000000011e+03 1.921999999999999931e+00 1.419999999999999929e+00 5.751999999999999780e+00 1.921499999999999986e+00
9.000000000000000000e+00 1.442000000000000000e+03 -1.000000000000000000e+00 -1.000000000000000000e+00 -1.000000000000000000e+00 -1.000000000000000000e+00 -1.000000000000000000e+00 1.013541000000000054e+03 1.349313000000000102e+03 1.899999999999999911e+00 1.419999999999999929e+00 5.751999999999999780e+00 1.921499999999999986e+00
1.000000000000000000e+01 1.442000000000000000e+03 -1.000000000000000000e+00 -1.000000000000000000e+00 -1.000000000000000000e+00 -1.000000000000000000e+00 -1.000000000000000000e+00 1.014283000000000015e+03 1.350038999999999987e+03 1.828000000000000069e+00 1.419999999999999929e+00 5.751999999999999780e+00 1.921499999999999986e+00
1.100000000000000000e+01 1.442000000000000000e+03 -1.000000000000000000e+00 -1.000000000000000000e+00 -1.000000000000000000e+00 -1.000000000000000000e+00 -1.000000000000000000e+00 1.014788000000000011e+03 1.350848999999999933e+03 1.856000000000000094e+00 1.419999999999999929e+00 5.751999999999999780e+00 1.921499999999999986e+00
1.200000000000000000e+01 1.442000000000000000e+03 -1.000000000000000000e+00 -1.000000000000000000e+00 -1.000000000000000000e+00 -1.000000000000000000e+00 -1.000000000000000000e+00 1.015096000000000004e+03 1.351510999999999967e+03 1.834000000000000075e+00 1.419999999999999929e+00 5.751999999999999780e+00 1.921499999999999986e+00
1.300000000000000000e+01 1.442000000000000000e+03 -1.000000000000000000e+00 -1.000000000000000000e+00 -1.000000000000000000e+00 -1.000000000000000000e+00 -1.000000000000000000e+00 1.014984000000000037e+03 1.351896999999999935e+03 1.911999999999999922e+00 1.419999999999999929e+00 5.751999999999999780e+00 1.921499999999999986e+00
1.400000000000000000e+01 1.442000000000000000e+03 -1.000000000000000000e+00 -1.000000000000000000e+00 -1.000000000000000000e+00 -1.000000000000000000e+00 -1.000000000000000000e+00 1.014958999999999946e+03 1.352316000000000031e+03 1.889999999999999902e+00 1.419999999999999929e+00 5.751999999999999780e+00 1.921499999999999986e+00
1.500000000000000000e+01 1.442000000000000000e+03 -1.000000000000000000e+00 -1.000000000000000000e+00 -1.000000000000000000e+00 -1.000000000000000000e+00 -1.000000000000000000e+00 1.014681000000000040e+03 1.352631000000000085e+03 1.967999999999999972e+00 1.419999999999999929e+00 5.751999999999999780e+00 1.921499999999999986e+00
