2.900000000000000000e+01 2.945000000000000000e+03 -1.000000000000000000e+00 -1.000000000000000000e+00 -1.000000000000000000e+00 -1.000000000000000000e+00 -1.000000000000000000e+00 1.740133000000000038e+03 1.251232999999999947e+03 5.120000000000000107e-01 4.420000000000000040e-01 1.032000000000000028e+00 7.235000000000000320e-01
3.000000000000000000e+01 2.945000000000000000e+03 -1.000000000000000000e+00 -1.000000000000000000e+00 -1.000000000000000000e+00 -1.000000000000000000e+00 -1.000000000000000000e+00 1.740133000000000038e+03 1.251232999999999947e+03 4.789999999999999813e-01 4.420000000000000040e-01 1.032000000000000028e+00 7.235000000000000320e-01
3.100000000000000000e+01 2.945000000000000000e+03 -1.000000000000000000e+00 -1.000000000000000000e+00 -1.000000000000000000e+00 -1.000000000000000000e+00 -1.000000000000000000e+00 1.740133000000000038e+03 1.251232999999999947e+03 4.460000000000000075e-01 4.420000000000000040e-01 1.032000000000000028e+00 7.235000000000000320e-01
3.200000000000000000e+01 2.945000000000000000e+03 -1.000000000000000000e+00 -1.000000000000000000e+00 -1.000000000000000000e+00 -1.000000000000000000e+00 -1.000000000000000000e+00 1.740133000000000038e+03 1.251232999999999947e+03 4.119999999999999774e-01 4.420000000000000040e-01 1.032000000000000028e+00 7.235000000000000320e-01
3.300000000000000000e+01 2.945000000000000000e+03 -1.000000000000000000e+00 -1.000000000000000000e+00 -1.000000000000000000e+00 -1.000000000000000000e+00 -1.000000000000000000e+00 1.740133000000000038e+03 1.251232999999999947e+03 4.119999999999999774e-01 4.420000000000000040e-01 1.032000000000000028e+00 7.235000000000000320e-01
3.400000000000000000e+01 2.945000000000000000e+03 -1.000000000000000000e+00 -1.000000000000000000e+00 -1.000000000000000000e+00 -1.000000000000000000e+00 -1.000000000000000000e+00 1.740133000000000038e+03 1.251232999999999947e+03 4.119999999999999774e-01 4.420000000000000040e-01 1.032000000000000028e+00 7.235000000000000320e-01
3.500000000000000000e+01 2.945000000000000000e+03 -1.000000000000000000e+00 -1.000000000000000000e+00 -1.000000000000000000e+00 -1.000000000000000000e+00 -1.000000000000000000e+00 1.740101000000000113e+03 1.251202999999999975e+03 4.520000000000000129e-01 4.420000000000000040e-01 1.032000000000000028e+00 7.235000000000000320e-01
3.600000000000000000e+01 2.945000000000000000e+03 -1.000000000000000000e+00 -1.000000000000000000e+00 -1.000000000000000000e+00 -1.000000000000000000e+00 -1.000000000000000000e+00 1.740068999999999960e+03 1.251172000000000025e+03 4.919999999999999929e-01 4.420000000000000040e-01 1.032000000000000028e+00 7.235000000000000320e-01
3.700000000000000000e+01 2.945000000000000000e+03 -1.000000000000000000e+00 -1.000000000000000000e+00 -1.000000000000000000e+00 -1.000000000000000000e+00 -1.000000000000000000e+00 1.740037000000000035e+03 1.251142000000000053e+03 5.320000000000000284e-01 4.420000000000000040e-01 1.032000000000000028e+00 7.235000000000000320e-01
3.800000000000000000e+01 2.945000000000000000e+03 -1.000000000000000000e+00 -1.000000000000000000e+00 -1.000000000000000000e+00 -1.000000000000000000e+00 -1.000000000000000000e+00 1.740005000000000109e+03 1.251112000000000080e+03 5.719999999999999529e-01 4.420000000000000040e-01 1.032000000000000028e+00 7.235000000000000320e-01
3.900000000000000000e+01 2.945000000000000000e+03 -1.000000000000000000e+00 -1.000000000000000000e+00 -1.000000000000000000e+00 -1.000000000000000000e+00 -1.000000000000000000e+00 1.740019999999999982e+03 1.251051999999999907e+03 6.119999999999999885e-01 4.420000000000000040e-01 1.032000000000000028e+00 7.235000000000000320e-01
4.000000000000000000e+01 2.945000000000000000e+03 -1.000000000000000000e+00 -1.000000000000000000e+00 -1.000000000000000000e+00 -1.000000000000000000e+00 -1.000000000000000000e+00 1.739998000000000047e+03 1.251016000000000076e+03 6.119999999999999885e-01 4.420000000000000040e-01 1.032000000000000028e+00 7.235000000000000320e-01
