1.000000000000000000e+00 6.341000000000000000e+03 -1.000000000000000000e+00 -1.000000000000000000e+00 -1.000000000000000000e+00 -1.000000000000000000e+00 -1.000000000000000000e+00 1.148884999999999991e+03 2.831077999999999975e+03 1.298999999999999932e+00 9.769999999999999796e-01 2.681999999999999940e+00 1.032000000000000028e+00
2.000000000000000000e+00 6.341000000000000000e+03 -1.000000000000000000e+00 -1.000000000000000000e+00 -1.000000000000000000e+00 -1.000000000000000000e+00 -1.000000000000000000e+00 1.148891000000000076e+03 2.831023000000000138e+03 1.223999999999999977e+00 9.769999999999999796e-01 2.681999999999999940e+00 1.032000000000000028e+00
3.000000000000000000e+00 6.341000000000000000e+03 -1.000000000000000000e+00 -1.000000000000000000e+00 -1.000000000000000000e+00 -1.000000000000000000e+00 -1.000000000000000000e+00 1.148895999999999958e+03 2.830969000000000051e+03 1.149999999999999911e+00 9.769999999999999796e-01 2.681999999999999940e+00 1.032000000000000028e+00
4.000000000000000000e+00 6.341000000000000000e+03 -1.000000000000000000e+00 -1.000000000000000000e+00 -1.000000000000000000e+00 -1.000000000000000000e+00 -1.000000000000000000e+00 1.148901000000000067e+03 2.830914000000000215e+03 1.074999999999999956e+00 9.769999999999999796e-01 2.681999999999999940e+00 1.032000000000000028e+00
5.000000000000000000e+00 6.341000000000000000e+03 -1.000000000000000000e+00 -1.000000000000000000e+00 -1.000000000000000000e+00 -1.000000000000000000e+00 -1.000000000000000000e+00 1.148905999999999949e+03 2.830860000000000127e+03 1.000000000000000000e+00 9.769999999999999796e-01 2.681999999999999940e+00 1.032000000000000028e+00
6.000000000000000000e+00 6.341000000000000000e+03 -1.000000000000000000e+00 -1.000000000000000000e+00 -1.000000000000000000e+00 -1.000000000000000000e+00 -1.000000000000000000e+00 1.149023999999999887e+03 2.830889999999999873e+03 9.719999999999999751e-01 9.769999999999999796e-01 2.681999999999999940e+00 1.032000000000000028e+00
7.000000000000000000e+00 6.341000000000000000e+03 -1.000000000000000000e+00 -1.000000000000000000e+00 -1.000000000000000000e+00 -1.000000000000000000e+00 -1.000000000000000000e+00 1.149143000000000029e+03 2.830920999999999822e+03 9.429999999999999494e-01 9.769999999999999796e-01 2.681999999999999940e+00 1.032000000000000028e+00
8.000000000000000000e+00 6.341000000000000000e+03 -1.000000000000000000e+00 -1.000000000000000000e+00 -1.000000000000000000e+00 -1.000000000000000000e+00 -1.000000000000000000e+00 1.149157999999999902e+03 2.830936000000000149e+03 9.539999999999999591e-01 9.769999999999999796e-01 2.681999999999999940e+00 1.032000000000000028e+00
9.000000000000000000e+00 6.341000000000000000e+03 -1.000000000000000000e+00 -1.000000000000000000e+00 -1.000000000000000000e+00 -1.000000000000000000e+00 -1.000000000000000000e+00 1.149173000000000002e+03 2.830951000000000022e+03 9.649999999999999689e-01 9.769999999999999796e-01 2.681999999999999940e+00 1.032000000000000028e+00
1.000000000000000000e+01 6.341000000000000000e+03 -1.000000000000000000e+00 -1.000000000000000000e+00 -1.000000000000000000e+00 -1.000000000000000000e+00 -1.000000000000000000e+00 1.149133000000000038e+03 2.831001000000000204e+03 9.749999999999999778e-01 9.769999999999999796e-01 2.681999999999999940e+00 1.032000000000000028e+00
1.100000000000000000e+01 6.341000000000000000e+03 -1.000000000000000000e+00 -1.000000000000000000e+00 -1.000000000000000000e+00 -1.000000000000000000e+00 -1.000000000000000000e+00 1.149127999999999929e+03 2.830945000000000164e+03 1.024000000000000021e+00 9.769999999999999796e-01 2.681999999999999940e+00 1.032000000000000028e+00
1.200000000000000000e+01 6.341000000000000000e+03 -1.000000000000000000e+00 -1.000000000000000000e+00 -1.000000000000000000e+00 -1.000000000000000000e+00 -1.000000000000000000e+00 1.149122000000000071e+03 2.830889999999999873e+03 1.072999999999999954e+00 9.769999999999999796e-01 2.681999999999999940e+00 1.032000000000000028e+00
1.300000000000000000e+01 6.341000000000000000e+03 -1.000000000000000000e+00 -1.000000000000000000e+00 -1.000000000000000000e+00 -1.000000000000000000e+00 -1.000000000000000000e+00 1.149116999999999962e+03 2.830835000000000036e+03 1.122000000000000108e+00 9.769999999999999796e-01 2.681999999999999940e+00 1.032000000000000028e+00
1.400000000000000000e+01 6.341000000000000000e+03 -1.000000000000000000e+00 -1.000000000000000000e+00 -1.000000000000000000e+00 -1.000000000000000000e+00 -1.000000000000000000e+00 1.149123000000000047e+03 2.830809999999999945e+03 1.169999999999999929e+00 9.769999999999999796e-01 2.681999999999999940e+00 1.032000000000000028e+00
1.500000000000000000e+01 6.341000000000000000e+03 -1.000000000000000000e+00 -1.000000000000000000e+00 -1.000000000000000000e+00 -1.000000000000000000e+00 -1.000000000000000000e+00 1.149130000000000109e+03 2.830784999999999854e+03 1.219000000000000083e+00 9.769999999999999796e-01 2.681999999999999940e+00 1.032000000000000028e+00
1.600000000000000000e+01 6.341000000000000000e+03 -1.000000000000000000e+00 -1.000000000000000000e+00 -1.000000000000000000e+00 -1.000000000000000000e+00 -1.000000000000000000e+00 1.149277000000000044e+03 2.830992000000000189e+03 1.239000000000000101e+00 9.769999999999999796e-01 2.681999999999999940e+00 1.032000000000000028e+00
1.700000000000000000e+01 6.341000000000000000e+03 -1.000000000000000000e+00 -1.000000000000000000e+00 -1.000000000000000000e+00 -1.000000000000000000e+00 -1.000000000000000000e+00 1.149423999999999978e+03 2.831197999999999865e+03 1.258999999999999897e+00 9.769999999999999796e-01 2.681999999999999940e+00 1.032000000000000028e+00
1.900000000000000000e+01 6.364000000000000000e+03 -1.000000000000000000e+00 -1.000000000000000000e+00 -1.000000000000000000e+00 -1.000000000000000000e+00 -1.000000000000000000e+00 1.095637999999999920e+03 2.745492000000000189e+03 2.088999999999999968e+00 9.290000000000000480e-01 2.576999999999999957e+00 1.000499999999999945e+00
2.000000000000000000e+01 6.364000000000000000e+03 -1.000000000000000000e+00 -1.000000000000000000e+00 -1.000000000000000000e+00 -1.000000000000000000e+00 -1.000000000000000000e+00 1.095559999999999945e+03 2.745456000000000131e+03 1.939999999999999947e+00 9.290000000000000480e-01 2.576999999999999957e+00 1.000499999999999945e+00
2.100000000000000000e+01 6.364000000000000000e+03 -1.000000000000000000e+00 -1.000000000000000000e+00 -1.000000000000000000e+00 -1.000000000000000000e+00 -1.000000000000000000e+00 1.095577999999999975e+03 2.745485000000000127e+03 1.721000000000000085e+00 9.290000000000000480e-01 2.576999999999999957e+00 1.000499999999999945e+00
2.200000000000000000e+01 6.364000000000000000e+03 -1.000000000000000000e+00 -1.000000000000000000e+00 -1.000000000000000000e+00 -1.000000000000000000e+00 -1.000000000000000000e+00 1.095596000000000004e+03 2.745514000000000124e+03 1.500999999999999890e+00 9.290000000000000480e-01 2.576999999999999957e+00 1.000499999999999945e+00
2.300000000000000000e+01 6.364000000000000000e+03 -1.000000000000000000e+00 -1.000000000000000000e+00 -1.000000000000000000e+00 -1.000000000000000000e+00 -1.000000000000000000e+00 1.095615999999999985e+03 2.745545999999999822e+03 1.379999999999999893e+00 9.290000000000000480e-01 2.576999999999999957e+00 1.000499999999999945e+00
2.400000000000000000e+01 6.364000000000000000e+03 -1.000000000000000000e+00 -1.000000000000000000e+00 -1.000000000000000000e+00 -1.000000000000000000e+00 -1.000000000000000000e+00 1.095634000000000015e+03 2.745574000000000069e+03 1.268999999999999906e+00 9.290000000000000480e-01 2.576999999999999957e+00 1.000499999999999945e+00
2.500000000000000000e+01 6.364000000000000000e+03 -1.000000000000000000e+00 -1.000000000000000000e+00 -1.000000000000000000e+00 -1.000000000000000000e+00 -1.000000000000000000e+00 1.095653000000000020e+03 2.745603000000000065e+03 1.157999999999999918e+00 9.290000000000000480e-01 2.576999999999999957e+00 1.000499999999999945e+00
2.600000000000000000e+01 6.364000000000000000e+03 -1.000000000000000000e+00 -1.000000000000000000e+00 -1.000000000000000000e+00 -1.000000000000000000e+00 -1.000000000000000000e+00 1.095666999999999916e+03 2.745572000000000116e+03 1.094000000000000083e+00 9.290000000000000480e-01 2.576999999999999957e+00 1.000499999999999945e+00
2.700000000000000000e+01 6.364000000000000000e+03 -1.000000000000000000e+00 -1.000000000000000000e+00 -1.000000000000000000e+00 -1.000000000000000000e+00 -1.000000000000000000e+00 1.095683999999999969e+03 2.745534000000000106e+03 1.016999999999999904e+00 9.290000000000000480e-01 2.576999999999999957e+00 1.000499999999999945e+00
2.800000000000000000e+01 6.364000000000000000e+03 -1.000000000000000000e+00 -1.000000000000000000e+00 -1.000000000000000000e+00 -1.000000000000000000e+00 -1.000000000000000000e+00 1.095703999999999951e+03 2.745525000000000091e+03 9.519999999999999574e-01 9.290000000000000480e-01 2.576999999999999957e+00 1.000499999999999945e+00
2.900000000000000000e+01 6.364000000000000000e+03 -1.000000000000000000e+00 -1.000000000000000000e+00 -1.000000000000000000e+00 -1.000000000000000000e+00 -1.000000000000000000e+00 1.095729000000000042e+03 2.745512999999999920e+03 8.699999999999999956e-01 9.290000000000000480e-01 2.576999999999999957e+00 1.000499999999999945e+00
3.000000000000000000e+01 6.364000000000000000e+03 -1.000000000000000000e+00 -1.000000000000000000e+00 -1.000000000000000000e+00 -1.000000000000000000e+00 -1.000000000000000000e+00 1.095739000000000033e+03 2.745527999999999793e+03 7.870000000000000329e-01 9.290000000000000480e-01 2.576999999999999957e+00 1.000499999999999945e+00
3.100000000000000000e+01 6.364000000000000000e+03 -1.000000000000000000e+00 -1.000000000000000000e+00 -1.000000000000000000e+00 -1.000000000000000000e+00 -1.000000000000000000e+00 1.095748000000000047e+03 2.745543000000000120e+03 7.029999999999999583e-01 9.290000000000000480e-01 2.576999999999999957e+00 1.000499999999999945e+00
3.200000000000000000e+01 6.364000000000000000e+03 -1.000000000000000000e+00 -1.000000000000000000e+00 -1.000000000000000000e+00 -1.000000000000000000e+00 -1.000000000000000000e+00 1.095777000000000044e+03 2.745523999999999887e+03 7.029999999999999583e-01 9.290000000000000480e-01 2.576999999999999957e+00 1.000499999999999945e+00
3.300000000000000000e+01 6.364000000000000000e+03 -1.000000000000000000e+00 -1.000000000000000000e+00 -1.000000000000000000e+00 -1.000000000000000000e+00 -1.000000000000000000e+00 1.095776000000000067e+03 2.745525000000000091e+03 6.780000000000000471e-01 9.290000000000000480e-01 2.576999999999999957e+00 1.000499999999999945e+00
3.400000000000000000e+01 6.364000000000000000e+03 -1.000000000000000000e+00 -1.000000000000000000e+00 -1.000000000000000000e+00 -1.000000000000000000e+00 -1.000000000000000000e+00 1.095776000000000067e+03 2.745525000000000091e+03 6.530000000000000249e-01 9.290000000000000480e-01 2.576999999999999957e+00 1.000499999999999945e+00
3.500000000000000000e+01 6.364000000000000000e+03 -1.000000000000000000e+00 -1.000000000000000000e+00 -1.000000000000000000e+00 -1.000000000000000000e+00 -1.000000000000000000e+00 1.095805000000000064e+03 2.745507000000000062e+03 6.280000000000000027e-01 9.290000000000000480e-01 2.576999999999999957e+00 1.000499999999999945e+00
3.600000000000000000e+01 6.364000000000000000e+03 -1.000000000000000000e+00 -1.000000000000000000e+00 -1.000000000000000000e+00 -1.000000000000000000e+00 -1.000000000000000000e+00 1.095834000000000060e+03 2.745487999999999829e+03 6.029999999999999805e-01 9.290000000000000480e-01 2.576999999999999957e+00 1.000499999999999945e+00
