3.300000000000000000e+01 5.003000000000000000e+03 -1.000000000000000000e+00 -1.000000000000000000e+00 -1.000000000000000000e+00 -1.000000000000000000e+00 -1.000000000000000000e+00 1.462877999999999929e+03 1.221297000000000025e+03 1.284000000000000030e+00 4.139999999999999791e-01 4.299999999999999933e-01 1.000000000000000000e+00
3.400000000000000000e+01 5.003000000000000000e+03 -1.000000000000000000e+00 -1.000000000000000000e+00 -1.000000000000000000e+00 -1.000000000000000000e+00 -1.000000000000000000e+00 1.462757000000000062e+03 1.221417999999999893e+03 1.383999999999999897e+00 4.139999999999999791e-01 4.299999999999999933e-01 1.000000000000000000e+00
3.500000000000000000e+01 5.003000000000000000e+03 -1.000000000000000000e+00 -1.000000000000000000e+00 -1.000000000000000000e+00 -1.000000000000000000e+00 -1.000000000000000000e+00 1.462625000000000000e+03 1.221272999999999911e+03 1.284000000000000030e+00 4.139999999999999791e-01 4.299999999999999933e-01 1.000000000000000000e+00
3.600000000000000000e+01 5.003000000000000000e+03 -1.000000000000000000e+00 -1.000000000000000000e+00 -1.000000000000000000e+00 -1.000000000000000000e+00 -1.000000000000000000e+00 1.462752999999999929e+03 1.221256000000000085e+03 1.284000000000000030e+00 4.139999999999999791e-01 4.299999999999999933e-01 1.000000000000000000e+00
3.700000000000000000e+01 5.003000000000000000e+03 -1.000000000000000000e+00 -1.000000000000000000e+00 -1.000000000000000000e+00 -1.000000000000000000e+00 -1.000000000000000000e+00 1.462882000000000062e+03 1.221244999999999891e+03 1.282999999999999918e+00 4.139999999999999791e-01 4.299999999999999933e-01 1.000000000000000000e+00
3.700000000000000000e+01 5.009000000000000000e+03 -1.000000000000000000e+00 -1.000000000000000000e+00 -1.000000000000000000e+00 -1.000000000000000000e+00 -1.000000000000000000e+00 1.403935999999999922e+03 1.207992999999999938e+03 1.808000000000000052e+00 3.719999999999999973e-01 3.880000000000000115e-01 1.000000000000000000e+00
3.800000000000000000e+01 5.003000000000000000e+03 -1.000000000000000000e+00 -1.000000000000000000e+00 -1.000000000000000000e+00 -1.000000000000000000e+00 -1.000000000000000000e+00 1.462650000000000091e+03 1.221403000000000020e+03 1.082999999999999963e+00 4.139999999999999791e-01 4.299999999999999933e-01 1.000000000000000000e+00
3.800000000000000000e+01 5.009000000000000000e+03 -1.000000000000000000e+00 -1.000000000000000000e+00 -1.000000000000000000e+00 -1.000000000000000000e+00 -1.000000000000000000e+00 1.404382000000000062e+03 1.208750000000000000e+03 1.818999999999999950e+00 3.719999999999999973e-01 3.880000000000000115e-01 1.000000000000000000e+00
3.900000000000000000e+01 5.003000000000000000e+03 -1.000000000000000000e+00 -1.000000000000000000e+00 -1.000000000000000000e+00 -1.000000000000000000e+00 -1.000000000000000000e+00 1.462440000000000055e+03 1.221546000000000049e+03 9.529999999999999583e-01 4.139999999999999791e-01 4.299999999999999933e-01 1.000000000000000000e+00
3.900000000000000000e+01 5.009000000000000000e+03 -1.000000000000000000e+00 -1.000000000000000000e+00 -1.000000000000000000e+00 -1.000000000000000000e+00 -1.000000000000000000e+00 1.404821999999999889e+03 1.209280999999999949e+03 1.784000000000000030e+00 3.719999999999999973e-01 3.880000000000000115e-01 1.000000000000000000e+00
4.000000000000000000e+01 5.009000000000000000e+03 -1.000000000000000000e+00 -1.000000000000000000e+00 -1.000000000000000000e+00 -1.000000000000000000e+00 -1.000000000000000000e+00 1.405182999999999993e+03 1.209938000000000102e+03 1.633999999999999897e+00 3.719999999999999973e-01 3.880000000000000115e-01 1.000000000000000000e+00
4.100000000000000000e+01 5.009000000000000000e+03 -1.000000000000000000e+00 -1.000000000000000000e+00 -1.000000000000000000e+00 -1.000000000000000000e+00 -1.000000000000000000e+00 1.405538999999999987e+03 1.210587999999999965e+03 1.483999999999999986e+00 3.719999999999999973e-01 3.880000000000000115e-01 1.000000000000000000e+00
