1.000000000000000000e+00 3.118000000000000000e+03 -1.000000000000000000e+00 -1.000000000000000000e+00 -1.000000000000000000e+00 -1.000000000000000000e+00 -1.000000000000000000e+00 1.937770999999999958e+03 8.294829999999999472e+02 1.483000000000000096e+00 1.062500000000000000e+00 3.101500000000000146e+00 1.068500000000000005e+00
2.000000000000000000e+00 3.118000000000000000e+03 -1.000000000000000000e+00 -1.000000000000000000e+00 -1.000000000000000000e+00 -1.000000000000000000e+00 -1.000000000000000000e+00 1.937667999999999893e+03 8.325710000000000264e+02 1.405000000000000027e+00 1.062500000000000000e+00 3.101500000000000146e+00 1.068500000000000005e+00
3.000000000000000000e+00 3.118000000000000000e+03 -1.000000000000000000e+00 -1.000000000000000000e+00 -1.000000000000000000e+00 -1.000000000000000000e+00 -1.000000000000000000e+00 1.937594000000000051e+03 8.347910000000000537e+02 1.381999999999999895e+00 1.062500000000000000e+00 3.101500000000000146e+00 1.068500000000000005e+00
4.000000000000000000e+00 3.118000000000000000e+03 -1.000000000000000000e+00 -1.000000000000000000e+00 -1.000000000000000000e+00 -1.000000000000000000e+00 -1.000000000000000000e+00 1.937509000000000015e+03 8.374120000000000346e+02 1.254000000000000004e+00 1.062500000000000000e+00 3.101500000000000146e+00 1.068500000000000005e+00
5.000000000000000000e+00 3.118000000000000000e+03 -1.000000000000000000e+00 -1.000000000000000000e+00 -1.000000000000000000e+00 -1.000000000000000000e+00 -1.000000000000000000e+00 1.937426999999999907e+03 8.399130000000000109e+02 1.125000000000000000e+00 1.062500000000000000e+00 3.101500000000000146e+00 1.068500000000000005e+00
6.000000000000000000e+00 3.118000000000000000e+03 -1.000000000000000000e+00 -1.000000000000000000e+00 -1.000000000000000000e+00 -1.000000000000000000e+00 -1.000000000000000000e+00 1.937358999999999924e+03 8.420739999999999554e+02 1.125999999999999890e+00 1.062500000000000000e+00 3.101500000000000146e+00 1.068500000000000005e+00
7.000000000000000000e+00 3.118000000000000000e+03 -1.000000000000000000e+00 -1.000000000000000000e+00 -1.000000000000000000e+00 -1.000000000000000000e+00 -1.000000000000000000e+00 1.937298000000000002e+03 8.440289999999999964e+02 1.076000000000000068e+00 1.062500000000000000e+00 3.101500000000000146e+00 1.068500000000000005e+00
8.000000000000000000e+00 3.118000000000000000e+03 -1.000000000000000000e+00 -1.000000000000000000e+00 -1.000000000000000000e+00 -1.000000000000000000e+00 -1.000000000000000000e+00 1.937251999999999953e+03 8.456050000000000182e+02 1.076999999999999957e+00 1.062500000000000000e+00 3.101500000000000146e+00 1.068500000000000005e+00
9.000000000000000000e+00 3.118000000000000000e+03 -1.000000000000000000e+00 -1.000000000000000000e+00 -1.000000000000000000e+00 -1.000000000000000000e+00 -1.000000000000000000e+00 1.937214999999999918e+03 8.469429999999999836e+02 1.078000000000000069e+00 1.062500000000000000e+00 3.101500000000000146e+00 1.068500000000000005e+00
1.000000000000000000e+01 3.118000000000000000e+03 -1.000000000000000000e+00 -1.000000000000000000e+00 -1.000000000000000000e+00 -1.000000000000000000e+00 -1.000000000000000000e+00 1.937192999999999984e+03 8.478759999999999764e+02 1.028999999999999915e+00 1.062500000000000000e+00 3.101500000000000146e+00 1.068500000000000005e+00
1.100000000000000000e+01 3.118000000000000000e+03 -1.000000000000000000e+00 -1.000000000000000000e+00 -1.000000000000000000e+00 -1.000000000000000000e+00 -1.000000000000000000e+00 1.937182000000000016e+03 8.485170000000000528e+02 1.078999999999999959e+00 1.062500000000000000e+00 3.101500000000000146e+00 1.068500000000000005e+00
1.200000000000000000e+01 3.118000000000000000e+03 -1.000000000000000000e+00 -1.000000000000000000e+00 -1.000000000000000000e+00 -1.000000000000000000e+00 -1.000000000000000000e+00 1.937184999999999945e+03 8.487809999999999491e+02 1.080000000000000071e+00 1.062500000000000000e+00 3.101500000000000146e+00 1.068500000000000005e+00
1.300000000000000000e+01 3.118000000000000000e+03 -1.000000000000000000e+00 -1.000000000000000000e+00 -1.000000000000000000e+00 -1.000000000000000000e+00 -1.000000000000000000e+00 1.937196999999999889e+03 8.488319999999999936e+02 1.030999999999999917e+00 1.062500000000000000e+00 3.101500000000000146e+00 1.068500000000000005e+00
1.400000000000000000e+01 3.118000000000000000e+03 -1.000000000000000000e+00 -1.000000000000000000e+00 -1.000000000000000000e+00 -1.000000000000000000e+00 -1.000000000000000000e+00 1.937160000000000082e+03 8.490309999999999491e+02 1.080999999999999961e+00 1.062500000000000000e+00 3.101500000000000146e+00 1.068500000000000005e+00
1.500000000000000000e+01 3.118000000000000000e+03 -1.000000000000000000e+00 -1.000000000000000000e+00 -1.000000000000000000e+00 -1.000000000000000000e+00 -1.000000000000000000e+00 1.937161000000000058e+03 8.493450000000000273e+02 1.032000000000000028e+00 1.062500000000000000e+00 3.101500000000000146e+00 1.068500000000000005e+00
1.600000000000000000e+01 3.118000000000000000e+03 -1.000000000000000000e+00 -1.000000000000000000e+00 -1.000000000000000000e+00 -1.000000000000000000e+00 -1.000000000000000000e+00 1.937159000000000106e+03 8.497440000000000282e+02 1.032999999999999918e+00 1.062500000000000000e+00 3.101500000000000146e+00 1.068500000000000005e+00
1.700000000000000000e+01 3.118000000000000000e+03 -1.000000000000000000e+00 -1.000000000000000000e+00 -1.000000000000000000e+00 -1.000000000000000000e+00 -1.000000000000000000e+00 1.937121000000000095e+03 8.499700000000000273e+02 1.032999999999999918e+00 1.062500000000000000e+00 3.101500000000000146e+00 1.068500000000000005e+00
1.800000000000000000e+01 3.118000000000000000e+03 -1.000000000000000000e+00 -1.000000000000000000e+00 -1.000000000000000000e+00 -1.000000000000000000e+00 -1.000000000000000000e+00 1.937122000000000071e+03 8.499909999999999854e+02 1.032999999999999918e+00 1.062500000000000000e+00 3.101500000000000146e+00 1.068500000000000005e+00
1.900000000000000000e+01 3.118000000000000000e+03 -1.000000000000000000e+00 -1.000000000000000000e+00 -1.000000000000000000e+00 -1.000000000000000000e+00 -1.000000000000000000e+00 1.937164999999999964e+03 8.500119999999999436e+02 1.032999999999999918e+00 1.062500000000000000e+00 3.101500000000000146e+00 1.068500000000000005e+00
2.000000000000000000e+01 3.118000000000000000e+03 -1.000000000000000000e+00 -1.000000000000000000e+00 -1.000000000000000000e+00 -1.000000000000000000e+00 -1.000000000000000000e+00 1.937171000000000049e+03 8.498129999999999882e+02 1.032999999999999918e+00 1.062500000000000000e+00 3.101500000000000146e+00 1.068500000000000005e+00
2.100000000000000000e+01 3.118000000000000000e+03 -1.000000000000000000e+00 -1.000000000000000000e+00 -1.000000000000000000e+00 -1.000000000000000000e+00 -1.000000000000000000e+00 1.937173999999999978e+03 8.496960000000000264e+02 1.032999999999999918e+00 1.062500000000000000e+00 3.101500000000000146e+00 1.068500000000000005e+00
2.200000000000000000e+01 3.118000000000000000e+03 -1.000000000000000000e+00 -1.000000000000000000e+00 -1.000000000000000000e+00 -1.000000000000000000e+00 -1.000000000000000000e+00 1.937132000000000062e+03 8.497519999999999527e+02 1.032999999999999918e+00 1.062500000000000000e+00 3.101500000000000146e+00 1.068500000000000005e+00
2.300000000000000000e+01 3.118000000000000000e+03 -1.000000000000000000e+00 -1.000000000000000000e+00 -1.000000000000000000e+00 -1.000000000000000000e+00 -1.000000000000000000e+00 1.937078999999999951e+03 8.502400000000000091e+02 9.829999999999999849e-01 1.062500000000000000e+00 3.101500000000000146e+00 1.068500000000000005e+00
2.400000000000000000e+01 3.118000000000000000e+03 -1.000000000000000000e+00 -1.000000000000000000e+00 -1.000000000000000000e+00 -1.000000000000000000e+00 -1.000000000000000000e+00 1.936978000000000065e+03 8.510439999999999827e+02 9.330000000000000515e-01 1.062500000000000000e+00 3.101500000000000146e+00 1.068500000000000005e+00
2.500000000000000000e+01 3.118000000000000000e+03 -1.000000000000000000e+00 -1.000000000000000000e+00 -1.000000000000000000e+00 -1.000000000000000000e+00 -1.000000000000000000e+00 1.936880000000000109e+03 8.520990000000000464e+02 9.330000000000000515e-01 1.062500000000000000e+00 3.101500000000000146e+00 1.068500000000000005e+00
2.600000000000000000e+01 3.118000000000000000e+03 -1.000000000000000000e+00 -1.000000000000000000e+00 -1.000000000000000000e+00 -1.000000000000000000e+00 -1.000000000000000000e+00 1.936874000000000024e+03 8.533379999999999654e+02 9.330000000000000515e-01 1.062500000000000000e+00 3.101500000000000146e+00 1.068500000000000005e+00
2.700000000000000000e+01 3.118000000000000000e+03 -1.000000000000000000e+00 -1.000000000000000000e+00 -1.000000000000000000e+00 -1.000000000000000000e+00 -1.000000000000000000e+00 1.936819999999999936e+03 8.548189999999999600e+02 9.330000000000000515e-01 1.062500000000000000e+00 3.101500000000000146e+00 1.068500000000000005e+00
2.800000000000000000e+01 3.118000000000000000e+03 -1.000000000000000000e+00 -1.000000000000000000e+00 -1.000000000000000000e+00 -1.000000000000000000e+00 -1.000000000000000000e+00 1.936816000000000031e+03 8.563619999999999663e+02 9.330000000000000515e-01 1.062500000000000000e+00 3.101500000000000146e+00 1.068500000000000005e+00
2.900000000000000000e+01 3.118000000000000000e+03 -1.000000000000000000e+00 -1.000000000000000000e+00 -1.000000000000000000e+00 -1.000000000000000000e+00 -1.000000000000000000e+00 1.936770999999999958e+03 8.578719999999999573e+02 9.829999999999999849e-01 1.062500000000000000e+00 3.101500000000000146e+00 1.068500000000000005e+00
3.000000000000000000e+01 3.118000000000000000e+03 -1.000000000000000000e+00 -1.000000000000000000e+00 -1.000000000000000000e+00 -1.000000000000000000e+00 -1.000000000000000000e+00 1.936834000000000060e+03 8.590289999999999964e+02 1.032999999999999918e+00 1.062500000000000000e+00 3.101500000000000146e+00 1.068500000000000005e+00
3.100000000000000000e+01 3.118000000000000000e+03 -1.000000000000000000e+00 -1.000000000000000000e+00 -1.000000000000000000e+00 -1.000000000000000000e+00 -1.000000000000000000e+00 1.936810999999999922e+03 8.597369999999999663e+02 1.032999999999999918e+00 1.062500000000000000e+00 3.101500000000000146e+00 1.068500000000000005e+00
3.200000000000000000e+01 3.118000000000000000e+03 -1.000000000000000000e+00 -1.000000000000000000e+00 -1.000000000000000000e+00 -1.000000000000000000e+00 -1.000000000000000000e+00 1.936856999999999971e+03 8.602319999999999709e+02 9.829999999999999849e-01 1.062500000000000000e+00 3.101500000000000146e+00 1.068500000000000005e+00
3.300000000000000000e+01 3.118000000000000000e+03 -1.000000000000000000e+00 -1.000000000000000000e+00 -1.000000000000000000e+00 -1.000000000000000000e+00 -1.000000000000000000e+00 1.936896999999999935e+03 8.610259999999999536e+02 1.032999999999999918e+00 1.062500000000000000e+00 3.101500000000000146e+00 1.068500000000000005e+00
3.400000000000000000e+01 3.118000000000000000e+03 -1.000000000000000000e+00 -1.000000000000000000e+00 -1.000000000000000000e+00 -1.000000000000000000e+00 -1.000000000000000000e+00 1.936840999999999894e+03 8.619389999999999645e+02 1.082999999999999963e+00 1.062500000000000000e+00 3.101500000000000146e+00 1.068500000000000005e+00
3.400000000000000000e+01 3.146000000000000000e+03 -1.000000000000000000e+00 -1.000000000000000000e+00 -1.000000000000000000e+00 -1.000000000000000000e+00 -1.000000000000000000e+00 1.875667999999999893e+03 8.741019999999999754e+02 2.198999999999999844e+00 1.392500000000000071e+00 3.055499999999999883e+00 1.760499999999999954e+00
3.500000000000000000e+01 3.118000000000000000e+03 -1.000000000000000000e+00 -1.000000000000000000e+00 -1.000000000000000000e+00 -1.000000000000000000e+00 -1.000000000000000000e+00 1.936460000000000036e+03 8.633909999999999627e+02 1.233000000000000096e+00 1.062500000000000000e+00 3.101500000000000146e+00 1.068500000000000005e+00
3.500000000000000000e+01 3.146000000000000000e+03 -1.000000000000000000e+00 -1.000000000000000000e+00 -1.000000000000000000e+00 -1.000000000000000000e+00 -1.000000000000000000e+00 1.875708000000000084e+03 8.741150000000000091e+02 2.201999999999999957e+00 1.392500000000000071e+00 3.055499999999999883e+00 1.760499999999999954e+00
3.600000000000000000e+01 3.118000000000000000e+03 -1.000000000000000000e+00 -1.000000000000000000e+00 -1.000000000000000000e+00 -1.000000000000000000e+00 -1.000000000000000000e+00 1.935755000000000109e+03 8.650919999999999845e+02 1.233000000000000096e+00 1.062500000000000000e+00 3.101500000000000146e+00 1.068500000000000005e+00
3.600000000000000000e+01 3.146000000000000000e+03 -1.000000000000000000e+00 -1.000000000000000000e+00 -1.000000000000000000e+00 -1.000000000000000000e+00 -1.000000000000000000e+00 1.875747000000000071e+03 8.741290000000000191e+02 2.205999999999999961e+00 1.392500000000000071e+00 3.055499999999999883e+00 1.760499999999999954e+00
3.700000000000000000e+01 3.118000000000000000e+03 -1.000000000000000000e+00 -1.000000000000000000e+00 -1.000000000000000000e+00 -1.000000000000000000e+00 -1.000000000000000000e+00 1.934423000000000002e+03 8.667380000000000564e+02 1.233999999999999986e+00 1.062500000000000000e+00 3.101500000000000146e+00 1.068500000000000005e+00
3.700000000000000000e+01 3.146000000000000000e+03 -1.000000000000000000e+00 -1.000000000000000000e+00 -1.000000000000000000e+00 -1.000000000000000000e+00 -1.000000000000000000e+00 1.875787000000000035e+03 8.741420000000000528e+02 2.209999999999999964e+00 1.392500000000000071e+00 3.055499999999999883e+00 1.760499999999999954e+00
3.800000000000000000e+01 3.118000000000000000e+03 -1.000000000000000000e+00 -1.000000000000000000e+00 -1.000000000000000000e+00 -1.000000000000000000e+00 -1.000000000000000000e+00 1.932576999999999998e+03 8.683609999999999900e+02 1.284000000000000030e+00 1.062500000000000000e+00 3.101500000000000146e+00 1.068500000000000005e+00
3.800000000000000000e+01 3.146000000000000000e+03 -1.000000000000000000e+00 -1.000000000000000000e+00 -1.000000000000000000e+00 -1.000000000000000000e+00 -1.000000000000000000e+00 1.875826999999999998e+03 8.741559999999999491e+02 2.213999999999999968e+00 1.392500000000000071e+00 3.055499999999999883e+00 1.760499999999999954e+00
3.900000000000000000e+01 3.118000000000000000e+03 -1.000000000000000000e+00 -1.000000000000000000e+00 -1.000000000000000000e+00 -1.000000000000000000e+00 -1.000000000000000000e+00 1.930416999999999916e+03 8.696939999999999600e+02 1.209000000000000075e+00 1.062500000000000000e+00 3.101500000000000146e+00 1.068500000000000005e+00
3.900000000000000000e+01 3.146000000000000000e+03 -1.000000000000000000e+00 -1.000000000000000000e+00 -1.000000000000000000e+00 -1.000000000000000000e+00 -1.000000000000000000e+00 1.875863000000000056e+03 8.741680000000000064e+02 2.217000000000000082e+00 1.392500000000000071e+00 3.055499999999999883e+00 1.760499999999999954e+00
4.000000000000000000e+01 3.118000000000000000e+03 -1.000000000000000000e+00 -1.000000000000000000e+00 -1.000000000000000000e+00 -1.000000000000000000e+00 -1.000000000000000000e+00 1.927453999999999951e+03 8.708020000000000209e+02 1.169999999999999929e+00 1.062500000000000000e+00 3.101500000000000146e+00 1.068500000000000005e+00
4.000000000000000000e+01 3.146000000000000000e+03 -1.000000000000000000e+00 -1.000000000000000000e+00 -1.000000000000000000e+00 -1.000000000000000000e+00 -1.000000000000000000e+00 1.875903000000000020e+03 8.741810000000000400e+02 2.221000000000000085e+00 1.392500000000000071e+00 3.055499999999999883e+00 1.760499999999999954e+00
4.100000000000000000e+01 3.118000000000000000e+03 -1.000000000000000000e+00 -1.000000000000000000e+00 -1.000000000000000000e+00 -1.000000000000000000e+00 -1.000000000000000000e+00 1.923710000000000036e+03 8.717259999999999991e+02 1.181999999999999940e+00 1.062500000000000000e+00 3.101500000000000146e+00 1.068500000000000005e+00
4.100000000000000000e+01 3.146000000000000000e+03 -1.000000000000000000e+00 -1.000000000000000000e+00 -1.000000000000000000e+00 -1.000000000000000000e+00 -1.000000000000000000e+00 1.875942000000000007e+03 8.741950000000000500e+02 2.224000000000000199e+00 1.392500000000000071e+00 3.055499999999999883e+00 1.760499999999999954e+00
