1.000000000000000000e+00 4.684000000000000000e+03 -1.000000000000000000e+00 -1.000000000000000000e+00 -1.000000000000000000e+00 -1.000000000000000000e+00 -1.000000000000000000e+00 1.613221000000000004e+03 2.825018999999999778e+03 1.528999999999999915e+00 9.669999999999999707e-01 2.446499999999999897e+00 8.279999999999999583e-01
1.000000000000000000e+00 4.689000000000000000e+03 -1.000000000000000000e+00 -1.000000000000000000e+00 -1.000000000000000000e+00 -1.000000000000000000e+00 -1.000000000000000000e+00 1.600458000000000084e+03 2.839148999999999887e+03 1.157000000000000028e+00 8.894999999999999574e-01 2.331500000000000128e+00 8.329999999999999627e-01
1.000000000000000000e+00 4.690000000000000000e+03 -1.000000000000000000e+00 -1.000000000000000000e+00 -1.000000000000000000e+00 -1.000000000000000000e+00 -1.000000000000000000e+00 1.580989000000000033e+03 2.868934999999999945e+03 6.879999999999999449e-01 9.294999999999999929e-01 2.442000000000000171e+00 1.026000000000000023e+00
1.000000000000000000e+00 4.692000000000000000e+03 -1.000000000000000000e+00 -1.000000000000000000e+00 -1.000000000000000000e+00 -1.000000000000000000e+00 -1.000000000000000000e+00 1.597361000000000104e+03 2.850541000000000167e+03 9.599999999999999645e-01 9.184999999999999831e-01 2.345499999999999918e+00 7.584999999999999520e-01
2.000000000000000000e+00 4.684000000000000000e+03 -1.000000000000000000e+00 -1.000000000000000000e+00 -1.000000000000000000e+00 -1.000000000000000000e+00 -1.000000000000000000e+00 1.611251999999999953e+03 2.827844000000000051e+03 1.578999999999999959e+00 9.669999999999999707e-01 2.446499999999999897e+00 8.279999999999999583e-01
2.000000000000000000e+00 4.693000000000000000e+03 -1.000000000000000000e+00 -1.000000000000000000e+00 -1.000000000000000000e+00 -1.000000000000000000e+00 -1.000000000000000000e+00 1.606496000000000095e+03 2.829856999999999971e+03 1.842999999999999972e+00 8.729999999999999982e-01 2.269000000000000128e+00 8.074999999999999956e-01
2.000000000000000000e+00 4.689000000000000000e+03 -1.000000000000000000e+00 -1.000000000000000000e+00 -1.000000000000000000e+00 -1.000000000000000000e+00 -1.000000000000000000e+00 1.597663999999999987e+03 2.843478000000000065e+03 1.157000000000000028e+00 8.894999999999999574e-01 2.331500000000000128e+00 8.329999999999999627e-01
2.000000000000000000e+00 4.690000000000000000e+03 -1.000000000000000000e+00 -1.000000000000000000e+00 -1.000000000000000000e+00 -1.000000000000000000e+00 -1.000000000000000000e+00 1.577756000000000085e+03 2.874003000000000156e+03 6.879999999999999449e-01 9.294999999999999929e-01 2.442000000000000171e+00 1.026000000000000023e+00
2.000000000000000000e+00 4.692000000000000000e+03 -1.000000000000000000e+00 -1.000000000000000000e+00 -1.000000000000000000e+00 -1.000000000000000000e+00 -1.000000000000000000e+00 1.596619999999999891e+03 2.851976999999999862e+03 9.599999999999999645e-01 9.184999999999999831e-01 2.345499999999999918e+00 7.584999999999999520e-01
3.000000000000000000e+00 4.684000000000000000e+03 -1.000000000000000000e+00 -1.000000000000000000e+00 -1.000000000000000000e+00 -1.000000000000000000e+00 -1.000000000000000000e+00 1.610016000000000076e+03 2.829693000000000211e+03 1.629000000000000004e+00 9.669999999999999707e-01 2.446499999999999897e+00 8.279999999999999583e-01
3.000000000000000000e+00 4.693000000000000000e+03 -1.000000000000000000e+00 -1.000000000000000000e+00 -1.000000000000000000e+00 -1.000000000000000000e+00 -1.000000000000000000e+00 1.604452999999999975e+03 2.833367999999999938e+03 1.842999999999999972e+00 8.729999999999999982e-01 2.269000000000000128e+00 8.074999999999999956e-01
3.000000000000000000e+00 4.689000000000000000e+03 -1.000000000000000000e+00 -1.000000000000000000e+00 -1.000000000000000000e+00 -1.000000000000000000e+00 -1.000000000000000000e+00 1.595395999999999958e+03 2.847070999999999913e+03 1.189999999999999947e+00 8.894999999999999574e-01 2.331500000000000128e+00 8.329999999999999627e-01
3.000000000000000000e+00 4.694000000000000000e+03 -1.000000000000000000e+00 -1.000000000000000000e+00 -1.000000000000000000e+00 -1.000000000000000000e+00 -1.000000000000000000e+00 1.574163999999999987e+03 2.903451000000000022e+03 3.770000000000000018e-01 9.515000000000000124e-01 2.342999999999999972e+00 8.024999999999999911e-01
3.000000000000000000e+00 4.690000000000000000e+03 -1.000000000000000000e+00 -1.000000000000000000e+00 -1.000000000000000000e+00 -1.000000000000000000e+00 -1.000000000000000000e+00 1.575070999999999913e+03 2.878152000000000044e+03 6.879999999999999449e-01 9.294999999999999929e-01 2.442000000000000171e+00 1.026000000000000023e+00
3.000000000000000000e+00 4.692000000000000000e+03 -1.000000000000000000e+00 -1.000000000000000000e+00 -1.000000000000000000e+00 -1.000000000000000000e+00 -1.000000000000000000e+00 1.596164999999999964e+03 2.852764999999999873e+03 1.110000000000000098e+00 9.184999999999999831e-01 2.345499999999999918e+00 7.584999999999999520e-01
4.000000000000000000e+00 4.684000000000000000e+03 -1.000000000000000000e+00 -1.000000000000000000e+00 -1.000000000000000000e+00 -1.000000000000000000e+00 -1.000000000000000000e+00 1.609107999999999947e+03 2.830985000000000127e+03 1.703999999999999959e+00 9.669999999999999707e-01 2.446499999999999897e+00 8.279999999999999583e-01
4.000000000000000000e+00 4.689000000000000000e+03 -1.000000000000000000e+00 -1.000000000000000000e+00 -1.000000000000000000e+00 -1.000000000000000000e+00 -1.000000000000000000e+00 1.593127999999999929e+03 2.850664999999999964e+03 1.223999999999999977e+00 8.894999999999999574e-01 2.331500000000000128e+00 8.329999999999999627e-01
4.000000000000000000e+00 4.694000000000000000e+03 -1.000000000000000000e+00 -1.000000000000000000e+00 -1.000000000000000000e+00 -1.000000000000000000e+00 -1.000000000000000000e+00 1.578847999999999956e+03 2.895019999999999982e+03 5.769999999999999574e-01 9.515000000000000124e-01 2.342999999999999972e+00 8.024999999999999911e-01
4.000000000000000000e+00 4.690000000000000000e+03 -1.000000000000000000e+00 -1.000000000000000000e+00 -1.000000000000000000e+00 -1.000000000000000000e+00 -1.000000000000000000e+00 1.572342000000000098e+03 2.882405999999999949e+03 6.879999999999999449e-01 9.294999999999999929e-01 2.442000000000000171e+00 1.026000000000000023e+00
4.000000000000000000e+00 4.692000000000000000e+03 -1.000000000000000000e+00 -1.000000000000000000e+00 -1.000000000000000000e+00 -1.000000000000000000e+00 -1.000000000000000000e+00 1.595837999999999965e+03 2.853391999999999825e+03 1.159999999999999920e+00 9.184999999999999831e-01 2.345499999999999918e+00 7.584999999999999520e-01
4.000000000000000000e+00 4.693000000000000000e+03 -1.000000000000000000e+00 -1.000000000000000000e+00 -1.000000000000000000e+00 -1.000000000000000000e+00 -1.000000000000000000e+00 1.602299352295234257e+03 2.836792349819201263e+03 1.842500313757594821e+00 8.729999999999999982e-01 2.269000000000000128e+00 8.074999999999998845e-01
5.000000000000000000e+00 4.684000000000000000e+03 -1.000000000000000000e+00 -1.000000000000000000e+00 -1.000000000000000000e+00 -1.000000000000000000e+00 -1.000000000000000000e+00 1.608200000000000045e+03 2.832275000000000091e+03 1.778999999999999915e+00 9.669999999999999707e-01 2.446499999999999897e+00 8.279999999999999583e-01
5.000000000000000000e+00 4.693000000000000000e+03 -1.000000000000000000e+00 -1.000000000000000000e+00 -1.000000000000000000e+00 -1.000000000000000000e+00 -1.000000000000000000e+00 1.600143000000000029e+03 2.840221000000000004e+03 1.842000000000000082e+00 8.729999999999999982e-01 2.269000000000000128e+00 8.074999999999999956e-01
5.000000000000000000e+00 4.689000000000000000e+03 -1.000000000000000000e+00 -1.000000000000000000e+00 -1.000000000000000000e+00 -1.000000000000000000e+00 -1.000000000000000000e+00 1.590863000000000056e+03 2.854253999999999905e+03 1.256999999999999895e+00 8.894999999999999574e-01 2.331500000000000128e+00 8.329999999999999627e-01
5.000000000000000000e+00 4.694000000000000000e+03 -1.000000000000000000e+00 -1.000000000000000000e+00 -1.000000000000000000e+00 -1.000000000000000000e+00 -1.000000000000000000e+00 1.583304000000000087e+03 2.888204000000000178e+03 6.770000000000000462e-01 9.515000000000000124e-01 2.342999999999999972e+00 8.024999999999999911e-01
5.000000000000000000e+00 4.690000000000000000e+03 -1.000000000000000000e+00 -1.000000000000000000e+00 -1.000000000000000000e+00 -1.000000000000000000e+00 -1.000000000000000000e+00 1.569728000000000065e+03 2.886684000000000196e+03 6.879999999999999449e-01 9.294999999999999929e-01 2.442000000000000171e+00 1.026000000000000023e+00
5.000000000000000000e+00 4.692000000000000000e+03 -1.000000000000000000e+00 -1.000000000000000000e+00 -1.000000000000000000e+00 -1.000000000000000000e+00 -1.000000000000000000e+00 1.595707000000000107e+03 2.853661999999999807e+03 1.258999999999999897e+00 9.184999999999999831e-01 2.345499999999999918e+00 7.584999999999999520e-01
6.000000000000000000e+00 4.684000000000000000e+03 -1.000000000000000000e+00 -1.000000000000000000e+00 -1.000000000000000000e+00 -1.000000000000000000e+00 -1.000000000000000000e+00 1.607290999999999940e+03 2.833568000000000211e+03 1.854000000000000092e+00 9.669999999999999707e-01 2.446499999999999897e+00 8.279999999999999583e-01
6.000000000000000000e+00 4.689000000000000000e+03 -1.000000000000000000e+00 -1.000000000000000000e+00 -1.000000000000000000e+00 -1.000000000000000000e+00 -1.000000000000000000e+00 1.588548000000000002e+03 2.857822000000000116e+03 1.223999999999999977e+00 8.894999999999999574e-01 2.331500000000000128e+00 8.329999999999999627e-01
6.000000000000000000e+00 4.694000000000000000e+03 -1.000000000000000000e+00 -1.000000000000000000e+00 -1.000000000000000000e+00 -1.000000000000000000e+00 -1.000000000000000000e+00 1.587494999999999891e+03 2.881204999999999927e+03 8.770000000000000018e-01 9.515000000000000124e-01 2.342999999999999972e+00 8.024999999999999911e-01
6.000000000000000000e+00 4.690000000000000000e+03 -1.000000000000000000e+00 -1.000000000000000000e+00 -1.000000000000000000e+00 -1.000000000000000000e+00 -1.000000000000000000e+00 1.567066000000000031e+03 2.891014999999999873e+03 7.379999999999999893e-01 9.294999999999999929e-01 2.442000000000000171e+00 1.026000000000000023e+00
6.000000000000000000e+00 4.692000000000000000e+03 -1.000000000000000000e+00 -1.000000000000000000e+00 -1.000000000000000000e+00 -1.000000000000000000e+00 -1.000000000000000000e+00 1.595641000000000076e+03 2.853744000000000142e+03 1.308999999999999941e+00 9.184999999999999831e-01 2.345499999999999918e+00 7.584999999999999520e-01
6.000000000000000000e+00 4.693000000000000000e+03 -1.000000000000000000e+00 -1.000000000000000000e+00 -1.000000000000000000e+00 -1.000000000000000000e+00 -1.000000000000000000e+00 1.597759868289776477e+03 2.843733483286047885e+03 1.841000573826704567e+00 8.729999999999999982e-01 2.269000000000000128e+00 8.075000000000001066e-01
7.000000000000000000e+00 4.693000000000000000e+03 -1.000000000000000000e+00 -1.000000000000000000e+00 -1.000000000000000000e+00 -1.000000000000000000e+00 -1.000000000000000000e+00 1.595374000000000024e+03 2.847250000000000000e+03 1.840000000000000080e+00 8.729999999999999982e-01 2.269000000000000128e+00 8.074999999999999956e-01
7.000000000000000000e+00 4.689000000000000000e+03 -1.000000000000000000e+00 -1.000000000000000000e+00 -1.000000000000000000e+00 -1.000000000000000000e+00 -1.000000000000000000e+00 1.586281999999999925e+03 2.861440000000000055e+03 1.241000000000000103e+00 8.894999999999999574e-01 2.331500000000000128e+00 8.329999999999999627e-01
7.000000000000000000e+00 4.694000000000000000e+03 -1.000000000000000000e+00 -1.000000000000000000e+00 -1.000000000000000000e+00 -1.000000000000000000e+00 -1.000000000000000000e+00 1.591644999999999982e+03 2.874190999999999804e+03 1.209999999999999964e+00 9.515000000000000124e-01 2.342999999999999972e+00 8.024999999999999911e-01
7.000000000000000000e+00 4.690000000000000000e+03 -1.000000000000000000e+00 -1.000000000000000000e+00 -1.000000000000000000e+00 -1.000000000000000000e+00 -1.000000000000000000e+00 1.564321999999999889e+03 2.895286999999999807e+03 7.319999999999999840e-01 9.294999999999999929e-01 2.442000000000000171e+00 1.026000000000000023e+00
7.000000000000000000e+00 4.692000000000000000e+03 -1.000000000000000000e+00 -1.000000000000000000e+00 -1.000000000000000000e+00 -1.000000000000000000e+00 -1.000000000000000000e+00 1.595609999999999900e+03 2.853802000000000135e+03 1.409000000000000030e+00 9.184999999999999831e-01 2.345499999999999918e+00 7.584999999999999520e-01
7.000000000000000000e+00 4.700000000000000000e+03 -1.000000000000000000e+00 -1.000000000000000000e+00 -1.000000000000000000e+00 -1.000000000000000000e+00 -1.000000000000000000e+00 1.558653999999999996e+03 2.922181999999999789e+03 5.260000000000000231e-01 9.405000000000000027e-01 2.322000000000000064e+00 7.920000000000000373e-01
8.000000000000000000e+00 4.693000000000000000e+03 -1.000000000000000000e+00 -1.000000000000000000e+00 -1.000000000000000000e+00 -1.000000000000000000e+00 -1.000000000000000000e+00 1.593404999999999973e+03 2.850152000000000044e+03 1.810000000000000053e+00 8.729999999999999982e-01 2.269000000000000128e+00 8.074999999999999956e-01
8.000000000000000000e+00 4.689000000000000000e+03 -1.000000000000000000e+00 -1.000000000000000000e+00 -1.000000000000000000e+00 -1.000000000000000000e+00 -1.000000000000000000e+00 1.584470000000000027e+03 2.864333000000000084e+03 1.254000000000000004e+00 8.894999999999999574e-01 2.331500000000000128e+00 8.329999999999999627e-01
8.000000000000000000e+00 4.694000000000000000e+03 -1.000000000000000000e+00 -1.000000000000000000e+00 -1.000000000000000000e+00 -1.000000000000000000e+00 -1.000000000000000000e+00 1.594962999999999965e+03 2.868581000000000131e+03 1.477000000000000091e+00 9.515000000000000124e-01 2.342999999999999972e+00 8.024999999999999911e-01
8.000000000000000000e+00 4.690000000000000000e+03 -1.000000000000000000e+00 -1.000000000000000000e+00 -1.000000000000000000e+00 -1.000000000000000000e+00 -1.000000000000000000e+00 1.562122000000000071e+03 2.898699999999999818e+03 7.880000000000000338e-01 9.294999999999999929e-01 2.442000000000000171e+00 1.026000000000000023e+00
8.000000000000000000e+00 4.692000000000000000e+03 -1.000000000000000000e+00 -1.000000000000000000e+00 -1.000000000000000000e+00 -1.000000000000000000e+00 -1.000000000000000000e+00 1.595596000000000004e+03 2.853831000000000131e+03 1.508999999999999897e+00 9.184999999999999831e-01 2.345499999999999918e+00 7.584999999999999520e-01
8.000000000000000000e+00 4.700000000000000000e+03 -1.000000000000000000e+00 -1.000000000000000000e+00 -1.000000000000000000e+00 -1.000000000000000000e+00 -1.000000000000000000e+00 1.562116573188258371e+03 2.916734225591964787e+03 6.037856621239050536e-01 9.405000000000000027e-01 2.322000000000000064e+00 7.920000000000000373e-01
9.000000000000000000e+00 4.693000000000000000e+03 -1.000000000000000000e+00 -1.000000000000000000e+00 -1.000000000000000000e+00 -1.000000000000000000e+00 -1.000000000000000000e+00 1.590921000000000049e+03 2.853813000000000102e+03 1.810000000000000053e+00 8.729999999999999982e-01 2.269000000000000128e+00 8.074999999999999956e-01
9.000000000000000000e+00 4.689000000000000000e+03 -1.000000000000000000e+00 -1.000000000000000000e+00 -1.000000000000000000e+00 -1.000000000000000000e+00 -1.000000000000000000e+00 1.581767000000000053e+03 2.868498000000000047e+03 1.221000000000000085e+00 8.894999999999999574e-01 2.331500000000000128e+00 8.329999999999999627e-01
9.000000000000000000e+00 4.694000000000000000e+03 -1.000000000000000000e+00 -1.000000000000000000e+00 -1.000000000000000000e+00 -1.000000000000000000e+00 -1.000000000000000000e+00 1.598957000000000107e+03 2.861472000000000207e+03 1.727000000000000091e+00 9.515000000000000124e-01 2.342999999999999972e+00 8.024999999999999911e-01
9.000000000000000000e+00 4.690000000000000000e+03 -1.000000000000000000e+00 -1.000000000000000000e+00 -1.000000000000000000e+00 -1.000000000000000000e+00 -1.000000000000000000e+00 1.559182000000000016e+03 2.903186999999999898e+03 8.379999999999999671e-01 9.294999999999999929e-01 2.442000000000000171e+00 1.026000000000000023e+00
9.000000000000000000e+00 4.692000000000000000e+03 -1.000000000000000000e+00 -1.000000000000000000e+00 -1.000000000000000000e+00 -1.000000000000000000e+00 -1.000000000000000000e+00 1.595594000000000051e+03 2.853831000000000131e+03 1.608999999999999986e+00 9.184999999999999831e-01 2.345499999999999918e+00 7.584999999999999520e-01
9.000000000000000000e+00 4.700000000000000000e+03 -1.000000000000000000e+00 -1.000000000000000000e+00 -1.000000000000000000e+00 -1.000000000000000000e+00 -1.000000000000000000e+00 1.564885999999999967e+03 2.912376999999999953e+03 6.660000000000000364e-01 9.405000000000000027e-01 2.322000000000000064e+00 7.920000000000000373e-01
1.000000000000000000e+01 4.693000000000000000e+03 -1.000000000000000000e+00 -1.000000000000000000e+00 -1.000000000000000000e+00 -1.000000000000000000e+00 -1.000000000000000000e+00 1.588326000000000022e+03 2.857668000000000120e+03 1.776000000000000023e+00 8.729999999999999982e-01 2.269000000000000128e+00 8.074999999999999956e-01
1.000000000000000000e+01 4.689000000000000000e+03 -1.000000000000000000e+00 -1.000000000000000000e+00 -1.000000000000000000e+00 -1.000000000000000000e+00 -1.000000000000000000e+00 1.579083000000000084e+03 2.872635999999999967e+03 1.237000000000000099e+00 8.894999999999999574e-01 2.331500000000000128e+00 8.329999999999999627e-01
1.000000000000000000e+01 4.694000000000000000e+03 -1.000000000000000000e+00 -1.000000000000000000e+00 -1.000000000000000000e+00 -1.000000000000000000e+00 -1.000000000000000000e+00 1.603217000000000098e+03 2.854297000000000025e+03 1.901999999999999913e+00 9.515000000000000124e-01 2.342999999999999972e+00 8.024999999999999911e-01
1.000000000000000000e+01 4.690000000000000000e+03 -1.000000000000000000e+00 -1.000000000000000000e+00 -1.000000000000000000e+00 -1.000000000000000000e+00 -1.000000000000000000e+00 1.556146999999999935e+03 2.907791999999999916e+03 8.629999999999999893e-01 9.294999999999999929e-01 2.442000000000000171e+00 1.026000000000000023e+00
1.000000000000000000e+01 4.692000000000000000e+03 -1.000000000000000000e+00 -1.000000000000000000e+00 -1.000000000000000000e+00 -1.000000000000000000e+00 -1.000000000000000000e+00 1.595573000000000093e+03 2.853835999999999785e+03 1.709000000000000075e+00 9.184999999999999831e-01 2.345499999999999918e+00 7.584999999999999520e-01
1.000000000000000000e+01 4.700000000000000000e+03 -1.000000000000000000e+00 -1.000000000000000000e+00 -1.000000000000000000e+00 -1.000000000000000000e+00 -1.000000000000000000e+00 1.568291999999999916e+03 2.906893000000000029e+03 8.159999999999999476e-01 9.405000000000000027e-01 2.322000000000000064e+00 7.920000000000000373e-01
1.100000000000000000e+01 4.701000000000000000e+03 -1.000000000000000000e+00 -1.000000000000000000e+00 -1.000000000000000000e+00 -1.000000000000000000e+00 -1.000000000000000000e+00 1.525126999999999953e+03 2.901306999999999789e+03 4.759999999999999787e-01 9.284999999999999920e-01 2.217000000000000082e+00 7.970000000000000417e-01
1.100000000000000000e+01 4.689000000000000000e+03 -1.000000000000000000e+00 -1.000000000000000000e+00 -1.000000000000000000e+00 -1.000000000000000000e+00 -1.000000000000000000e+00 1.576398999999999887e+03 2.876773999999999887e+03 1.254000000000000004e+00 8.894999999999999574e-01 2.331500000000000128e+00 8.329999999999999627e-01
1.100000000000000000e+01 4.690000000000000000e+03 -1.000000000000000000e+00 -1.000000000000000000e+00 -1.000000000000000000e+00 -1.000000000000000000e+00 -1.000000000000000000e+00 1.553112000000000080e+03 2.912396999999999935e+03 8.880000000000000115e-01 9.294999999999999929e-01 2.442000000000000171e+00 1.026000000000000023e+00
1.100000000000000000e+01 4.700000000000000000e+03 -1.000000000000000000e+00 -1.000000000000000000e+00 -1.000000000000000000e+00 -1.000000000000000000e+00 -1.000000000000000000e+00 1.571724999999999909e+03 2.901425999999999931e+03 9.160000000000000364e-01 9.405000000000000027e-01 2.322000000000000064e+00 7.920000000000000373e-01
1.100000000000000000e+01 4.693000000000000000e+03 -1.000000000000000000e+00 -1.000000000000000000e+00 -1.000000000000000000e+00 -1.000000000000000000e+00 -1.000000000000000000e+00 1.582935114350201729e+03 2.865717322395097653e+03 1.682651330739423967e+00 8.729999999999999982e-01 2.269000000000000128e+00 8.075000000000001066e-01
1.200000000000000000e+01 4.689000000000000000e+03 -1.000000000000000000e+00 -1.000000000000000000e+00 -1.000000000000000000e+00 -1.000000000000000000e+00 -1.000000000000000000e+00 1.573714999999999918e+03 2.880911999999999807e+03 1.221000000000000085e+00 8.894999999999999574e-01 2.331500000000000128e+00 8.329999999999999627e-01
1.200000000000000000e+01 4.690000000000000000e+03 -1.000000000000000000e+00 -1.000000000000000000e+00 -1.000000000000000000e+00 -1.000000000000000000e+00 -1.000000000000000000e+00 1.550057000000000016e+03 2.917063000000000102e+03 9.130000000000000338e-01 9.294999999999999929e-01 2.442000000000000171e+00 1.026000000000000023e+00
1.200000000000000000e+01 4.700000000000000000e+03 -1.000000000000000000e+00 -1.000000000000000000e+00 -1.000000000000000000e+00 -1.000000000000000000e+00 -1.000000000000000000e+00 1.575141000000000076e+03 2.895987000000000080e+03 1.066000000000000059e+00 9.405000000000000027e-01 2.322000000000000064e+00 7.920000000000000373e-01
1.200000000000000000e+01 4.693000000000000000e+03 -1.000000000000000000e+00 -1.000000000000000000e+00 -1.000000000000000000e+00 -1.000000000000000000e+00 -1.000000000000000000e+00 1.585629023905115446e+03 2.861694950577297277e+03 1.729299115240094498e+00 8.729999999999999982e-01 2.269000000000000128e+00 8.075000000000001066e-01
1.200000000000000000e+01 4.701000000000000000e+03 -1.000000000000000000e+00 -1.000000000000000000e+00 -1.000000000000000000e+00 -1.000000000000000000e+00 -1.000000000000000000e+00 1.525134199687376849e+03 2.901502991489705437e+03 6.719914897056893377e-01 9.284999999999999920e-01 2.217000000000000082e+00 7.970000000000001528e-01
1.300000000000000000e+01 4.702000000000000000e+03 -1.000000000000000000e+00 -1.000000000000000000e+00 -1.000000000000000000e+00 -1.000000000000000000e+00 -1.000000000000000000e+00 1.529567999999999984e+03 2.901523000000000138e+03 8.729999999999999982e-01 9.154999999999999805e-01 2.326499999999999790e+00 7.984999999999999876e-01
1.300000000000000000e+01 4.693000000000000000e+03 -1.000000000000000000e+00 -1.000000000000000000e+00 -1.000000000000000000e+00 -1.000000000000000000e+00 -1.000000000000000000e+00 1.580240999999999985e+03 2.869739999999999782e+03 1.635999999999999899e+00 8.729999999999999982e-01 2.269000000000000128e+00 8.074999999999999956e-01
1.300000000000000000e+01 4.689000000000000000e+03 -1.000000000000000000e+00 -1.000000000000000000e+00 -1.000000000000000000e+00 -1.000000000000000000e+00 -1.000000000000000000e+00 1.571055000000000064e+03 2.885072000000000116e+03 1.187000000000000055e+00 8.894999999999999574e-01 2.331500000000000128e+00 8.329999999999999627e-01
1.300000000000000000e+01 4.690000000000000000e+03 -1.000000000000000000e+00 -1.000000000000000000e+00 -1.000000000000000000e+00 -1.000000000000000000e+00 -1.000000000000000000e+00 1.547000000000000000e+03 2.921733999999999924e+03 9.379999999999999449e-01 9.294999999999999929e-01 2.442000000000000171e+00 1.026000000000000023e+00
1.300000000000000000e+01 4.700000000000000000e+03 -1.000000000000000000e+00 -1.000000000000000000e+00 -1.000000000000000000e+00 -1.000000000000000000e+00 -1.000000000000000000e+00 1.579078999999999951e+03 2.889809999999999945e+03 1.366000000000000103e+00 9.405000000000000027e-01 2.322000000000000064e+00 7.920000000000000373e-01
1.300000000000000000e+01 4.701000000000000000e+03 -1.000000000000000000e+00 -1.000000000000000000e+00 -1.000000000000000000e+00 -1.000000000000000000e+00 -1.000000000000000000e+00 1.525132397325416150e+03 2.901453927191882940e+03 6.229271918830057153e-01 9.284999999999999920e-01 2.217000000000000082e+00 7.970000000000000417e-01
1.400000000000000000e+01 4.703000000000000000e+03 -1.000000000000000000e+00 -1.000000000000000000e+00 -1.000000000000000000e+00 -1.000000000000000000e+00 -1.000000000000000000e+00 1.532371000000000095e+03 2.901398000000000138e+03 7.289999999999999813e-01 8.709999999999999964e-01 2.224499999999999922e+00 8.199999999999999512e-01
1.400000000000000000e+01 4.704000000000000000e+03 -1.000000000000000000e+00 -1.000000000000000000e+00 -1.000000000000000000e+00 -1.000000000000000000e+00 -1.000000000000000000e+00 1.514412000000000035e+03 2.901943999999999960e+03 7.269999999999999796e-01 9.070000000000000284e-01 2.210999999999999854e+00 8.030000000000000471e-01
1.400000000000000000e+01 4.702000000000000000e+03 -1.000000000000000000e+00 -1.000000000000000000e+00 -1.000000000000000000e+00 -1.000000000000000000e+00 -1.000000000000000000e+00 1.529567999999999984e+03 2.901523000000000138e+03 8.729999999999999982e-01 9.154999999999999805e-01 2.326499999999999790e+00 7.984999999999999876e-01
1.400000000000000000e+01 4.693000000000000000e+03 -1.000000000000000000e+00 -1.000000000000000000e+00 -1.000000000000000000e+00 -1.000000000000000000e+00 -1.000000000000000000e+00 1.577349999999999909e+03 2.874096000000000004e+03 1.564000000000000057e+00 8.729999999999999982e-01 2.269000000000000128e+00 8.074999999999999956e-01
1.400000000000000000e+01 4.689000000000000000e+03 -1.000000000000000000e+00 -1.000000000000000000e+00 -1.000000000000000000e+00 -1.000000000000000000e+00 -1.000000000000000000e+00 1.568105000000000018e+03 2.889510999999999967e+03 1.153999999999999915e+00 8.894999999999999574e-01 2.331500000000000128e+00 8.329999999999999627e-01
1.400000000000000000e+01 4.690000000000000000e+03 -1.000000000000000000e+00 -1.000000000000000000e+00 -1.000000000000000000e+00 -1.000000000000000000e+00 -1.000000000000000000e+00 1.543884000000000015e+03 2.926501000000000204e+03 9.779999999999999805e-01 9.294999999999999929e-01 2.442000000000000171e+00 1.026000000000000023e+00
1.400000000000000000e+01 4.700000000000000000e+03 -1.000000000000000000e+00 -1.000000000000000000e+00 -1.000000000000000000e+00 -1.000000000000000000e+00 -1.000000000000000000e+00 1.582449000000000069e+03 2.884079000000000178e+03 1.415999999999999925e+00 9.405000000000000027e-01 2.322000000000000064e+00 7.920000000000000373e-01
1.400000000000000000e+01 4.701000000000000000e+03 -1.000000000000000000e+00 -1.000000000000000000e+00 -1.000000000000000000e+00 -1.000000000000000000e+00 -1.000000000000000000e+00 1.525130596933556717e+03 2.901404916524601504e+03 5.739165246016577626e-01 9.285000000000001030e-01 2.217000000000000082e+00 7.970000000000000417e-01
1.500000000000000000e+01 4.693000000000000000e+03 -1.000000000000000000e+00 -1.000000000000000000e+00 -1.000000000000000000e+00 -1.000000000000000000e+00 -1.000000000000000000e+00 1.574461000000000013e+03 2.878449000000000069e+03 1.491999999999999993e+00 8.729999999999999982e-01 2.269000000000000128e+00 8.074999999999999956e-01
1.500000000000000000e+01 4.689000000000000000e+03 -1.000000000000000000e+00 -1.000000000000000000e+00 -1.000000000000000000e+00 -1.000000000000000000e+00 -1.000000000000000000e+00 1.565287000000000035e+03 2.893726999999999862e+03 1.120999999999999996e+00 8.894999999999999574e-01 2.331500000000000128e+00 8.329999999999999627e-01
1.500000000000000000e+01 4.690000000000000000e+03 -1.000000000000000000e+00 -1.000000000000000000e+00 -1.000000000000000000e+00 -1.000000000000000000e+00 -1.000000000000000000e+00 1.540877999999999929e+03 2.931192000000000007e+03 1.018000000000000016e+00 9.294999999999999929e-01 2.442000000000000171e+00 1.026000000000000023e+00
1.500000000000000000e+01 4.700000000000000000e+03 -1.000000000000000000e+00 -1.000000000000000000e+00 -1.000000000000000000e+00 -1.000000000000000000e+00 -1.000000000000000000e+00 1.585893000000000029e+03 2.878284999999999854e+03 1.564999999999999947e+00 9.405000000000000027e-01 2.322000000000000064e+00 7.920000000000000373e-01
1.500000000000000000e+01 4.701000000000000000e+03 -1.000000000000000000e+00 -1.000000000000000000e+00 -1.000000000000000000e+00 -1.000000000000000000e+00 -1.000000000000000000e+00 1.525128798396546244e+03 2.901355956350425913e+03 5.249563504259548985e-01 9.284999999999999920e-01 2.217000000000000082e+00 7.970000000000000417e-01
1.500000000000000000e+01 4.702000000000000000e+03 -1.000000000000000000e+00 -1.000000000000000000e+00 -1.000000000000000000e+00 -1.000000000000000000e+00 -1.000000000000000000e+00 1.529520001874453556e+03 2.901524499941423528e+03 8.230019525558956994e-01 9.154999999999999805e-01 2.326499999999999790e+00 7.984999999999999876e-01
1.500000000000000000e+01 4.703000000000000000e+03 -1.000000000000000000e+00 -1.000000000000000000e+00 -1.000000000000000000e+00 -1.000000000000000000e+00 -1.000000000000000000e+00 1.532300002772629341e+03 2.901538494513318255e+03 7.289999999999999813e-01 8.709999999999999964e-01 2.224499999999999922e+00 8.199999999999999512e-01
1.500000000000000000e+01 4.704000000000000000e+03 -1.000000000000000000e+00 -1.000000000000000000e+00 -1.000000000000000000e+00 -1.000000000000000000e+00 -1.000000000000000000e+00 1.514412000000000035e+03 2.901943999999999960e+03 7.269999999999999796e-01 9.070000000000000284e-01 2.210999999999999854e+00 8.030000000000000471e-01
1.600000000000000000e+01 4.703000000000000000e+03 -1.000000000000000000e+00 -1.000000000000000000e+00 -1.000000000000000000e+00 -1.000000000000000000e+00 -1.000000000000000000e+00 1.532229000000000042e+03 2.901679000000000087e+03 7.289999999999999813e-01 8.709999999999999964e-01 2.224499999999999922e+00 8.199999999999999512e-01
1.600000000000000000e+01 4.701000000000000000e+03 -1.000000000000000000e+00 -1.000000000000000000e+00 -1.000000000000000000e+00 -1.000000000000000000e+00 -1.000000000000000000e+00 1.525135999999999967e+03 2.901552000000000135e+03 7.209999999999999742e-01 9.284999999999999920e-01 2.217000000000000082e+00 7.970000000000000417e-01
1.600000000000000000e+01 4.702000000000000000e+03 -1.000000000000000000e+00 -1.000000000000000000e+00 -1.000000000000000000e+00 -1.000000000000000000e+00 -1.000000000000000000e+00 1.529471999999999980e+03 2.901525999999999840e+03 7.730000000000000204e-01 9.154999999999999805e-01 2.326499999999999790e+00 7.984999999999999876e-01
1.600000000000000000e+01 4.705000000000000000e+03 -1.000000000000000000e+00 -1.000000000000000000e+00 -1.000000000000000000e+00 -1.000000000000000000e+00 -1.000000000000000000e+00 1.521267000000000053e+03 2.901394999999999982e+03 6.800000000000000488e-01 9.124999999999999778e-01 2.237999999999999989e+00 8.054999999999999938e-01
1.600000000000000000e+01 4.693000000000000000e+03 -1.000000000000000000e+00 -1.000000000000000000e+00 -1.000000000000000000e+00 -1.000000000000000000e+00 -1.000000000000000000e+00 1.571573000000000093e+03 2.882800000000000182e+03 1.419999999999999929e+00 8.729999999999999982e-01 2.269000000000000128e+00 8.074999999999999956e-01
1.600000000000000000e+01 4.689000000000000000e+03 -1.000000000000000000e+00 -1.000000000000000000e+00 -1.000000000000000000e+00 -1.000000000000000000e+00 -1.000000000000000000e+00 1.562336999999999989e+03 2.898083999999999833e+03 1.187000000000000055e+00 8.894999999999999574e-01 2.331500000000000128e+00 8.329999999999999627e-01
1.600000000000000000e+01 4.707000000000000000e+03 -1.000000000000000000e+00 -1.000000000000000000e+00 -1.000000000000000000e+00 -1.000000000000000000e+00 -1.000000000000000000e+00 1.507255000000000109e+03 2.914646999999999935e+03 8.129999999999999449e-01 9.679999999999999716e-01 2.253499999999999837e+00 7.990000000000000435e-01
1.600000000000000000e+01 4.690000000000000000e+03 -1.000000000000000000e+00 -1.000000000000000000e+00 -1.000000000000000000e+00 -1.000000000000000000e+00 -1.000000000000000000e+00 1.537882000000000062e+03 2.935929000000000087e+03 1.058000000000000052e+00 9.294999999999999929e-01 2.442000000000000171e+00 1.026000000000000023e+00
1.600000000000000000e+01 4.704000000000000000e+03 -1.000000000000000000e+00 -1.000000000000000000e+00 -1.000000000000000000e+00 -1.000000000000000000e+00 -1.000000000000000000e+00 1.514412000000000262e+03 2.901944000000000415e+03 7.269999999999999796e-01 9.070000000000000284e-01 2.210999999999999854e+00 8.030000000000001581e-01
1.700000000000000000e+01 4.704000000000000000e+03 -1.000000000000000000e+00 -1.000000000000000000e+00 -1.000000000000000000e+00 -1.000000000000000000e+00 -1.000000000000000000e+00 1.514412000000000035e+03 2.901943999999999960e+03 7.269999999999999796e-01 9.070000000000000284e-01 2.210999999999999854e+00 8.030000000000000471e-01
1.700000000000000000e+01 4.705000000000000000e+03 -1.000000000000000000e+00 -1.000000000000000000e+00 -1.000000000000000000e+00 -1.000000000000000000e+00 -1.000000000000000000e+00 1.521267000000000053e+03 2.901394999999999982e+03 6.300000000000000044e-01 9.124999999999999778e-01 2.237999999999999989e+00 8.054999999999999938e-01
1.700000000000000000e+01 4.693000000000000000e+03 -1.000000000000000000e+00 -1.000000000000000000e+00 -1.000000000000000000e+00 -1.000000000000000000e+00 -1.000000000000000000e+00 1.568682000000000016e+03 2.887157000000000153e+03 1.348000000000000087e+00 8.729999999999999982e-01 2.269000000000000128e+00 8.074999999999999956e-01
1.700000000000000000e+01 4.689000000000000000e+03 -1.000000000000000000e+00 -1.000000000000000000e+00 -1.000000000000000000e+00 -1.000000000000000000e+00 -1.000000000000000000e+00 1.559402000000000044e+03 2.902577999999999975e+03 1.153999999999999915e+00 8.894999999999999574e-01 2.331500000000000128e+00 8.329999999999999627e-01
1.700000000000000000e+01 4.709000000000000000e+03 -1.000000000000000000e+00 -1.000000000000000000e+00 -1.000000000000000000e+00 -1.000000000000000000e+00 -1.000000000000000000e+00 1.528961999999999989e+03 2.921815000000000055e+03 8.910000000000000142e-01 9.254999999999999893e-01 2.255500000000000060e+00 8.559999999999999831e-01
1.700000000000000000e+01 4.690000000000000000e+03 -1.000000000000000000e+00 -1.000000000000000000e+00 -1.000000000000000000e+00 -1.000000000000000000e+00 -1.000000000000000000e+00 1.534936999999999898e+03 2.940494000000000142e+03 1.147999999999999909e+00 9.294999999999999929e-01 2.442000000000000171e+00 1.026000000000000023e+00
1.700000000000000000e+01 4.710000000000000000e+03 -1.000000000000000000e+00 -1.000000000000000000e+00 -1.000000000000000000e+00 -1.000000000000000000e+00 -1.000000000000000000e+00 1.516633000000000038e+03 2.902425999999999931e+03 7.019999999999999574e-01 9.224999999999999867e-01 2.268499999999999961e+00 8.615000000000000435e-01
1.700000000000000000e+01 4.707000000000000000e+03 -1.000000000000000000e+00 -1.000000000000000000e+00 -1.000000000000000000e+00 -1.000000000000000000e+00 -1.000000000000000000e+00 1.507255000000000109e+03 2.914646999999999935e+03 3.317131608307157808e-01 9.679999999999999716e-01 2.253499999999999837e+00 7.990000000000000435e-01
1.800000000000000000e+01 4.711000000000000000e+03 -1.000000000000000000e+00 -1.000000000000000000e+00 -1.000000000000000000e+00 -1.000000000000000000e+00 -1.000000000000000000e+00 1.519352000000000089e+03 2.922474999999999909e+03 9.300000000000000488e-01 9.080000000000000293e-01 2.250500000000000167e+00 7.660000000000000142e-01
1.800000000000000000e+01 4.689000000000000000e+03 -1.000000000000000000e+00 -1.000000000000000000e+00 -1.000000000000000000e+00 -1.000000000000000000e+00 -1.000000000000000000e+00 1.556460000000000036e+03 2.907081000000000131e+03 1.120999999999999996e+00 8.894999999999999574e-01 2.331500000000000128e+00 8.329999999999999627e-01
1.800000000000000000e+01 4.712000000000000000e+03 -1.000000000000000000e+00 -1.000000000000000000e+00 -1.000000000000000000e+00 -1.000000000000000000e+00 -1.000000000000000000e+00 1.524042999999999893e+03 2.922659999999999854e+03 7.229999999999999760e-01 9.320000000000000506e-01 2.275500000000000078e+00 7.984999999999999876e-01
1.800000000000000000e+01 4.709000000000000000e+03 -1.000000000000000000e+00 -1.000000000000000000e+00 -1.000000000000000000e+00 -1.000000000000000000e+00 -1.000000000000000000e+00 1.528961000000000013e+03 2.921784000000000106e+03 8.910000000000000142e-01 9.254999999999999893e-01 2.255500000000000060e+00 8.559999999999999831e-01
1.800000000000000000e+01 4.690000000000000000e+03 -1.000000000000000000e+00 -1.000000000000000000e+00 -1.000000000000000000e+00 -1.000000000000000000e+00 -1.000000000000000000e+00 1.532047000000000025e+03 2.944907000000000153e+03 1.187999999999999945e+00 9.294999999999999929e-01 2.442000000000000171e+00 1.026000000000000023e+00
1.800000000000000000e+01 4.693000000000000000e+03 -1.000000000000000000e+00 -1.000000000000000000e+00 -1.000000000000000000e+00 -1.000000000000000000e+00 -1.000000000000000000e+00 1.560466386358911677e+03 2.899690702387567853e+03 1.151586935489996577e+00 8.729999999999999982e-01 2.269000000000000128e+00 8.074999999999999956e-01
1.800000000000000000e+01 4.704000000000000000e+03 -1.000000000000000000e+00 -1.000000000000000000e+00 -1.000000000000000000e+00 -1.000000000000000000e+00 -1.000000000000000000e+00 1.514411999999999807e+03 2.901943999999999505e+03 7.020268032089911348e-01 9.070000000000000284e-01 2.210999999999999854e+00 8.029999999999999361e-01
1.800000000000000000e+01 4.707000000000000000e+03 -1.000000000000000000e+00 -1.000000000000000000e+00 -1.000000000000000000e+00 -1.000000000000000000e+00 -1.000000000000000000e+00 1.507255000000000109e+03 2.914646999999999935e+03 4.005725786618734019e-01 9.679999999999999716e-01 2.253499999999999837e+00 7.990000000000000435e-01
1.900000000000000000e+01 4.704000000000000000e+03 -1.000000000000000000e+00 -1.000000000000000000e+00 -1.000000000000000000e+00 -1.000000000000000000e+00 -1.000000000000000000e+00 1.514412000000000035e+03 2.901943999999999960e+03 6.770000000000000462e-01 9.070000000000000284e-01 2.210999999999999854e+00 8.030000000000000471e-01
1.900000000000000000e+01 4.711000000000000000e+03 -1.000000000000000000e+00 -1.000000000000000000e+00 -1.000000000000000000e+00 -1.000000000000000000e+00 -1.000000000000000000e+00 1.519336000000000013e+03 2.922474000000000160e+03 9.599999999999999645e-01 9.080000000000000293e-01 2.250500000000000167e+00 7.660000000000000142e-01
1.900000000000000000e+01 4.689000000000000000e+03 -1.000000000000000000e+00 -1.000000000000000000e+00 -1.000000000000000000e+00 -1.000000000000000000e+00 -1.000000000000000000e+00 1.553172000000000025e+03 2.912047000000000025e+03 1.086999999999999966e+00 8.894999999999999574e-01 2.331500000000000128e+00 8.329999999999999627e-01
1.900000000000000000e+01 4.712000000000000000e+03 -1.000000000000000000e+00 -1.000000000000000000e+00 -1.000000000000000000e+00 -1.000000000000000000e+00 -1.000000000000000000e+00 1.524041999999999916e+03 2.922661000000000058e+03 6.730000000000000426e-01 9.320000000000000506e-01 2.275500000000000078e+00 7.984999999999999876e-01
1.900000000000000000e+01 4.709000000000000000e+03 -1.000000000000000000e+00 -1.000000000000000000e+00 -1.000000000000000000e+00 -1.000000000000000000e+00 -1.000000000000000000e+00 1.528990999999999985e+03 2.921751999999999953e+03 8.910000000000000142e-01 9.254999999999999893e-01 2.255500000000000060e+00 8.559999999999999831e-01
1.900000000000000000e+01 4.690000000000000000e+03 -1.000000000000000000e+00 -1.000000000000000000e+00 -1.000000000000000000e+00 -1.000000000000000000e+00 -1.000000000000000000e+00 1.529266000000000076e+03 2.949141999999999825e+03 1.227999999999999980e+00 9.294999999999999929e-01 2.442000000000000171e+00 1.026000000000000023e+00
1.900000000000000000e+01 4.713000000000000000e+03 -1.000000000000000000e+00 -1.000000000000000000e+00 -1.000000000000000000e+00 -1.000000000000000000e+00 -1.000000000000000000e+00 1.529768000000000029e+03 2.973092000000000098e+03 1.300000000000000044e+00 8.844999999999999529e-01 2.254000000000000004e+00 7.960000000000000409e-01
1.900000000000000000e+01 4.693000000000000000e+03 -1.000000000000000000e+00 -1.000000000000000000e+00 -1.000000000000000000e+00 -1.000000000000000000e+00 -1.000000000000000000e+00 1.563203896493256707e+03 2.895514369516310126e+03 1.217033386370405257e+00 8.729999999999999982e-01 2.269000000000000128e+00 8.074999999999999956e-01
1.900000000000000000e+01 4.707000000000000000e+03 -1.000000000000000000e+00 -1.000000000000000000e+00 -1.000000000000000000e+00 -1.000000000000000000e+00 -1.000000000000000000e+00 1.507255000000000109e+03 2.914646999999999935e+03 4.692845023563072537e-01 9.679999999999999716e-01 2.253499999999999837e+00 7.990000000000000435e-01
2.000000000000000000e+01 4.714000000000000000e+03 -1.000000000000000000e+00 -1.000000000000000000e+00 -1.000000000000000000e+00 -1.000000000000000000e+00 -1.000000000000000000e+00 1.497884000000000015e+03 2.916123999999999796e+03 1.274000000000000021e+00 1.058000000000000052e+00 2.709000000000000075e+00 1.000000000000000000e+00
2.000000000000000000e+01 4.711000000000000000e+03 -1.000000000000000000e+00 -1.000000000000000000e+00 -1.000000000000000000e+00 -1.000000000000000000e+00 -1.000000000000000000e+00 1.519352000000000089e+03 2.922474999999999909e+03 7.900000000000000355e-01 9.080000000000000293e-01 2.250500000000000167e+00 7.660000000000000142e-01
2.000000000000000000e+01 4.689000000000000000e+03 -1.000000000000000000e+00 -1.000000000000000000e+00 -1.000000000000000000e+00 -1.000000000000000000e+00 -1.000000000000000000e+00 1.550011999999999944e+03 2.916869000000000142e+03 9.539999999999999591e-01 8.894999999999999574e-01 2.331500000000000128e+00 8.329999999999999627e-01
2.000000000000000000e+01 4.712000000000000000e+03 -1.000000000000000000e+00 -1.000000000000000000e+00 -1.000000000000000000e+00 -1.000000000000000000e+00 -1.000000000000000000e+00 1.524042999999999893e+03 2.922659999999999854e+03 6.730000000000000426e-01 9.320000000000000506e-01 2.275500000000000078e+00 7.984999999999999876e-01
2.000000000000000000e+01 4.709000000000000000e+03 -1.000000000000000000e+00 -1.000000000000000000e+00 -1.000000000000000000e+00 -1.000000000000000000e+00 -1.000000000000000000e+00 1.528874000000000024e+03 2.921972999999999956e+03 8.409999999999999698e-01 9.254999999999999893e-01 2.255500000000000060e+00 8.559999999999999831e-01
2.000000000000000000e+01 4.690000000000000000e+03 -1.000000000000000000e+00 -1.000000000000000000e+00 -1.000000000000000000e+00 -1.000000000000000000e+00 -1.000000000000000000e+00 1.526484999999999900e+03 2.953376999999999953e+03 1.268000000000000016e+00 9.294999999999999929e-01 2.442000000000000171e+00 1.026000000000000023e+00
2.000000000000000000e+01 4.693000000000000000e+03 -1.000000000000000000e+00 -1.000000000000000000e+00 -1.000000000000000000e+00 -1.000000000000000000e+00 -1.000000000000000000e+00 1.565941412104045867e+03 2.891338028290214424e+03 1.282479968177757002e+00 8.729999999999999982e-01 2.269000000000000128e+00 8.074999999999999956e-01
2.000000000000000000e+01 4.707000000000000000e+03 -1.000000000000000000e+00 -1.000000000000000000e+00 -1.000000000000000000e+00 -1.000000000000000000e+00 -1.000000000000000000e+00 1.507255000000000109e+03 2.914646999999999935e+03 5.379965635103279853e-01 9.679999999999999716e-01 2.253499999999999837e+00 7.990000000000000435e-01
2.000000000000000000e+01 4.713000000000000000e+03 -1.000000000000000000e+00 -1.000000000000000000e+00 -1.000000000000000000e+00 -1.000000000000000000e+00 -1.000000000000000000e+00 1.533895813704447619e+03 2.966540827965126482e+03 1.174929896241438954e+00 8.844999999999999529e-01 2.254000000000000004e+00 7.960000000000000409e-01
2.100000000000000000e+01 4.715000000000000000e+03 -1.000000000000000000e+00 -1.000000000000000000e+00 -1.000000000000000000e+00 -1.000000000000000000e+00 -1.000000000000000000e+00 1.516039999999999964e+03 2.921956999999999880e+03 5.540000000000000480e-01 9.495000000000000107e-01 2.359500000000000153e+00 8.800000000000000044e-01
2.100000000000000000e+01 4.693000000000000000e+03 -1.000000000000000000e+00 -1.000000000000000000e+00 -1.000000000000000000e+00 -1.000000000000000000e+00 -1.000000000000000000e+00 1.557722999999999956e+03 2.903876000000000204e+03 1.086000000000000076e+00 8.729999999999999982e-01 2.269000000000000128e+00 8.074999999999999956e-01
2.100000000000000000e+01 4.711000000000000000e+03 -1.000000000000000000e+00 -1.000000000000000000e+00 -1.000000000000000000e+00 -1.000000000000000000e+00 -1.000000000000000000e+00 1.519383000000000038e+03 2.922472000000000207e+03 6.899999999999999467e-01 9.080000000000000293e-01 2.250500000000000167e+00 7.660000000000000142e-01
2.100000000000000000e+01 4.689000000000000000e+03 -1.000000000000000000e+00 -1.000000000000000000e+00 -1.000000000000000000e+00 -1.000000000000000000e+00 -1.000000000000000000e+00 1.546859999999999900e+03 2.921688000000000102e+03 9.200000000000000400e-01 8.894999999999999574e-01 2.331500000000000128e+00 8.329999999999999627e-01
2.100000000000000000e+01 4.709000000000000000e+03 -1.000000000000000000e+00 -1.000000000000000000e+00 -1.000000000000000000e+00 -1.000000000000000000e+00 -1.000000000000000000e+00 1.529000000000000000e+03 2.922030999999999949e+03 7.910000000000000364e-01 9.254999999999999893e-01 2.255500000000000060e+00 8.559999999999999831e-01
2.100000000000000000e+01 4.690000000000000000e+03 -1.000000000000000000e+00 -1.000000000000000000e+00 -1.000000000000000000e+00 -1.000000000000000000e+00 -1.000000000000000000e+00 1.523701000000000022e+03 2.957617000000000189e+03 1.308000000000000052e+00 9.294999999999999929e-01 2.442000000000000171e+00 1.026000000000000023e+00
2.100000000000000000e+01 4.713000000000000000e+03 -1.000000000000000000e+00 -1.000000000000000000e+00 -1.000000000000000000e+00 -1.000000000000000000e+00 -1.000000000000000000e+00 1.538019000000000005e+03 2.959996999999999844e+03 1.050000000000000044e+00 8.844999999999999529e-01 2.254000000000000004e+00 7.960000000000000409e-01
2.100000000000000000e+01 4.707000000000000000e+03 -1.000000000000000000e+00 -1.000000000000000000e+00 -1.000000000000000000e+00 -1.000000000000000000e+00 -1.000000000000000000e+00 1.507255000000000109e+03 2.914646999999999935e+03 6.067857394925890713e-01 9.679999999999999716e-01 2.253499999999999837e+00 7.990000000000000435e-01
2.100000000000000000e+01 4.712000000000000000e+03 -1.000000000000000000e+00 -1.000000000000000000e+00 -1.000000000000000000e+00 -1.000000000000000000e+00 -1.000000000000000000e+00 1.524021500128889329e+03 2.922638500128889063e+03 6.230002997428205624e-01 9.319999999999999396e-01 2.275500000000000078e+00 7.984999999999999876e-01
2.200000000000000000e+01 4.689000000000000000e+03 -1.000000000000000000e+00 -1.000000000000000000e+00 -1.000000000000000000e+00 -1.000000000000000000e+00 -1.000000000000000000e+00 1.543708000000000084e+03 2.926505999999999858e+03 8.860000000000000098e-01 8.894999999999999574e-01 2.331500000000000128e+00 8.329999999999999627e-01
2.200000000000000000e+01 4.712000000000000000e+03 -1.000000000000000000e+00 -1.000000000000000000e+00 -1.000000000000000000e+00 -1.000000000000000000e+00 -1.000000000000000000e+00 1.524000000000000000e+03 2.922617000000000189e+03 5.729999999999999538e-01 9.320000000000000506e-01 2.275500000000000078e+00 7.984999999999999876e-01
2.200000000000000000e+01 4.690000000000000000e+03 -1.000000000000000000e+00 -1.000000000000000000e+00 -1.000000000000000000e+00 -1.000000000000000000e+00 -1.000000000000000000e+00 1.521039999999999964e+03 2.961724000000000160e+03 1.348000000000000087e+00 9.294999999999999929e-01 2.442000000000000171e+00 1.026000000000000023e+00
2.200000000000000000e+01 4.713000000000000000e+03 -1.000000000000000000e+00 -1.000000000000000000e+00 -1.000000000000000000e+00 -1.000000000000000000e+00 -1.000000000000000000e+00 1.542432999999999993e+03 2.953121000000000095e+03 9.000000000000000222e-01 8.844999999999999529e-01 2.254000000000000004e+00 7.960000000000000409e-01
2.200000000000000000e+01 4.693000000000000000e+03 -1.000000000000000000e+00 -1.000000000000000000e+00 -1.000000000000000000e+00 -1.000000000000000000e+00 -1.000000000000000000e+00 1.555152367866282930e+03 2.907930842366442448e+03 1.019035632597568686e+00 8.729999999999999982e-01 2.269000000000000128e+00 8.074999999999999956e-01
2.200000000000000000e+01 4.707000000000000000e+03 -1.000000000000000000e+00 -1.000000000000000000e+00 -1.000000000000000000e+00 -1.000000000000000000e+00 -1.000000000000000000e+00 1.507255000000000109e+03 2.914646999999999935e+03 6.755740907173289900e-01 9.679999999999999716e-01 2.253499999999999837e+00 7.990000000000000435e-01
2.200000000000000000e+01 4.711000000000000000e+03 -1.000000000000000000e+00 -1.000000000000000000e+00 -1.000000000000000000e+00 -1.000000000000000000e+00 -1.000000000000000000e+00 1.519358330073468323e+03 2.922468816783672992e+03 7.297902040832981996e-01 9.080000000000000293e-01 2.250500000000000167e+00 7.660000000000000142e-01
2.200000000000000000e+01 4.715000000000000000e+03 -1.000000000000000000e+00 -1.000000000000000000e+00 -1.000000000000000000e+00 -1.000000000000000000e+00 -1.000000000000000000e+00 1.516103310177238654e+03 2.922124938575411761e+03 4.207154163397617275e-01 9.495000000000000107e-01 2.359500000000000153e+00 8.800000000000000044e-01
2.300000000000000000e+01 4.693000000000000000e+03 -1.000000000000000000e+00 -1.000000000000000000e+00 -1.000000000000000000e+00 -1.000000000000000000e+00 -1.000000000000000000e+00 1.552578999999999951e+03 2.911989999999999782e+03 9.519999999999999574e-01 8.729999999999999982e-01 2.269000000000000128e+00 8.074999999999999956e-01
2.300000000000000000e+01 4.689000000000000000e+03 -1.000000000000000000e+00 -1.000000000000000000e+00 -1.000000000000000000e+00 -1.000000000000000000e+00 -1.000000000000000000e+00 1.540541999999999916e+03 2.931367999999999938e+03 8.030000000000000471e-01 8.894999999999999574e-01 2.331500000000000128e+00 8.329999999999999627e-01
2.300000000000000000e+01 4.690000000000000000e+03 -1.000000000000000000e+00 -1.000000000000000000e+00 -1.000000000000000000e+00 -1.000000000000000000e+00 -1.000000000000000000e+00 1.518444999999999936e+03 2.965726999999999862e+03 1.338000000000000078e+00 9.294999999999999929e-01 2.442000000000000171e+00 1.026000000000000023e+00
2.300000000000000000e+01 4.713000000000000000e+03 -1.000000000000000000e+00 -1.000000000000000000e+00 -1.000000000000000000e+00 -1.000000000000000000e+00 -1.000000000000000000e+00 1.546653000000000020e+03 2.946306000000000040e+03 7.500000000000000000e-01 8.844999999999999529e-01 2.254000000000000004e+00 7.960000000000000409e-01
2.300000000000000000e+01 4.707000000000000000e+03 -1.000000000000000000e+00 -1.000000000000000000e+00 -1.000000000000000000e+00 -1.000000000000000000e+00 -1.000000000000000000e+00 1.507255000000000109e+03 2.914646999999999935e+03 7.442893134418481216e-01 9.679999999999999716e-01 2.253499999999999837e+00 7.990000000000000435e-01
2.300000000000000000e+01 4.711000000000000000e+03 -1.000000000000000000e+00 -1.000000000000000000e+00 -1.000000000000000000e+00 -1.000000000000000000e+00 -1.000000000000000000e+00 1.519364653417472255e+03 2.922469632699028807e+03 7.195912621418647515e-01 9.080000000000001403e-01 2.250500000000000167e+00 7.660000000000000142e-01
2.300000000000000000e+01 4.715000000000000000e+03 -1.000000000000000000e+00 -1.000000000000000000e+00 -1.000000000000000000e+00 -1.000000000000000000e+00 -1.000000000000000000e+00 1.516071654043745411e+03 2.922040966516040498e+03 4.873599079044462212e-01 9.495000000000000107e-01 2.359500000000000597e+00 8.800000000000001155e-01
2.400000000000000000e+01 4.715000000000000000e+03 -1.000000000000000000e+00 -1.000000000000000000e+00 -1.000000000000000000e+00 -1.000000000000000000e+00 -1.000000000000000000e+00 1.516134999999999991e+03 2.922208999999999833e+03 3.539999999999999813e-01 9.495000000000000107e-01 2.359500000000000153e+00 8.800000000000000044e-01
2.400000000000000000e+01 4.693000000000000000e+03 -1.000000000000000000e+00 -1.000000000000000000e+00 -1.000000000000000000e+00 -1.000000000000000000e+00 -1.000000000000000000e+00 1.550092000000000098e+03 2.915858000000000175e+03 8.820000000000000062e-01 8.729999999999999982e-01 2.269000000000000128e+00 8.074999999999999956e-01
2.400000000000000000e+01 4.689000000000000000e+03 -1.000000000000000000e+00 -1.000000000000000000e+00 -1.000000000000000000e+00 -1.000000000000000000e+00 -1.000000000000000000e+00 1.537590999999999894e+03 2.935965999999999894e+03 8.189999999999999503e-01 8.894999999999999574e-01 2.331500000000000128e+00 8.329999999999999627e-01
2.400000000000000000e+01 4.707000000000000000e+03 -1.000000000000000000e+00 -1.000000000000000000e+00 -1.000000000000000000e+00 -1.000000000000000000e+00 -1.000000000000000000e+00 1.507255000000000109e+03 2.914646999999999935e+03 2.630000000000000115e-01 9.679999999999999716e-01 2.253499999999999837e+00 7.990000000000000435e-01
2.400000000000000000e+01 4.690000000000000000e+03 -1.000000000000000000e+00 -1.000000000000000000e+00 -1.000000000000000000e+00 -1.000000000000000000e+00 -1.000000000000000000e+00 1.515929000000000087e+03 2.969601999999999862e+03 1.377999999999999892e+00 9.294999999999999929e-01 2.442000000000000171e+00 1.026000000000000023e+00
2.400000000000000000e+01 4.713000000000000000e+03 -1.000000000000000000e+00 -1.000000000000000000e+00 -1.000000000000000000e+00 -1.000000000000000000e+00 -1.000000000000000000e+00 1.550988000000000056e+03 2.939326000000000022e+03 6.999999999999999556e-01 8.844999999999999529e-01 2.254000000000000004e+00 7.960000000000000409e-01
2.400000000000000000e+01 4.711000000000000000e+03 -1.000000000000000000e+00 -1.000000000000000000e+00 -1.000000000000000000e+00 -1.000000000000000000e+00 -1.000000000000000000e+00 1.519370976344046539e+03 2.922470448560522527e+03 7.093929934733332887e-01 9.079999999999999183e-01 2.250500000000000167e+00 7.660000000000000142e-01
2.500000000000000000e+01 4.693000000000000000e+03 -1.000000000000000000e+00 -1.000000000000000000e+00 -1.000000000000000000e+00 -1.000000000000000000e+00 -1.000000000000000000e+00 1.547601000000000113e+03 2.919731000000000222e+03 8.110000000000000542e-01 8.729999999999999982e-01 2.269000000000000128e+00 8.074999999999999956e-01
2.500000000000000000e+01 4.689000000000000000e+03 -1.000000000000000000e+00 -1.000000000000000000e+00 -1.000000000000000000e+00 -1.000000000000000000e+00 -1.000000000000000000e+00 1.534747000000000071e+03 2.940407000000000153e+03 7.349999999999999867e-01 8.894999999999999574e-01 2.331500000000000128e+00 8.329999999999999627e-01
2.500000000000000000e+01 4.707000000000000000e+03 -1.000000000000000000e+00 -1.000000000000000000e+00 -1.000000000000000000e+00 -1.000000000000000000e+00 -1.000000000000000000e+00 1.507255000000000109e+03 2.914646999999999935e+03 2.630000000000000115e-01 9.679999999999999716e-01 2.253499999999999837e+00 7.990000000000000435e-01
2.500000000000000000e+01 4.690000000000000000e+03 -1.000000000000000000e+00 -1.000000000000000000e+00 -1.000000000000000000e+00 -1.000000000000000000e+00 -1.000000000000000000e+00 1.513343000000000075e+03 2.973541000000000167e+03 1.417999999999999927e+00 9.294999999999999929e-01 2.442000000000000171e+00 1.026000000000000023e+00
2.500000000000000000e+01 4.713000000000000000e+03 -1.000000000000000000e+00 -1.000000000000000000e+00 -1.000000000000000000e+00 -1.000000000000000000e+00 -1.000000000000000000e+00 1.555182999999999993e+03 2.932639999999999873e+03 7.379999999999999893e-01 8.844999999999999529e-01 2.254000000000000004e+00 7.960000000000000409e-01
2.500000000000000000e+01 4.711000000000000000e+03 -1.000000000000000000e+00 -1.000000000000000000e+00 -1.000000000000000000e+00 -1.000000000000000000e+00 -1.000000000000000000e+00 1.519377307265022864e+03 2.922471265453551496e+03 6.991818306086182711e-01 9.080000000000000293e-01 2.250500000000000167e+00 7.659999999999999032e-01
2.600000000000000000e+01 4.711000000000000000e+03 -1.000000000000000000e+00 -1.000000000000000000e+00 -1.000000000000000000e+00 -1.000000000000000000e+00 -1.000000000000000000e+00 1.519352000000000089e+03 2.922467999999999847e+03 7.399999999999999911e-01 9.080000000000000293e-01 2.250500000000000167e+00 7.660000000000000142e-01
2.600000000000000000e+01 4.689000000000000000e+03 -1.000000000000000000e+00 -1.000000000000000000e+00 -1.000000000000000000e+00 -1.000000000000000000e+00 -1.000000000000000000e+00 1.531828999999999951e+03 2.944840000000000146e+03 7.049999999999999600e-01 8.894999999999999574e-01 2.331500000000000128e+00 8.329999999999999627e-01
2.600000000000000000e+01 4.690000000000000000e+03 -1.000000000000000000e+00 -1.000000000000000000e+00 -1.000000000000000000e+00 -1.000000000000000000e+00 -1.000000000000000000e+00 1.511019000000000005e+03 2.977083000000000084e+03 1.453999999999999959e+00 9.294999999999999929e-01 2.442000000000000171e+00 1.026000000000000023e+00
2.600000000000000000e+01 4.693000000000000000e+03 -1.000000000000000000e+00 -1.000000000000000000e+00 -1.000000000000000000e+00 -1.000000000000000000e+00 -1.000000000000000000e+00 1.539924678497818604e+03 2.931685634748047050e+03 5.955732507968485301e-01 8.729999999999999982e-01 2.269000000000000128e+00 8.074999999999999956e-01
2.700000000000000000e+01 4.711000000000000000e+03 -1.000000000000000000e+00 -1.000000000000000000e+00 -1.000000000000000000e+00 -1.000000000000000000e+00 -1.000000000000000000e+00 1.519383000000000038e+03 2.922471000000000004e+03 8.900000000000000133e-01 9.080000000000000293e-01 2.250500000000000167e+00 7.660000000000000142e-01
2.700000000000000000e+01 4.689000000000000000e+03 -1.000000000000000000e+00 -1.000000000000000000e+00 -1.000000000000000000e+00 -1.000000000000000000e+00 -1.000000000000000000e+00 1.528557000000000016e+03 2.949690000000000055e+03 7.329999999999999849e-01 8.894999999999999574e-01 2.331500000000000128e+00 8.329999999999999627e-01
2.700000000000000000e+01 4.690000000000000000e+03 -1.000000000000000000e+00 -1.000000000000000000e+00 -1.000000000000000000e+00 -1.000000000000000000e+00 -1.000000000000000000e+00 1.508180000000000064e+03 2.981407999999999902e+03 1.497999999999999998e+00 9.294999999999999929e-01 2.442000000000000171e+00 1.026000000000000023e+00
2.700000000000000000e+01 4.693000000000000000e+03 -1.000000000000000000e+00 -1.000000000000000000e+00 -1.000000000000000000e+00 -1.000000000000000000e+00 -1.000000000000000000e+00 1.542647893480621406e+03 2.927444665886781422e+03 6.719970106614906458e-01 8.729999999999999982e-01 2.269000000000000128e+00 8.074999999999999956e-01
2.800000000000000000e+01 4.689000000000000000e+03 -1.000000000000000000e+00 -1.000000000000000000e+00 -1.000000000000000000e+00 -1.000000000000000000e+00 -1.000000000000000000e+00 1.525698000000000093e+03 2.954141999999999825e+03 7.119999999999999662e-01 8.894999999999999574e-01 2.331500000000000128e+00 8.329999999999999627e-01
2.800000000000000000e+01 4.690000000000000000e+03 -1.000000000000000000e+00 -1.000000000000000000e+00 -1.000000000000000000e+00 -1.000000000000000000e+00 -1.000000000000000000e+00 1.505623000000000047e+03 2.985291999999999916e+03 1.487999999999999989e+00 9.294999999999999929e-01 2.442000000000000171e+00 1.026000000000000023e+00
2.800000000000000000e+01 4.721000000000000000e+03 -1.000000000000000000e+00 -1.000000000000000000e+00 -1.000000000000000000e+00 -1.000000000000000000e+00 -1.000000000000000000e+00 1.509913000000000011e+03 3.003947999999999865e+03 1.608000000000000096e+00 9.989999999999999991e-01 2.452500000000000124e+00 8.455000000000000293e-01
2.800000000000000000e+01 4.693000000000000000e+03 -1.000000000000000000e+00 -1.000000000000000000e+00 -1.000000000000000000e+00 -1.000000000000000000e+00 -1.000000000000000000e+00 1.545124424445556997e+03 2.923587867663879479e+03 7.414978796552433860e-01 8.729999999999999982e-01 2.269000000000000128e+00 8.075000000000001066e-01
2.900000000000000000e+01 4.722000000000000000e+03 -1.000000000000000000e+00 -1.000000000000000000e+00 -1.000000000000000000e+00 -1.000000000000000000e+00 -1.000000000000000000e+00 1.497421000000000049e+03 3.016829999999999927e+03 1.713000000000000078e+00 9.104999999999999760e-01 2.258000000000000007e+00 7.495000000000000551e-01
2.900000000000000000e+01 4.693000000000000000e+03 -1.000000000000000000e+00 -1.000000000000000000e+00 -1.000000000000000000e+00 -1.000000000000000000e+00 -1.000000000000000000e+00 1.537694999999999936e+03 2.935157999999999902e+03 5.330000000000000293e-01 8.729999999999999982e-01 2.269000000000000128e+00 8.074999999999999956e-01
2.900000000000000000e+01 4.689000000000000000e+03 -1.000000000000000000e+00 -1.000000000000000000e+00 -1.000000000000000000e+00 -1.000000000000000000e+00 -1.000000000000000000e+00 1.522980000000000018e+03 2.958135999999999967e+03 6.919999999999999485e-01 8.894999999999999574e-01 2.331500000000000128e+00 8.329999999999999627e-01
2.900000000000000000e+01 4.690000000000000000e+03 -1.000000000000000000e+00 -1.000000000000000000e+00 -1.000000000000000000e+00 -1.000000000000000000e+00 -1.000000000000000000e+00 1.503066000000000031e+03 2.989175999999999931e+03 1.477999999999999980e+00 9.294999999999999929e-01 2.442000000000000171e+00 1.026000000000000023e+00
2.900000000000000000e+01 4.721000000000000000e+03 -1.000000000000000000e+00 -1.000000000000000000e+00 -1.000000000000000000e+00 -1.000000000000000000e+00 -1.000000000000000000e+00 1.514390000000000100e+03 2.997199999999999818e+03 1.407999999999999918e+00 9.989999999999999991e-01 2.452500000000000124e+00 8.455000000000000293e-01
3.000000000000000000e+01 4.693000000000000000e+03 -1.000000000000000000e+00 -1.000000000000000000e+00 -1.000000000000000000e+00 -1.000000000000000000e+00 -1.000000000000000000e+00 1.535249000000000024e+03 2.938987000000000080e+03 4.660000000000000253e-01 8.729999999999999982e-01 2.269000000000000128e+00 8.074999999999999956e-01
3.000000000000000000e+01 4.689000000000000000e+03 -1.000000000000000000e+00 -1.000000000000000000e+00 -1.000000000000000000e+00 -1.000000000000000000e+00 -1.000000000000000000e+00 1.520140000000000100e+03 2.962166000000000167e+03 6.720000000000000417e-01 8.894999999999999574e-01 2.331500000000000128e+00 8.329999999999999627e-01
3.000000000000000000e+01 4.690000000000000000e+03 -1.000000000000000000e+00 -1.000000000000000000e+00 -1.000000000000000000e+00 -1.000000000000000000e+00 -1.000000000000000000e+00 1.500467000000000098e+03 2.993094000000000051e+03 1.479999999999999982e+00 9.294999999999999929e-01 2.442000000000000171e+00 1.026000000000000023e+00
3.000000000000000000e+01 4.721000000000000000e+03 -1.000000000000000000e+00 -1.000000000000000000e+00 -1.000000000000000000e+00 -1.000000000000000000e+00 -1.000000000000000000e+00 1.518833000000000084e+03 2.990378999999999905e+03 1.108000000000000096e+00 9.989999999999999991e-01 2.452500000000000124e+00 8.455000000000000293e-01
3.000000000000000000e+01 4.722000000000000000e+03 -1.000000000000000000e+00 -1.000000000000000000e+00 -1.000000000000000000e+00 -1.000000000000000000e+00 -1.000000000000000000e+00 1.500647747462528969e+03 3.012006619713747568e+03 1.538094995836278400e+00 9.105000000000000870e-01 2.258000000000000007e+00 7.495000000000000551e-01
3.100000000000000000e+01 4.722000000000000000e+03 -1.000000000000000000e+00 -1.000000000000000000e+00 -1.000000000000000000e+00 -1.000000000000000000e+00 -1.000000000000000000e+00 1.503877999999999929e+03 3.007177999999999884e+03 1.362999999999999989e+00 9.104999999999999760e-01 2.258000000000000007e+00 7.495000000000000551e-01
3.100000000000000000e+01 4.693000000000000000e+03 -1.000000000000000000e+00 -1.000000000000000000e+00 -1.000000000000000000e+00 -1.000000000000000000e+00 -1.000000000000000000e+00 1.532806000000000040e+03 2.942811000000000149e+03 3.990000000000000213e-01 8.729999999999999982e-01 2.269000000000000128e+00 8.074999999999999956e-01
3.100000000000000000e+01 4.689000000000000000e+03 -1.000000000000000000e+00 -1.000000000000000000e+00 -1.000000000000000000e+00 -1.000000000000000000e+00 -1.000000000000000000e+00 1.517180000000000064e+03 2.965737000000000080e+03 6.510000000000000231e-01 8.894999999999999574e-01 2.331500000000000128e+00 8.329999999999999627e-01
3.100000000000000000e+01 4.690000000000000000e+03 -1.000000000000000000e+00 -1.000000000000000000e+00 -1.000000000000000000e+00 -1.000000000000000000e+00 -1.000000000000000000e+00 1.497872000000000071e+03 2.997007999999999811e+03 1.483000000000000096e+00 9.294999999999999929e-01 2.442000000000000171e+00 1.026000000000000023e+00
3.100000000000000000e+01 4.721000000000000000e+03 -1.000000000000000000e+00 -1.000000000000000000e+00 -1.000000000000000000e+00 -1.000000000000000000e+00 -1.000000000000000000e+00 1.523270999999999958e+03 2.983567000000000007e+03 9.080000000000000293e-01 9.989999999999999991e-01 2.452500000000000124e+00 8.455000000000000293e-01
3.200000000000000000e+01 4.722000000000000000e+03 -1.000000000000000000e+00 -1.000000000000000000e+00 -1.000000000000000000e+00 -1.000000000000000000e+00 -1.000000000000000000e+00 1.507682999999999993e+03 3.001643000000000029e+03 1.163000000000000034e+00 9.104999999999999760e-01 2.258000000000000007e+00 7.495000000000000551e-01
3.200000000000000000e+01 4.693000000000000000e+03 -1.000000000000000000e+00 -1.000000000000000000e+00 -1.000000000000000000e+00 -1.000000000000000000e+00 -1.000000000000000000e+00 1.530256000000000085e+03 2.946755000000000109e+03 3.350000000000000200e-01 8.729999999999999982e-01 2.269000000000000128e+00 8.074999999999999956e-01
3.200000000000000000e+01 4.689000000000000000e+03 -1.000000000000000000e+00 -1.000000000000000000e+00 -1.000000000000000000e+00 -1.000000000000000000e+00 -1.000000000000000000e+00 1.514044000000000096e+03 2.969152000000000044e+03 6.310000000000000053e-01 8.894999999999999574e-01 2.331500000000000128e+00 8.329999999999999627e-01
3.200000000000000000e+01 4.725000000000000000e+03 -1.000000000000000000e+00 -1.000000000000000000e+00 -1.000000000000000000e+00 -1.000000000000000000e+00 -1.000000000000000000e+00 1.488113000000000056e+03 3.031253999999999905e+03 1.868999999999999995e+00 9.625000000000000222e-01 2.427500000000000213e+00 1.000000000000000000e+00
3.200000000000000000e+01 4.690000000000000000e+03 -1.000000000000000000e+00 -1.000000000000000000e+00 -1.000000000000000000e+00 -1.000000000000000000e+00 -1.000000000000000000e+00 1.495276000000000067e+03 3.000922000000000025e+03 1.485000000000000098e+00 9.294999999999999929e-01 2.442000000000000171e+00 1.026000000000000023e+00
3.200000000000000000e+01 4.721000000000000000e+03 -1.000000000000000000e+00 -1.000000000000000000e+00 -1.000000000000000000e+00 -1.000000000000000000e+00 -1.000000000000000000e+00 1.527710000000000036e+03 2.976753000000000156e+03 7.580000000000000071e-01 9.989999999999999991e-01 2.452500000000000124e+00 8.455000000000000293e-01
3.300000000000000000e+01 4.722000000000000000e+03 -1.000000000000000000e+00 -1.000000000000000000e+00 -1.000000000000000000e+00 -1.000000000000000000e+00 -1.000000000000000000e+00 1.511432000000000016e+03 2.996023000000000138e+03 9.130000000000000338e-01 9.104999999999999760e-01 2.258000000000000007e+00 7.495000000000000551e-01
3.300000000000000000e+01 4.693000000000000000e+03 -1.000000000000000000e+00 -1.000000000000000000e+00 -1.000000000000000000e+00 -1.000000000000000000e+00 -1.000000000000000000e+00 1.527746000000000095e+03 2.950724999999999909e+03 2.710000000000000187e-01 8.729999999999999982e-01 2.269000000000000128e+00 8.074999999999999956e-01
3.300000000000000000e+01 4.689000000000000000e+03 -1.000000000000000000e+00 -1.000000000000000000e+00 -1.000000000000000000e+00 -1.000000000000000000e+00 -1.000000000000000000e+00 1.510753999999999905e+03 2.972137000000000171e+03 6.610000000000000320e-01 8.894999999999999574e-01 2.331500000000000128e+00 8.329999999999999627e-01
3.300000000000000000e+01 4.725000000000000000e+03 -1.000000000000000000e+00 -1.000000000000000000e+00 -1.000000000000000000e+00 -1.000000000000000000e+00 -1.000000000000000000e+00 1.491511999999999944e+03 3.026206999999999880e+03 1.707999999999999963e+00 9.625000000000000222e-01 2.427500000000000213e+00 1.000000000000000000e+00
3.300000000000000000e+01 4.690000000000000000e+03 -1.000000000000000000e+00 -1.000000000000000000e+00 -1.000000000000000000e+00 -1.000000000000000000e+00 -1.000000000000000000e+00 1.492680000000000064e+03 3.004835999999999785e+03 1.487999999999999989e+00 9.294999999999999929e-01 2.442000000000000171e+00 1.026000000000000023e+00
3.300000000000000000e+01 4.721000000000000000e+03 -1.000000000000000000e+00 -1.000000000000000000e+00 -1.000000000000000000e+00 -1.000000000000000000e+00 -1.000000000000000000e+00 1.532436999999999898e+03 2.969521999999999935e+03 5.580000000000000515e-01 9.989999999999999991e-01 2.452500000000000124e+00 8.455000000000000293e-01
3.400000000000000000e+01 4.722000000000000000e+03 -1.000000000000000000e+00 -1.000000000000000000e+00 -1.000000000000000000e+00 -1.000000000000000000e+00 -1.000000000000000000e+00 1.515325000000000045e+03 2.990197999999999865e+03 7.630000000000000115e-01 9.104999999999999760e-01 2.258000000000000007e+00 7.495000000000000551e-01
3.400000000000000000e+01 4.693000000000000000e+03 -1.000000000000000000e+00 -1.000000000000000000e+00 -1.000000000000000000e+00 -1.000000000000000000e+00 -1.000000000000000000e+00 1.525237000000000080e+03 2.954693999999999960e+03 2.079999999999999905e-01 8.729999999999999982e-01 2.269000000000000128e+00 8.074999999999999956e-01
3.400000000000000000e+01 4.727000000000000000e+03 -1.000000000000000000e+00 -1.000000000000000000e+00 -1.000000000000000000e+00 -1.000000000000000000e+00 -1.000000000000000000e+00 1.491271999999999935e+03 3.031766000000000076e+03 1.447999999999999954e+00 8.860000000000000098e-01 1.965000000000000080e+00 9.074999999999999734e-01
3.400000000000000000e+01 4.689000000000000000e+03 -1.000000000000000000e+00 -1.000000000000000000e+00 -1.000000000000000000e+00 -1.000000000000000000e+00 -1.000000000000000000e+00 1.507420000000000073e+03 2.974487000000000080e+03 7.399999999999999911e-01 8.894999999999999574e-01 2.331500000000000128e+00 8.329999999999999627e-01
3.400000000000000000e+01 4.725000000000000000e+03 -1.000000000000000000e+00 -1.000000000000000000e+00 -1.000000000000000000e+00 -1.000000000000000000e+00 -1.000000000000000000e+00 1.495180000000000064e+03 3.020818000000000211e+03 1.546999999999999931e+00 9.625000000000000222e-01 2.427500000000000213e+00 1.000000000000000000e+00
3.400000000000000000e+01 4.690000000000000000e+03 -1.000000000000000000e+00 -1.000000000000000000e+00 -1.000000000000000000e+00 -1.000000000000000000e+00 -1.000000000000000000e+00 1.490084000000000060e+03 3.008750000000000000e+03 1.528000000000000025e+00 9.294999999999999929e-01 2.442000000000000171e+00 1.026000000000000023e+00
3.400000000000000000e+01 4.721000000000000000e+03 -1.000000000000000000e+00 -1.000000000000000000e+00 -1.000000000000000000e+00 -1.000000000000000000e+00 -1.000000000000000000e+00 1.536999000000000024e+03 2.962588000000000193e+03 4.079999999999999738e-01 9.989999999999999991e-01 2.452500000000000124e+00 8.455000000000000293e-01
3.500000000000000000e+01 4.728000000000000000e+03 -1.000000000000000000e+00 -1.000000000000000000e+00 -1.000000000000000000e+00 -1.000000000000000000e+00 -1.000000000000000000e+00 1.478519999999999982e+03 3.038371000000000095e+03 1.651999999999999913e+00 9.799999999999999822e-01 2.235500000000000043e+00 8.279999999999999583e-01
3.500000000000000000e+01 4.722000000000000000e+03 -1.000000000000000000e+00 -1.000000000000000000e+00 -1.000000000000000000e+00 -1.000000000000000000e+00 -1.000000000000000000e+00 1.519467000000000098e+03 2.984061999999999898e+03 5.629999999999999449e-01 9.104999999999999760e-01 2.258000000000000007e+00 7.495000000000000551e-01
3.500000000000000000e+01 4.693000000000000000e+03 -1.000000000000000000e+00 -1.000000000000000000e+00 -1.000000000000000000e+00 -1.000000000000000000e+00 -1.000000000000000000e+00 1.522640000000000100e+03 2.958614999999999782e+03 7.699999999999999900e-02 8.729999999999999982e-01 2.269000000000000128e+00 8.074999999999999956e-01
3.500000000000000000e+01 4.727000000000000000e+03 -1.000000000000000000e+00 -1.000000000000000000e+00 -1.000000000000000000e+00 -1.000000000000000000e+00 -1.000000000000000000e+00 1.494801999999999907e+03 3.026588000000000193e+03 1.348000000000000087e+00 8.860000000000000098e-01 1.965000000000000080e+00 9.074999999999999734e-01
3.500000000000000000e+01 4.689000000000000000e+03 -1.000000000000000000e+00 -1.000000000000000000e+00 -1.000000000000000000e+00 -1.000000000000000000e+00 -1.000000000000000000e+00 1.503954999999999927e+03 2.976099000000000160e+03 7.199999999999999734e-01 8.894999999999999574e-01 2.331500000000000128e+00 8.329999999999999627e-01
3.500000000000000000e+01 4.725000000000000000e+03 -1.000000000000000000e+00 -1.000000000000000000e+00 -1.000000000000000000e+00 -1.000000000000000000e+00 -1.000000000000000000e+00 1.498796000000000049e+03 3.015385000000000218e+03 1.485000000000000098e+00 9.625000000000000222e-01 2.427500000000000213e+00 1.000000000000000000e+00
3.500000000000000000e+01 4.690000000000000000e+03 -1.000000000000000000e+00 -1.000000000000000000e+00 -1.000000000000000000e+00 -1.000000000000000000e+00 -1.000000000000000000e+00 1.487314000000000078e+03 3.012815000000000055e+03 1.393999999999999906e+00 9.294999999999999929e-01 2.442000000000000171e+00 1.026000000000000023e+00
3.600000000000000000e+01 4.728000000000000000e+03 -1.000000000000000000e+00 -1.000000000000000000e+00 -1.000000000000000000e+00 -1.000000000000000000e+00 -1.000000000000000000e+00 1.478316000000000031e+03 3.038766000000000076e+03 1.552000000000000046e+00 9.799999999999999822e-01 2.235500000000000043e+00 8.279999999999999583e-01
3.600000000000000000e+01 4.722000000000000000e+03 -1.000000000000000000e+00 -1.000000000000000000e+00 -1.000000000000000000e+00 -1.000000000000000000e+00 -1.000000000000000000e+00 1.523535000000000082e+03 2.977699999999999818e+03 3.629999999999999893e-01 9.104999999999999760e-01 2.258000000000000007e+00 7.495000000000000551e-01
3.600000000000000000e+01 4.693000000000000000e+03 -1.000000000000000000e+00 -1.000000000000000000e+00 -1.000000000000000000e+00 -1.000000000000000000e+00 -1.000000000000000000e+00 1.519866999999999962e+03 2.962407000000000153e+03 1.219999999999999973e-01 8.729999999999999982e-01 2.269000000000000128e+00 8.074999999999999956e-01
3.600000000000000000e+01 4.727000000000000000e+03 -1.000000000000000000e+00 -1.000000000000000000e+00 -1.000000000000000000e+00 -1.000000000000000000e+00 -1.000000000000000000e+00 1.498328999999999951e+03 3.021416000000000167e+03 1.247999999999999998e+00 8.860000000000000098e-01 1.965000000000000080e+00 9.074999999999999734e-01
3.600000000000000000e+01 4.689000000000000000e+03 -1.000000000000000000e+00 -1.000000000000000000e+00 -1.000000000000000000e+00 -1.000000000000000000e+00 -1.000000000000000000e+00 1.500450000000000045e+03 2.977047999999999774e+03 7.489999999999999991e-01 8.894999999999999574e-01 2.331500000000000128e+00 8.329999999999999627e-01
3.600000000000000000e+01 4.725000000000000000e+03 -1.000000000000000000e+00 -1.000000000000000000e+00 -1.000000000000000000e+00 -1.000000000000000000e+00 -1.000000000000000000e+00 1.502435999999999922e+03 3.009976999999999862e+03 1.173999999999999932e+00 9.625000000000000222e-01 2.427500000000000213e+00 1.000000000000000000e+00
3.600000000000000000e+01 4.690000000000000000e+03 -1.000000000000000000e+00 -1.000000000000000000e+00 -1.000000000000000000e+00 -1.000000000000000000e+00 -1.000000000000000000e+00 1.484576999999999998e+03 3.016896000000000186e+03 1.368999999999999995e+00 9.294999999999999929e-01 2.442000000000000171e+00 1.026000000000000023e+00
3.700000000000000000e+01 4.728000000000000000e+03 -1.000000000000000000e+00 -1.000000000000000000e+00 -1.000000000000000000e+00 -1.000000000000000000e+00 -1.000000000000000000e+00 1.477913999999999987e+03 3.039476000000000113e+03 1.502000000000000002e+00 9.799999999999999822e-01 2.235500000000000043e+00 8.279999999999999583e-01
3.700000000000000000e+01 4.722000000000000000e+03 -1.000000000000000000e+00 -1.000000000000000000e+00 -1.000000000000000000e+00 -1.000000000000000000e+00 -1.000000000000000000e+00 1.527375999999999976e+03 2.971896000000000186e+03 2.630000000000000115e-01 9.104999999999999760e-01 2.258000000000000007e+00 7.495000000000000551e-01
3.700000000000000000e+01 4.693000000000000000e+03 -1.000000000000000000e+00 -1.000000000000000000e+00 -1.000000000000000000e+00 -1.000000000000000000e+00 -1.000000000000000000e+00 1.517244999999999891e+03 2.965641000000000076e+03 4.900000000000000189e-02 8.729999999999999982e-01 2.269000000000000128e+00 8.074999999999999956e-01
3.700000000000000000e+01 4.727000000000000000e+03 -1.000000000000000000e+00 -1.000000000000000000e+00 -1.000000000000000000e+00 -1.000000000000000000e+00 -1.000000000000000000e+00 1.501470000000000027e+03 3.016809999999999945e+03 1.048000000000000043e+00 8.860000000000000098e-01 1.965000000000000080e+00 9.074999999999999734e-01
3.700000000000000000e+01 4.689000000000000000e+03 -1.000000000000000000e+00 -1.000000000000000000e+00 -1.000000000000000000e+00 -1.000000000000000000e+00 -1.000000000000000000e+00 1.497334000000000060e+03 2.977425999999999931e+03 8.810000000000000053e-01 8.894999999999999574e-01 2.331500000000000128e+00 8.329999999999999627e-01
3.700000000000000000e+01 4.730000000000000000e+03 -1.000000000000000000e+00 -1.000000000000000000e+00 -1.000000000000000000e+00 -1.000000000000000000e+00 -1.000000000000000000e+00 1.477326999999999998e+03 3.047014999999999873e+03 1.500000000000000000e+00 9.084999999999999742e-01 2.229999999999999982e+00 8.255000000000000115e-01
3.700000000000000000e+01 4.725000000000000000e+03 -1.000000000000000000e+00 -1.000000000000000000e+00 -1.000000000000000000e+00 -1.000000000000000000e+00 -1.000000000000000000e+00 1.505799999999999955e+03 3.004992000000000189e+03 1.124000000000000110e+00 9.625000000000000222e-01 2.427500000000000213e+00 1.000000000000000000e+00
3.700000000000000000e+01 4.690000000000000000e+03 -1.000000000000000000e+00 -1.000000000000000000e+00 -1.000000000000000000e+00 -1.000000000000000000e+00 -1.000000000000000000e+00 1.482115000000000009e+03 3.020565999999999804e+03 1.346000000000000085e+00 9.294999999999999929e-01 2.442000000000000171e+00 1.026000000000000023e+00
3.800000000000000000e+01 4.728000000000000000e+03 -1.000000000000000000e+00 -1.000000000000000000e+00 -1.000000000000000000e+00 -1.000000000000000000e+00 -1.000000000000000000e+00 1.477461000000000013e+03 3.040527000000000044e+03 1.469000000000000083e+00 9.799999999999999822e-01 2.235500000000000043e+00 8.279999999999999583e-01
3.800000000000000000e+01 4.693000000000000000e+03 -1.000000000000000000e+00 -1.000000000000000000e+00 -1.000000000000000000e+00 -1.000000000000000000e+00 -1.000000000000000000e+00 1.513952999999999975e+03 2.969175000000000182e+03 8.400000000000000522e-02 8.729999999999999982e-01 2.269000000000000128e+00 8.074999999999999956e-01
3.800000000000000000e+01 4.727000000000000000e+03 -1.000000000000000000e+00 -1.000000000000000000e+00 -1.000000000000000000e+00 -1.000000000000000000e+00 -1.000000000000000000e+00 1.505328999999999951e+03 3.010932999999999993e+03 9.979999999999999982e-01 8.860000000000000098e-01 1.965000000000000080e+00 9.074999999999999734e-01
3.800000000000000000e+01 4.689000000000000000e+03 -1.000000000000000000e+00 -1.000000000000000000e+00 -1.000000000000000000e+00 -1.000000000000000000e+00 -1.000000000000000000e+00 1.493496000000000095e+03 2.977364999999999782e+03 9.090000000000000302e-01 8.894999999999999574e-01 2.331500000000000128e+00 8.329999999999999627e-01
3.800000000000000000e+01 4.725000000000000000e+03 -1.000000000000000000e+00 -1.000000000000000000e+00 -1.000000000000000000e+00 -1.000000000000000000e+00 -1.000000000000000000e+00 1.509880000000000109e+03 2.998597999999999956e+03 9.739999999999999769e-01 9.625000000000000222e-01 2.427500000000000213e+00 1.000000000000000000e+00
3.800000000000000000e+01 4.690000000000000000e+03 -1.000000000000000000e+00 -1.000000000000000000e+00 -1.000000000000000000e+00 -1.000000000000000000e+00 -1.000000000000000000e+00 1.479038999999999987e+03 3.025088000000000193e+03 1.314999999999999947e+00 9.294999999999999929e-01 2.442000000000000171e+00 1.026000000000000023e+00
3.800000000000000000e+01 4.730000000000000000e+03 -1.000000000000000000e+00 -1.000000000000000000e+00 -1.000000000000000000e+00 -1.000000000000000000e+00 -1.000000000000000000e+00 1.479733701736499825e+03 3.043392325666372926e+03 1.380927086062742504e+00 9.084999999999999742e-01 2.229999999999999982e+00 8.255000000000000115e-01
3.900000000000000000e+01 4.728000000000000000e+03 -1.000000000000000000e+00 -1.000000000000000000e+00 -1.000000000000000000e+00 -1.000000000000000000e+00 -1.000000000000000000e+00 1.476974999999999909e+03 3.042137000000000171e+03 1.437999999999999945e+00 9.799999999999999822e-01 2.235500000000000043e+00 8.279999999999999583e-01
3.900000000000000000e+01 4.693000000000000000e+03 -1.000000000000000000e+00 -1.000000000000000000e+00 -1.000000000000000000e+00 -1.000000000000000000e+00 -1.000000000000000000e+00 1.510560999999999922e+03 2.972108000000000175e+03 1.489999999999999936e-01 8.729999999999999982e-01 2.269000000000000128e+00 8.074999999999999956e-01
3.900000000000000000e+01 4.727000000000000000e+03 -1.000000000000000000e+00 -1.000000000000000000e+00 -1.000000000000000000e+00 -1.000000000000000000e+00 -1.000000000000000000e+00 1.508868999999999915e+03 3.005730000000000018e+03 8.980000000000000204e-01 8.860000000000000098e-01 1.965000000000000080e+00 9.074999999999999734e-01
3.900000000000000000e+01 4.689000000000000000e+03 -1.000000000000000000e+00 -1.000000000000000000e+00 -1.000000000000000000e+00 -1.000000000000000000e+00 -1.000000000000000000e+00 1.489929000000000087e+03 2.976661999999999807e+03 1.137999999999999901e+00 8.894999999999999574e-01 2.331500000000000128e+00 8.329999999999999627e-01
3.900000000000000000e+01 4.730000000000000000e+03 -1.000000000000000000e+00 -1.000000000000000000e+00 -1.000000000000000000e+00 -1.000000000000000000e+00 -1.000000000000000000e+00 1.482380000000000109e+03 3.039409000000000106e+03 1.250000000000000000e+00 9.084999999999999742e-01 2.229999999999999982e+00 8.255000000000000115e-01
3.900000000000000000e+01 4.725000000000000000e+03 -1.000000000000000000e+00 -1.000000000000000000e+00 -1.000000000000000000e+00 -1.000000000000000000e+00 -1.000000000000000000e+00 1.513423000000000002e+03 2.992902000000000044e+03 8.739999999999999991e-01 9.625000000000000222e-01 2.427500000000000213e+00 1.000000000000000000e+00
3.900000000000000000e+01 4.690000000000000000e+03 -1.000000000000000000e+00 -1.000000000000000000e+00 -1.000000000000000000e+00 -1.000000000000000000e+00 -1.000000000000000000e+00 1.476390000000000100e+03 3.029146999999999935e+03 1.328000000000000069e+00 9.294999999999999929e-01 2.442000000000000171e+00 1.026000000000000023e+00
4.000000000000000000e+01 4.731000000000000000e+03 -1.000000000000000000e+00 -1.000000000000000000e+00 -1.000000000000000000e+00 -1.000000000000000000e+00 -1.000000000000000000e+00 1.515439000000000078e+03 2.977994999999999891e+03 2.039999999999999869e-01 9.579999999999999627e-01 2.331999999999999851e+00 8.034999999999999920e-01
4.000000000000000000e+01 4.728000000000000000e+03 -1.000000000000000000e+00 -1.000000000000000000e+00 -1.000000000000000000e+00 -1.000000000000000000e+00 -1.000000000000000000e+00 1.476730999999999995e+03 3.044137000000000171e+03 1.401999999999999913e+00 9.799999999999999822e-01 2.235500000000000043e+00 8.279999999999999583e-01
4.000000000000000000e+01 4.693000000000000000e+03 -1.000000000000000000e+00 -1.000000000000000000e+00 -1.000000000000000000e+00 -1.000000000000000000e+00 -1.000000000000000000e+00 1.506662000000000035e+03 2.974947999999999865e+03 2.760000000000000231e-01 8.729999999999999982e-01 2.269000000000000128e+00 8.074999999999999956e-01
4.000000000000000000e+01 4.727000000000000000e+03 -1.000000000000000000e+00 -1.000000000000000000e+00 -1.000000000000000000e+00 -1.000000000000000000e+00 -1.000000000000000000e+00 1.513144999999999982e+03 2.999474000000000160e+03 7.479999999999999982e-01 8.860000000000000098e-01 1.965000000000000080e+00 9.074999999999999734e-01
4.000000000000000000e+01 4.689000000000000000e+03 -1.000000000000000000e+00 -1.000000000000000000e+00 -1.000000000000000000e+00 -1.000000000000000000e+00 -1.000000000000000000e+00 1.485923000000000002e+03 2.975081000000000131e+03 1.264000000000000012e+00 8.894999999999999574e-01 2.331500000000000128e+00 8.329999999999999627e-01
4.000000000000000000e+01 4.730000000000000000e+03 -1.000000000000000000e+00 -1.000000000000000000e+00 -1.000000000000000000e+00 -1.000000000000000000e+00 -1.000000000000000000e+00 1.485680000000000064e+03 3.034244000000000142e+03 1.100000000000000089e+00 9.084999999999999742e-01 2.229999999999999982e+00 8.255000000000000115e-01
4.000000000000000000e+01 4.725000000000000000e+03 -1.000000000000000000e+00 -1.000000000000000000e+00 -1.000000000000000000e+00 -1.000000000000000000e+00 -1.000000000000000000e+00 1.517938000000000102e+03 2.985942000000000007e+03 7.239999999999999769e-01 9.625000000000000222e-01 2.427500000000000213e+00 1.000000000000000000e+00
4.000000000000000000e+01 4.690000000000000000e+03 -1.000000000000000000e+00 -1.000000000000000000e+00 -1.000000000000000000e+00 -1.000000000000000000e+00 -1.000000000000000000e+00 1.472955999999999904e+03 3.034025000000000091e+03 1.282000000000000028e+00 9.294999999999999929e-01 2.442000000000000171e+00 1.026000000000000023e+00
