1.000000000000000000e+00 4.109000000000000000e+03 -1.000000000000000000e+00 -1.000000000000000000e+00 -1.000000000000000000e+00 -1.000000000000000000e+00 -1.000000000000000000e+00 1.513290999999999940e+03 1.342861000000000104e+03 1.264000000000000012e+00 2.770000000000000240e-01 2.640000000000000124e-01 8.279999999999999583e-01
2.000000000000000000e+00 4.109000000000000000e+03 -1.000000000000000000e+00 -1.000000000000000000e+00 -1.000000000000000000e+00 -1.000000000000000000e+00 -1.000000000000000000e+00 1.512542999999999893e+03 1.343275000000000091e+03 1.145000000000000018e+00 2.770000000000000240e-01 2.640000000000000124e-01 8.279999999999999583e-01
2.000000000000000000e+00 4.129000000000000000e+03 -1.000000000000000000e+00 -1.000000000000000000e+00 -1.000000000000000000e+00 -1.000000000000000000e+00 -1.000000000000000000e+00 1.539410000000000082e+03 1.373710000000000036e+03 1.098000000000000087e+00 4.269999999999999907e-01 4.074999999999999734e-01 1.042499999999999982e+00
3.000000000000000000e+00 4.109000000000000000e+03 -1.000000000000000000e+00 -1.000000000000000000e+00 -1.000000000000000000e+00 -1.000000000000000000e+00 -1.000000000000000000e+00 1.511720000000000027e+03 1.343730000000000018e+03 1.014000000000000012e+00 2.770000000000000240e-01 2.640000000000000124e-01 8.279999999999999583e-01
3.000000000000000000e+00 4.129000000000000000e+03 -1.000000000000000000e+00 -1.000000000000000000e+00 -1.000000000000000000e+00 -1.000000000000000000e+00 -1.000000000000000000e+00 1.538721000000000004e+03 1.374169000000000096e+03 1.102999999999999980e+00 4.269999999999999907e-01 4.074999999999999734e-01 1.042499999999999982e+00
4.000000000000000000e+00 4.109000000000000000e+03 -1.000000000000000000e+00 -1.000000000000000000e+00 -1.000000000000000000e+00 -1.000000000000000000e+00 -1.000000000000000000e+00 1.511188000000000102e+03 1.343996000000000095e+03 9.879999999999999893e-01 2.770000000000000240e-01 2.640000000000000124e-01 8.279999999999999583e-01
4.000000000000000000e+00 4.129000000000000000e+03 -1.000000000000000000e+00 -1.000000000000000000e+00 -1.000000000000000000e+00 -1.000000000000000000e+00 -1.000000000000000000e+00 1.538156999999999925e+03 1.374542999999999893e+03 1.108000000000000096e+00 4.269999999999999907e-01 4.074999999999999734e-01 1.042499999999999982e+00
5.000000000000000000e+00 4.109000000000000000e+03 -1.000000000000000000e+00 -1.000000000000000000e+00 -1.000000000000000000e+00 -1.000000000000000000e+00 -1.000000000000000000e+00 1.510714999999999918e+03 1.344231999999999971e+03 9.639999999999999680e-01 2.770000000000000240e-01 2.640000000000000124e-01 8.279999999999999583e-01
5.000000000000000000e+00 4.129000000000000000e+03 -1.000000000000000000e+00 -1.000000000000000000e+00 -1.000000000000000000e+00 -1.000000000000000000e+00 -1.000000000000000000e+00 1.537653999999999996e+03 1.374875000000000000e+03 1.112000000000000099e+00 4.269999999999999907e-01 4.074999999999999734e-01 1.042499999999999982e+00
6.000000000000000000e+00 4.129000000000000000e+03 -1.000000000000000000e+00 -1.000000000000000000e+00 -1.000000000000000000e+00 -1.000000000000000000e+00 -1.000000000000000000e+00 1.537023999999999887e+03 1.375288000000000011e+03 1.116999999999999993e+00 4.269999999999999907e-01 4.074999999999999734e-01 1.042499999999999982e+00
6.000000000000000000e+00 4.109000000000000000e+03 -1.000000000000000000e+00 -1.000000000000000000e+00 -1.000000000000000000e+00 -1.000000000000000000e+00 -1.000000000000000000e+00 1.508320708057166485e+03 1.345165571396438281e+03 9.205083204872128722e-01 2.770000000000000240e-01 2.640000000000000124e-01 8.279999999999999583e-01
7.000000000000000000e+00 4.129000000000000000e+03 -1.000000000000000000e+00 -1.000000000000000000e+00 -1.000000000000000000e+00 -1.000000000000000000e+00 -1.000000000000000000e+00 1.536395999999999958e+03 1.375701000000000022e+03 1.122000000000000108e+00 4.269999999999999907e-01 4.074999999999999734e-01 1.042499999999999982e+00
7.000000000000000000e+00 4.109000000000000000e+03 -1.000000000000000000e+00 -1.000000000000000000e+00 -1.000000000000000000e+00 -1.000000000000000000e+00 -1.000000000000000000e+00 1.509118517556197958e+03 1.344854493154567308e+03 9.350003189036910634e-01 2.770000000000000240e-01 2.640000000000000124e-01 8.279999999999999583e-01
8.000000000000000000e+00 4.129000000000000000e+03 -1.000000000000000000e+00 -1.000000000000000000e+00 -1.000000000000000000e+00 -1.000000000000000000e+00 -1.000000000000000000e+00 1.535766000000000076e+03 1.376113000000000056e+03 1.127000000000000002e+00 4.269999999999999907e-01 4.074999999999999734e-01 1.042499999999999982e+00
8.000000000000000000e+00 4.109000000000000000e+03 -1.000000000000000000e+00 -1.000000000000000000e+00 -1.000000000000000000e+00 -1.000000000000000000e+00 -1.000000000000000000e+00 1.509917195289022629e+03 1.344543076374934799e+03 9.495080885572556584e-01 2.770000000000000240e-01 2.640000000000000124e-01 8.279999999999999583e-01
9.000000000000000000e+00 4.109000000000000000e+03 -1.000000000000000000e+00 -1.000000000000000000e+00 -1.000000000000000000e+00 -1.000000000000000000e+00 -1.000000000000000000e+00 1.507521999999999935e+03 1.345477000000000089e+03 9.060000000000000275e-01 2.770000000000000240e-01 2.640000000000000124e-01 8.279999999999999583e-01
9.000000000000000000e+00 4.129000000000000000e+03 -1.000000000000000000e+00 -1.000000000000000000e+00 -1.000000000000000000e+00 -1.000000000000000000e+00 -1.000000000000000000e+00 1.535115000000000009e+03 1.376490999999999985e+03 1.110999999999999988e+00 4.269999999999999907e-01 4.074999999999999734e-01 1.042499999999999982e+00
1.000000000000000000e+01 4.109000000000000000e+03 -1.000000000000000000e+00 -1.000000000000000000e+00 -1.000000000000000000e+00 -1.000000000000000000e+00 -1.000000000000000000e+00 1.506839999999999918e+03 1.345819999999999936e+03 8.790000000000000036e-01 2.770000000000000240e-01 2.640000000000000124e-01 8.279999999999999583e-01
1.000000000000000000e+01 4.129000000000000000e+03 -1.000000000000000000e+00 -1.000000000000000000e+00 -1.000000000000000000e+00 -1.000000000000000000e+00 -1.000000000000000000e+00 1.534471999999999980e+03 1.376835000000000036e+03 1.133000000000000007e+00 4.269999999999999907e-01 4.074999999999999734e-01 1.042499999999999982e+00
1.100000000000000000e+01 4.109000000000000000e+03 -1.000000000000000000e+00 -1.000000000000000000e+00 -1.000000000000000000e+00 -1.000000000000000000e+00 -1.000000000000000000e+00 1.506159000000000106e+03 1.346163000000000011e+03 8.509999999999999787e-01 2.770000000000000240e-01 2.640000000000000124e-01 8.279999999999999583e-01
1.100000000000000000e+01 4.129000000000000000e+03 -1.000000000000000000e+00 -1.000000000000000000e+00 -1.000000000000000000e+00 -1.000000000000000000e+00 -1.000000000000000000e+00 1.533984999999999900e+03 1.377115000000000009e+03 1.247000000000000108e+00 4.269999999999999907e-01 4.074999999999999734e-01 1.042499999999999982e+00
1.200000000000000000e+01 4.109000000000000000e+03 -1.000000000000000000e+00 -1.000000000000000000e+00 -1.000000000000000000e+00 -1.000000000000000000e+00 -1.000000000000000000e+00 1.505478000000000065e+03 1.346506000000000085e+03 8.239999999999999547e-01 2.770000000000000240e-01 2.640000000000000124e-01 8.279999999999999583e-01
1.200000000000000000e+01 4.129000000000000000e+03 -1.000000000000000000e+00 -1.000000000000000000e+00 -1.000000000000000000e+00 -1.000000000000000000e+00 -1.000000000000000000e+00 1.533308999999999969e+03 1.377446999999999889e+03 1.203999999999999959e+00 4.269999999999999907e-01 4.074999999999999734e-01 1.042499999999999982e+00
1.300000000000000000e+01 4.109000000000000000e+03 -1.000000000000000000e+00 -1.000000000000000000e+00 -1.000000000000000000e+00 -1.000000000000000000e+00 -1.000000000000000000e+00 1.504796000000000049e+03 1.346849999999999909e+03 7.970000000000000417e-01 2.770000000000000240e-01 2.640000000000000124e-01 8.279999999999999583e-01
1.300000000000000000e+01 4.144000000000000000e+03 -1.000000000000000000e+00 -1.000000000000000000e+00 -1.000000000000000000e+00 -1.000000000000000000e+00 -1.000000000000000000e+00 1.469211999999999989e+03 1.364451999999999998e+03 1.137999999999999901e+00 3.425000000000000266e-01 2.265000000000000069e-01 8.894999999999999574e-01
1.300000000000000000e+01 4.129000000000000000e+03 -1.000000000000000000e+00 -1.000000000000000000e+00 -1.000000000000000000e+00 -1.000000000000000000e+00 -1.000000000000000000e+00 1.529844613726765601e+03 1.378434341811745981e+03 1.000407304535193109e+00 4.270000000000000462e-01 4.074999999999999734e-01 1.042499999999999982e+00
1.400000000000000000e+01 4.109000000000000000e+03 -1.000000000000000000e+00 -1.000000000000000000e+00 -1.000000000000000000e+00 -1.000000000000000000e+00 -1.000000000000000000e+00 1.504250999999999976e+03 1.347124000000000024e+03 7.760000000000000231e-01 2.770000000000000240e-01 2.640000000000000124e-01 8.279999999999999583e-01
1.400000000000000000e+01 4.144000000000000000e+03 -1.000000000000000000e+00 -1.000000000000000000e+00 -1.000000000000000000e+00 -1.000000000000000000e+00 -1.000000000000000000e+00 1.469788000000000011e+03 1.364128999999999905e+03 1.254000000000000004e+00 3.425000000000000266e-01 2.265000000000000069e-01 8.894999999999999574e-01
1.400000000000000000e+01 4.129000000000000000e+03 -1.000000000000000000e+00 -1.000000000000000000e+00 -1.000000000000000000e+00 -1.000000000000000000e+00 -1.000000000000000000e+00 1.530421689033058101e+03 1.378269876728036706e+03 1.034320473514645400e+00 4.269999999999999907e-01 4.074999999999999734e-01 1.042499999999999982e+00
1.500000000000000000e+01 4.109000000000000000e+03 -1.000000000000000000e+00 -1.000000000000000000e+00 -1.000000000000000000e+00 -1.000000000000000000e+00 -1.000000000000000000e+00 1.503655999999999949e+03 1.347554000000000087e+03 8.100000000000000533e-01 2.770000000000000240e-01 2.640000000000000124e-01 8.279999999999999583e-01
1.500000000000000000e+01 4.144000000000000000e+03 -1.000000000000000000e+00 -1.000000000000000000e+00 -1.000000000000000000e+00 -1.000000000000000000e+00 -1.000000000000000000e+00 1.470507000000000062e+03 1.363726000000000113e+03 1.397000000000000020e+00 3.425000000000000266e-01 2.265000000000000069e-01 8.894999999999999574e-01
1.500000000000000000e+01 4.129000000000000000e+03 -1.000000000000000000e+00 -1.000000000000000000e+00 -1.000000000000000000e+00 -1.000000000000000000e+00 -1.000000000000000000e+00 1.531142518880372336e+03 1.378064441943553675e+03 1.076681711555558918e+00 4.269999999999999907e-01 4.074999999999999734e-01 1.042499999999999982e+00
1.600000000000000000e+01 4.109000000000000000e+03 -1.000000000000000000e+00 -1.000000000000000000e+00 -1.000000000000000000e+00 -1.000000000000000000e+00 -1.000000000000000000e+00 1.503059999999999945e+03 1.347983999999999924e+03 8.439999999999999725e-01 2.770000000000000240e-01 2.640000000000000124e-01 8.279999999999999583e-01
1.600000000000000000e+01 4.144000000000000000e+03 -1.000000000000000000e+00 -1.000000000000000000e+00 -1.000000000000000000e+00 -1.000000000000000000e+00 -1.000000000000000000e+00 1.471152000000000044e+03 1.363357999999999947e+03 1.397000000000000020e+00 3.425000000000000266e-01 2.265000000000000069e-01 8.894999999999999574e-01
1.600000000000000000e+01 4.129000000000000000e+03 -1.000000000000000000e+00 -1.000000000000000000e+00 -1.000000000000000000e+00 -1.000000000000000000e+00 -1.000000000000000000e+00 1.531864160035700479e+03 1.377858775938224881e+03 1.119090627993866827e+00 4.269999999999999907e-01 4.074999999999999734e-01 1.042499999999999982e+00
1.700000000000000000e+01 4.109000000000000000e+03 -1.000000000000000000e+00 -1.000000000000000000e+00 -1.000000000000000000e+00 -1.000000000000000000e+00 -1.000000000000000000e+00 1.502463999999999942e+03 1.348414999999999964e+03 8.780000000000000027e-01 2.770000000000000240e-01 2.640000000000000124e-01 8.279999999999999583e-01
1.700000000000000000e+01 4.144000000000000000e+03 -1.000000000000000000e+00 -1.000000000000000000e+00 -1.000000000000000000e+00 -1.000000000000000000e+00 -1.000000000000000000e+00 1.471936999999999898e+03 1.362901000000000067e+03 1.328999999999999959e+00 3.425000000000000266e-01 2.265000000000000069e-01 8.894999999999999574e-01
1.700000000000000000e+01 4.129000000000000000e+03 -1.000000000000000000e+00 -1.000000000000000000e+00 -1.000000000000000000e+00 -1.000000000000000000e+00 -1.000000000000000000e+00 1.532586579296046011e+03 1.377652888174824739e+03 1.161545271578430460e+00 4.270000000000000462e-01 4.074999999999999734e-01 1.042499999999999982e+00
1.800000000000000000e+01 4.109000000000000000e+03 -1.000000000000000000e+00 -1.000000000000000000e+00 -1.000000000000000000e+00 -1.000000000000000000e+00 -1.000000000000000000e+00 1.501866999999999962e+03 1.348845000000000027e+03 9.120000000000000329e-01 2.770000000000000240e-01 2.640000000000000124e-01 8.279999999999999583e-01
1.800000000000000000e+01 4.129000000000000000e+03 -1.000000000000000000e+00 -1.000000000000000000e+00 -1.000000000000000000e+00 -1.000000000000000000e+00 -1.000000000000000000e+00 1.529123000000000047e+03 1.378640000000000100e+03 9.579999999999999627e-01 4.269999999999999907e-01 4.074999999999999734e-01 1.042499999999999982e+00
1.800000000000000000e+01 4.144000000000000000e+03 -1.000000000000000000e+00 -1.000000000000000000e+00 -1.000000000000000000e+00 -1.000000000000000000e+00 -1.000000000000000000e+00 1.472636999999999944e+03 1.362513999999999896e+03 1.346000000000000085e+00 3.425000000000000266e-01 2.265000000000000069e-01 8.894999999999999574e-01
1.900000000000000000e+01 4.109000000000000000e+03 -1.000000000000000000e+00 -1.000000000000000000e+00 -1.000000000000000000e+00 -1.000000000000000000e+00 -1.000000000000000000e+00 1.501330999999999904e+03 1.349232999999999947e+03 9.429999999999999494e-01 2.770000000000000240e-01 2.640000000000000124e-01 8.279999999999999583e-01
1.900000000000000000e+01 4.129000000000000000e+03 -1.000000000000000000e+00 -1.000000000000000000e+00 -1.000000000000000000e+00 -1.000000000000000000e+00 -1.000000000000000000e+00 1.528792999999999893e+03 1.378663999999999987e+03 9.549999999999999600e-01 4.269999999999999907e-01 4.074999999999999734e-01 1.042499999999999982e+00
1.900000000000000000e+01 4.144000000000000000e+03 -1.000000000000000000e+00 -1.000000000000000000e+00 -1.000000000000000000e+00 -1.000000000000000000e+00 -1.000000000000000000e+00 1.473266000000000076e+03 1.362165999999999940e+03 1.362000000000000099e+00 3.425000000000000266e-01 2.265000000000000069e-01 8.894999999999999574e-01
2.000000000000000000e+01 4.109000000000000000e+03 -1.000000000000000000e+00 -1.000000000000000000e+00 -1.000000000000000000e+00 -1.000000000000000000e+00 -1.000000000000000000e+00 1.500622000000000071e+03 1.349638999999999896e+03 9.379999999999999449e-01 2.770000000000000240e-01 2.640000000000000124e-01 8.279999999999999583e-01
2.000000000000000000e+01 4.129000000000000000e+03 -1.000000000000000000e+00 -1.000000000000000000e+00 -1.000000000000000000e+00 -1.000000000000000000e+00 -1.000000000000000000e+00 1.528133000000000038e+03 1.378729000000000042e+03 9.509999999999999565e-01 4.269999999999999907e-01 4.074999999999999734e-01 1.042499999999999982e+00
2.000000000000000000e+01 4.144000000000000000e+03 -1.000000000000000000e+00 -1.000000000000000000e+00 -1.000000000000000000e+00 -1.000000000000000000e+00 -1.000000000000000000e+00 1.474063000000000102e+03 1.361791999999999916e+03 1.316000000000000059e+00 3.425000000000000266e-01 2.265000000000000069e-01 8.894999999999999574e-01
2.100000000000000000e+01 4.109000000000000000e+03 -1.000000000000000000e+00 -1.000000000000000000e+00 -1.000000000000000000e+00 -1.000000000000000000e+00 -1.000000000000000000e+00 1.500044000000000096e+03 1.349971000000000004e+03 9.330000000000000515e-01 2.770000000000000240e-01 2.640000000000000124e-01 8.279999999999999583e-01
2.100000000000000000e+01 4.144000000000000000e+03 -1.000000000000000000e+00 -1.000000000000000000e+00 -1.000000000000000000e+00 -1.000000000000000000e+00 -1.000000000000000000e+00 1.474713999999999942e+03 1.361487000000000080e+03 1.278999999999999915e+00 3.425000000000000266e-01 2.265000000000000069e-01 8.894999999999999574e-01
2.200000000000000000e+01 4.109000000000000000e+03 -1.000000000000000000e+00 -1.000000000000000000e+00 -1.000000000000000000e+00 -1.000000000000000000e+00 -1.000000000000000000e+00 1.499400000000000091e+03 1.350340999999999894e+03 9.280000000000000471e-01 2.770000000000000240e-01 2.640000000000000124e-01 8.279999999999999583e-01
2.200000000000000000e+01 4.144000000000000000e+03 -1.000000000000000000e+00 -1.000000000000000000e+00 -1.000000000000000000e+00 -1.000000000000000000e+00 -1.000000000000000000e+00 1.475433999999999969e+03 1.361134999999999991e+03 1.413000000000000034e+00 3.425000000000000266e-01 2.265000000000000069e-01 8.894999999999999574e-01
2.300000000000000000e+01 4.109000000000000000e+03 -1.000000000000000000e+00 -1.000000000000000000e+00 -1.000000000000000000e+00 -1.000000000000000000e+00 -1.000000000000000000e+00 1.498757000000000062e+03 1.350710000000000036e+03 9.230000000000000426e-01 2.770000000000000240e-01 2.640000000000000124e-01 8.279999999999999583e-01
2.300000000000000000e+01 4.144000000000000000e+03 -1.000000000000000000e+00 -1.000000000000000000e+00 -1.000000000000000000e+00 -1.000000000000000000e+00 -1.000000000000000000e+00 1.476154999999999973e+03 1.360784000000000106e+03 1.546000000000000041e+00 3.425000000000000266e-01 2.265000000000000069e-01 8.894999999999999574e-01
2.400000000000000000e+01 4.109000000000000000e+03 -1.000000000000000000e+00 -1.000000000000000000e+00 -1.000000000000000000e+00 -1.000000000000000000e+00 -1.000000000000000000e+00 1.498048999999999978e+03 1.351116999999999962e+03 9.170000000000000373e-01 2.770000000000000240e-01 2.640000000000000124e-01 8.279999999999999583e-01
2.400000000000000000e+01 4.144000000000000000e+03 -1.000000000000000000e+00 -1.000000000000000000e+00 -1.000000000000000000e+00 -1.000000000000000000e+00 -1.000000000000000000e+00 1.476926999999999907e+03 1.360362000000000080e+03 1.399999999999999911e+00 3.425000000000000266e-01 2.265000000000000069e-01 8.894999999999999574e-01
2.500000000000000000e+01 4.109000000000000000e+03 -1.000000000000000000e+00 -1.000000000000000000e+00 -1.000000000000000000e+00 -1.000000000000000000e+00 -1.000000000000000000e+00 1.497448000000000093e+03 1.351539999999999964e+03 8.589999999999999858e-01 2.770000000000000240e-01 2.640000000000000124e-01 8.279999999999999583e-01
2.500000000000000000e+01 4.144000000000000000e+03 -1.000000000000000000e+00 -1.000000000000000000e+00 -1.000000000000000000e+00 -1.000000000000000000e+00 -1.000000000000000000e+00 1.477628446162364526e+03 1.359978914624005029e+03 1.266867307518215968e+00 3.425000000000000266e-01 2.265000000000000069e-01 8.894999999999999574e-01
2.600000000000000000e+01 4.109000000000000000e+03 -1.000000000000000000e+00 -1.000000000000000000e+00 -1.000000000000000000e+00 -1.000000000000000000e+00 -1.000000000000000000e+00 1.496779999999999973e+03 1.352009999999999991e+03 7.940000000000000391e-01 2.770000000000000240e-01 2.640000000000000124e-01 8.279999999999999583e-01
2.600000000000000000e+01 4.144000000000000000e+03 -1.000000000000000000e+00 -1.000000000000000000e+00 -1.000000000000000000e+00 -1.000000000000000000e+00 -1.000000000000000000e+00 1.478259999999999991e+03 1.359634000000000015e+03 1.147000000000000020e+00 3.425000000000000266e-01 2.265000000000000069e-01 8.894999999999999574e-01
2.700000000000000000e+01 4.109000000000000000e+03 -1.000000000000000000e+00 -1.000000000000000000e+00 -1.000000000000000000e+00 -1.000000000000000000e+00 -1.000000000000000000e+00 1.496112000000000080e+03 1.352480000000000018e+03 7.289999999999999813e-01 2.770000000000000240e-01 2.640000000000000124e-01 8.279999999999999583e-01
2.800000000000000000e+01 4.109000000000000000e+03 -1.000000000000000000e+00 -1.000000000000000000e+00 -1.000000000000000000e+00 -1.000000000000000000e+00 -1.000000000000000000e+00 1.495377999999999929e+03 1.352997000000000071e+03 6.570000000000000284e-01 2.770000000000000240e-01 2.640000000000000124e-01 8.279999999999999583e-01
2.900000000000000000e+01 4.109000000000000000e+03 -1.000000000000000000e+00 -1.000000000000000000e+00 -1.000000000000000000e+00 -1.000000000000000000e+00 -1.000000000000000000e+00 1.494711000000000013e+03 1.353465999999999894e+03 5.919999999999999707e-01 2.770000000000000240e-01 2.640000000000000124e-01 8.279999999999999583e-01
3.000000000000000000e+01 4.109000000000000000e+03 -1.000000000000000000e+00 -1.000000000000000000e+00 -1.000000000000000000e+00 -1.000000000000000000e+00 -1.000000000000000000e+00 1.494032999999999902e+03 1.353910000000000082e+03 6.870000000000000551e-01 2.770000000000000240e-01 2.640000000000000124e-01 8.279999999999999583e-01
3.100000000000000000e+01 4.109000000000000000e+03 -1.000000000000000000e+00 -1.000000000000000000e+00 -1.000000000000000000e+00 -1.000000000000000000e+00 -1.000000000000000000e+00 1.493336000000000013e+03 1.354326000000000022e+03 7.820000000000000284e-01 2.770000000000000240e-01 2.640000000000000124e-01 8.279999999999999583e-01
3.800000000000000000e+01 4.156000000000000000e+03 -1.000000000000000000e+00 -1.000000000000000000e+00 -1.000000000000000000e+00 -1.000000000000000000e+00 -1.000000000000000000e+00 1.441336999999999989e+03 1.268951000000000022e+03 1.044999999999999929e+00 2.034999999999999865e-01 2.934999999999999831e-01 9.054999999999999716e-01
3.900000000000000000e+01 4.156000000000000000e+03 -1.000000000000000000e+00 -1.000000000000000000e+00 -1.000000000000000000e+00 -1.000000000000000000e+00 -1.000000000000000000e+00 1.441503999999999905e+03 1.268882000000000062e+03 1.044999999999999929e+00 2.034999999999999865e-01 2.934999999999999831e-01 9.054999999999999716e-01
4.000000000000000000e+01 4.156000000000000000e+03 -1.000000000000000000e+00 -1.000000000000000000e+00 -1.000000000000000000e+00 -1.000000000000000000e+00 -1.000000000000000000e+00 1.441670000000000073e+03 1.268814000000000078e+03 1.044999999999999929e+00 2.034999999999999865e-01 2.934999999999999831e-01 9.054999999999999716e-01
4.100000000000000000e+01 4.156000000000000000e+03 -1.000000000000000000e+00 -1.000000000000000000e+00 -1.000000000000000000e+00 -1.000000000000000000e+00 -1.000000000000000000e+00 1.441891000000000076e+03 1.268711000000000013e+03 1.044999999999999929e+00 2.034999999999999865e-01 2.934999999999999831e-01 9.054999999999999716e-01
