1.000000000000000000e+00 3.281000000000000000e+03 -1.000000000000000000e+00 -1.000000000000000000e+00 -1.000000000000000000e+00 -1.000000000000000000e+00 -1.000000000000000000e+00 1.268192999999999984e+03 9.360220000000000482e+02 1.673999999999999932e+00 1.350999999999999979e+00 5.011999999999999567e+00 1.421000000000000041e+00
2.000000000000000000e+00 3.281000000000000000e+03 -1.000000000000000000e+00 -1.000000000000000000e+00 -1.000000000000000000e+00 -1.000000000000000000e+00 -1.000000000000000000e+00 1.268174999999999955e+03 9.360389999999999873e+02 1.649000000000000021e+00 1.350999999999999979e+00 5.011999999999999567e+00 1.421000000000000041e+00
3.000000000000000000e+00 3.281000000000000000e+03 -1.000000000000000000e+00 -1.000000000000000000e+00 -1.000000000000000000e+00 -1.000000000000000000e+00 -1.000000000000000000e+00 1.268154999999999973e+03 9.360570000000000164e+02 1.622000000000000108e+00 1.350999999999999979e+00 5.011999999999999567e+00 1.421000000000000041e+00
4.000000000000000000e+00 3.281000000000000000e+03 -1.000000000000000000e+00 -1.000000000000000000e+00 -1.000000000000000000e+00 -1.000000000000000000e+00 -1.000000000000000000e+00 1.268136999999999944e+03 9.360729999999999791e+02 1.598000000000000087e+00 1.350999999999999979e+00 5.011999999999999567e+00 1.421000000000000041e+00
5.000000000000000000e+00 3.281000000000000000e+03 -1.000000000000000000e+00 -1.000000000000000000e+00 -1.000000000000000000e+00 -1.000000000000000000e+00 -1.000000000000000000e+00 1.268044000000000096e+03 9.361580000000000155e+02 1.586000000000000076e+00 1.350999999999999979e+00 5.011999999999999567e+00 1.421000000000000041e+00
6.000000000000000000e+00 3.281000000000000000e+03 -1.000000000000000000e+00 -1.000000000000000000e+00 -1.000000000000000000e+00 -1.000000000000000000e+00 -1.000000000000000000e+00 1.267951999999999998e+03 9.362440000000000282e+02 1.572999999999999954e+00 1.350999999999999979e+00 5.011999999999999567e+00 1.421000000000000041e+00
7.000000000000000000e+00 3.281000000000000000e+03 -1.000000000000000000e+00 -1.000000000000000000e+00 -1.000000000000000000e+00 -1.000000000000000000e+00 -1.000000000000000000e+00 1.267858999999999924e+03 9.363289999999999509e+02 1.560000000000000053e+00 1.350999999999999979e+00 5.011999999999999567e+00 1.421000000000000041e+00
8.000000000000000000e+00 3.281000000000000000e+03 -1.000000000000000000e+00 -1.000000000000000000e+00 -1.000000000000000000e+00 -1.000000000000000000e+00 -1.000000000000000000e+00 1.267842000000000098e+03 9.363440000000000509e+02 1.548999999999999932e+00 1.350999999999999979e+00 5.011999999999999567e+00 1.421000000000000041e+00
9.000000000000000000e+00 3.281000000000000000e+03 -1.000000000000000000e+00 -1.000000000000000000e+00 -1.000000000000000000e+00 -1.000000000000000000e+00 -1.000000000000000000e+00 1.267824000000000069e+03 9.363619999999999663e+02 1.536000000000000032e+00 1.350999999999999979e+00 5.011999999999999567e+00 1.421000000000000041e+00
1.000000000000000000e+01 3.281000000000000000e+03 -1.000000000000000000e+00 -1.000000000000000000e+00 -1.000000000000000000e+00 -1.000000000000000000e+00 -1.000000000000000000e+00 1.267803000000000111e+03 9.363799999999999955e+02 1.522999999999999909e+00 1.350999999999999979e+00 5.011999999999999567e+00 1.421000000000000041e+00
1.100000000000000000e+01 3.281000000000000000e+03 -1.000000000000000000e+00 -1.000000000000000000e+00 -1.000000000000000000e+00 -1.000000000000000000e+00 -1.000000000000000000e+00 1.267836000000000013e+03 9.363500000000000227e+02 1.522999999999999909e+00 1.350999999999999979e+00 5.011999999999999567e+00 1.421000000000000041e+00
1.200000000000000000e+01 3.281000000000000000e+03 -1.000000000000000000e+00 -1.000000000000000000e+00 -1.000000000000000000e+00 -1.000000000000000000e+00 -1.000000000000000000e+00 1.267868999999999915e+03 9.363200000000000500e+02 1.522999999999999909e+00 1.350999999999999979e+00 5.011999999999999567e+00 1.421000000000000041e+00
1.300000000000000000e+01 3.281000000000000000e+03 -1.000000000000000000e+00 -1.000000000000000000e+00 -1.000000000000000000e+00 -1.000000000000000000e+00 -1.000000000000000000e+00 1.267909000000000106e+03 9.362830000000000155e+02 1.522999999999999909e+00 1.350999999999999979e+00 5.011999999999999567e+00 1.421000000000000041e+00
1.400000000000000000e+01 3.281000000000000000e+03 -1.000000000000000000e+00 -1.000000000000000000e+00 -1.000000000000000000e+00 -1.000000000000000000e+00 -1.000000000000000000e+00 1.267942000000000007e+03 9.362530000000000427e+02 1.522999999999999909e+00 1.350999999999999979e+00 5.011999999999999567e+00 1.421000000000000041e+00
1.500000000000000000e+01 3.281000000000000000e+03 -1.000000000000000000e+00 -1.000000000000000000e+00 -1.000000000000000000e+00 -1.000000000000000000e+00 -1.000000000000000000e+00 1.267991999999999962e+03 9.362400000000000091e+02 1.403000000000000025e+00 1.350999999999999979e+00 5.011999999999999567e+00 1.421000000000000041e+00
1.600000000000000000e+01 3.281000000000000000e+03 -1.000000000000000000e+00 -1.000000000000000000e+00 -1.000000000000000000e+00 -1.000000000000000000e+00 -1.000000000000000000e+00 1.268040999999999940e+03 9.362279999999999518e+02 1.419999999999999929e+00 1.350999999999999979e+00 5.011999999999999567e+00 1.421000000000000041e+00
1.700000000000000000e+01 3.281000000000000000e+03 -1.000000000000000000e+00 -1.000000000000000000e+00 -1.000000000000000000e+00 -1.000000000000000000e+00 -1.000000000000000000e+00 1.268090999999999894e+03 9.362150000000000318e+02 1.435999999999999943e+00 1.350999999999999979e+00 5.011999999999999567e+00 1.421000000000000041e+00
1.800000000000000000e+01 3.281000000000000000e+03 -1.000000000000000000e+00 -1.000000000000000000e+00 -1.000000000000000000e+00 -1.000000000000000000e+00 -1.000000000000000000e+00 1.268141000000000076e+03 9.362019999999999982e+02 1.453000000000000069e+00 1.350999999999999979e+00 5.011999999999999567e+00 1.421000000000000041e+00
1.900000000000000000e+01 3.281000000000000000e+03 -1.000000000000000000e+00 -1.000000000000000000e+00 -1.000000000000000000e+00 -1.000000000000000000e+00 -1.000000000000000000e+00 1.268190000000000055e+03 9.361900000000000546e+02 1.469000000000000083e+00 1.350999999999999979e+00 5.011999999999999567e+00 1.421000000000000041e+00
2.000000000000000000e+01 3.281000000000000000e+03 -1.000000000000000000e+00 -1.000000000000000000e+00 -1.000000000000000000e+00 -1.000000000000000000e+00 -1.000000000000000000e+00 1.268240000000000009e+03 9.361770000000000209e+02 1.485999999999999988e+00 1.350999999999999979e+00 5.011999999999999567e+00 1.421000000000000041e+00
2.100000000000000000e+01 3.281000000000000000e+03 -1.000000000000000000e+00 -1.000000000000000000e+00 -1.000000000000000000e+00 -1.000000000000000000e+00 -1.000000000000000000e+00 1.268276000000000067e+03 9.361710000000000491e+02 1.512000000000000011e+00 1.350999999999999979e+00 5.011999999999999567e+00 1.421000000000000041e+00
2.200000000000000000e+01 3.281000000000000000e+03 -1.000000000000000000e+00 -1.000000000000000000e+00 -1.000000000000000000e+00 -1.000000000000000000e+00 -1.000000000000000000e+00 1.268316000000000031e+03 9.361639999999999873e+02 1.542000000000000037e+00 1.350999999999999979e+00 5.011999999999999567e+00 1.421000000000000041e+00
2.300000000000000000e+01 3.281000000000000000e+03 -1.000000000000000000e+00 -1.000000000000000000e+00 -1.000000000000000000e+00 -1.000000000000000000e+00 -1.000000000000000000e+00 1.268361000000000104e+03 9.361549999999999727e+02 1.574999999999999956e+00 1.350999999999999979e+00 5.011999999999999567e+00 1.421000000000000041e+00
2.400000000000000000e+01 3.281000000000000000e+03 -1.000000000000000000e+00 -1.000000000000000000e+00 -1.000000000000000000e+00 -1.000000000000000000e+00 -1.000000000000000000e+00 1.268405999999999949e+03 9.361470000000000482e+02 1.608000000000000096e+00 1.350999999999999979e+00 5.011999999999999567e+00 1.421000000000000041e+00
2.500000000000000000e+01 3.281000000000000000e+03 -1.000000000000000000e+00 -1.000000000000000000e+00 -1.000000000000000000e+00 -1.000000000000000000e+00 -1.000000000000000000e+00 1.268454999999999927e+03 9.361380000000000337e+02 1.643999999999999906e+00 1.350999999999999979e+00 5.011999999999999567e+00 1.421000000000000041e+00
2.600000000000000000e+01 3.281000000000000000e+03 -1.000000000000000000e+00 -1.000000000000000000e+00 -1.000000000000000000e+00 -1.000000000000000000e+00 -1.000000000000000000e+00 1.268500000000000000e+03 9.361299999999999955e+02 1.677000000000000046e+00 1.350999999999999979e+00 5.011999999999999567e+00 1.421000000000000041e+00
2.700000000000000000e+01 3.281000000000000000e+03 -1.000000000000000000e+00 -1.000000000000000000e+00 -1.000000000000000000e+00 -1.000000000000000000e+00 -1.000000000000000000e+00 1.268545000000000073e+03 9.361219999999999573e+02 1.683000000000000052e+00 1.350999999999999979e+00 5.011999999999999567e+00 1.421000000000000041e+00
2.800000000000000000e+01 3.281000000000000000e+03 -1.000000000000000000e+00 -1.000000000000000000e+00 -1.000000000000000000e+00 -1.000000000000000000e+00 -1.000000000000000000e+00 1.268589999999999918e+03 9.361140000000000327e+02 1.689000000000000057e+00 1.350999999999999979e+00 5.011999999999999567e+00 1.421000000000000041e+00
2.900000000000000000e+01 3.281000000000000000e+03 -1.000000000000000000e+00 -1.000000000000000000e+00 -1.000000000000000000e+00 -1.000000000000000000e+00 -1.000000000000000000e+00 1.268634000000000015e+03 9.361059999999999945e+02 1.695000000000000062e+00 1.350999999999999979e+00 5.011999999999999567e+00 1.421000000000000041e+00
3.000000000000000000e+01 3.281000000000000000e+03 -1.000000000000000000e+00 -1.000000000000000000e+00 -1.000000000000000000e+00 -1.000000000000000000e+00 -1.000000000000000000e+00 1.268688000000000102e+03 9.360960000000000036e+02 1.701000000000000068e+00 1.350999999999999979e+00 5.011999999999999567e+00 1.421000000000000041e+00
3.100000000000000000e+01 3.281000000000000000e+03 -1.000000000000000000e+00 -1.000000000000000000e+00 -1.000000000000000000e+00 -1.000000000000000000e+00 -1.000000000000000000e+00 1.268732999999999947e+03 9.360879999999999654e+02 1.707000000000000073e+00 1.350999999999999979e+00 5.011999999999999567e+00 1.421000000000000041e+00
3.200000000000000000e+01 3.281000000000000000e+03 -1.000000000000000000e+00 -1.000000000000000000e+00 -1.000000000000000000e+00 -1.000000000000000000e+00 -1.000000000000000000e+00 1.268778000000000020e+03 9.360800000000000409e+02 1.713000000000000078e+00 1.350999999999999979e+00 5.011999999999999567e+00 1.421000000000000041e+00
3.300000000000000000e+01 3.281000000000000000e+03 -1.000000000000000000e+00 -1.000000000000000000e+00 -1.000000000000000000e+00 -1.000000000000000000e+00 -1.000000000000000000e+00 1.268823000000000093e+03 9.360720000000000027e+02 1.719000000000000083e+00 1.350999999999999979e+00 5.011999999999999567e+00 1.421000000000000041e+00
3.400000000000000000e+01 3.281000000000000000e+03 -1.000000000000000000e+00 -1.000000000000000000e+00 -1.000000000000000000e+00 -1.000000000000000000e+00 -1.000000000000000000e+00 1.268866999999999962e+03 9.360639999999999645e+02 1.725000000000000089e+00 1.350999999999999979e+00 5.011999999999999567e+00 1.421000000000000041e+00
3.500000000000000000e+01 3.281000000000000000e+03 -1.000000000000000000e+00 -1.000000000000000000e+00 -1.000000000000000000e+00 -1.000000000000000000e+00 -1.000000000000000000e+00 1.268912000000000035e+03 9.360560000000000400e+02 1.729999999999999982e+00 1.350999999999999979e+00 5.011999999999999567e+00 1.421000000000000041e+00
3.600000000000000000e+01 3.281000000000000000e+03 -1.000000000000000000e+00 -1.000000000000000000e+00 -1.000000000000000000e+00 -1.000000000000000000e+00 -1.000000000000000000e+00 1.268957000000000107e+03 9.360480000000000018e+02 1.735999999999999988e+00 1.350999999999999979e+00 5.011999999999999567e+00 1.421000000000000041e+00
3.700000000000000000e+01 3.281000000000000000e+03 -1.000000000000000000e+00 -1.000000000000000000e+00 -1.000000000000000000e+00 -1.000000000000000000e+00 -1.000000000000000000e+00 1.269001999999999953e+03 9.360389999999999873e+02 1.741999999999999993e+00 1.350999999999999979e+00 5.011999999999999567e+00 1.421000000000000041e+00
3.800000000000000000e+01 3.281000000000000000e+03 -1.000000000000000000e+00 -1.000000000000000000e+00 -1.000000000000000000e+00 -1.000000000000000000e+00 -1.000000000000000000e+00 1.269047000000000025e+03 9.360309999999999491e+02 1.747999999999999998e+00 1.350999999999999979e+00 5.011999999999999567e+00 1.421000000000000041e+00
3.900000000000000000e+01 3.281000000000000000e+03 -1.000000000000000000e+00 -1.000000000000000000e+00 -1.000000000000000000e+00 -1.000000000000000000e+00 -1.000000000000000000e+00 1.269090999999999894e+03 9.360230000000000246e+02 1.752999999999999892e+00 1.350999999999999979e+00 5.011999999999999567e+00 1.421000000000000041e+00
4.000000000000000000e+01 3.281000000000000000e+03 -1.000000000000000000e+00 -1.000000000000000000e+00 -1.000000000000000000e+00 -1.000000000000000000e+00 -1.000000000000000000e+00 1.269067000000000007e+03 9.359959999999999809e+02 1.776999999999999913e+00 1.350999999999999979e+00 5.011999999999999567e+00 1.421000000000000041e+00
