1.000000000000000000e+00 1.547000000000000000e+03 -1.000000000000000000e+00 -1.000000000000000000e+00 -1.000000000000000000e+00 -1.000000000000000000e+00 -1.000000000000000000e+00 1.734537000000000035e+03 1.229253999999999905e+03 8.599999999999999867e-01 1.592500000000000027e+00 3.431500000000000217e+00 1.126500000000000057e+00
1.000000000000000000e+00 1.550000000000000000e+03 -1.000000000000000000e+00 -1.000000000000000000e+00 -1.000000000000000000e+00 -1.000000000000000000e+00 -1.000000000000000000e+00 1.742222999999999956e+03 1.249375000000000000e+03 1.229000000000000092e+00 1.185999999999999943e+00 2.851500000000000146e+00 1.344999999999999973e+00
1.000000000000000000e+00 1.553000000000000000e+03 -1.000000000000000000e+00 -1.000000000000000000e+00 -1.000000000000000000e+00 -1.000000000000000000e+00 -1.000000000000000000e+00 1.736865000000000009e+03 1.252686999999999898e+03 1.207000000000000073e+00 1.118500000000000050e+00 3.012000000000000011e+00 1.370999999999999996e+00
2.000000000000000000e+00 1.547000000000000000e+03 -1.000000000000000000e+00 -1.000000000000000000e+00 -1.000000000000000000e+00 -1.000000000000000000e+00 -1.000000000000000000e+00 1.734167999999999893e+03 1.229090999999999894e+03 9.080000000000000293e-01 1.592500000000000027e+00 3.431500000000000217e+00 1.126500000000000057e+00
2.000000000000000000e+00 1.558000000000000000e+03 -1.000000000000000000e+00 -1.000000000000000000e+00 -1.000000000000000000e+00 -1.000000000000000000e+00 -1.000000000000000000e+00 1.775545000000000073e+03 1.224241999999999962e+03 1.475000000000000089e+00 1.348500000000000032e+00 3.281000000000000139e+00 1.552999999999999936e+00
2.000000000000000000e+00 1.550000000000000000e+03 -1.000000000000000000e+00 -1.000000000000000000e+00 -1.000000000000000000e+00 -1.000000000000000000e+00 -1.000000000000000000e+00 1.742326000000000022e+03 1.249317000000000007e+03 1.278999999999999915e+00 1.185999999999999943e+00 2.851500000000000146e+00 1.344999999999999973e+00
2.000000000000000000e+00 1.553000000000000000e+03 -1.000000000000000000e+00 -1.000000000000000000e+00 -1.000000000000000000e+00 -1.000000000000000000e+00 -1.000000000000000000e+00 1.737037000000000035e+03 1.252711999999999989e+03 1.207000000000000073e+00 1.118500000000000050e+00 3.012000000000000011e+00 1.370999999999999996e+00
3.000000000000000000e+00 1.547000000000000000e+03 -1.000000000000000000e+00 -1.000000000000000000e+00 -1.000000000000000000e+00 -1.000000000000000000e+00 -1.000000000000000000e+00 1.734167999999999893e+03 1.229090999999999894e+03 9.080000000000000293e-01 1.592500000000000027e+00 3.431500000000000217e+00 1.126500000000000057e+00
3.000000000000000000e+00 1.558000000000000000e+03 -1.000000000000000000e+00 -1.000000000000000000e+00 -1.000000000000000000e+00 -1.000000000000000000e+00 -1.000000000000000000e+00 1.771191000000000031e+03 1.226540999999999940e+03 1.524999999999999911e+00 1.348500000000000032e+00 3.281000000000000139e+00 1.552999999999999936e+00
3.000000000000000000e+00 1.550000000000000000e+03 -1.000000000000000000e+00 -1.000000000000000000e+00 -1.000000000000000000e+00 -1.000000000000000000e+00 -1.000000000000000000e+00 1.742306000000000040e+03 1.249282999999999902e+03 1.229000000000000092e+00 1.185999999999999943e+00 2.851500000000000146e+00 1.344999999999999973e+00
3.000000000000000000e+00 1.553000000000000000e+03 -1.000000000000000000e+00 -1.000000000000000000e+00 -1.000000000000000000e+00 -1.000000000000000000e+00 -1.000000000000000000e+00 1.736865000000000009e+03 1.252757000000000062e+03 1.256999999999999895e+00 1.118500000000000050e+00 3.012000000000000011e+00 1.370999999999999996e+00
4.000000000000000000e+00 1.547000000000000000e+03 -1.000000000000000000e+00 -1.000000000000000000e+00 -1.000000000000000000e+00 -1.000000000000000000e+00 -1.000000000000000000e+00 1.734167999999999893e+03 1.229090999999999894e+03 9.080000000000000293e-01 1.592500000000000027e+00 3.431500000000000217e+00 1.126500000000000057e+00
4.000000000000000000e+00 1.558000000000000000e+03 -1.000000000000000000e+00 -1.000000000000000000e+00 -1.000000000000000000e+00 -1.000000000000000000e+00 -1.000000000000000000e+00 1.766714999999999918e+03 1.228803000000000111e+03 1.574999999999999956e+00 1.348500000000000032e+00 3.281000000000000139e+00 1.552999999999999936e+00
4.000000000000000000e+00 1.550000000000000000e+03 -1.000000000000000000e+00 -1.000000000000000000e+00 -1.000000000000000000e+00 -1.000000000000000000e+00 -1.000000000000000000e+00 1.742355000000000018e+03 1.249210000000000036e+03 1.328999999999999959e+00 1.185999999999999943e+00 2.851500000000000146e+00 1.344999999999999973e+00
4.000000000000000000e+00 1.553000000000000000e+03 -1.000000000000000000e+00 -1.000000000000000000e+00 -1.000000000000000000e+00 -1.000000000000000000e+00 -1.000000000000000000e+00 1.736832000000000107e+03 1.252681000000000040e+03 1.256999999999999895e+00 1.118500000000000050e+00 3.012000000000000011e+00 1.370999999999999996e+00
5.000000000000000000e+00 1.547000000000000000e+03 -1.000000000000000000e+00 -1.000000000000000000e+00 -1.000000000000000000e+00 -1.000000000000000000e+00 -1.000000000000000000e+00 1.734172000000000025e+03 1.229174999999999955e+03 9.080000000000000293e-01 1.592500000000000027e+00 3.431500000000000217e+00 1.126500000000000057e+00
5.000000000000000000e+00 1.558000000000000000e+03 -1.000000000000000000e+00 -1.000000000000000000e+00 -1.000000000000000000e+00 -1.000000000000000000e+00 -1.000000000000000000e+00 1.761721000000000004e+03 1.231249000000000024e+03 1.524999999999999911e+00 1.348500000000000032e+00 3.281000000000000139e+00 1.552999999999999936e+00
5.000000000000000000e+00 1.550000000000000000e+03 -1.000000000000000000e+00 -1.000000000000000000e+00 -1.000000000000000000e+00 -1.000000000000000000e+00 -1.000000000000000000e+00 1.742355000000000018e+03 1.249210000000000036e+03 1.379000000000000004e+00 1.185999999999999943e+00 2.851500000000000146e+00 1.344999999999999973e+00
5.000000000000000000e+00 1.553000000000000000e+03 -1.000000000000000000e+00 -1.000000000000000000e+00 -1.000000000000000000e+00 -1.000000000000000000e+00 -1.000000000000000000e+00 1.736869999999999891e+03 1.252767000000000053e+03 1.457000000000000073e+00 1.118500000000000050e+00 3.012000000000000011e+00 1.370999999999999996e+00
6.000000000000000000e+00 1.547000000000000000e+03 -1.000000000000000000e+00 -1.000000000000000000e+00 -1.000000000000000000e+00 -1.000000000000000000e+00 -1.000000000000000000e+00 1.734172000000000025e+03 1.229174999999999955e+03 9.080000000000000293e-01 1.592500000000000027e+00 3.431500000000000217e+00 1.126500000000000057e+00
6.000000000000000000e+00 1.558000000000000000e+03 -1.000000000000000000e+00 -1.000000000000000000e+00 -1.000000000000000000e+00 -1.000000000000000000e+00 -1.000000000000000000e+00 1.756775000000000091e+03 1.233874000000000024e+03 1.614999999999999991e+00 1.348500000000000032e+00 3.281000000000000139e+00 1.552999999999999936e+00
6.000000000000000000e+00 1.550000000000000000e+03 -1.000000000000000000e+00 -1.000000000000000000e+00 -1.000000000000000000e+00 -1.000000000000000000e+00 -1.000000000000000000e+00 1.742355000000000018e+03 1.249210000000000036e+03 1.479000000000000092e+00 1.185999999999999943e+00 2.851500000000000146e+00 1.344999999999999973e+00
6.000000000000000000e+00 1.553000000000000000e+03 -1.000000000000000000e+00 -1.000000000000000000e+00 -1.000000000000000000e+00 -1.000000000000000000e+00 -1.000000000000000000e+00 1.736843000000000075e+03 1.252878999999999905e+03 1.256999999999999895e+00 1.118500000000000050e+00 3.012000000000000011e+00 1.370999999999999996e+00
7.000000000000000000e+00 1.547000000000000000e+03 -1.000000000000000000e+00 -1.000000000000000000e+00 -1.000000000000000000e+00 -1.000000000000000000e+00 -1.000000000000000000e+00 1.734172000000000025e+03 1.229174999999999955e+03 9.080000000000000293e-01 1.592500000000000027e+00 3.431500000000000217e+00 1.126500000000000057e+00
7.000000000000000000e+00 1.558000000000000000e+03 -1.000000000000000000e+00 -1.000000000000000000e+00 -1.000000000000000000e+00 -1.000000000000000000e+00 -1.000000000000000000e+00 1.751747000000000071e+03 1.236750000000000000e+03 1.725000000000000089e+00 1.348500000000000032e+00 3.281000000000000139e+00 1.552999999999999936e+00
7.000000000000000000e+00 1.550000000000000000e+03 -1.000000000000000000e+00 -1.000000000000000000e+00 -1.000000000000000000e+00 -1.000000000000000000e+00 -1.000000000000000000e+00 1.742355000000000018e+03 1.249210000000000036e+03 1.429000000000000048e+00 1.185999999999999943e+00 2.851500000000000146e+00 1.344999999999999973e+00
7.000000000000000000e+00 1.553000000000000000e+03 -1.000000000000000000e+00 -1.000000000000000000e+00 -1.000000000000000000e+00 -1.000000000000000000e+00 -1.000000000000000000e+00 1.736703999999999951e+03 1.252954999999999927e+03 1.256999999999999895e+00 1.118500000000000050e+00 3.012000000000000011e+00 1.370999999999999996e+00
8.000000000000000000e+00 1.547000000000000000e+03 -1.000000000000000000e+00 -1.000000000000000000e+00 -1.000000000000000000e+00 -1.000000000000000000e+00 -1.000000000000000000e+00 1.734172000000000025e+03 1.229174999999999955e+03 9.080000000000000293e-01 1.592500000000000027e+00 3.431500000000000217e+00 1.126500000000000057e+00
8.000000000000000000e+00 1.558000000000000000e+03 -1.000000000000000000e+00 -1.000000000000000000e+00 -1.000000000000000000e+00 -1.000000000000000000e+00 -1.000000000000000000e+00 1.746817000000000007e+03 1.239520999999999958e+03 1.625000000000000000e+00 1.348500000000000032e+00 3.281000000000000139e+00 1.552999999999999936e+00
8.000000000000000000e+00 1.550000000000000000e+03 -1.000000000000000000e+00 -1.000000000000000000e+00 -1.000000000000000000e+00 -1.000000000000000000e+00 -1.000000000000000000e+00 1.742355000000000018e+03 1.249210000000000036e+03 1.429000000000000048e+00 1.185999999999999943e+00 2.851500000000000146e+00 1.344999999999999973e+00
8.000000000000000000e+00 1.553000000000000000e+03 -1.000000000000000000e+00 -1.000000000000000000e+00 -1.000000000000000000e+00 -1.000000000000000000e+00 -1.000000000000000000e+00 1.736710000000000036e+03 1.252954999999999927e+03 1.256999999999999895e+00 1.118500000000000050e+00 3.012000000000000011e+00 1.370999999999999996e+00
9.000000000000000000e+00 1.547000000000000000e+03 -1.000000000000000000e+00 -1.000000000000000000e+00 -1.000000000000000000e+00 -1.000000000000000000e+00 -1.000000000000000000e+00 1.734170000000000073e+03 1.229134000000000015e+03 1.008000000000000007e+00 1.592500000000000027e+00 3.431500000000000217e+00 1.126500000000000057e+00
9.000000000000000000e+00 1.558000000000000000e+03 -1.000000000000000000e+00 -1.000000000000000000e+00 -1.000000000000000000e+00 -1.000000000000000000e+00 -1.000000000000000000e+00 1.742479000000000042e+03 1.241964999999999918e+03 1.675000000000000044e+00 1.348500000000000032e+00 3.281000000000000139e+00 1.552999999999999936e+00
9.000000000000000000e+00 1.550000000000000000e+03 -1.000000000000000000e+00 -1.000000000000000000e+00 -1.000000000000000000e+00 -1.000000000000000000e+00 -1.000000000000000000e+00 1.742154999999999973e+03 1.249334000000000060e+03 1.379000000000000004e+00 1.185999999999999943e+00 2.851500000000000146e+00 1.344999999999999973e+00
9.000000000000000000e+00 1.553000000000000000e+03 -1.000000000000000000e+00 -1.000000000000000000e+00 -1.000000000000000000e+00 -1.000000000000000000e+00 -1.000000000000000000e+00 1.736708499326697392e+03 1.252912480923089333e+03 1.357044886848153498e+00 1.118500000000000050e+00 3.012000000000000011e+00 1.370999999999999996e+00
1.000000000000000000e+01 1.547000000000000000e+03 -1.000000000000000000e+00 -1.000000000000000000e+00 -1.000000000000000000e+00 -1.000000000000000000e+00 -1.000000000000000000e+00 1.734170000000000073e+03 1.229134000000000015e+03 1.008000000000000007e+00 1.592500000000000027e+00 3.431500000000000217e+00 1.126500000000000057e+00
1.000000000000000000e+01 1.558000000000000000e+03 -1.000000000000000000e+00 -1.000000000000000000e+00 -1.000000000000000000e+00 -1.000000000000000000e+00 -1.000000000000000000e+00 1.738239000000000033e+03 1.244305000000000064e+03 1.675000000000000044e+00 1.348500000000000032e+00 3.281000000000000139e+00 1.552999999999999936e+00
1.000000000000000000e+01 1.550000000000000000e+03 -1.000000000000000000e+00 -1.000000000000000000e+00 -1.000000000000000000e+00 -1.000000000000000000e+00 -1.000000000000000000e+00 1.742288000000000011e+03 1.249250999999999976e+03 1.379000000000000004e+00 1.185999999999999943e+00 2.851500000000000146e+00 1.344999999999999973e+00
1.000000000000000000e+01 1.553000000000000000e+03 -1.000000000000000000e+00 -1.000000000000000000e+00 -1.000000000000000000e+00 -1.000000000000000000e+00 -1.000000000000000000e+00 1.736707000000000107e+03 1.252869999999999891e+03 1.457000000000000073e+00 1.118500000000000050e+00 3.012000000000000011e+00 1.370999999999999996e+00
1.100000000000000000e+01 1.547000000000000000e+03 -1.000000000000000000e+00 -1.000000000000000000e+00 -1.000000000000000000e+00 -1.000000000000000000e+00 -1.000000000000000000e+00 1.734170000000000073e+03 1.229134000000000015e+03 1.058000000000000052e+00 1.592500000000000027e+00 3.431500000000000217e+00 1.126500000000000057e+00
1.100000000000000000e+01 1.558000000000000000e+03 -1.000000000000000000e+00 -1.000000000000000000e+00 -1.000000000000000000e+00 -1.000000000000000000e+00 -1.000000000000000000e+00 1.734051999999999907e+03 1.246460000000000036e+03 1.774999999999999911e+00 1.348500000000000032e+00 3.281000000000000139e+00 1.552999999999999936e+00
1.100000000000000000e+01 1.550000000000000000e+03 -1.000000000000000000e+00 -1.000000000000000000e+00 -1.000000000000000000e+00 -1.000000000000000000e+00 -1.000000000000000000e+00 1.742248000000000047e+03 1.249183999999999969e+03 1.379000000000000004e+00 1.185999999999999943e+00 2.851500000000000146e+00 1.344999999999999973e+00
1.100000000000000000e+01 1.553000000000000000e+03 -1.000000000000000000e+00 -1.000000000000000000e+00 -1.000000000000000000e+00 -1.000000000000000000e+00 -1.000000000000000000e+00 1.736755000000000109e+03 1.252703999999999951e+03 1.457000000000000073e+00 1.118500000000000050e+00 3.012000000000000011e+00 1.370999999999999996e+00
1.200000000000000000e+01 1.547000000000000000e+03 -1.000000000000000000e+00 -1.000000000000000000e+00 -1.000000000000000000e+00 -1.000000000000000000e+00 -1.000000000000000000e+00 1.734170000000000073e+03 1.229134000000000015e+03 1.058000000000000052e+00 1.592500000000000027e+00 3.431500000000000217e+00 1.126500000000000057e+00
1.200000000000000000e+01 1.558000000000000000e+03 -1.000000000000000000e+00 -1.000000000000000000e+00 -1.000000000000000000e+00 -1.000000000000000000e+00 -1.000000000000000000e+00 1.730884000000000015e+03 1.248125999999999976e+03 1.824999999999999956e+00 1.348500000000000032e+00 3.281000000000000139e+00 1.552999999999999936e+00
1.200000000000000000e+01 1.550000000000000000e+03 -1.000000000000000000e+00 -1.000000000000000000e+00 -1.000000000000000000e+00 -1.000000000000000000e+00 -1.000000000000000000e+00 1.742188000000000102e+03 1.249083000000000084e+03 1.379000000000000004e+00 1.185999999999999943e+00 2.851500000000000146e+00 1.344999999999999973e+00
1.200000000000000000e+01 1.553000000000000000e+03 -1.000000000000000000e+00 -1.000000000000000000e+00 -1.000000000000000000e+00 -1.000000000000000000e+00 -1.000000000000000000e+00 1.736817999999999984e+03 1.252575000000000045e+03 1.457000000000000073e+00 1.118500000000000050e+00 3.012000000000000011e+00 1.370999999999999996e+00
1.300000000000000000e+01 1.558000000000000000e+03 -1.000000000000000000e+00 -1.000000000000000000e+00 -1.000000000000000000e+00 -1.000000000000000000e+00 -1.000000000000000000e+00 1.727125999999999976e+03 1.250219000000000051e+03 1.875000000000000000e+00 1.348500000000000032e+00 3.281000000000000139e+00 1.552999999999999936e+00
1.300000000000000000e+01 1.550000000000000000e+03 -1.000000000000000000e+00 -1.000000000000000000e+00 -1.000000000000000000e+00 -1.000000000000000000e+00 -1.000000000000000000e+00 1.742271999999999935e+03 1.249032999999999902e+03 1.379000000000000004e+00 1.185999999999999943e+00 2.851500000000000146e+00 1.344999999999999973e+00
1.300000000000000000e+01 1.553000000000000000e+03 -1.000000000000000000e+00 -1.000000000000000000e+00 -1.000000000000000000e+00 -1.000000000000000000e+00 -1.000000000000000000e+00 1.736798000000000002e+03 1.252544000000000096e+03 1.457000000000000073e+00 1.118500000000000050e+00 3.012000000000000011e+00 1.370999999999999996e+00
1.400000000000000000e+01 1.558000000000000000e+03 -1.000000000000000000e+00 -1.000000000000000000e+00 -1.000000000000000000e+00 -1.000000000000000000e+00 -1.000000000000000000e+00 1.723250000000000000e+03 1.252377999999999929e+03 1.975000000000000089e+00 1.348500000000000032e+00 3.281000000000000139e+00 1.552999999999999936e+00
1.400000000000000000e+01 1.550000000000000000e+03 -1.000000000000000000e+00 -1.000000000000000000e+00 -1.000000000000000000e+00 -1.000000000000000000e+00 -1.000000000000000000e+00 1.742181000000000040e+03 1.248994999999999891e+03 1.429000000000000048e+00 1.185999999999999943e+00 2.851500000000000146e+00 1.344999999999999973e+00
1.400000000000000000e+01 1.553000000000000000e+03 -1.000000000000000000e+00 -1.000000000000000000e+00 -1.000000000000000000e+00 -1.000000000000000000e+00 -1.000000000000000000e+00 1.736726000000000113e+03 1.252584000000000060e+03 1.457000000000000073e+00 1.118500000000000050e+00 3.012000000000000011e+00 1.370999999999999996e+00
1.500000000000000000e+01 1.550000000000000000e+03 -1.000000000000000000e+00 -1.000000000000000000e+00 -1.000000000000000000e+00 -1.000000000000000000e+00 -1.000000000000000000e+00 1.742260999999999967e+03 1.249131000000000085e+03 1.479000000000000092e+00 1.185999999999999943e+00 2.851500000000000146e+00 1.344999999999999973e+00
1.500000000000000000e+01 1.553000000000000000e+03 -1.000000000000000000e+00 -1.000000000000000000e+00 -1.000000000000000000e+00 -1.000000000000000000e+00 -1.000000000000000000e+00 1.736750000000000000e+03 1.252615000000000009e+03 1.457000000000000073e+00 1.118500000000000050e+00 3.012000000000000011e+00 1.370999999999999996e+00
1.600000000000000000e+01 1.550000000000000000e+03 -1.000000000000000000e+00 -1.000000000000000000e+00 -1.000000000000000000e+00 -1.000000000000000000e+00 -1.000000000000000000e+00 1.742260999999999967e+03 1.249131000000000085e+03 1.528999999999999915e+00 1.185999999999999943e+00 2.851500000000000146e+00 1.344999999999999973e+00
1.600000000000000000e+01 1.553000000000000000e+03 -1.000000000000000000e+00 -1.000000000000000000e+00 -1.000000000000000000e+00 -1.000000000000000000e+00 -1.000000000000000000e+00 1.736698000000000093e+03 1.252692000000000007e+03 1.457000000000000073e+00 1.118500000000000050e+00 3.012000000000000011e+00 1.370999999999999996e+00
1.700000000000000000e+01 1.550000000000000000e+03 -1.000000000000000000e+00 -1.000000000000000000e+00 -1.000000000000000000e+00 -1.000000000000000000e+00 -1.000000000000000000e+00 1.742260999999999967e+03 1.249131000000000085e+03 1.528999999999999915e+00 1.185999999999999943e+00 2.851500000000000146e+00 1.344999999999999973e+00
1.700000000000000000e+01 1.553000000000000000e+03 -1.000000000000000000e+00 -1.000000000000000000e+00 -1.000000000000000000e+00 -1.000000000000000000e+00 -1.000000000000000000e+00 1.736840999999999894e+03 1.252611000000000104e+03 1.657000000000000028e+00 1.118500000000000050e+00 3.012000000000000011e+00 1.370999999999999996e+00
1.800000000000000000e+01 1.550000000000000000e+03 -1.000000000000000000e+00 -1.000000000000000000e+00 -1.000000000000000000e+00 -1.000000000000000000e+00 -1.000000000000000000e+00 1.742260999999999967e+03 1.249131000000000085e+03 1.528999999999999915e+00 1.185999999999999943e+00 2.851500000000000146e+00 1.344999999999999973e+00
1.900000000000000000e+01 1.550000000000000000e+03 -1.000000000000000000e+00 -1.000000000000000000e+00 -1.000000000000000000e+00 -1.000000000000000000e+00 -1.000000000000000000e+00 1.742260999999999967e+03 1.249131000000000085e+03 1.528999999999999915e+00 1.185999999999999943e+00 2.851500000000000146e+00 1.344999999999999973e+00
2.400000000000000000e+01 1.573000000000000000e+03 -1.000000000000000000e+00 -1.000000000000000000e+00 -1.000000000000000000e+00 -1.000000000000000000e+00 -1.000000000000000000e+00 1.824376999999999953e+03 1.190855000000000018e+03 1.620000000000000107e+00 1.237999999999999989e+00 3.776499999999999968e+00 1.935000000000000053e+00
2.400000000000000000e+01 1.574000000000000000e+03 -1.000000000000000000e+00 -1.000000000000000000e+00 -1.000000000000000000e+00 -1.000000000000000000e+00 -1.000000000000000000e+00 1.818365000000000009e+03 1.177628999999999905e+03 2.168000000000000149e+00 1.375000000000000000e+00 5.429999999999999716e+00 2.036000000000000032e+00
2.500000000000000000e+01 1.573000000000000000e+03 -1.000000000000000000e+00 -1.000000000000000000e+00 -1.000000000000000000e+00 -1.000000000000000000e+00 -1.000000000000000000e+00 1.824376999999999953e+03 1.190855000000000018e+03 1.699999999999999956e+00 1.237999999999999989e+00 3.776499999999999968e+00 1.935000000000000053e+00
2.500000000000000000e+01 1.574000000000000000e+03 -1.000000000000000000e+00 -1.000000000000000000e+00 -1.000000000000000000e+00 -1.000000000000000000e+00 -1.000000000000000000e+00 1.816338999999999942e+03 1.180835000000000036e+03 2.068000000000000060e+00 1.375000000000000000e+00 5.429999999999999716e+00 2.036000000000000032e+00
2.500000000000000000e+01 1.575000000000000000e+03 -1.000000000000000000e+00 -1.000000000000000000e+00 -1.000000000000000000e+00 -1.000000000000000000e+00 -1.000000000000000000e+00 1.828037000000000035e+03 1.197008000000000038e+03 1.774000000000000021e+00 1.225999999999999979e+00 3.731500000000000039e+00 1.510499999999999954e+00
2.600000000000000000e+01 1.576000000000000000e+03 -1.000000000000000000e+00 -1.000000000000000000e+00 -1.000000000000000000e+00 -1.000000000000000000e+00 -1.000000000000000000e+00 1.828210000000000036e+03 1.190928000000000111e+03 1.828000000000000069e+00 1.349499999999999922e+00 5.084999999999999964e+00 1.942499999999999893e+00
2.600000000000000000e+01 1.573000000000000000e+03 -1.000000000000000000e+00 -1.000000000000000000e+00 -1.000000000000000000e+00 -1.000000000000000000e+00 -1.000000000000000000e+00 1.824376999999999953e+03 1.190855000000000018e+03 1.780000000000000027e+00 1.237999999999999989e+00 3.776499999999999968e+00 1.935000000000000053e+00
2.600000000000000000e+01 1.574000000000000000e+03 -1.000000000000000000e+00 -1.000000000000000000e+00 -1.000000000000000000e+00 -1.000000000000000000e+00 -1.000000000000000000e+00 1.813875999999999976e+03 1.184573000000000093e+03 2.017999999999999794e+00 1.375000000000000000e+00 5.429999999999999716e+00 2.036000000000000032e+00
2.600000000000000000e+01 1.575000000000000000e+03 -1.000000000000000000e+00 -1.000000000000000000e+00 -1.000000000000000000e+00 -1.000000000000000000e+00 -1.000000000000000000e+00 1.828037000000000035e+03 1.197008000000000038e+03 1.764000000000000012e+00 1.225999999999999979e+00 3.731500000000000039e+00 1.510499999999999954e+00
2.700000000000000000e+01 1.576000000000000000e+03 -1.000000000000000000e+00 -1.000000000000000000e+00 -1.000000000000000000e+00 -1.000000000000000000e+00 -1.000000000000000000e+00 1.828202999999999975e+03 1.190923000000000002e+03 1.828000000000000069e+00 1.349499999999999922e+00 5.084999999999999964e+00 1.942499999999999893e+00
2.700000000000000000e+01 1.573000000000000000e+03 -1.000000000000000000e+00 -1.000000000000000000e+00 -1.000000000000000000e+00 -1.000000000000000000e+00 -1.000000000000000000e+00 1.824376999999999953e+03 1.190855000000000018e+03 1.693000000000000060e+00 1.237999999999999989e+00 3.776499999999999968e+00 1.935000000000000053e+00
2.700000000000000000e+01 1.574000000000000000e+03 -1.000000000000000000e+00 -1.000000000000000000e+00 -1.000000000000000000e+00 -1.000000000000000000e+00 -1.000000000000000000e+00 1.811832000000000107e+03 1.187750999999999976e+03 2.068000000000000060e+00 1.375000000000000000e+00 5.429999999999999716e+00 2.036000000000000032e+00
2.700000000000000000e+01 1.575000000000000000e+03 -1.000000000000000000e+00 -1.000000000000000000e+00 -1.000000000000000000e+00 -1.000000000000000000e+00 -1.000000000000000000e+00 1.828037000000000035e+03 1.197008000000000038e+03 1.754000000000000004e+00 1.225999999999999979e+00 3.731500000000000039e+00 1.510499999999999954e+00
2.800000000000000000e+01 1.576000000000000000e+03 -1.000000000000000000e+00 -1.000000000000000000e+00 -1.000000000000000000e+00 -1.000000000000000000e+00 -1.000000000000000000e+00 1.828195999999999913e+03 1.190917999999999893e+03 1.828000000000000069e+00 1.349499999999999922e+00 5.084999999999999964e+00 1.942499999999999893e+00
2.800000000000000000e+01 1.581000000000000000e+03 -1.000000000000000000e+00 -1.000000000000000000e+00 -1.000000000000000000e+00 -1.000000000000000000e+00 -1.000000000000000000e+00 1.834181000000000040e+03 1.188400000000000091e+03 1.937000000000000055e+00 1.440499999999999892e+00 5.514000000000000234e+00 1.924500000000000099e+00
2.800000000000000000e+01 1.573000000000000000e+03 -1.000000000000000000e+00 -1.000000000000000000e+00 -1.000000000000000000e+00 -1.000000000000000000e+00 -1.000000000000000000e+00 1.824376999999999953e+03 1.190855000000000018e+03 1.606999999999999984e+00 1.237999999999999989e+00 3.776499999999999968e+00 1.935000000000000053e+00
2.800000000000000000e+01 1.574000000000000000e+03 -1.000000000000000000e+00 -1.000000000000000000e+00 -1.000000000000000000e+00 -1.000000000000000000e+00 -1.000000000000000000e+00 1.809613000000000056e+03 1.190916999999999916e+03 2.017999999999999794e+00 1.375000000000000000e+00 5.429999999999999716e+00 2.036000000000000032e+00
2.800000000000000000e+01 1.575000000000000000e+03 -1.000000000000000000e+00 -1.000000000000000000e+00 -1.000000000000000000e+00 -1.000000000000000000e+00 -1.000000000000000000e+00 1.828037000000000035e+03 1.197008000000000038e+03 1.743956793540227590e+00 1.225999999999999979e+00 3.731500000000000039e+00 1.510499999999999954e+00
2.900000000000000000e+01 1.576000000000000000e+03 -1.000000000000000000e+00 -1.000000000000000000e+00 -1.000000000000000000e+00 -1.000000000000000000e+00 -1.000000000000000000e+00 1.828189000000000078e+03 1.190913000000000011e+03 1.828000000000000069e+00 1.349499999999999922e+00 5.084999999999999964e+00 1.942499999999999893e+00
2.900000000000000000e+01 1.581000000000000000e+03 -1.000000000000000000e+00 -1.000000000000000000e+00 -1.000000000000000000e+00 -1.000000000000000000e+00 -1.000000000000000000e+00 1.834137999999999920e+03 1.188458000000000084e+03 1.903999999999999915e+00 1.440499999999999892e+00 5.514000000000000234e+00 1.924500000000000099e+00
2.900000000000000000e+01 1.573000000000000000e+03 -1.000000000000000000e+00 -1.000000000000000000e+00 -1.000000000000000000e+00 -1.000000000000000000e+00 -1.000000000000000000e+00 1.824376999999999953e+03 1.190855000000000018e+03 1.520000000000000018e+00 1.237999999999999989e+00 3.776499999999999968e+00 1.935000000000000053e+00
2.900000000000000000e+01 1.574000000000000000e+03 -1.000000000000000000e+00 -1.000000000000000000e+00 -1.000000000000000000e+00 -1.000000000000000000e+00 -1.000000000000000000e+00 1.807430000000000064e+03 1.194125999999999976e+03 1.967999999999999972e+00 1.375000000000000000e+00 5.429999999999999716e+00 2.036000000000000032e+00
2.900000000000000000e+01 1.575000000000000000e+03 -1.000000000000000000e+00 -1.000000000000000000e+00 -1.000000000000000000e+00 -1.000000000000000000e+00 -1.000000000000000000e+00 1.828037000000000035e+03 1.197008000000000038e+03 1.733999999999999986e+00 1.225999999999999979e+00 3.731500000000000039e+00 1.510499999999999954e+00
3.000000000000000000e+01 1.576000000000000000e+03 -1.000000000000000000e+00 -1.000000000000000000e+00 -1.000000000000000000e+00 -1.000000000000000000e+00 -1.000000000000000000e+00 1.828163999999999987e+03 1.191022999999999911e+03 1.828000000000000069e+00 1.349499999999999922e+00 5.084999999999999964e+00 1.942499999999999893e+00
3.000000000000000000e+01 1.581000000000000000e+03 -1.000000000000000000e+00 -1.000000000000000000e+00 -1.000000000000000000e+00 -1.000000000000000000e+00 -1.000000000000000000e+00 1.834073000000000093e+03 1.188662000000000035e+03 1.786999999999999922e+00 1.440499999999999892e+00 5.514000000000000234e+00 1.924500000000000099e+00
3.000000000000000000e+01 1.573000000000000000e+03 -1.000000000000000000e+00 -1.000000000000000000e+00 -1.000000000000000000e+00 -1.000000000000000000e+00 -1.000000000000000000e+00 1.824376999999999953e+03 1.190855000000000018e+03 1.719999999999999973e+00 1.237999999999999989e+00 3.776499999999999968e+00 1.935000000000000053e+00
3.000000000000000000e+01 1.574000000000000000e+03 -1.000000000000000000e+00 -1.000000000000000000e+00 -1.000000000000000000e+00 -1.000000000000000000e+00 -1.000000000000000000e+00 1.805064000000000078e+03 1.197371000000000095e+03 1.967999999999999972e+00 1.375000000000000000e+00 5.429999999999999716e+00 2.036000000000000032e+00
3.000000000000000000e+01 1.575000000000000000e+03 -1.000000000000000000e+00 -1.000000000000000000e+00 -1.000000000000000000e+00 -1.000000000000000000e+00 -1.000000000000000000e+00 1.828037000000000035e+03 1.197008000000000038e+03 1.723999999999999977e+00 1.225999999999999979e+00 3.731500000000000039e+00 1.510499999999999954e+00
3.100000000000000000e+01 1.576000000000000000e+03 -1.000000000000000000e+00 -1.000000000000000000e+00 -1.000000000000000000e+00 -1.000000000000000000e+00 -1.000000000000000000e+00 1.828138999999999896e+03 1.191134000000000015e+03 1.828000000000000069e+00 1.349499999999999922e+00 5.084999999999999964e+00 1.942499999999999893e+00
3.100000000000000000e+01 1.581000000000000000e+03 -1.000000000000000000e+00 -1.000000000000000000e+00 -1.000000000000000000e+00 -1.000000000000000000e+00 -1.000000000000000000e+00 1.834009000000000015e+03 1.188865000000000009e+03 1.669000000000000039e+00 1.440499999999999892e+00 5.514000000000000234e+00 1.924500000000000099e+00
3.100000000000000000e+01 1.573000000000000000e+03 -1.000000000000000000e+00 -1.000000000000000000e+00 -1.000000000000000000e+00 -1.000000000000000000e+00 -1.000000000000000000e+00 1.824376999999999953e+03 1.190855000000000018e+03 1.620000000000000107e+00 1.237999999999999989e+00 3.776499999999999968e+00 1.935000000000000053e+00
3.100000000000000000e+01 1.574000000000000000e+03 -1.000000000000000000e+00 -1.000000000000000000e+00 -1.000000000000000000e+00 -1.000000000000000000e+00 -1.000000000000000000e+00 1.802538999999999987e+03 1.200613000000000056e+03 1.917999999999999927e+00 1.375000000000000000e+00 5.429999999999999716e+00 2.036000000000000032e+00
3.100000000000000000e+01 1.575000000000000000e+03 -1.000000000000000000e+00 -1.000000000000000000e+00 -1.000000000000000000e+00 -1.000000000000000000e+00 -1.000000000000000000e+00 1.828037000000000035e+03 1.197008000000000038e+03 1.723999999999999977e+00 1.225999999999999979e+00 3.731500000000000039e+00 1.510499999999999954e+00
3.200000000000000000e+01 1.576000000000000000e+03 -1.000000000000000000e+00 -1.000000000000000000e+00 -1.000000000000000000e+00 -1.000000000000000000e+00 -1.000000000000000000e+00 1.828297000000000025e+03 1.190990999999999985e+03 1.828000000000000069e+00 1.349499999999999922e+00 5.084999999999999964e+00 1.942499999999999893e+00
3.200000000000000000e+01 1.581000000000000000e+03 -1.000000000000000000e+00 -1.000000000000000000e+00 -1.000000000000000000e+00 -1.000000000000000000e+00 -1.000000000000000000e+00 1.834073000000000093e+03 1.188662000000000035e+03 1.737000000000000099e+00 1.440499999999999892e+00 5.514000000000000234e+00 1.924500000000000099e+00
3.200000000000000000e+01 1.573000000000000000e+03 -1.000000000000000000e+00 -1.000000000000000000e+00 -1.000000000000000000e+00 -1.000000000000000000e+00 -1.000000000000000000e+00 1.824376999999999953e+03 1.190855000000000018e+03 1.520000000000000018e+00 1.237999999999999989e+00 3.776499999999999968e+00 1.935000000000000053e+00
3.200000000000000000e+01 1.574000000000000000e+03 -1.000000000000000000e+00 -1.000000000000000000e+00 -1.000000000000000000e+00 -1.000000000000000000e+00 -1.000000000000000000e+00 1.799733999999999924e+03 1.203771999999999935e+03 1.967999999999999972e+00 1.375000000000000000e+00 5.429999999999999716e+00 2.036000000000000032e+00
3.200000000000000000e+01 1.575000000000000000e+03 -1.000000000000000000e+00 -1.000000000000000000e+00 -1.000000000000000000e+00 -1.000000000000000000e+00 -1.000000000000000000e+00 1.828102000000000089e+03 1.196914999999999964e+03 1.749000000000000110e+00 1.225999999999999979e+00 3.731500000000000039e+00 1.510499999999999954e+00
3.300000000000000000e+01 1.576000000000000000e+03 -1.000000000000000000e+00 -1.000000000000000000e+00 -1.000000000000000000e+00 -1.000000000000000000e+00 -1.000000000000000000e+00 1.828242999999999938e+03 1.190951999999999998e+03 1.828000000000000069e+00 1.349499999999999922e+00 5.084999999999999964e+00 1.942499999999999893e+00
3.300000000000000000e+01 1.581000000000000000e+03 -1.000000000000000000e+00 -1.000000000000000000e+00 -1.000000000000000000e+00 -1.000000000000000000e+00 -1.000000000000000000e+00 1.834137999999999920e+03 1.188458000000000084e+03 1.804000000000000048e+00 1.440499999999999892e+00 5.514000000000000234e+00 1.924500000000000099e+00
3.300000000000000000e+01 1.573000000000000000e+03 -1.000000000000000000e+00 -1.000000000000000000e+00 -1.000000000000000000e+00 -1.000000000000000000e+00 -1.000000000000000000e+00 1.824333000000000084e+03 1.190788999999999987e+03 1.820000000000000062e+00 1.237999999999999989e+00 3.776499999999999968e+00 1.935000000000000053e+00
3.300000000000000000e+01 1.574000000000000000e+03 -1.000000000000000000e+00 -1.000000000000000000e+00 -1.000000000000000000e+00 -1.000000000000000000e+00 -1.000000000000000000e+00 1.796898999999999887e+03 1.206751999999999953e+03 1.917999999999999927e+00 1.375000000000000000e+00 5.429999999999999716e+00 2.036000000000000032e+00
3.300000000000000000e+01 1.575000000000000000e+03 -1.000000000000000000e+00 -1.000000000000000000e+00 -1.000000000000000000e+00 -1.000000000000000000e+00 -1.000000000000000000e+00 1.828166999999999916e+03 1.196821999999999889e+03 1.774000000000000021e+00 1.225999999999999979e+00 3.731500000000000039e+00 1.510499999999999954e+00
3.300000000000000000e+01 1.593000000000000000e+03 -1.000000000000000000e+00 -1.000000000000000000e+00 -1.000000000000000000e+00 -1.000000000000000000e+00 -1.000000000000000000e+00 1.822413999999999987e+03 1.226755000000000109e+03 1.131999999999999895e+00 1.112500000000000044e+00 2.651499999999999968e+00 1.021500000000000075e+00
3.400000000000000000e+01 1.576000000000000000e+03 -1.000000000000000000e+00 -1.000000000000000000e+00 -1.000000000000000000e+00 -1.000000000000000000e+00 -1.000000000000000000e+00 1.828189000000000078e+03 1.190913000000000011e+03 1.828000000000000069e+00 1.349499999999999922e+00 5.084999999999999964e+00 1.942499999999999893e+00
3.400000000000000000e+01 1.581000000000000000e+03 -1.000000000000000000e+00 -1.000000000000000000e+00 -1.000000000000000000e+00 -1.000000000000000000e+00 -1.000000000000000000e+00 1.834115999999999985e+03 1.188487000000000080e+03 1.804000000000000048e+00 1.440499999999999892e+00 5.514000000000000234e+00 1.924500000000000099e+00
3.400000000000000000e+01 1.573000000000000000e+03 -1.000000000000000000e+00 -1.000000000000000000e+00 -1.000000000000000000e+00 -1.000000000000000000e+00 -1.000000000000000000e+00 1.824289999999999964e+03 1.190721999999999980e+03 1.520000000000000018e+00 1.237999999999999989e+00 3.776499999999999968e+00 1.935000000000000053e+00
3.400000000000000000e+01 1.574000000000000000e+03 -1.000000000000000000e+00 -1.000000000000000000e+00 -1.000000000000000000e+00 -1.000000000000000000e+00 -1.000000000000000000e+00 1.793501999999999953e+03 1.209930000000000064e+03 1.868000000000000105e+00 1.375000000000000000e+00 5.429999999999999716e+00 2.036000000000000032e+00
3.400000000000000000e+01 1.594000000000000000e+03 -1.000000000000000000e+00 -1.000000000000000000e+00 -1.000000000000000000e+00 -1.000000000000000000e+00 -1.000000000000000000e+00 1.850545000000000073e+03 1.166702999999999975e+03 2.174999999999999822e+00 1.451000000000000068e+00 5.230999999999999872e+00 1.913499999999999979e+00
3.400000000000000000e+01 1.575000000000000000e+03 -1.000000000000000000e+00 -1.000000000000000000e+00 -1.000000000000000000e+00 -1.000000000000000000e+00 -1.000000000000000000e+00 1.828230999999999995e+03 1.196729000000000042e+03 1.756999999999999895e+00 1.225999999999999979e+00 3.731500000000000039e+00 1.510499999999999954e+00
3.400000000000000000e+01 1.593000000000000000e+03 -1.000000000000000000e+00 -1.000000000000000000e+00 -1.000000000000000000e+00 -1.000000000000000000e+00 -1.000000000000000000e+00 1.820787000000000035e+03 1.224049999999999955e+03 1.131999999999999895e+00 1.112500000000000044e+00 2.651499999999999968e+00 1.021500000000000075e+00
3.500000000000000000e+01 1.576000000000000000e+03 -1.000000000000000000e+00 -1.000000000000000000e+00 -1.000000000000000000e+00 -1.000000000000000000e+00 -1.000000000000000000e+00 1.828148999999999887e+03 1.190967000000000098e+03 1.828000000000000069e+00 1.349499999999999922e+00 5.084999999999999964e+00 1.942499999999999893e+00
3.500000000000000000e+01 1.581000000000000000e+03 -1.000000000000000000e+00 -1.000000000000000000e+00 -1.000000000000000000e+00 -1.000000000000000000e+00 -1.000000000000000000e+00 1.834095000000000027e+03 1.188516000000000076e+03 1.804000000000000048e+00 1.440499999999999892e+00 5.514000000000000234e+00 1.924500000000000099e+00
3.500000000000000000e+01 1.573000000000000000e+03 -1.000000000000000000e+00 -1.000000000000000000e+00 -1.000000000000000000e+00 -1.000000000000000000e+00 -1.000000000000000000e+00 1.824230999999999995e+03 1.190836999999999989e+03 1.820000000000000062e+00 1.237999999999999989e+00 3.776499999999999968e+00 1.935000000000000053e+00
3.500000000000000000e+01 1.574000000000000000e+03 -1.000000000000000000e+00 -1.000000000000000000e+00 -1.000000000000000000e+00 -1.000000000000000000e+00 -1.000000000000000000e+00 1.790240999999999985e+03 1.212554000000000087e+03 1.917999999999999927e+00 1.375000000000000000e+00 5.429999999999999716e+00 2.036000000000000032e+00
3.500000000000000000e+01 1.575000000000000000e+03 -1.000000000000000000e+00 -1.000000000000000000e+00 -1.000000000000000000e+00 -1.000000000000000000e+00 -1.000000000000000000e+00 1.828296000000000049e+03 1.196636999999999944e+03 1.741000000000000103e+00 1.225999999999999979e+00 3.731500000000000039e+00 1.510499999999999954e+00
3.500000000000000000e+01 1.593000000000000000e+03 -1.000000000000000000e+00 -1.000000000000000000e+00 -1.000000000000000000e+00 -1.000000000000000000e+00 -1.000000000000000000e+00 1.819140000000000100e+03 1.221315000000000055e+03 1.131999999999999895e+00 1.112500000000000044e+00 2.651499999999999968e+00 1.021500000000000075e+00
3.500000000000000000e+01 1.594000000000000000e+03 -1.000000000000000000e+00 -1.000000000000000000e+00 -1.000000000000000000e+00 -1.000000000000000000e+00 -1.000000000000000000e+00 1.850522495885949411e+03 1.166699142151876913e+03 2.039975315696246128e+00 1.451000000000000068e+00 5.230999999999999872e+00 1.913499999999999979e+00
3.600000000000000000e+01 1.576000000000000000e+03 -1.000000000000000000e+00 -1.000000000000000000e+00 -1.000000000000000000e+00 -1.000000000000000000e+00 -1.000000000000000000e+00 1.828133000000000038e+03 1.191018000000000029e+03 1.840999999999999970e+00 1.349499999999999922e+00 5.084999999999999964e+00 1.942499999999999893e+00
3.600000000000000000e+01 1.581000000000000000e+03 -1.000000000000000000e+00 -1.000000000000000000e+00 -1.000000000000000000e+00 -1.000000000000000000e+00 -1.000000000000000000e+00 1.834073000000000093e+03 1.188545000000000073e+03 1.804000000000000048e+00 1.440499999999999892e+00 5.514000000000000234e+00 1.924500000000000099e+00
3.600000000000000000e+01 1.573000000000000000e+03 -1.000000000000000000e+00 -1.000000000000000000e+00 -1.000000000000000000e+00 -1.000000000000000000e+00 -1.000000000000000000e+00 1.824328999999999951e+03 1.190752999999999929e+03 1.520000000000000018e+00 1.237999999999999989e+00 3.776499999999999968e+00 1.935000000000000053e+00
3.600000000000000000e+01 1.574000000000000000e+03 -1.000000000000000000e+00 -1.000000000000000000e+00 -1.000000000000000000e+00 -1.000000000000000000e+00 -1.000000000000000000e+00 1.787173999999999978e+03 1.214713999999999942e+03 1.868000000000000105e+00 1.375000000000000000e+00 5.429999999999999716e+00 2.036000000000000032e+00
3.600000000000000000e+01 1.575000000000000000e+03 -1.000000000000000000e+00 -1.000000000000000000e+00 -1.000000000000000000e+00 -1.000000000000000000e+00 -1.000000000000000000e+00 1.828359999999999900e+03 1.196544000000000096e+03 1.723999999999999977e+00 1.225999999999999979e+00 3.731500000000000039e+00 1.510499999999999954e+00
3.600000000000000000e+01 1.593000000000000000e+03 -1.000000000000000000e+00 -1.000000000000000000e+00 -1.000000000000000000e+00 -1.000000000000000000e+00 -1.000000000000000000e+00 1.818086999999999989e+03 1.219991999999999962e+03 1.231999999999999984e+00 1.112500000000000044e+00 2.651499999999999968e+00 1.021500000000000075e+00
3.600000000000000000e+01 1.594000000000000000e+03 -1.000000000000000000e+00 -1.000000000000000000e+00 -1.000000000000000000e+00 -1.000000000000000000e+00 -1.000000000000000000e+00 1.850532503589080534e+03 1.166700857758127995e+03 2.100021534483743846e+00 1.451000000000000068e+00 5.230999999999999872e+00 1.913499999999999979e+00
3.700000000000000000e+01 1.598000000000000000e+03 -1.000000000000000000e+00 -1.000000000000000000e+00 -1.000000000000000000e+00 -1.000000000000000000e+00 -1.000000000000000000e+00 1.848883000000000038e+03 1.163719000000000051e+03 2.015000000000000124e+00 1.428500000000000103e+00 5.333000000000000185e+00 1.683499999999999996e+00
3.700000000000000000e+01 1.594000000000000000e+03 -1.000000000000000000e+00 -1.000000000000000000e+00 -1.000000000000000000e+00 -1.000000000000000000e+00 -1.000000000000000000e+00 1.850509999999999991e+03 1.166696999999999889e+03 1.965000000000000080e+00 1.451000000000000068e+00 5.230999999999999872e+00 1.913499999999999979e+00
3.700000000000000000e+01 1.593000000000000000e+03 -1.000000000000000000e+00 -1.000000000000000000e+00 -1.000000000000000000e+00 -1.000000000000000000e+00 -1.000000000000000000e+00 1.817034000000000106e+03 1.218667999999999893e+03 1.332000000000000073e+00 1.112500000000000044e+00 2.651499999999999968e+00 1.021500000000000075e+00
3.700000000000000000e+01 1.573000000000000000e+03 -1.000000000000000000e+00 -1.000000000000000000e+00 -1.000000000000000000e+00 -1.000000000000000000e+00 -1.000000000000000000e+00 1.824328999999999724e+03 1.190752999999999929e+03 1.686696884879939518e+00 1.237999999999999989e+00 3.776500000000000412e+00 1.935000000000000053e+00
3.700000000000000000e+01 1.576000000000000000e+03 -1.000000000000000000e+00 -1.000000000000000000e+00 -1.000000000000000000e+00 -1.000000000000000000e+00 -1.000000000000000000e+00 1.828117490842805864e+03 1.191068529834729816e+03 1.853507384834074845e+00 1.349499999999999922e+00 5.084999999999999964e+00 1.942499999999999893e+00
3.700000000000000000e+01 1.581000000000000000e+03 -1.000000000000000000e+00 -1.000000000000000000e+00 -1.000000000000000000e+00 -1.000000000000000000e+00 -1.000000000000000000e+00 1.834051487298085249e+03 1.188574017132815243e+03 1.804000000000000048e+00 1.440499999999999892e+00 5.514000000000000234e+00 1.924500000000000099e+00
3.800000000000000000e+01 1.576000000000000000e+03 -1.000000000000000000e+00 -1.000000000000000000e+00 -1.000000000000000000e+00 -1.000000000000000000e+00 -1.000000000000000000e+00 1.828102000000000089e+03 1.191118999999999915e+03 1.866000000000000103e+00 1.349499999999999922e+00 5.084999999999999964e+00 1.942499999999999893e+00
3.800000000000000000e+01 1.581000000000000000e+03 -1.000000000000000000e+00 -1.000000000000000000e+00 -1.000000000000000000e+00 -1.000000000000000000e+00 -1.000000000000000000e+00 1.834029999999999973e+03 1.188603000000000065e+03 1.804000000000000048e+00 1.440499999999999892e+00 5.514000000000000234e+00 1.924500000000000099e+00
3.800000000000000000e+01 1.598000000000000000e+03 -1.000000000000000000e+00 -1.000000000000000000e+00 -1.000000000000000000e+00 -1.000000000000000000e+00 -1.000000000000000000e+00 1.848883000000000038e+03 1.163719000000000051e+03 2.015000000000000124e+00 1.428500000000000103e+00 5.333000000000000185e+00 1.683499999999999996e+00
3.800000000000000000e+01 1.594000000000000000e+03 -1.000000000000000000e+00 -1.000000000000000000e+00 -1.000000000000000000e+00 -1.000000000000000000e+00 -1.000000000000000000e+00 1.850499000000000024e+03 1.166694999999999936e+03 1.895000000000000018e+00 1.451000000000000068e+00 5.230999999999999872e+00 1.913499999999999979e+00
3.800000000000000000e+01 1.573000000000000000e+03 -1.000000000000000000e+00 -1.000000000000000000e+00 -1.000000000000000000e+00 -1.000000000000000000e+00 -1.000000000000000000e+00 1.824328999999999724e+03 1.190752999999999929e+03 1.603295282825811796e+00 1.237999999999999989e+00 3.776500000000000412e+00 1.935000000000000053e+00
3.900000000000000000e+01 1.576000000000000000e+03 -1.000000000000000000e+00 -1.000000000000000000e+00 -1.000000000000000000e+00 -1.000000000000000000e+00 -1.000000000000000000e+00 1.828086000000000013e+03 1.191170000000000073e+03 1.877999999999999892e+00 1.349499999999999922e+00 5.084999999999999964e+00 1.942499999999999893e+00
3.900000000000000000e+01 1.581000000000000000e+03 -1.000000000000000000e+00 -1.000000000000000000e+00 -1.000000000000000000e+00 -1.000000000000000000e+00 -1.000000000000000000e+00 1.834008000000000038e+03 1.188632000000000062e+03 1.804000000000000048e+00 1.440499999999999892e+00 5.514000000000000234e+00 1.924500000000000099e+00
3.900000000000000000e+01 1.573000000000000000e+03 -1.000000000000000000e+00 -1.000000000000000000e+00 -1.000000000000000000e+00 -1.000000000000000000e+00 -1.000000000000000000e+00 1.824328999999999951e+03 1.190752999999999929e+03 1.770000000000000018e+00 1.237999999999999989e+00 3.776499999999999968e+00 1.935000000000000053e+00
3.900000000000000000e+01 1.598000000000000000e+03 -1.000000000000000000e+00 -1.000000000000000000e+00 -1.000000000000000000e+00 -1.000000000000000000e+00 -1.000000000000000000e+00 1.848883000000000038e+03 1.163719000000000051e+03 2.015000000000000124e+00 1.428500000000000103e+00 5.333000000000000185e+00 1.683499999999999996e+00
3.900000000000000000e+01 1.594000000000000000e+03 -1.000000000000000000e+00 -1.000000000000000000e+00 -1.000000000000000000e+00 -1.000000000000000000e+00 -1.000000000000000000e+00 1.850465999999999894e+03 1.166722999999999956e+03 2.020000000000000018e+00 1.451000000000000068e+00 5.230999999999999872e+00 1.913499999999999979e+00
4.000000000000000000e+01 1.576000000000000000e+03 -1.000000000000000000e+00 -1.000000000000000000e+00 -1.000000000000000000e+00 -1.000000000000000000e+00 -1.000000000000000000e+00 1.828086000000000013e+03 1.191170000000000073e+03 1.883000000000000007e+00 1.349499999999999922e+00 5.084999999999999964e+00 1.942499999999999893e+00
4.000000000000000000e+01 1.581000000000000000e+03 -1.000000000000000000e+00 -1.000000000000000000e+00 -1.000000000000000000e+00 -1.000000000000000000e+00 -1.000000000000000000e+00 1.833935999999999922e+03 1.188848999999999933e+03 1.804000000000000048e+00 1.440499999999999892e+00 5.514000000000000234e+00 1.924500000000000099e+00
4.000000000000000000e+01 1.573000000000000000e+03 -1.000000000000000000e+00 -1.000000000000000000e+00 -1.000000000000000000e+00 -1.000000000000000000e+00 -1.000000000000000000e+00 1.824328999999999951e+03 1.190752999999999929e+03 1.919999999999999929e+00 1.237999999999999989e+00 3.776499999999999968e+00 1.935000000000000053e+00
4.000000000000000000e+01 1.598000000000000000e+03 -1.000000000000000000e+00 -1.000000000000000000e+00 -1.000000000000000000e+00 -1.000000000000000000e+00 -1.000000000000000000e+00 1.848883000000000038e+03 1.163719000000000051e+03 2.015000000000000124e+00 1.428500000000000103e+00 5.333000000000000185e+00 1.683499999999999996e+00
4.000000000000000000e+01 1.594000000000000000e+03 -1.000000000000000000e+00 -1.000000000000000000e+00 -1.000000000000000000e+00 -1.000000000000000000e+00 -1.000000000000000000e+00 1.850432999999999993e+03 1.166750999999999976e+03 2.145000000000000018e+00 1.451000000000000068e+00 5.230999999999999872e+00 1.913499999999999979e+00
