1.000000000000000000e+00 1.470000000000000000e+03 -1.000000000000000000e+00 -1.000000000000000000e+00 -1.000000000000000000e+00 -1.000000000000000000e+00 -1.000000000000000000e+00 1.157660000000000082e+03 1.406289999999999964e+03 6.760000000000000453e-01 4.595000000000000195e-01 4.884999999999999898e-01 1.000000000000000000e+00
1.000000000000000000e+00 1.472000000000000000e+03 -1.000000000000000000e+00 -1.000000000000000000e+00 -1.000000000000000000e+00 -1.000000000000000000e+00 -1.000000000000000000e+00 1.152031999999999925e+03 1.405752999999999929e+03 8.149999999999999467e-01 3.980000000000000204e-01 3.980000000000000204e-01 1.000000000000000000e+00
1.000000000000000000e+00 1.475000000000000000e+03 -1.000000000000000000e+00 -1.000000000000000000e+00 -1.000000000000000000e+00 -1.000000000000000000e+00 -1.000000000000000000e+00 1.156791999999999916e+03 1.371888999999999896e+03 3.280000000000000138e-01 3.950000000000000178e-01 4.580000000000000182e-01 1.000000000000000000e+00
1.000000000000000000e+00 1.476000000000000000e+03 -1.000000000000000000e+00 -1.000000000000000000e+00 -1.000000000000000000e+00 -1.000000000000000000e+00 -1.000000000000000000e+00 1.154287000000000035e+03 1.398711000000000013e+03 8.569999999999999840e-01 4.015000000000000235e-01 3.890000000000000124e-01 1.000000000000000000e+00
2.000000000000000000e+00 1.470000000000000000e+03 -1.000000000000000000e+00 -1.000000000000000000e+00 -1.000000000000000000e+00 -1.000000000000000000e+00 -1.000000000000000000e+00 1.157054000000000087e+03 1.406191000000000031e+03 6.760000000000000453e-01 4.595000000000000195e-01 4.884999999999999898e-01 1.000000000000000000e+00
2.000000000000000000e+00 1.472000000000000000e+03 -1.000000000000000000e+00 -1.000000000000000000e+00 -1.000000000000000000e+00 -1.000000000000000000e+00 -1.000000000000000000e+00 1.151232999999999947e+03 1.405740999999999985e+03 8.149999999999999467e-01 3.980000000000000204e-01 3.980000000000000204e-01 1.000000000000000000e+00
2.000000000000000000e+00 1.475000000000000000e+03 -1.000000000000000000e+00 -1.000000000000000000e+00 -1.000000000000000000e+00 -1.000000000000000000e+00 -1.000000000000000000e+00 1.156586999999999989e+03 1.372652000000000044e+03 3.950000000000000178e-01 3.950000000000000178e-01 4.580000000000000182e-01 1.000000000000000000e+00
2.000000000000000000e+00 1.476000000000000000e+03 -1.000000000000000000e+00 -1.000000000000000000e+00 -1.000000000000000000e+00 -1.000000000000000000e+00 -1.000000000000000000e+00 1.154248000000000047e+03 1.398252999999999929e+03 8.569999999999999840e-01 4.015000000000000235e-01 3.890000000000000124e-01 1.000000000000000000e+00
3.000000000000000000e+00 1.470000000000000000e+03 -1.000000000000000000e+00 -1.000000000000000000e+00 -1.000000000000000000e+00 -1.000000000000000000e+00 -1.000000000000000000e+00 1.156446999999999889e+03 1.406092000000000098e+03 6.760000000000000453e-01 4.595000000000000195e-01 4.884999999999999898e-01 1.000000000000000000e+00
3.000000000000000000e+00 1.472000000000000000e+03 -1.000000000000000000e+00 -1.000000000000000000e+00 -1.000000000000000000e+00 -1.000000000000000000e+00 -1.000000000000000000e+00 1.150433999999999969e+03 1.405729000000000042e+03 8.149999999999999467e-01 3.980000000000000204e-01 3.980000000000000204e-01 1.000000000000000000e+00
3.000000000000000000e+00 1.475000000000000000e+03 -1.000000000000000000e+00 -1.000000000000000000e+00 -1.000000000000000000e+00 -1.000000000000000000e+00 -1.000000000000000000e+00 1.156381000000000085e+03 1.373414999999999964e+03 4.620000000000000218e-01 3.950000000000000178e-01 4.580000000000000182e-01 1.000000000000000000e+00
3.000000000000000000e+00 1.476000000000000000e+03 -1.000000000000000000e+00 -1.000000000000000000e+00 -1.000000000000000000e+00 -1.000000000000000000e+00 -1.000000000000000000e+00 1.154050999999999931e+03 1.397836999999999989e+03 8.569999999999999840e-01 4.015000000000000235e-01 3.890000000000000124e-01 1.000000000000000000e+00
4.000000000000000000e+00 1.479000000000000000e+03 -1.000000000000000000e+00 -1.000000000000000000e+00 -1.000000000000000000e+00 -1.000000000000000000e+00 -1.000000000000000000e+00 1.170146999999999935e+03 1.377425999999999931e+03 9.260000000000000453e-01 3.930000000000000160e-01 5.060000000000000053e-01 1.000000000000000000e+00
4.000000000000000000e+00 1.470000000000000000e+03 -1.000000000000000000e+00 -1.000000000000000000e+00 -1.000000000000000000e+00 -1.000000000000000000e+00 -1.000000000000000000e+00 1.155839999999999918e+03 1.405992999999999938e+03 6.760000000000000453e-01 4.595000000000000195e-01 4.884999999999999898e-01 1.000000000000000000e+00
4.000000000000000000e+00 1.480000000000000000e+03 -1.000000000000000000e+00 -1.000000000000000000e+00 -1.000000000000000000e+00 -1.000000000000000000e+00 -1.000000000000000000e+00 1.168432000000000016e+03 1.377231999999999971e+03 7.740000000000000213e-01 3.365000000000000213e-01 5.190000000000000169e-01 1.000000000000000000e+00
4.000000000000000000e+00 1.472000000000000000e+03 -1.000000000000000000e+00 -1.000000000000000000e+00 -1.000000000000000000e+00 -1.000000000000000000e+00 -1.000000000000000000e+00 1.149634000000000015e+03 1.405718000000000075e+03 8.149999999999999467e-01 3.980000000000000204e-01 3.980000000000000204e-01 1.000000000000000000e+00
4.000000000000000000e+00 1.475000000000000000e+03 -1.000000000000000000e+00 -1.000000000000000000e+00 -1.000000000000000000e+00 -1.000000000000000000e+00 -1.000000000000000000e+00 1.156169000000000096e+03 1.374125000000000000e+03 5.280000000000000249e-01 3.950000000000000178e-01 4.580000000000000182e-01 1.000000000000000000e+00
4.000000000000000000e+00 1.476000000000000000e+03 -1.000000000000000000e+00 -1.000000000000000000e+00 -1.000000000000000000e+00 -1.000000000000000000e+00 -1.000000000000000000e+00 1.153933999999999969e+03 1.397400000000000091e+03 8.569999999999999840e-01 4.015000000000000235e-01 3.890000000000000124e-01 1.000000000000000000e+00
5.000000000000000000e+00 1.479000000000000000e+03 -1.000000000000000000e+00 -1.000000000000000000e+00 -1.000000000000000000e+00 -1.000000000000000000e+00 -1.000000000000000000e+00 1.169343000000000075e+03 1.377703999999999951e+03 9.260000000000000453e-01 3.930000000000000160e-01 5.060000000000000053e-01 1.000000000000000000e+00
5.000000000000000000e+00 1.470000000000000000e+03 -1.000000000000000000e+00 -1.000000000000000000e+00 -1.000000000000000000e+00 -1.000000000000000000e+00 -1.000000000000000000e+00 1.155240999999999985e+03 1.405874000000000024e+03 6.760000000000000453e-01 4.595000000000000195e-01 4.884999999999999898e-01 1.000000000000000000e+00
5.000000000000000000e+00 1.480000000000000000e+03 -1.000000000000000000e+00 -1.000000000000000000e+00 -1.000000000000000000e+00 -1.000000000000000000e+00 -1.000000000000000000e+00 1.167628999999999905e+03 1.377498000000000047e+03 7.740000000000000213e-01 3.365000000000000213e-01 5.190000000000000169e-01 1.000000000000000000e+00
5.000000000000000000e+00 1.472000000000000000e+03 -1.000000000000000000e+00 -1.000000000000000000e+00 -1.000000000000000000e+00 -1.000000000000000000e+00 -1.000000000000000000e+00 1.148835000000000036e+03 1.405705999999999904e+03 8.149999999999999467e-01 3.980000000000000204e-01 3.980000000000000204e-01 1.000000000000000000e+00
5.000000000000000000e+00 1.475000000000000000e+03 -1.000000000000000000e+00 -1.000000000000000000e+00 -1.000000000000000000e+00 -1.000000000000000000e+00 -1.000000000000000000e+00 1.155957000000000107e+03 1.374835000000000036e+03 5.949999999999999734e-01 3.950000000000000178e-01 4.580000000000000182e-01 1.000000000000000000e+00
5.000000000000000000e+00 1.476000000000000000e+03 -1.000000000000000000e+00 -1.000000000000000000e+00 -1.000000000000000000e+00 -1.000000000000000000e+00 -1.000000000000000000e+00 1.153816000000000031e+03 1.396962999999999965e+03 8.569999999999999840e-01 4.015000000000000235e-01 3.890000000000000124e-01 1.000000000000000000e+00
6.000000000000000000e+00 1.479000000000000000e+03 -1.000000000000000000e+00 -1.000000000000000000e+00 -1.000000000000000000e+00 -1.000000000000000000e+00 -1.000000000000000000e+00 1.168539999999999964e+03 1.377982999999999947e+03 9.260000000000000453e-01 3.930000000000000160e-01 5.060000000000000053e-01 1.000000000000000000e+00
6.000000000000000000e+00 1.470000000000000000e+03 -1.000000000000000000e+00 -1.000000000000000000e+00 -1.000000000000000000e+00 -1.000000000000000000e+00 -1.000000000000000000e+00 1.154642000000000053e+03 1.405753999999999905e+03 6.760000000000000453e-01 4.595000000000000195e-01 4.884999999999999898e-01 1.000000000000000000e+00
6.000000000000000000e+00 1.481000000000000000e+03 -1.000000000000000000e+00 -1.000000000000000000e+00 -1.000000000000000000e+00 -1.000000000000000000e+00 -1.000000000000000000e+00 1.168887999999999920e+03 1.377028000000000020e+03 7.600000000000000089e-01 3.225000000000000089e-01 4.069999999999999729e-01 1.000000000000000000e+00
6.000000000000000000e+00 1.480000000000000000e+03 -1.000000000000000000e+00 -1.000000000000000000e+00 -1.000000000000000000e+00 -1.000000000000000000e+00 -1.000000000000000000e+00 1.166875999999999976e+03 1.377750999999999976e+03 7.740000000000000213e-01 3.365000000000000213e-01 5.190000000000000169e-01 1.000000000000000000e+00
6.000000000000000000e+00 1.472000000000000000e+03 -1.000000000000000000e+00 -1.000000000000000000e+00 -1.000000000000000000e+00 -1.000000000000000000e+00 -1.000000000000000000e+00 1.148035000000000082e+03 1.405693999999999960e+03 8.149999999999999467e-01 3.980000000000000204e-01 3.980000000000000204e-01 1.000000000000000000e+00
6.000000000000000000e+00 1.475000000000000000e+03 -1.000000000000000000e+00 -1.000000000000000000e+00 -1.000000000000000000e+00 -1.000000000000000000e+00 -1.000000000000000000e+00 1.155746000000000095e+03 1.375545000000000073e+03 6.620000000000000329e-01 3.950000000000000178e-01 4.580000000000000182e-01 1.000000000000000000e+00
6.000000000000000000e+00 1.476000000000000000e+03 -1.000000000000000000e+00 -1.000000000000000000e+00 -1.000000000000000000e+00 -1.000000000000000000e+00 -1.000000000000000000e+00 1.153698000000000093e+03 1.396526000000000067e+03 8.569999999999999840e-01 4.015000000000000235e-01 3.890000000000000124e-01 1.000000000000000000e+00
7.000000000000000000e+00 1.479000000000000000e+03 -1.000000000000000000e+00 -1.000000000000000000e+00 -1.000000000000000000e+00 -1.000000000000000000e+00 -1.000000000000000000e+00 1.167736000000000104e+03 1.378260999999999967e+03 9.260000000000000453e-01 3.930000000000000160e-01 5.060000000000000053e-01 1.000000000000000000e+00
7.000000000000000000e+00 1.470000000000000000e+03 -1.000000000000000000e+00 -1.000000000000000000e+00 -1.000000000000000000e+00 -1.000000000000000000e+00 -1.000000000000000000e+00 1.154044000000000096e+03 1.405634999999999991e+03 6.760000000000000453e-01 4.595000000000000195e-01 4.884999999999999898e-01 1.000000000000000000e+00
7.000000000000000000e+00 1.481000000000000000e+03 -1.000000000000000000e+00 -1.000000000000000000e+00 -1.000000000000000000e+00 -1.000000000000000000e+00 -1.000000000000000000e+00 1.168013999999999896e+03 1.377223999999999933e+03 7.600000000000000089e-01 3.225000000000000089e-01 4.069999999999999729e-01 1.000000000000000000e+00
7.000000000000000000e+00 1.480000000000000000e+03 -1.000000000000000000e+00 -1.000000000000000000e+00 -1.000000000000000000e+00 -1.000000000000000000e+00 -1.000000000000000000e+00 1.166122000000000071e+03 1.378005000000000109e+03 7.740000000000000213e-01 3.365000000000000213e-01 5.190000000000000169e-01 1.000000000000000000e+00
7.000000000000000000e+00 1.472000000000000000e+03 -1.000000000000000000e+00 -1.000000000000000000e+00 -1.000000000000000000e+00 -1.000000000000000000e+00 -1.000000000000000000e+00 1.147236000000000104e+03 1.405682999999999993e+03 8.149999999999999467e-01 3.980000000000000204e-01 3.980000000000000204e-01 1.000000000000000000e+00
7.000000000000000000e+00 1.475000000000000000e+03 -1.000000000000000000e+00 -1.000000000000000000e+00 -1.000000000000000000e+00 -1.000000000000000000e+00 -1.000000000000000000e+00 1.155480999999999995e+03 1.376243999999999915e+03 7.449999999999999956e-01 3.950000000000000178e-01 4.580000000000000182e-01 1.000000000000000000e+00
7.000000000000000000e+00 1.476000000000000000e+03 -1.000000000000000000e+00 -1.000000000000000000e+00 -1.000000000000000000e+00 -1.000000000000000000e+00 -1.000000000000000000e+00 1.153546000000000049e+03 1.396163999999999987e+03 8.569999999999999840e-01 4.015000000000000235e-01 3.890000000000000124e-01 1.000000000000000000e+00
8.000000000000000000e+00 1.479000000000000000e+03 -1.000000000000000000e+00 -1.000000000000000000e+00 -1.000000000000000000e+00 -1.000000000000000000e+00 -1.000000000000000000e+00 1.166932000000000016e+03 1.378539999999999964e+03 9.260000000000000453e-01 3.930000000000000160e-01 5.060000000000000053e-01 1.000000000000000000e+00
8.000000000000000000e+00 1.470000000000000000e+03 -1.000000000000000000e+00 -1.000000000000000000e+00 -1.000000000000000000e+00 -1.000000000000000000e+00 -1.000000000000000000e+00 1.153438000000000102e+03 1.405585000000000036e+03 6.760000000000000453e-01 4.595000000000000195e-01 4.884999999999999898e-01 1.000000000000000000e+00
8.000000000000000000e+00 1.481000000000000000e+03 -1.000000000000000000e+00 -1.000000000000000000e+00 -1.000000000000000000e+00 -1.000000000000000000e+00 -1.000000000000000000e+00 1.167223999999999933e+03 1.377449000000000069e+03 7.600000000000000089e-01 3.225000000000000089e-01 4.069999999999999729e-01 1.000000000000000000e+00
8.000000000000000000e+00 1.480000000000000000e+03 -1.000000000000000000e+00 -1.000000000000000000e+00 -1.000000000000000000e+00 -1.000000000000000000e+00 -1.000000000000000000e+00 1.165442000000000007e+03 1.378215999999999894e+03 7.740000000000000213e-01 3.365000000000000213e-01 5.190000000000000169e-01 1.000000000000000000e+00
8.000000000000000000e+00 1.472000000000000000e+03 -1.000000000000000000e+00 -1.000000000000000000e+00 -1.000000000000000000e+00 -1.000000000000000000e+00 -1.000000000000000000e+00 1.146496000000000095e+03 1.405729000000000042e+03 8.399999999999999689e-01 3.980000000000000204e-01 3.980000000000000204e-01 1.000000000000000000e+00
8.000000000000000000e+00 1.475000000000000000e+03 -1.000000000000000000e+00 -1.000000000000000000e+00 -1.000000000000000000e+00 -1.000000000000000000e+00 -1.000000000000000000e+00 1.155217000000000098e+03 1.376942999999999984e+03 8.279999999999999583e-01 3.950000000000000178e-01 4.580000000000000182e-01 1.000000000000000000e+00
8.000000000000000000e+00 1.476000000000000000e+03 -1.000000000000000000e+00 -1.000000000000000000e+00 -1.000000000000000000e+00 -1.000000000000000000e+00 -1.000000000000000000e+00 1.153393000000000029e+03 1.395801999999999907e+03 8.569999999999999840e-01 4.015000000000000235e-01 3.890000000000000124e-01 1.000000000000000000e+00
9.000000000000000000e+00 1.479000000000000000e+03 -1.000000000000000000e+00 -1.000000000000000000e+00 -1.000000000000000000e+00 -1.000000000000000000e+00 -1.000000000000000000e+00 1.166128999999999905e+03 1.378817999999999984e+03 9.260000000000000453e-01 3.930000000000000160e-01 5.060000000000000053e-01 1.000000000000000000e+00
9.000000000000000000e+00 1.470000000000000000e+03 -1.000000000000000000e+00 -1.000000000000000000e+00 -1.000000000000000000e+00 -1.000000000000000000e+00 -1.000000000000000000e+00 1.152833000000000084e+03 1.405535000000000082e+03 6.760000000000000453e-01 4.595000000000000195e-01 4.884999999999999898e-01 1.000000000000000000e+00
9.000000000000000000e+00 1.481000000000000000e+03 -1.000000000000000000e+00 -1.000000000000000000e+00 -1.000000000000000000e+00 -1.000000000000000000e+00 -1.000000000000000000e+00 1.166433999999999969e+03 1.377673999999999978e+03 7.600000000000000089e-01 3.225000000000000089e-01 4.069999999999999729e-01 1.000000000000000000e+00
9.000000000000000000e+00 1.480000000000000000e+03 -1.000000000000000000e+00 -1.000000000000000000e+00 -1.000000000000000000e+00 -1.000000000000000000e+00 -1.000000000000000000e+00 1.164762999999999920e+03 1.378426999999999907e+03 7.740000000000000213e-01 3.365000000000000213e-01 5.190000000000000169e-01 1.000000000000000000e+00
9.000000000000000000e+00 1.472000000000000000e+03 -1.000000000000000000e+00 -1.000000000000000000e+00 -1.000000000000000000e+00 -1.000000000000000000e+00 -1.000000000000000000e+00 1.145755000000000109e+03 1.405776000000000067e+03 8.649999999999999911e-01 3.980000000000000204e-01 3.980000000000000204e-01 1.000000000000000000e+00
9.000000000000000000e+00 1.484000000000000000e+03 -1.000000000000000000e+00 -1.000000000000000000e+00 -1.000000000000000000e+00 -1.000000000000000000e+00 -1.000000000000000000e+00 1.167176999999999907e+03 1.377046000000000049e+03 7.600000000000000089e-01 2.805000000000000271e-01 3.790000000000000036e-01 8.605000000000000426e-01
9.000000000000000000e+00 1.475000000000000000e+03 -1.000000000000000000e+00 -1.000000000000000000e+00 -1.000000000000000000e+00 -1.000000000000000000e+00 -1.000000000000000000e+00 1.154951999999999998e+03 1.377642000000000053e+03 9.120000000000000329e-01 3.950000000000000178e-01 4.580000000000000182e-01 1.000000000000000000e+00
9.000000000000000000e+00 1.476000000000000000e+03 -1.000000000000000000e+00 -1.000000000000000000e+00 -1.000000000000000000e+00 -1.000000000000000000e+00 -1.000000000000000000e+00 1.153240999999999985e+03 1.395439000000000078e+03 8.569999999999999840e-01 4.015000000000000235e-01 3.890000000000000124e-01 1.000000000000000000e+00
1.000000000000000000e+01 1.479000000000000000e+03 -1.000000000000000000e+00 -1.000000000000000000e+00 -1.000000000000000000e+00 -1.000000000000000000e+00 -1.000000000000000000e+00 1.165306000000000040e+03 1.379021999999999935e+03 9.260000000000000453e-01 3.930000000000000160e-01 5.060000000000000053e-01 1.000000000000000000e+00
1.000000000000000000e+01 1.470000000000000000e+03 -1.000000000000000000e+00 -1.000000000000000000e+00 -1.000000000000000000e+00 -1.000000000000000000e+00 -1.000000000000000000e+00 1.152227000000000089e+03 1.405484999999999900e+03 6.760000000000000453e-01 4.595000000000000195e-01 4.884999999999999898e-01 1.000000000000000000e+00
1.000000000000000000e+01 1.481000000000000000e+03 -1.000000000000000000e+00 -1.000000000000000000e+00 -1.000000000000000000e+00 -1.000000000000000000e+00 -1.000000000000000000e+00 1.165644999999999982e+03 1.377897999999999911e+03 7.600000000000000089e-01 3.225000000000000089e-01 4.069999999999999729e-01 1.000000000000000000e+00
1.000000000000000000e+01 1.480000000000000000e+03 -1.000000000000000000e+00 -1.000000000000000000e+00 -1.000000000000000000e+00 -1.000000000000000000e+00 -1.000000000000000000e+00 1.164083000000000084e+03 1.378638999999999896e+03 7.740000000000000213e-01 3.365000000000000213e-01 5.190000000000000169e-01 1.000000000000000000e+00
1.000000000000000000e+01 1.472000000000000000e+03 -1.000000000000000000e+00 -1.000000000000000000e+00 -1.000000000000000000e+00 -1.000000000000000000e+00 -1.000000000000000000e+00 1.145015000000000100e+03 1.405823000000000093e+03 8.900000000000000133e-01 3.980000000000000204e-01 3.980000000000000204e-01 1.000000000000000000e+00
1.000000000000000000e+01 1.484000000000000000e+03 -1.000000000000000000e+00 -1.000000000000000000e+00 -1.000000000000000000e+00 -1.000000000000000000e+00 -1.000000000000000000e+00 1.166425999999999931e+03 1.377294000000000096e+03 7.600000000000000089e-01 2.805000000000000271e-01 3.790000000000000036e-01 8.605000000000000426e-01
1.000000000000000000e+01 1.475000000000000000e+03 -1.000000000000000000e+00 -1.000000000000000000e+00 -1.000000000000000000e+00 -1.000000000000000000e+00 -1.000000000000000000e+00 1.154684999999999945e+03 1.378344000000000051e+03 9.120000000000000329e-01 3.950000000000000178e-01 4.580000000000000182e-01 1.000000000000000000e+00
1.000000000000000000e+01 1.476000000000000000e+03 -1.000000000000000000e+00 -1.000000000000000000e+00 -1.000000000000000000e+00 -1.000000000000000000e+00 -1.000000000000000000e+00 1.153163999999999987e+03 1.395086000000000013e+03 8.940000000000000169e-01 4.015000000000000235e-01 3.890000000000000124e-01 1.000000000000000000e+00
1.000000000000000000e+01 1.487000000000000000e+03 -1.000000000000000000e+00 -1.000000000000000000e+00 -1.000000000000000000e+00 -1.000000000000000000e+00 -1.000000000000000000e+00 1.191219000000000051e+03 1.389962999999999965e+03 8.549999999999999822e-01 4.485000000000000098e-01 5.154999999999999583e-01 8.605000000000000426e-01
1.100000000000000000e+01 1.479000000000000000e+03 -1.000000000000000000e+00 -1.000000000000000000e+00 -1.000000000000000000e+00 -1.000000000000000000e+00 -1.000000000000000000e+00 1.164482999999999947e+03 1.379226000000000113e+03 9.260000000000000453e-01 3.930000000000000160e-01 5.060000000000000053e-01 1.000000000000000000e+00
1.100000000000000000e+01 1.470000000000000000e+03 -1.000000000000000000e+00 -1.000000000000000000e+00 -1.000000000000000000e+00 -1.000000000000000000e+00 -1.000000000000000000e+00 1.151603000000000065e+03 1.405653999999999996e+03 7.429999999999999938e-01 4.595000000000000195e-01 4.884999999999999898e-01 1.000000000000000000e+00
1.100000000000000000e+01 1.481000000000000000e+03 -1.000000000000000000e+00 -1.000000000000000000e+00 -1.000000000000000000e+00 -1.000000000000000000e+00 -1.000000000000000000e+00 1.164904999999999973e+03 1.378176999999999907e+03 7.600000000000000089e-01 3.225000000000000089e-01 4.069999999999999729e-01 1.000000000000000000e+00
1.100000000000000000e+01 1.480000000000000000e+03 -1.000000000000000000e+00 -1.000000000000000000e+00 -1.000000000000000000e+00 -1.000000000000000000e+00 -1.000000000000000000e+00 1.163246000000000095e+03 1.378862000000000080e+03 8.149999999999999467e-01 3.365000000000000213e-01 5.190000000000000169e-01 1.000000000000000000e+00
1.100000000000000000e+01 1.472000000000000000e+03 -1.000000000000000000e+00 -1.000000000000000000e+00 -1.000000000000000000e+00 -1.000000000000000000e+00 -1.000000000000000000e+00 1.144275000000000091e+03 1.405868999999999915e+03 9.150000000000000355e-01 3.980000000000000204e-01 3.980000000000000204e-01 1.000000000000000000e+00
1.100000000000000000e+01 1.484000000000000000e+03 -1.000000000000000000e+00 -1.000000000000000000e+00 -1.000000000000000000e+00 -1.000000000000000000e+00 -1.000000000000000000e+00 1.165674999999999955e+03 1.377542999999999893e+03 7.600000000000000089e-01 2.805000000000000271e-01 3.790000000000000036e-01 8.605000000000000426e-01
1.100000000000000000e+01 1.475000000000000000e+03 -1.000000000000000000e+00 -1.000000000000000000e+00 -1.000000000000000000e+00 -1.000000000000000000e+00 -1.000000000000000000e+00 1.154417999999999893e+03 1.379046000000000049e+03 9.120000000000000329e-01 3.950000000000000178e-01 4.580000000000000182e-01 1.000000000000000000e+00
1.100000000000000000e+01 1.476000000000000000e+03 -1.000000000000000000e+00 -1.000000000000000000e+00 -1.000000000000000000e+00 -1.000000000000000000e+00 -1.000000000000000000e+00 1.153086000000000013e+03 1.394732999999999947e+03 9.320000000000000506e-01 4.015000000000000235e-01 3.890000000000000124e-01 1.000000000000000000e+00
1.100000000000000000e+01 1.487000000000000000e+03 -1.000000000000000000e+00 -1.000000000000000000e+00 -1.000000000000000000e+00 -1.000000000000000000e+00 -1.000000000000000000e+00 1.191499000000000024e+03 1.390712999999999965e+03 7.710000000000000187e-01 4.485000000000000098e-01 5.154999999999999583e-01 8.605000000000000426e-01
1.200000000000000000e+01 1.479000000000000000e+03 -1.000000000000000000e+00 -1.000000000000000000e+00 -1.000000000000000000e+00 -1.000000000000000000e+00 -1.000000000000000000e+00 1.163643000000000029e+03 1.379365000000000009e+03 9.260000000000000453e-01 3.930000000000000160e-01 5.060000000000000053e-01 1.000000000000000000e+00
1.200000000000000000e+01 1.470000000000000000e+03 -1.000000000000000000e+00 -1.000000000000000000e+00 -1.000000000000000000e+00 -1.000000000000000000e+00 -1.000000000000000000e+00 1.150979000000000042e+03 1.405824000000000069e+03 8.100000000000000533e-01 4.595000000000000195e-01 4.884999999999999898e-01 1.000000000000000000e+00
1.200000000000000000e+01 1.481000000000000000e+03 -1.000000000000000000e+00 -1.000000000000000000e+00 -1.000000000000000000e+00 -1.000000000000000000e+00 -1.000000000000000000e+00 1.164165999999999940e+03 1.378455999999999904e+03 7.600000000000000089e-01 3.225000000000000089e-01 4.069999999999999729e-01 1.000000000000000000e+00
1.200000000000000000e+01 1.480000000000000000e+03 -1.000000000000000000e+00 -1.000000000000000000e+00 -1.000000000000000000e+00 -1.000000000000000000e+00 -1.000000000000000000e+00 1.162410000000000082e+03 1.379085000000000036e+03 8.569999999999999840e-01 3.365000000000000213e-01 5.190000000000000169e-01 1.000000000000000000e+00
1.200000000000000000e+01 1.472000000000000000e+03 -1.000000000000000000e+00 -1.000000000000000000e+00 -1.000000000000000000e+00 -1.000000000000000000e+00 -1.000000000000000000e+00 1.143442999999999984e+03 1.405873000000000047e+03 9.399999999999999467e-01 3.980000000000000204e-01 3.980000000000000204e-01 1.000000000000000000e+00
1.200000000000000000e+01 1.484000000000000000e+03 -1.000000000000000000e+00 -1.000000000000000000e+00 -1.000000000000000000e+00 -1.000000000000000000e+00 -1.000000000000000000e+00 1.164923999999999978e+03 1.377791999999999916e+03 7.600000000000000089e-01 2.805000000000000271e-01 3.790000000000000036e-01 8.605000000000000426e-01
1.200000000000000000e+01 1.475000000000000000e+03 -1.000000000000000000e+00 -1.000000000000000000e+00 -1.000000000000000000e+00 -1.000000000000000000e+00 -1.000000000000000000e+00 1.154150000000000091e+03 1.379748000000000047e+03 9.120000000000000329e-01 3.950000000000000178e-01 4.580000000000000182e-01 1.000000000000000000e+00
1.200000000000000000e+01 1.476000000000000000e+03 -1.000000000000000000e+00 -1.000000000000000000e+00 -1.000000000000000000e+00 -1.000000000000000000e+00 -1.000000000000000000e+00 1.153008000000000038e+03 1.394380000000000109e+03 9.689999999999999725e-01 4.015000000000000235e-01 3.890000000000000124e-01 1.000000000000000000e+00
1.200000000000000000e+01 1.487000000000000000e+03 -1.000000000000000000e+00 -1.000000000000000000e+00 -1.000000000000000000e+00 -1.000000000000000000e+00 -1.000000000000000000e+00 1.191678000000000111e+03 1.391353000000000065e+03 7.209999999999999742e-01 4.485000000000000098e-01 5.154999999999999583e-01 8.605000000000000426e-01
1.300000000000000000e+01 1.479000000000000000e+03 -1.000000000000000000e+00 -1.000000000000000000e+00 -1.000000000000000000e+00 -1.000000000000000000e+00 -1.000000000000000000e+00 1.162836000000000013e+03 1.379634000000000015e+03 9.260000000000000453e-01 3.930000000000000160e-01 5.060000000000000053e-01 1.000000000000000000e+00
1.300000000000000000e+01 1.470000000000000000e+03 -1.000000000000000000e+00 -1.000000000000000000e+00 -1.000000000000000000e+00 -1.000000000000000000e+00 -1.000000000000000000e+00 1.150355000000000018e+03 1.405993999999999915e+03 8.760000000000000009e-01 4.595000000000000195e-01 4.884999999999999898e-01 1.000000000000000000e+00
1.300000000000000000e+01 1.481000000000000000e+03 -1.000000000000000000e+00 -1.000000000000000000e+00 -1.000000000000000000e+00 -1.000000000000000000e+00 -1.000000000000000000e+00 1.163425999999999931e+03 1.378733999999999924e+03 7.600000000000000089e-01 3.225000000000000089e-01 4.069999999999999729e-01 1.000000000000000000e+00
1.300000000000000000e+01 1.480000000000000000e+03 -1.000000000000000000e+00 -1.000000000000000000e+00 -1.000000000000000000e+00 -1.000000000000000000e+00 -1.000000000000000000e+00 1.161573000000000093e+03 1.379308999999999969e+03 8.980000000000000204e-01 3.365000000000000213e-01 5.190000000000000169e-01 1.000000000000000000e+00
1.300000000000000000e+01 1.472000000000000000e+03 -1.000000000000000000e+00 -1.000000000000000000e+00 -1.000000000000000000e+00 -1.000000000000000000e+00 -1.000000000000000000e+00 1.142612000000000080e+03 1.405876999999999953e+03 9.649999999999999689e-01 3.980000000000000204e-01 3.980000000000000204e-01 1.000000000000000000e+00
1.300000000000000000e+01 1.484000000000000000e+03 -1.000000000000000000e+00 -1.000000000000000000e+00 -1.000000000000000000e+00 -1.000000000000000000e+00 -1.000000000000000000e+00 1.164183999999999969e+03 1.378022999999999911e+03 7.840000000000000302e-01 2.805000000000000271e-01 3.790000000000000036e-01 8.605000000000000426e-01
1.300000000000000000e+01 1.475000000000000000e+03 -1.000000000000000000e+00 -1.000000000000000000e+00 -1.000000000000000000e+00 -1.000000000000000000e+00 -1.000000000000000000e+00 1.153972999999999956e+03 1.380412000000000035e+03 9.120000000000000329e-01 3.950000000000000178e-01 4.580000000000000182e-01 1.000000000000000000e+00
1.300000000000000000e+01 1.476000000000000000e+03 -1.000000000000000000e+00 -1.000000000000000000e+00 -1.000000000000000000e+00 -1.000000000000000000e+00 -1.000000000000000000e+00 1.152931000000000040e+03 1.394026000000000067e+03 1.006999999999999895e+00 4.015000000000000235e-01 3.890000000000000124e-01 1.000000000000000000e+00
1.300000000000000000e+01 1.487000000000000000e+03 -1.000000000000000000e+00 -1.000000000000000000e+00 -1.000000000000000000e+00 -1.000000000000000000e+00 -1.000000000000000000e+00 1.191856999999999971e+03 1.391992999999999938e+03 6.710000000000000409e-01 4.485000000000000098e-01 5.154999999999999583e-01 8.605000000000000426e-01
1.400000000000000000e+01 1.479000000000000000e+03 -1.000000000000000000e+00 -1.000000000000000000e+00 -1.000000000000000000e+00 -1.000000000000000000e+00 -1.000000000000000000e+00 1.162097999999999956e+03 1.379896999999999935e+03 9.260000000000000453e-01 3.930000000000000160e-01 5.060000000000000053e-01 1.000000000000000000e+00
1.400000000000000000e+01 1.470000000000000000e+03 -1.000000000000000000e+00 -1.000000000000000000e+00 -1.000000000000000000e+00 -1.000000000000000000e+00 -1.000000000000000000e+00 1.149777000000000044e+03 1.406070999999999913e+03 9.429999999999999494e-01 4.595000000000000195e-01 4.884999999999999898e-01 1.000000000000000000e+00
1.400000000000000000e+01 1.481000000000000000e+03 -1.000000000000000000e+00 -1.000000000000000000e+00 -1.000000000000000000e+00 -1.000000000000000000e+00 -1.000000000000000000e+00 1.162615000000000009e+03 1.378901000000000067e+03 7.600000000000000089e-01 3.225000000000000089e-01 4.069999999999999729e-01 1.000000000000000000e+00
1.400000000000000000e+01 1.480000000000000000e+03 -1.000000000000000000e+00 -1.000000000000000000e+00 -1.000000000000000000e+00 -1.000000000000000000e+00 -1.000000000000000000e+00 1.160804000000000087e+03 1.379596000000000004e+03 9.030000000000000249e-01 3.365000000000000213e-01 5.190000000000000169e-01 1.000000000000000000e+00
1.400000000000000000e+01 1.472000000000000000e+03 -1.000000000000000000e+00 -1.000000000000000000e+00 -1.000000000000000000e+00 -1.000000000000000000e+00 -1.000000000000000000e+00 1.141779999999999973e+03 1.405881000000000085e+03 9.899999999999999911e-01 3.980000000000000204e-01 3.980000000000000204e-01 1.000000000000000000e+00
1.400000000000000000e+01 1.484000000000000000e+03 -1.000000000000000000e+00 -1.000000000000000000e+00 -1.000000000000000000e+00 -1.000000000000000000e+00 -1.000000000000000000e+00 1.163444999999999936e+03 1.378255000000000109e+03 8.070000000000000506e-01 2.805000000000000271e-01 3.790000000000000036e-01 8.605000000000000426e-01
1.400000000000000000e+01 1.475000000000000000e+03 -1.000000000000000000e+00 -1.000000000000000000e+00 -1.000000000000000000e+00 -1.000000000000000000e+00 -1.000000000000000000e+00 1.153796000000000049e+03 1.381075000000000045e+03 9.120000000000000329e-01 3.950000000000000178e-01 4.580000000000000182e-01 1.000000000000000000e+00
1.400000000000000000e+01 1.476000000000000000e+03 -1.000000000000000000e+00 -1.000000000000000000e+00 -1.000000000000000000e+00 -1.000000000000000000e+00 -1.000000000000000000e+00 1.152868999999999915e+03 1.393577999999999975e+03 1.044000000000000039e+00 4.015000000000000235e-01 3.890000000000000124e-01 1.000000000000000000e+00
1.400000000000000000e+01 1.487000000000000000e+03 -1.000000000000000000e+00 -1.000000000000000000e+00 -1.000000000000000000e+00 -1.000000000000000000e+00 -1.000000000000000000e+00 1.192037000000000035e+03 1.392633000000000038e+03 6.209999999999999964e-01 4.485000000000000098e-01 5.154999999999999583e-01 8.605000000000000426e-01
1.500000000000000000e+01 1.479000000000000000e+03 -1.000000000000000000e+00 -1.000000000000000000e+00 -1.000000000000000000e+00 -1.000000000000000000e+00 -1.000000000000000000e+00 1.161359999999999900e+03 1.380160000000000082e+03 9.260000000000000453e-01 3.930000000000000160e-01 5.060000000000000053e-01 1.000000000000000000e+00
1.500000000000000000e+01 1.470000000000000000e+03 -1.000000000000000000e+00 -1.000000000000000000e+00 -1.000000000000000000e+00 -1.000000000000000000e+00 -1.000000000000000000e+00 1.149198000000000093e+03 1.406147999999999911e+03 1.010000000000000009e+00 4.595000000000000195e-01 4.884999999999999898e-01 1.000000000000000000e+00
1.500000000000000000e+01 1.481000000000000000e+03 -1.000000000000000000e+00 -1.000000000000000000e+00 -1.000000000000000000e+00 -1.000000000000000000e+00 -1.000000000000000000e+00 1.161804000000000087e+03 1.379067000000000007e+03 7.600000000000000089e-01 3.225000000000000089e-01 4.069999999999999729e-01 1.000000000000000000e+00
1.500000000000000000e+01 1.480000000000000000e+03 -1.000000000000000000e+00 -1.000000000000000000e+00 -1.000000000000000000e+00 -1.000000000000000000e+00 -1.000000000000000000e+00 1.160035000000000082e+03 1.379884000000000015e+03 9.070000000000000284e-01 3.365000000000000213e-01 5.190000000000000169e-01 1.000000000000000000e+00
1.500000000000000000e+01 1.472000000000000000e+03 -1.000000000000000000e+00 -1.000000000000000000e+00 -1.000000000000000000e+00 -1.000000000000000000e+00 -1.000000000000000000e+00 1.140948000000000093e+03 1.405884999999999991e+03 1.014999999999999902e+00 3.980000000000000204e-01 3.980000000000000204e-01 1.000000000000000000e+00
1.500000000000000000e+01 1.484000000000000000e+03 -1.000000000000000000e+00 -1.000000000000000000e+00 -1.000000000000000000e+00 -1.000000000000000000e+00 -1.000000000000000000e+00 1.162704999999999927e+03 1.378486000000000104e+03 8.309999999999999609e-01 2.805000000000000271e-01 3.790000000000000036e-01 8.605000000000000426e-01
1.500000000000000000e+01 1.475000000000000000e+03 -1.000000000000000000e+00 -1.000000000000000000e+00 -1.000000000000000000e+00 -1.000000000000000000e+00 -1.000000000000000000e+00 1.153618999999999915e+03 1.381739000000000033e+03 9.120000000000000329e-01 3.950000000000000178e-01 4.580000000000000182e-01 1.000000000000000000e+00
1.500000000000000000e+01 1.476000000000000000e+03 -1.000000000000000000e+00 -1.000000000000000000e+00 -1.000000000000000000e+00 -1.000000000000000000e+00 -1.000000000000000000e+00 1.152806000000000040e+03 1.393130000000000109e+03 1.082000000000000073e+00 4.015000000000000235e-01 3.890000000000000124e-01 1.000000000000000000e+00
1.500000000000000000e+01 1.487000000000000000e+03 -1.000000000000000000e+00 -1.000000000000000000e+00 -1.000000000000000000e+00 -1.000000000000000000e+00 -1.000000000000000000e+00 1.192214999999999918e+03 1.393269999999999982e+03 6.460000000000000187e-01 4.485000000000000098e-01 5.154999999999999583e-01 8.605000000000000426e-01
1.600000000000000000e+01 1.479000000000000000e+03 -1.000000000000000000e+00 -1.000000000000000000e+00 -1.000000000000000000e+00 -1.000000000000000000e+00 -1.000000000000000000e+00 1.160623000000000047e+03 1.380422000000000025e+03 9.260000000000000453e-01 3.930000000000000160e-01 5.060000000000000053e-01 1.000000000000000000e+00
1.600000000000000000e+01 1.470000000000000000e+03 -1.000000000000000000e+00 -1.000000000000000000e+00 -1.000000000000000000e+00 -1.000000000000000000e+00 -1.000000000000000000e+00 1.148619999999999891e+03 1.406224999999999909e+03 1.076000000000000068e+00 4.595000000000000195e-01 4.884999999999999898e-01 1.000000000000000000e+00
1.600000000000000000e+01 1.481000000000000000e+03 -1.000000000000000000e+00 -1.000000000000000000e+00 -1.000000000000000000e+00 -1.000000000000000000e+00 -1.000000000000000000e+00 1.160992999999999938e+03 1.379233999999999924e+03 7.600000000000000089e-01 3.225000000000000089e-01 4.069999999999999729e-01 1.000000000000000000e+00
1.600000000000000000e+01 1.480000000000000000e+03 -1.000000000000000000e+00 -1.000000000000000000e+00 -1.000000000000000000e+00 -1.000000000000000000e+00 -1.000000000000000000e+00 1.159265000000000100e+03 1.380172000000000025e+03 9.120000000000000329e-01 3.365000000000000213e-01 5.190000000000000169e-01 1.000000000000000000e+00
1.600000000000000000e+01 1.484000000000000000e+03 -1.000000000000000000e+00 -1.000000000000000000e+00 -1.000000000000000000e+00 -1.000000000000000000e+00 -1.000000000000000000e+00 1.161978000000000065e+03 1.378664999999999964e+03 7.960000000000000409e-01 2.805000000000000271e-01 3.790000000000000036e-01 8.605000000000000426e-01
1.600000000000000000e+01 1.475000000000000000e+03 -1.000000000000000000e+00 -1.000000000000000000e+00 -1.000000000000000000e+00 -1.000000000000000000e+00 -1.000000000000000000e+00 1.153441000000000031e+03 1.382403000000000020e+03 9.120000000000000329e-01 3.950000000000000178e-01 4.580000000000000182e-01 1.000000000000000000e+00
1.600000000000000000e+01 1.476000000000000000e+03 -1.000000000000000000e+00 -1.000000000000000000e+00 -1.000000000000000000e+00 -1.000000000000000000e+00 -1.000000000000000000e+00 1.152743999999999915e+03 1.392681000000000040e+03 1.118999999999999995e+00 4.015000000000000235e-01 3.890000000000000124e-01 1.000000000000000000e+00
1.600000000000000000e+01 1.487000000000000000e+03 -1.000000000000000000e+00 -1.000000000000000000e+00 -1.000000000000000000e+00 -1.000000000000000000e+00 -1.000000000000000000e+00 1.192393000000000029e+03 1.393905999999999949e+03 6.700000000000000400e-01 4.485000000000000098e-01 5.154999999999999583e-01 8.605000000000000426e-01
1.700000000000000000e+01 1.479000000000000000e+03 -1.000000000000000000e+00 -1.000000000000000000e+00 -1.000000000000000000e+00 -1.000000000000000000e+00 -1.000000000000000000e+00 1.159827999999999975e+03 1.380578999999999951e+03 9.260000000000000453e-01 3.930000000000000160e-01 5.060000000000000053e-01 1.000000000000000000e+00
1.700000000000000000e+01 1.470000000000000000e+03 -1.000000000000000000e+00 -1.000000000000000000e+00 -1.000000000000000000e+00 -1.000000000000000000e+00 -1.000000000000000000e+00 1.147962999999999965e+03 1.406233999999999924e+03 1.143000000000000016e+00 4.595000000000000195e-01 4.884999999999999898e-01 1.000000000000000000e+00
1.700000000000000000e+01 1.481000000000000000e+03 -1.000000000000000000e+00 -1.000000000000000000e+00 -1.000000000000000000e+00 -1.000000000000000000e+00 -1.000000000000000000e+00 1.160339999999999918e+03 1.379450000000000045e+03 7.600000000000000089e-01 3.225000000000000089e-01 4.069999999999999729e-01 1.000000000000000000e+00
1.700000000000000000e+01 1.484000000000000000e+03 -1.000000000000000000e+00 -1.000000000000000000e+00 -1.000000000000000000e+00 -1.000000000000000000e+00 -1.000000000000000000e+00 1.161250999999999976e+03 1.378844000000000051e+03 7.600000000000000089e-01 2.805000000000000271e-01 3.790000000000000036e-01 8.605000000000000426e-01
1.700000000000000000e+01 1.475000000000000000e+03 -1.000000000000000000e+00 -1.000000000000000000e+00 -1.000000000000000000e+00 -1.000000000000000000e+00 -1.000000000000000000e+00 1.153365999999999985e+03 1.382982999999999947e+03 1.062000000000000055e+00 3.950000000000000178e-01 4.580000000000000182e-01 1.000000000000000000e+00
1.700000000000000000e+01 1.476000000000000000e+03 -1.000000000000000000e+00 -1.000000000000000000e+00 -1.000000000000000000e+00 -1.000000000000000000e+00 -1.000000000000000000e+00 1.152652000000000044e+03 1.392145999999999958e+03 1.157000000000000028e+00 4.015000000000000235e-01 3.890000000000000124e-01 1.000000000000000000e+00
1.700000000000000000e+01 1.487000000000000000e+03 -1.000000000000000000e+00 -1.000000000000000000e+00 -1.000000000000000000e+00 -1.000000000000000000e+00 -1.000000000000000000e+00 1.192507000000000062e+03 1.394357999999999947e+03 6.959999999999999520e-01 4.485000000000000098e-01 5.154999999999999583e-01 8.605000000000000426e-01
1.800000000000000000e+01 1.479000000000000000e+03 -1.000000000000000000e+00 -1.000000000000000000e+00 -1.000000000000000000e+00 -1.000000000000000000e+00 -1.000000000000000000e+00 1.159032999999999902e+03 1.380736000000000104e+03 9.260000000000000453e-01 3.930000000000000160e-01 5.060000000000000053e-01 1.000000000000000000e+00
1.800000000000000000e+01 1.481000000000000000e+03 -1.000000000000000000e+00 -1.000000000000000000e+00 -1.000000000000000000e+00 -1.000000000000000000e+00 -1.000000000000000000e+00 1.159685999999999922e+03 1.379665999999999940e+03 7.600000000000000089e-01 3.225000000000000089e-01 4.069999999999999729e-01 1.000000000000000000e+00
1.800000000000000000e+01 1.484000000000000000e+03 -1.000000000000000000e+00 -1.000000000000000000e+00 -1.000000000000000000e+00 -1.000000000000000000e+00 -1.000000000000000000e+00 1.160575000000000045e+03 1.379083000000000084e+03 8.519999999999999796e-01 2.805000000000000271e-01 3.790000000000000036e-01 8.605000000000000426e-01
1.800000000000000000e+01 1.475000000000000000e+03 -1.000000000000000000e+00 -1.000000000000000000e+00 -1.000000000000000000e+00 -1.000000000000000000e+00 -1.000000000000000000e+00 1.153290999999999940e+03 1.383563000000000102e+03 1.211999999999999966e+00 3.950000000000000178e-01 4.580000000000000182e-01 1.000000000000000000e+00
1.800000000000000000e+01 1.476000000000000000e+03 -1.000000000000000000e+00 -1.000000000000000000e+00 -1.000000000000000000e+00 -1.000000000000000000e+00 -1.000000000000000000e+00 1.152559999999999945e+03 1.391611000000000104e+03 1.193999999999999950e+00 4.015000000000000235e-01 3.890000000000000124e-01 1.000000000000000000e+00
1.800000000000000000e+01 1.487000000000000000e+03 -1.000000000000000000e+00 -1.000000000000000000e+00 -1.000000000000000000e+00 -1.000000000000000000e+00 -1.000000000000000000e+00 1.192622000000000071e+03 1.394809999999999945e+03 7.209999999999999742e-01 4.485000000000000098e-01 5.154999999999999583e-01 8.605000000000000426e-01
1.900000000000000000e+01 1.479000000000000000e+03 -1.000000000000000000e+00 -1.000000000000000000e+00 -1.000000000000000000e+00 -1.000000000000000000e+00 -1.000000000000000000e+00 1.158269000000000005e+03 1.380949000000000069e+03 9.669999999999999707e-01 3.930000000000000160e-01 5.060000000000000053e-01 1.000000000000000000e+00
1.900000000000000000e+01 1.481000000000000000e+03 -1.000000000000000000e+00 -1.000000000000000000e+00 -1.000000000000000000e+00 -1.000000000000000000e+00 -1.000000000000000000e+00 1.159031999999999925e+03 1.379882000000000062e+03 7.600000000000000089e-01 3.225000000000000089e-01 4.069999999999999729e-01 1.000000000000000000e+00
1.900000000000000000e+01 1.484000000000000000e+03 -1.000000000000000000e+00 -1.000000000000000000e+00 -1.000000000000000000e+00 -1.000000000000000000e+00 -1.000000000000000000e+00 1.159900000000000091e+03 1.379323000000000093e+03 9.439999999999999503e-01 2.805000000000000271e-01 3.790000000000000036e-01 8.605000000000000426e-01
1.900000000000000000e+01 1.475000000000000000e+03 -1.000000000000000000e+00 -1.000000000000000000e+00 -1.000000000000000000e+00 -1.000000000000000000e+00 -1.000000000000000000e+00 1.153209000000000060e+03 1.384321999999999889e+03 1.185999999999999943e+00 3.950000000000000178e-01 4.580000000000000182e-01 1.000000000000000000e+00
1.900000000000000000e+01 1.476000000000000000e+03 -1.000000000000000000e+00 -1.000000000000000000e+00 -1.000000000000000000e+00 -1.000000000000000000e+00 -1.000000000000000000e+00 1.152468000000000075e+03 1.391076000000000022e+03 1.231999999999999984e+00 4.015000000000000235e-01 3.890000000000000124e-01 1.000000000000000000e+00
1.900000000000000000e+01 1.487000000000000000e+03 -1.000000000000000000e+00 -1.000000000000000000e+00 -1.000000000000000000e+00 -1.000000000000000000e+00 -1.000000000000000000e+00 1.192767000000000053e+03 1.395549999999999955e+03 7.459999999999999964e-01 4.485000000000000098e-01 5.154999999999999583e-01 8.605000000000000426e-01
2.000000000000000000e+01 1.479000000000000000e+03 -1.000000000000000000e+00 -1.000000000000000000e+00 -1.000000000000000000e+00 -1.000000000000000000e+00 -1.000000000000000000e+00 1.157505000000000109e+03 1.381163000000000011e+03 1.008000000000000007e+00 3.930000000000000160e-01 5.060000000000000053e-01 1.000000000000000000e+00
2.000000000000000000e+01 1.481000000000000000e+03 -1.000000000000000000e+00 -1.000000000000000000e+00 -1.000000000000000000e+00 -1.000000000000000000e+00 -1.000000000000000000e+00 1.158242999999999938e+03 1.380147999999999911e+03 7.600000000000000089e-01 3.225000000000000089e-01 4.069999999999999729e-01 1.000000000000000000e+00
2.000000000000000000e+01 1.484000000000000000e+03 -1.000000000000000000e+00 -1.000000000000000000e+00 -1.000000000000000000e+00 -1.000000000000000000e+00 -1.000000000000000000e+00 1.159223999999999933e+03 1.379561999999999898e+03 9.599999999999999645e-01 2.805000000000000271e-01 3.790000000000000036e-01 8.605000000000000426e-01
2.000000000000000000e+01 1.475000000000000000e+03 -1.000000000000000000e+00 -1.000000000000000000e+00 -1.000000000000000000e+00 -1.000000000000000000e+00 -1.000000000000000000e+00 1.153127999999999929e+03 1.385067999999999984e+03 1.201000000000000068e+00 3.950000000000000178e-01 4.580000000000000182e-01 1.000000000000000000e+00
2.000000000000000000e+01 1.487000000000000000e+03 -1.000000000000000000e+00 -1.000000000000000000e+00 -1.000000000000000000e+00 -1.000000000000000000e+00 -1.000000000000000000e+00 1.192842000000000098e+03 1.396300999999999931e+03 7.710000000000000187e-01 4.485000000000000098e-01 5.154999999999999583e-01 8.605000000000000426e-01
2.100000000000000000e+01 1.479000000000000000e+03 -1.000000000000000000e+00 -1.000000000000000000e+00 -1.000000000000000000e+00 -1.000000000000000000e+00 -1.000000000000000000e+00 1.156740999999999985e+03 1.381376999999999953e+03 1.048999999999999932e+00 3.930000000000000160e-01 5.060000000000000053e-01 1.000000000000000000e+00
2.100000000000000000e+01 1.481000000000000000e+03 -1.000000000000000000e+00 -1.000000000000000000e+00 -1.000000000000000000e+00 -1.000000000000000000e+00 -1.000000000000000000e+00 1.157454999999999927e+03 1.380413000000000011e+03 7.600000000000000089e-01 3.225000000000000089e-01 4.069999999999999729e-01 1.000000000000000000e+00
2.100000000000000000e+01 1.484000000000000000e+03 -1.000000000000000000e+00 -1.000000000000000000e+00 -1.000000000000000000e+00 -1.000000000000000000e+00 -1.000000000000000000e+00 1.158634999999999991e+03 1.379884999999999991e+03 1.026999999999999913e+00 2.805000000000000271e-01 3.790000000000000036e-01 8.605000000000000426e-01
2.100000000000000000e+01 1.487000000000000000e+03 -1.000000000000000000e+00 -1.000000000000000000e+00 -1.000000000000000000e+00 -1.000000000000000000e+00 -1.000000000000000000e+00 1.192788999999999987e+03 1.397097999999999956e+03 8.709999999999999964e-01 4.485000000000000098e-01 5.154999999999999583e-01 8.605000000000000426e-01
2.500000000000000000e+01 1.505000000000000000e+03 -1.000000000000000000e+00 -1.000000000000000000e+00 -1.000000000000000000e+00 -1.000000000000000000e+00 -1.000000000000000000e+00 1.243675999999999931e+03 1.355020999999999958e+03 9.759999999999999787e-01 3.724999999999999978e-01 3.654999999999999916e-01 9.379999999999999449e-01
2.600000000000000000e+01 1.505000000000000000e+03 -1.000000000000000000e+00 -1.000000000000000000e+00 -1.000000000000000000e+00 -1.000000000000000000e+00 -1.000000000000000000e+00 1.242952999999999975e+03 1.355439000000000078e+03 1.026000000000000023e+00 3.724999999999999978e-01 3.654999999999999916e-01 9.379999999999999449e-01
2.700000000000000000e+01 1.505000000000000000e+03 -1.000000000000000000e+00 -1.000000000000000000e+00 -1.000000000000000000e+00 -1.000000000000000000e+00 -1.000000000000000000e+00 1.242220000000000027e+03 1.355855000000000018e+03 1.076000000000000068e+00 3.724999999999999978e-01 3.654999999999999916e-01 9.379999999999999449e-01
2.800000000000000000e+01 1.505000000000000000e+03 -1.000000000000000000e+00 -1.000000000000000000e+00 -1.000000000000000000e+00 -1.000000000000000000e+00 -1.000000000000000000e+00 1.241486000000000104e+03 1.356270999999999958e+03 1.076000000000000068e+00 3.724999999999999978e-01 3.654999999999999916e-01 9.379999999999999449e-01
2.900000000000000000e+01 1.505000000000000000e+03 -1.000000000000000000e+00 -1.000000000000000000e+00 -1.000000000000000000e+00 -1.000000000000000000e+00 -1.000000000000000000e+00 1.240681000000000040e+03 1.356551999999999907e+03 1.175999999999999934e+00 3.724999999999999978e-01 3.654999999999999916e-01 9.379999999999999449e-01
3.000000000000000000e+01 1.505000000000000000e+03 -1.000000000000000000e+00 -1.000000000000000000e+00 -1.000000000000000000e+00 -1.000000000000000000e+00 -1.000000000000000000e+00 1.239948000000000093e+03 1.356967000000000098e+03 1.175999999999999934e+00 3.724999999999999978e-01 3.654999999999999916e-01 9.379999999999999449e-01
3.100000000000000000e+01 1.505000000000000000e+03 -1.000000000000000000e+00 -1.000000000000000000e+00 -1.000000000000000000e+00 -1.000000000000000000e+00 -1.000000000000000000e+00 1.239214999999999918e+03 1.357383000000000038e+03 1.175999999999999934e+00 3.724999999999999978e-01 3.654999999999999916e-01 9.379999999999999449e-01
3.200000000000000000e+01 1.505000000000000000e+03 -1.000000000000000000e+00 -1.000000000000000000e+00 -1.000000000000000000e+00 -1.000000000000000000e+00 -1.000000000000000000e+00 1.238420000000000073e+03 1.357701999999999998e+03 1.225999999999999979e+00 3.724999999999999978e-01 3.654999999999999916e-01 9.379999999999999449e-01
3.300000000000000000e+01 1.505000000000000000e+03 -1.000000000000000000e+00 -1.000000000000000000e+00 -1.000000000000000000e+00 -1.000000000000000000e+00 -1.000000000000000000e+00 1.237743999999999915e+03 1.358064000000000078e+03 1.276000000000000023e+00 3.724999999999999978e-01 3.654999999999999916e-01 9.379999999999999449e-01
3.400000000000000000e+01 1.505000000000000000e+03 -1.000000000000000000e+00 -1.000000000000000000e+00 -1.000000000000000000e+00 -1.000000000000000000e+00 -1.000000000000000000e+00 1.237002999999999929e+03 1.358465999999999894e+03 1.276000000000000023e+00 3.724999999999999978e-01 3.654999999999999916e-01 9.379999999999999449e-01
3.500000000000000000e+01 1.505000000000000000e+03 -1.000000000000000000e+00 -1.000000000000000000e+00 -1.000000000000000000e+00 -1.000000000000000000e+00 -1.000000000000000000e+00 1.236260999999999967e+03 1.358868999999999915e+03 1.326000000000000068e+00 3.724999999999999978e-01 3.654999999999999916e-01 9.379999999999999449e-01
3.600000000000000000e+01 1.505000000000000000e+03 -1.000000000000000000e+00 -1.000000000000000000e+00 -1.000000000000000000e+00 -1.000000000000000000e+00 -1.000000000000000000e+00 1.235519999999999982e+03 1.359271999999999935e+03 1.326000000000000068e+00 3.724999999999999978e-01 3.654999999999999916e-01 9.379999999999999449e-01
3.700000000000000000e+01 1.505000000000000000e+03 -1.000000000000000000e+00 -1.000000000000000000e+00 -1.000000000000000000e+00 -1.000000000000000000e+00 -1.000000000000000000e+00 1.234807000000000016e+03 1.359729000000000042e+03 1.375999999999999890e+00 3.724999999999999978e-01 3.654999999999999916e-01 9.379999999999999449e-01
3.800000000000000000e+01 1.505000000000000000e+03 -1.000000000000000000e+00 -1.000000000000000000e+00 -1.000000000000000000e+00 -1.000000000000000000e+00 -1.000000000000000000e+00 1.234093000000000075e+03 1.360185999999999922e+03 1.425999999999999934e+00 3.724999999999999978e-01 3.654999999999999916e-01 9.379999999999999449e-01
3.900000000000000000e+01 1.505000000000000000e+03 -1.000000000000000000e+00 -1.000000000000000000e+00 -1.000000000000000000e+00 -1.000000000000000000e+00 -1.000000000000000000e+00 1.233380000000000109e+03 1.360644000000000005e+03 1.425999999999999934e+00 3.724999999999999978e-01 3.654999999999999916e-01 9.379999999999999449e-01
4.000000000000000000e+01 1.505000000000000000e+03 -1.000000000000000000e+00 -1.000000000000000000e+00 -1.000000000000000000e+00 -1.000000000000000000e+00 -1.000000000000000000e+00 1.232489000000000033e+03 1.361083000000000084e+03 1.526000000000000023e+00 3.724999999999999978e-01 3.654999999999999916e-01 9.379999999999999449e-01
