2.700000000000000000e+01 4.375000000000000000e+03 -1.000000000000000000e+00 -1.000000000000000000e+00 -1.000000000000000000e+00 -1.000000000000000000e+00 -1.000000000000000000e+00 1.330528999999999996e+03 1.094526000000000067e+03 1.649000000000000021e+00 8.469999999999999751e-01 9.629999999999999671e-01 1.429000000000000048e+00
2.800000000000000000e+01 4.375000000000000000e+03 -1.000000000000000000e+00 -1.000000000000000000e+00 -1.000000000000000000e+00 -1.000000000000000000e+00 -1.000000000000000000e+00 1.330528999999999996e+03 1.094526000000000067e+03 1.649000000000000021e+00 8.469999999999999751e-01 9.629999999999999671e-01 1.429000000000000048e+00
2.900000000000000000e+01 4.375000000000000000e+03 -1.000000000000000000e+00 -1.000000000000000000e+00 -1.000000000000000000e+00 -1.000000000000000000e+00 -1.000000000000000000e+00 1.330519999999999982e+03 1.094528000000000020e+03 1.649000000000000021e+00 8.469999999999999751e-01 9.629999999999999671e-01 1.429000000000000048e+00
3.000000000000000000e+01 4.375000000000000000e+03 -1.000000000000000000e+00 -1.000000000000000000e+00 -1.000000000000000000e+00 -1.000000000000000000e+00 -1.000000000000000000e+00 1.330511999999999944e+03 1.094529999999999973e+03 1.649000000000000021e+00 8.469999999999999751e-01 9.629999999999999671e-01 1.429000000000000048e+00
3.100000000000000000e+01 4.375000000000000000e+03 -1.000000000000000000e+00 -1.000000000000000000e+00 -1.000000000000000000e+00 -1.000000000000000000e+00 -1.000000000000000000e+00 1.330503999999999905e+03 1.094531999999999925e+03 1.649000000000000021e+00 8.469999999999999751e-01 9.629999999999999671e-01 1.429000000000000048e+00
3.200000000000000000e+01 4.375000000000000000e+03 -1.000000000000000000e+00 -1.000000000000000000e+00 -1.000000000000000000e+00 -1.000000000000000000e+00 -1.000000000000000000e+00 1.330494999999999891e+03 1.094534000000000106e+03 1.649000000000000021e+00 8.469999999999999751e-01 9.629999999999999671e-01 1.429000000000000048e+00
3.300000000000000000e+01 4.375000000000000000e+03 -1.000000000000000000e+00 -1.000000000000000000e+00 -1.000000000000000000e+00 -1.000000000000000000e+00 -1.000000000000000000e+00 1.330494999999999891e+03 1.094534000000000106e+03 1.649000000000000021e+00 8.469999999999999751e-01 9.629999999999999671e-01 1.429000000000000048e+00
3.400000000000000000e+01 4.375000000000000000e+03 -1.000000000000000000e+00 -1.000000000000000000e+00 -1.000000000000000000e+00 -1.000000000000000000e+00 -1.000000000000000000e+00 1.330494999999999891e+03 1.094534000000000106e+03 1.649000000000000021e+00 8.469999999999999751e-01 9.629999999999999671e-01 1.429000000000000048e+00
3.500000000000000000e+01 4.375000000000000000e+03 -1.000000000000000000e+00 -1.000000000000000000e+00 -1.000000000000000000e+00 -1.000000000000000000e+00 -1.000000000000000000e+00 1.330494999999999891e+03 1.094534000000000106e+03 1.649000000000000021e+00 8.469999999999999751e-01 9.629999999999999671e-01 1.429000000000000048e+00
3.600000000000000000e+01 4.375000000000000000e+03 -1.000000000000000000e+00 -1.000000000000000000e+00 -1.000000000000000000e+00 -1.000000000000000000e+00 -1.000000000000000000e+00 1.330494999999999891e+03 1.094534000000000106e+03 1.649000000000000021e+00 8.469999999999999751e-01 9.629999999999999671e-01 1.429000000000000048e+00
3.700000000000000000e+01 4.375000000000000000e+03 -1.000000000000000000e+00 -1.000000000000000000e+00 -1.000000000000000000e+00 -1.000000000000000000e+00 -1.000000000000000000e+00 1.330494999999999891e+03 1.094534000000000106e+03 1.649000000000000021e+00 8.469999999999999751e-01 9.629999999999999671e-01 1.429000000000000048e+00
3.800000000000000000e+01 4.375000000000000000e+03 -1.000000000000000000e+00 -1.000000000000000000e+00 -1.000000000000000000e+00 -1.000000000000000000e+00 -1.000000000000000000e+00 1.330494999999999891e+03 1.094534000000000106e+03 1.649000000000000021e+00 8.469999999999999751e-01 9.629999999999999671e-01 1.429000000000000048e+00
3.900000000000000000e+01 4.375000000000000000e+03 -1.000000000000000000e+00 -1.000000000000000000e+00 -1.000000000000000000e+00 -1.000000000000000000e+00 -1.000000000000000000e+00 1.330491999999999962e+03 1.094529999999999973e+03 1.649000000000000021e+00 8.469999999999999751e-01 9.629999999999999671e-01 1.429000000000000048e+00
4.000000000000000000e+01 4.375000000000000000e+03 -1.000000000000000000e+00 -1.000000000000000000e+00 -1.000000000000000000e+00 -1.000000000000000000e+00 -1.000000000000000000e+00 1.330489000000000033e+03 1.094526000000000067e+03 1.649000000000000021e+00 8.469999999999999751e-01 9.629999999999999671e-01 1.429000000000000048e+00
4.100000000000000000e+01 4.375000000000000000e+03 -1.000000000000000000e+00 -1.000000000000000000e+00 -1.000000000000000000e+00 -1.000000000000000000e+00 -1.000000000000000000e+00 1.330484999999999900e+03 1.094521999999999935e+03 1.649000000000000021e+00 8.469999999999999751e-01 9.629999999999999671e-01 1.429000000000000048e+00
