1.000000000000000000e+00 5.011000000000000000e+03 -1.000000000000000000e+00 -1.000000000000000000e+00 -1.000000000000000000e+00 -1.000000000000000000e+00 -1.000000000000000000e+00 1.405914999999999964e+03 1.211074000000000069e+03 1.461999999999999966e+00 3.370000000000000218e-01 5.344999999999999751e-01 9.425000000000000044e-01
2.000000000000000000e+00 5.011000000000000000e+03 -1.000000000000000000e+00 -1.000000000000000000e+00 -1.000000000000000000e+00 -1.000000000000000000e+00 -1.000000000000000000e+00 1.406438000000000102e+03 1.211829999999999927e+03 1.332999999999999963e+00 3.370000000000000218e-01 5.344999999999999751e-01 9.425000000000000044e-01
3.000000000000000000e+00 5.011000000000000000e+03 -1.000000000000000000e+00 -1.000000000000000000e+00 -1.000000000000000000e+00 -1.000000000000000000e+00 -1.000000000000000000e+00 1.406798999999999978e+03 1.212411000000000058e+03 1.221000000000000085e+00 3.370000000000000218e-01 5.344999999999999751e-01 9.425000000000000044e-01
4.000000000000000000e+00 5.011000000000000000e+03 -1.000000000000000000e+00 -1.000000000000000000e+00 -1.000000000000000000e+00 -1.000000000000000000e+00 -1.000000000000000000e+00 1.407196999999999889e+03 1.213159000000000106e+03 1.207999999999999963e+00 3.370000000000000218e-01 5.344999999999999751e-01 9.425000000000000044e-01
5.000000000000000000e+00 5.011000000000000000e+03 -1.000000000000000000e+00 -1.000000000000000000e+00 -1.000000000000000000e+00 -1.000000000000000000e+00 -1.000000000000000000e+00 1.407518000000000029e+03 1.213855000000000018e+03 1.120999999999999996e+00 3.370000000000000218e-01 5.344999999999999751e-01 9.425000000000000044e-01
6.000000000000000000e+00 5.011000000000000000e+03 -1.000000000000000000e+00 -1.000000000000000000e+00 -1.000000000000000000e+00 -1.000000000000000000e+00 -1.000000000000000000e+00 1.407846000000000004e+03 1.214636999999999944e+03 1.024999999999999911e+00 3.370000000000000218e-01 5.344999999999999751e-01 9.425000000000000044e-01
7.000000000000000000e+00 5.011000000000000000e+03 -1.000000000000000000e+00 -1.000000000000000000e+00 -1.000000000000000000e+00 -1.000000000000000000e+00 -1.000000000000000000e+00 1.408175999999999931e+03 1.215594000000000051e+03 9.350000000000000533e-01 3.370000000000000218e-01 5.344999999999999751e-01 9.425000000000000044e-01
8.000000000000000000e+00 5.011000000000000000e+03 -1.000000000000000000e+00 -1.000000000000000000e+00 -1.000000000000000000e+00 -1.000000000000000000e+00 -1.000000000000000000e+00 1.408535000000000082e+03 1.216354000000000042e+03 1.060999999999999943e+00 3.370000000000000218e-01 5.344999999999999751e-01 9.425000000000000044e-01
9.000000000000000000e+00 5.011000000000000000e+03 -1.000000000000000000e+00 -1.000000000000000000e+00 -1.000000000000000000e+00 -1.000000000000000000e+00 -1.000000000000000000e+00 1.408895999999999958e+03 1.217113000000000056e+03 7.860000000000000320e-01 3.370000000000000218e-01 5.344999999999999751e-01 9.425000000000000044e-01
1.000000000000000000e+01 5.011000000000000000e+03 -1.000000000000000000e+00 -1.000000000000000000e+00 -1.000000000000000000e+00 -1.000000000000000000e+00 -1.000000000000000000e+00 1.409288000000000011e+03 1.217894999999999982e+03 5.500000000000000444e-01 3.370000000000000218e-01 5.344999999999999751e-01 9.425000000000000044e-01
