1.000000000000000000e+00 1.707000000000000000e+03 -1.000000000000000000e+00 -1.000000000000000000e+00 -1.000000000000000000e+00 -1.000000000000000000e+00 -1.000000000000000000e+00 7.218959999999999582e+02 9.405599999999999454e+02 1.122999999999999998e+00 1.539999999999999980e-01 7.894999999999999796e-01 5.675000000000000044e-01
1.000000000000000000e+00 1.708000000000000000e+03 -1.000000000000000000e+00 -1.000000000000000000e+00 -1.000000000000000000e+00 -1.000000000000000000e+00 -1.000000000000000000e+00 7.346559999999999491e+02 9.403049999999999500e+02 1.070000000000000062e+00 2.715000000000000191e-01 1.092500000000000027e+00 5.875000000000000222e-01
2.000000000000000000e+00 1.707000000000000000e+03 -1.000000000000000000e+00 -1.000000000000000000e+00 -1.000000000000000000e+00 -1.000000000000000000e+00 -1.000000000000000000e+00 7.218869999999999436e+02 9.405670000000000073e+02 1.223000000000000087e+00 1.539999999999999980e-01 7.894999999999999796e-01 5.675000000000000044e-01
2.000000000000000000e+00 1.708000000000000000e+03 -1.000000000000000000e+00 -1.000000000000000000e+00 -1.000000000000000000e+00 -1.000000000000000000e+00 -1.000000000000000000e+00 7.346559999999999491e+02 9.403049999999999500e+02 1.070000000000000062e+00 2.715000000000000191e-01 1.092500000000000027e+00 5.875000000000000222e-01
3.000000000000000000e+00 1.707000000000000000e+03 -1.000000000000000000e+00 -1.000000000000000000e+00 -1.000000000000000000e+00 -1.000000000000000000e+00 -1.000000000000000000e+00 7.218709999999999809e+02 9.405819999999999936e+02 1.272999999999999909e+00 1.539999999999999980e-01 7.894999999999999796e-01 5.675000000000000044e-01
3.000000000000000000e+00 1.708000000000000000e+03 -1.000000000000000000e+00 -1.000000000000000000e+00 -1.000000000000000000e+00 -1.000000000000000000e+00 -1.000000000000000000e+00 7.346559999999999491e+02 9.403049999999999500e+02 1.070000000000000062e+00 2.715000000000000191e-01 1.092500000000000027e+00 5.875000000000000222e-01
4.000000000000000000e+00 1.707000000000000000e+03 -1.000000000000000000e+00 -1.000000000000000000e+00 -1.000000000000000000e+00 -1.000000000000000000e+00 -1.000000000000000000e+00 7.219519999999999982e+02 9.405090000000000146e+02 1.423000000000000043e+00 1.539999999999999980e-01 7.894999999999999796e-01 5.675000000000000044e-01
5.000000000000000000e+00 1.707000000000000000e+03 -1.000000000000000000e+00 -1.000000000000000000e+00 -1.000000000000000000e+00 -1.000000000000000000e+00 -1.000000000000000000e+00 7.220170000000000528e+02 9.404349999999999454e+02 1.522999999999999909e+00 1.539999999999999980e-01 7.894999999999999796e-01 5.675000000000000044e-01
6.000000000000000000e+00 1.707000000000000000e+03 -1.000000000000000000e+00 -1.000000000000000000e+00 -1.000000000000000000e+00 -1.000000000000000000e+00 -1.000000000000000000e+00 7.220900000000000318e+02 9.405159999999999627e+02 1.622999999999999998e+00 1.539999999999999980e-01 7.894999999999999796e-01 5.675000000000000044e-01
7.000000000000000000e+00 1.707000000000000000e+03 -1.000000000000000000e+00 -1.000000000000000000e+00 -1.000000000000000000e+00 -1.000000000000000000e+00 -1.000000000000000000e+00 7.219370000000000118e+02 9.405080000000000382e+02 1.673000000000000043e+00 1.539999999999999980e-01 7.894999999999999796e-01 5.675000000000000044e-01
8.000000000000000000e+00 1.707000000000000000e+03 -1.000000000000000000e+00 -1.000000000000000000e+00 -1.000000000000000000e+00 -1.000000000000000000e+00 -1.000000000000000000e+00 7.217830000000000155e+02 9.405000000000000000e+02 1.723000000000000087e+00 1.539999999999999980e-01 7.894999999999999796e-01 5.675000000000000044e-01
9.000000000000000000e+00 1.707000000000000000e+03 -1.000000000000000000e+00 -1.000000000000000000e+00 -1.000000000000000000e+00 -1.000000000000000000e+00 -1.000000000000000000e+00 7.217830000000000155e+02 9.405000000000000000e+02 1.723000000000000087e+00 1.539999999999999980e-01 7.894999999999999796e-01 5.675000000000000044e-01
2.000000000000000000e+01 1.731000000000000000e+03 -1.000000000000000000e+00 -1.000000000000000000e+00 -1.000000000000000000e+00 -1.000000000000000000e+00 -1.000000000000000000e+00 6.290359999999999445e+02 9.920339999999999918e+02 5.590000000000000524e-01 2.374999999999999889e-01 8.165000000000000036e-01 5.414999999999999813e-01
2.100000000000000000e+01 1.731000000000000000e+03 -1.000000000000000000e+00 -1.000000000000000000e+00 -1.000000000000000000e+00 -1.000000000000000000e+00 -1.000000000000000000e+00 6.290359999999999445e+02 9.920339999999999918e+02 6.090020506172357795e-01 2.374999999999999889e-01 8.165000000000000036e-01 5.414999999999999813e-01
2.200000000000000000e+01 1.731000000000000000e+03 -1.000000000000000000e+00 -1.000000000000000000e+00 -1.000000000000000000e+00 -1.000000000000000000e+00 -1.000000000000000000e+00 6.290359999999999445e+02 9.920339999999999918e+02 6.590000000000000302e-01 2.374999999999999889e-01 8.165000000000000036e-01 5.414999999999999813e-01
2.300000000000000000e+01 1.731000000000000000e+03 -1.000000000000000000e+00 -1.000000000000000000e+00 -1.000000000000000000e+00 -1.000000000000000000e+00 -1.000000000000000000e+00 6.291079999999999472e+02 9.917930000000000064e+02 6.590000000000000302e-01 2.374999999999999889e-01 8.165000000000000036e-01 5.414999999999999813e-01
2.400000000000000000e+01 1.731000000000000000e+03 -1.000000000000000000e+00 -1.000000000000000000e+00 -1.000000000000000000e+00 -1.000000000000000000e+00 -1.000000000000000000e+00 6.290359999999999445e+02 9.920339999999999918e+02 6.590000000000000302e-01 2.374999999999999889e-01 8.165000000000000036e-01 5.414999999999999813e-01
2.500000000000000000e+01 1.736000000000000000e+03 -1.000000000000000000e+00 -1.000000000000000000e+00 -1.000000000000000000e+00 -1.000000000000000000e+00 -1.000000000000000000e+00 6.554790000000000418e+02 1.024104000000000042e+03 -5.370000000000000329e-01 2.474999999999999978e-01 7.495000000000000551e-01 5.649999999999999467e-01
2.500000000000000000e+01 1.731000000000000000e+03 -1.000000000000000000e+00 -1.000000000000000000e+00 -1.000000000000000000e+00 -1.000000000000000000e+00 -1.000000000000000000e+00 6.290359999999999445e+02 9.920339999999999918e+02 6.590000000000000302e-01 2.374999999999999889e-01 8.165000000000000036e-01 5.414999999999999813e-01
2.600000000000000000e+01 1.736000000000000000e+03 -1.000000000000000000e+00 -1.000000000000000000e+00 -1.000000000000000000e+00 -1.000000000000000000e+00 -1.000000000000000000e+00 6.554790000000000418e+02 1.024104000000000042e+03 -3.870000000000000107e-01 2.474999999999999978e-01 7.495000000000000551e-01 5.649999999999999467e-01
2.600000000000000000e+01 1.731000000000000000e+03 -1.000000000000000000e+00 -1.000000000000000000e+00 -1.000000000000000000e+00 -1.000000000000000000e+00 -1.000000000000000000e+00 6.290359999999999445e+02 9.920339999999999918e+02 7.590000000000000080e-01 2.374999999999999889e-01 8.165000000000000036e-01 5.414999999999999813e-01
2.700000000000000000e+01 1.736000000000000000e+03 -1.000000000000000000e+00 -1.000000000000000000e+00 -1.000000000000000000e+00 -1.000000000000000000e+00 -1.000000000000000000e+00 6.554660000000000082e+02 1.024132000000000062e+03 -3.370000000000000218e-01 2.474999999999999978e-01 7.495000000000000551e-01 5.649999999999999467e-01
2.700000000000000000e+01 1.731000000000000000e+03 -1.000000000000000000e+00 -1.000000000000000000e+00 -1.000000000000000000e+00 -1.000000000000000000e+00 -1.000000000000000000e+00 6.290359999999999445e+02 9.920339999999999918e+02 7.590000000000000080e-01 2.374999999999999889e-01 8.165000000000000036e-01 5.414999999999999813e-01
2.800000000000000000e+01 1.736000000000000000e+03 -1.000000000000000000e+00 -1.000000000000000000e+00 -1.000000000000000000e+00 -1.000000000000000000e+00 -1.000000000000000000e+00 6.554660000000000082e+02 1.024132000000000062e+03 -2.369999999999999885e-01 2.474999999999999978e-01 7.495000000000000551e-01 5.649999999999999467e-01
2.800000000000000000e+01 1.731000000000000000e+03 -1.000000000000000000e+00 -1.000000000000000000e+00 -1.000000000000000000e+00 -1.000000000000000000e+00 -1.000000000000000000e+00 6.290359999999999445e+02 9.920339999999999918e+02 7.590000000000000080e-01 2.374999999999999889e-01 8.165000000000000036e-01 5.414999999999999813e-01
2.900000000000000000e+01 1.736000000000000000e+03 -1.000000000000000000e+00 -1.000000000000000000e+00 -1.000000000000000000e+00 -1.000000000000000000e+00 -1.000000000000000000e+00 6.554660000000000082e+02 1.024132000000000062e+03 -1.869999999999999996e-01 2.474999999999999978e-01 7.495000000000000551e-01 5.649999999999999467e-01
2.900000000000000000e+01 1.731000000000000000e+03 -1.000000000000000000e+00 -1.000000000000000000e+00 -1.000000000000000000e+00 -1.000000000000000000e+00 -1.000000000000000000e+00 6.290359999999999445e+02 9.920339999999999918e+02 7.590000000000000080e-01 2.374999999999999889e-01 8.165000000000000036e-01 5.414999999999999813e-01
3.000000000000000000e+01 1.736000000000000000e+03 -1.000000000000000000e+00 -1.000000000000000000e+00 -1.000000000000000000e+00 -1.000000000000000000e+00 -1.000000000000000000e+00 6.554660000000000082e+02 1.024132000000000062e+03 -8.699999999999999400e-02 2.474999999999999978e-01 7.495000000000000551e-01 5.649999999999999467e-01
3.000000000000000000e+01 1.731000000000000000e+03 -1.000000000000000000e+00 -1.000000000000000000e+00 -1.000000000000000000e+00 -1.000000000000000000e+00 -1.000000000000000000e+00 6.290359999999999445e+02 9.920339999999999918e+02 7.590000000000000080e-01 2.374999999999999889e-01 8.165000000000000036e-01 5.414999999999999813e-01
3.100000000000000000e+01 1.731000000000000000e+03 -1.000000000000000000e+00 -1.000000000000000000e+00 -1.000000000000000000e+00 -1.000000000000000000e+00 -1.000000000000000000e+00 6.290359999999999445e+02 9.920339999999999918e+02 7.590000000000000080e-01 2.374999999999999889e-01 8.165000000000000036e-01 5.414999999999999813e-01
3.100000000000000000e+01 1.736000000000000000e+03 -1.000000000000000000e+00 -1.000000000000000000e+00 -1.000000000000000000e+00 -1.000000000000000000e+00 -1.000000000000000000e+00 6.555004616941212134e+02 1.024119513878941689e+03 -9.948612105838058883e-02 2.474999999999999978e-01 7.495000000000000551e-01 5.649999999999999467e-01
3.200000000000000000e+01 1.736000000000000000e+03 -1.000000000000000000e+00 -1.000000000000000000e+00 -1.000000000000000000e+00 -1.000000000000000000e+00 -1.000000000000000000e+00 6.555349999999999682e+02 1.024106999999999971e+03 -1.120000000000000023e-01 2.474999999999999978e-01 7.495000000000000551e-01 5.649999999999999467e-01
3.200000000000000000e+01 1.731000000000000000e+03 -1.000000000000000000e+00 -1.000000000000000000e+00 -1.000000000000000000e+00 -1.000000000000000000e+00 -1.000000000000000000e+00 6.290359999999999445e+02 9.920339999999999918e+02 7.590000000000000080e-01 2.374999999999999889e-01 8.165000000000000036e-01 5.414999999999999813e-01
3.300000000000000000e+01 1.731000000000000000e+03 -1.000000000000000000e+00 -1.000000000000000000e+00 -1.000000000000000000e+00 -1.000000000000000000e+00 -1.000000000000000000e+00 6.290359999999999445e+02 9.920339999999999918e+02 7.590000000000000080e-01 2.374999999999999889e-01 8.165000000000000036e-01 5.414999999999999813e-01
3.300000000000000000e+01 1.736000000000000000e+03 -1.000000000000000000e+00 -1.000000000000000000e+00 -1.000000000000000000e+00 -1.000000000000000000e+00 -1.000000000000000000e+00 6.555689988097012701e+02 1.024094500437609895e+03 -1.244995623901599402e-01 2.474999999999999978e-01 7.495000000000000551e-01 5.649999999999999467e-01
3.400000000000000000e+01 1.736000000000000000e+03 -1.000000000000000000e+00 -1.000000000000000000e+00 -1.000000000000000000e+00 -1.000000000000000000e+00 -1.000000000000000000e+00 6.556029999999999518e+02 1.024082000000000107e+03 -1.370000000000000107e-01 2.474999999999999978e-01 7.495000000000000551e-01 5.649999999999999467e-01
3.400000000000000000e+01 1.731000000000000000e+03 -1.000000000000000000e+00 -1.000000000000000000e+00 -1.000000000000000000e+00 -1.000000000000000000e+00 -1.000000000000000000e+00 6.290510000000000446e+02 9.920180000000000291e+02 7.590000000000000080e-01 2.374999999999999889e-01 8.165000000000000036e-01 5.414999999999999813e-01
3.500000000000000000e+01 1.731000000000000000e+03 -1.000000000000000000e+00 -1.000000000000000000e+00 -1.000000000000000000e+00 -1.000000000000000000e+00 -1.000000000000000000e+00 6.290890000000000555e+02 9.919769999999999754e+02 7.550000000000000044e-01 2.374999999999999889e-01 8.165000000000000036e-01 5.414999999999999813e-01
3.500000000000000000e+01 1.736000000000000000e+03 -1.000000000000000000e+00 -1.000000000000000000e+00 -1.000000000000000000e+00 -1.000000000000000000e+00 -1.000000000000000000e+00 6.556029999999999518e+02 1.024082000000000107e+03 -1.370000000000000107e-01 2.474999999999999978e-01 7.495000000000000551e-01 5.649999999999999467e-01
3.600000000000000000e+01 1.736000000000000000e+03 -1.000000000000000000e+00 -1.000000000000000000e+00 -1.000000000000000000e+00 -1.000000000000000000e+00 -1.000000000000000000e+00 6.556029999999999518e+02 1.024082000000000107e+03 -1.370000000000000107e-01 2.474999999999999978e-01 7.495000000000000551e-01 5.649999999999999467e-01
3.600000000000000000e+01 1.731000000000000000e+03 -1.000000000000000000e+00 -1.000000000000000000e+00 -1.000000000000000000e+00 -1.000000000000000000e+00 -1.000000000000000000e+00 6.291209999999999809e+02 9.919759999999999991e+02 7.590000000000000080e-01 2.374999999999999889e-01 8.165000000000000036e-01 5.414999999999999813e-01
3.700000000000000000e+01 1.736000000000000000e+03 -1.000000000000000000e+00 -1.000000000000000000e+00 -1.000000000000000000e+00 -1.000000000000000000e+00 -1.000000000000000000e+00 6.556029999999999518e+02 1.024082000000000107e+03 -1.370000000000000107e-01 2.474999999999999978e-01 7.495000000000000551e-01 5.649999999999999467e-01
3.700000000000000000e+01 1.731000000000000000e+03 -1.000000000000000000e+00 -1.000000000000000000e+00 -1.000000000000000000e+00 -1.000000000000000000e+00 -1.000000000000000000e+00 6.291369999999999436e+02 9.919589999999999463e+02 7.590000000000000080e-01 2.374999999999999889e-01 8.165000000000000036e-01 5.414999999999999813e-01
3.800000000000000000e+01 1.736000000000000000e+03 -1.000000000000000000e+00 -1.000000000000000000e+00 -1.000000000000000000e+00 -1.000000000000000000e+00 -1.000000000000000000e+00 6.556029999999999518e+02 1.024082000000000107e+03 -8.699999999999999400e-02 2.474999999999999978e-01 7.495000000000000551e-01 5.649999999999999467e-01
3.800000000000000000e+01 1.731000000000000000e+03 -1.000000000000000000e+00 -1.000000000000000000e+00 -1.000000000000000000e+00 -1.000000000000000000e+00 -1.000000000000000000e+00 6.291369999999999436e+02 9.919589999999999463e+02 7.590000000000000080e-01 2.374999999999999889e-01 8.165000000000000036e-01 5.414999999999999813e-01
3.900000000000000000e+01 1.736000000000000000e+03 -1.000000000000000000e+00 -1.000000000000000000e+00 -1.000000000000000000e+00 -1.000000000000000000e+00 -1.000000000000000000e+00 6.556029999999999518e+02 1.024082000000000107e+03 -8.699999999999999400e-02 2.474999999999999978e-01 7.495000000000000551e-01 5.649999999999999467e-01
3.900000000000000000e+01 1.731000000000000000e+03 -1.000000000000000000e+00 -1.000000000000000000e+00 -1.000000000000000000e+00 -1.000000000000000000e+00 -1.000000000000000000e+00 6.291369999999999436e+02 9.919589999999999463e+02 7.590000000000000080e-01 2.374999999999999889e-01 8.165000000000000036e-01 5.414999999999999813e-01
