1.000000000000000000e+00 1.881000000000000000e+03 -1.000000000000000000e+00 -1.000000000000000000e+00 -1.000000000000000000e+00 -1.000000000000000000e+00 -1.000000000000000000e+00 4.780049999999999955e+02 1.326798999999999978e+03 1.078000000000000069e+00 9.120000000000000329e-01 2.068000000000000060e+00 7.954999999999999849e-01
1.000000000000000000e+00 1.884000000000000000e+03 -1.000000000000000000e+00 -1.000000000000000000e+00 -1.000000000000000000e+00 -1.000000000000000000e+00 -1.000000000000000000e+00 4.586279999999999859e+02 1.296917999999999893e+03 5.949999999999999734e-01 9.120000000000000329e-01 2.035000000000000142e+00 7.820000000000000284e-01
2.000000000000000000e+00 1.881000000000000000e+03 -1.000000000000000000e+00 -1.000000000000000000e+00 -1.000000000000000000e+00 -1.000000000000000000e+00 -1.000000000000000000e+00 4.760179999999999723e+02 1.323338999999999942e+03 1.078000000000000069e+00 9.120000000000000329e-01 2.068000000000000060e+00 7.954999999999999849e-01
2.000000000000000000e+00 1.884000000000000000e+03 -1.000000000000000000e+00 -1.000000000000000000e+00 -1.000000000000000000e+00 -1.000000000000000000e+00 -1.000000000000000000e+00 4.563600000000000136e+02 1.292105000000000018e+03 5.949999999999999734e-01 9.120000000000000329e-01 2.035000000000000142e+00 7.820000000000000284e-01
3.000000000000000000e+00 1.881000000000000000e+03 -1.000000000000000000e+00 -1.000000000000000000e+00 -1.000000000000000000e+00 -1.000000000000000000e+00 -1.000000000000000000e+00 4.744169999999999732e+02 1.320451000000000022e+03 1.070000000000000062e+00 9.120000000000000329e-01 2.068000000000000060e+00 7.954999999999999849e-01
3.000000000000000000e+00 1.884000000000000000e+03 -1.000000000000000000e+00 -1.000000000000000000e+00 -1.000000000000000000e+00 -1.000000000000000000e+00 -1.000000000000000000e+00 4.546850000000000023e+02 1.288372000000000071e+03 5.949999999999999734e-01 9.120000000000000329e-01 2.035000000000000142e+00 7.820000000000000284e-01
4.000000000000000000e+00 1.881000000000000000e+03 -1.000000000000000000e+00 -1.000000000000000000e+00 -1.000000000000000000e+00 -1.000000000000000000e+00 -1.000000000000000000e+00 4.724169999999999732e+02 1.316842000000000098e+03 1.060000000000000053e+00 9.120000000000000329e-01 2.068000000000000060e+00 7.954999999999999849e-01
4.000000000000000000e+00 1.884000000000000000e+03 -1.000000000000000000e+00 -1.000000000000000000e+00 -1.000000000000000000e+00 -1.000000000000000000e+00 -1.000000000000000000e+00 4.525919999999999845e+02 1.283705999999999904e+03 5.949999999999999734e-01 9.120000000000000329e-01 2.035000000000000142e+00 7.820000000000000284e-01
5.000000000000000000e+00 1.881000000000000000e+03 -1.000000000000000000e+00 -1.000000000000000000e+00 -1.000000000000000000e+00 -1.000000000000000000e+00 -1.000000000000000000e+00 4.701630000000000109e+02 1.312656999999999925e+03 1.048000000000000043e+00 9.120000000000000329e-01 2.068000000000000060e+00 7.954999999999999849e-01
5.000000000000000000e+00 1.884000000000000000e+03 -1.000000000000000000e+00 -1.000000000000000000e+00 -1.000000000000000000e+00 -1.000000000000000000e+00 -1.000000000000000000e+00 4.500769999999999982e+02 1.278102000000000089e+03 5.949999999999999734e-01 9.120000000000000329e-01 2.035000000000000142e+00 7.820000000000000284e-01
6.000000000000000000e+00 1.881000000000000000e+03 -1.000000000000000000e+00 -1.000000000000000000e+00 -1.000000000000000000e+00 -1.000000000000000000e+00 -1.000000000000000000e+00 4.682900000000000205e+02 1.309178000000000111e+03 1.038000000000000034e+00 9.120000000000000329e-01 2.068000000000000060e+00 7.954999999999999849e-01
6.000000000000000000e+00 1.884000000000000000e+03 -1.000000000000000000e+00 -1.000000000000000000e+00 -1.000000000000000000e+00 -1.000000000000000000e+00 -1.000000000000000000e+00 4.479850000000000136e+02 1.273441000000000031e+03 5.949999999999999734e-01 9.120000000000000329e-01 2.035000000000000142e+00 7.820000000000000284e-01
7.000000000000000000e+00 1.881000000000000000e+03 -1.000000000000000000e+00 -1.000000000000000000e+00 -1.000000000000000000e+00 -1.000000000000000000e+00 -1.000000000000000000e+00 4.664909999999999854e+02 1.305840999999999894e+03 1.028000000000000025e+00 9.120000000000000329e-01 2.068000000000000060e+00 7.954999999999999849e-01
7.000000000000000000e+00 1.884000000000000000e+03 -1.000000000000000000e+00 -1.000000000000000000e+00 -1.000000000000000000e+00 -1.000000000000000000e+00 -1.000000000000000000e+00 4.458919999999999959e+02 1.268775000000000091e+03 5.949999999999999734e-01 9.120000000000000329e-01 2.035000000000000142e+00 7.820000000000000284e-01
8.000000000000000000e+00 1.881000000000000000e+03 -1.000000000000000000e+00 -1.000000000000000000e+00 -1.000000000000000000e+00 -1.000000000000000000e+00 -1.000000000000000000e+00 4.648480000000000132e+02 1.302547000000000025e+03 1.014999999999999902e+00 9.120000000000000329e-01 2.068000000000000060e+00 7.954999999999999849e-01
8.000000000000000000e+00 1.884000000000000000e+03 -1.000000000000000000e+00 -1.000000000000000000e+00 -1.000000000000000000e+00 -1.000000000000000000e+00 -1.000000000000000000e+00 4.440110000000000241e+02 1.264382000000000062e+03 5.839999999999999636e-01 9.120000000000000329e-01 2.035000000000000142e+00 7.820000000000000284e-01
9.000000000000000000e+00 1.881000000000000000e+03 -1.000000000000000000e+00 -1.000000000000000000e+00 -1.000000000000000000e+00 -1.000000000000000000e+00 -1.000000000000000000e+00 4.635310000000000059e+02 1.299910000000000082e+03 1.004000000000000004e+00 9.120000000000000329e-01 2.068000000000000060e+00 7.954999999999999849e-01
9.000000000000000000e+00 1.884000000000000000e+03 -1.000000000000000000e+00 -1.000000000000000000e+00 -1.000000000000000000e+00 -1.000000000000000000e+00 -1.000000000000000000e+00 4.425040000000000191e+02 1.260864000000000033e+03 5.759999999999999565e-01 9.120000000000000329e-01 2.035000000000000142e+00 7.820000000000000284e-01
1.000000000000000000e+01 1.881000000000000000e+03 -1.000000000000000000e+00 -1.000000000000000000e+00 -1.000000000000000000e+00 -1.000000000000000000e+00 -1.000000000000000000e+00 4.618860000000000241e+02 1.296613000000000056e+03 9.909999999999999920e-01 9.120000000000000329e-01 2.068000000000000060e+00 7.954999999999999849e-01
1.000000000000000000e+01 1.884000000000000000e+03 -1.000000000000000000e+00 -1.000000000000000000e+00 -1.000000000000000000e+00 -1.000000000000000000e+00 -1.000000000000000000e+00 4.406220000000000141e+02 1.256465999999999894e+03 5.659999999999999476e-01 9.120000000000000329e-01 2.035000000000000142e+00 7.820000000000000284e-01
1.100000000000000000e+01 1.881000000000000000e+03 -1.000000000000000000e+00 -1.000000000000000000e+00 -1.000000000000000000e+00 -1.000000000000000000e+00 -1.000000000000000000e+00 4.602429999999999950e+02 1.293318999999999960e+03 9.779999999999999805e-01 9.120000000000000329e-01 2.068000000000000060e+00 7.954999999999999849e-01
1.100000000000000000e+01 1.884000000000000000e+03 -1.000000000000000000e+00 -1.000000000000000000e+00 -1.000000000000000000e+00 -1.000000000000000000e+00 -1.000000000000000000e+00 4.387409999999999854e+02 1.252073000000000093e+03 5.550000000000000488e-01 9.120000000000000329e-01 2.035000000000000142e+00 7.820000000000000284e-01
1.200000000000000000e+01 1.881000000000000000e+03 -1.000000000000000000e+00 -1.000000000000000000e+00 -1.000000000000000000e+00 -1.000000000000000000e+00 -1.000000000000000000e+00 4.585430000000000064e+02 1.290021999999999935e+03 9.889999999999999902e-01 9.120000000000000329e-01 2.068000000000000060e+00 7.954999999999999849e-01
1.200000000000000000e+01 1.884000000000000000e+03 -1.000000000000000000e+00 -1.000000000000000000e+00 -1.000000000000000000e+00 -1.000000000000000000e+00 -1.000000000000000000e+00 4.368580000000000041e+02 1.247674999999999955e+03 5.450000000000000400e-01 9.120000000000000329e-01 2.035000000000000142e+00 7.820000000000000284e-01
1.300000000000000000e+01 1.881000000000000000e+03 -1.000000000000000000e+00 -1.000000000000000000e+00 -1.000000000000000000e+00 -1.000000000000000000e+00 -1.000000000000000000e+00 4.570539999999999736e+02 1.287037000000000035e+03 9.979999999999999982e-01 9.120000000000000329e-01 2.068000000000000060e+00 7.954999999999999849e-01
1.300000000000000000e+01 1.884000000000000000e+03 -1.000000000000000000e+00 -1.000000000000000000e+00 -1.000000000000000000e+00 -1.000000000000000000e+00 -1.000000000000000000e+00 4.352019999999999982e+02 1.243988000000000056e+03 5.789999999999999591e-01 9.120000000000000329e-01 2.035000000000000142e+00 7.820000000000000284e-01
1.400000000000000000e+01 1.881000000000000000e+03 -1.000000000000000000e+00 -1.000000000000000000e+00 -1.000000000000000000e+00 -1.000000000000000000e+00 -1.000000000000000000e+00 4.553380000000000223e+02 1.283342000000000098e+03 1.010000000000000009e+00 9.120000000000000329e-01 2.068000000000000060e+00 7.954999999999999849e-01
1.400000000000000000e+01 1.884000000000000000e+03 -1.000000000000000000e+00 -1.000000000000000000e+00 -1.000000000000000000e+00 -1.000000000000000000e+00 -1.000000000000000000e+00 4.331789999999999736e+02 1.239484999999999900e+03 6.199999999999999956e-01 9.120000000000000329e-01 2.035000000000000142e+00 7.820000000000000284e-01
1.500000000000000000e+01 1.881000000000000000e+03 -1.000000000000000000e+00 -1.000000000000000000e+00 -1.000000000000000000e+00 -1.000000000000000000e+00 -1.000000000000000000e+00 4.537789999999999964e+02 1.279986000000000104e+03 1.020000000000000018e+00 9.120000000000000329e-01 2.068000000000000060e+00 7.954999999999999849e-01
1.500000000000000000e+01 1.884000000000000000e+03 -1.000000000000000000e+00 -1.000000000000000000e+00 -1.000000000000000000e+00 -1.000000000000000000e+00 -1.000000000000000000e+00 4.313410000000000082e+02 1.235394999999999982e+03 6.570000000000000284e-01 9.120000000000000329e-01 2.035000000000000142e+00 7.820000000000000284e-01
1.600000000000000000e+01 1.881000000000000000e+03 -1.000000000000000000e+00 -1.000000000000000000e+00 -1.000000000000000000e+00 -1.000000000000000000e+00 -1.000000000000000000e+00 4.522180000000000177e+02 1.276625999999999976e+03 1.030999999999999917e+00 9.120000000000000329e-01 2.068000000000000060e+00 7.954999999999999849e-01
1.600000000000000000e+01 1.884000000000000000e+03 -1.000000000000000000e+00 -1.000000000000000000e+00 -1.000000000000000000e+00 -1.000000000000000000e+00 -1.000000000000000000e+00 4.295020000000000095e+02 1.231299999999999955e+03 6.949999999999999512e-01 9.120000000000000329e-01 2.035000000000000142e+00 7.820000000000000284e-01
1.700000000000000000e+01 1.881000000000000000e+03 -1.000000000000000000e+00 -1.000000000000000000e+00 -1.000000000000000000e+00 -1.000000000000000000e+00 -1.000000000000000000e+00 4.508009999999999877e+02 1.273438000000000102e+03 1.016000000000000014e+00 9.120000000000000329e-01 2.068000000000000060e+00 7.954999999999999849e-01
1.700000000000000000e+01 1.884000000000000000e+03 -1.000000000000000000e+00 -1.000000000000000000e+00 -1.000000000000000000e+00 -1.000000000000000000e+00 -1.000000000000000000e+00 4.279789999999999850e+02 1.227883000000000038e+03 7.429999999999999938e-01 9.120000000000000329e-01 2.035000000000000142e+00 7.820000000000000284e-01
1.800000000000000000e+01 1.881000000000000000e+03 -1.000000000000000000e+00 -1.000000000000000000e+00 -1.000000000000000000e+00 -1.000000000000000000e+00 -1.000000000000000000e+00 4.495419999999999732e+02 1.270605999999999995e+03 1.002999999999999892e+00 9.120000000000000329e-01 2.068000000000000060e+00 7.954999999999999849e-01
1.800000000000000000e+01 1.884000000000000000e+03 -1.000000000000000000e+00 -1.000000000000000000e+00 -1.000000000000000000e+00 -1.000000000000000000e+00 -1.000000000000000000e+00 4.266259999999999764e+02 1.224847999999999956e+03 7.870000000000000329e-01 9.120000000000000329e-01 2.035000000000000142e+00 7.820000000000000284e-01
1.900000000000000000e+01 1.881000000000000000e+03 -1.000000000000000000e+00 -1.000000000000000000e+00 -1.000000000000000000e+00 -1.000000000000000000e+00 -1.000000000000000000e+00 4.479689999999999941e+02 1.267068999999999960e+03 9.859999999999999876e-01 9.120000000000000329e-01 2.068000000000000060e+00 7.954999999999999849e-01
1.900000000000000000e+01 1.884000000000000000e+03 -1.000000000000000000e+00 -1.000000000000000000e+00 -1.000000000000000000e+00 -1.000000000000000000e+00 -1.000000000000000000e+00 4.249370000000000118e+02 1.221056000000000040e+03 8.409999999999999698e-01 9.120000000000000329e-01 2.035000000000000142e+00 7.820000000000000284e-01
1.900000000000000000e+01 1.916000000000000000e+03 -1.000000000000000000e+00 -1.000000000000000000e+00 -1.000000000000000000e+00 -1.000000000000000000e+00 -1.000000000000000000e+00 4.155339999999999918e+02 1.225211000000000013e+03 9.280000000000000471e-01 1.050000000000000044e+00 2.500000000000000000e+00 1.000000000000000000e+00
2.000000000000000000e+01 1.881000000000000000e+03 -1.000000000000000000e+00 -1.000000000000000000e+00 -1.000000000000000000e+00 -1.000000000000000000e+00 -1.000000000000000000e+00 4.463929999999999723e+02 1.263523999999999887e+03 9.699999999999999734e-01 9.120000000000000329e-01 2.068000000000000060e+00 7.954999999999999849e-01
2.000000000000000000e+01 1.884000000000000000e+03 -1.000000000000000000e+00 -1.000000000000000000e+00 -1.000000000000000000e+00 -1.000000000000000000e+00 -1.000000000000000000e+00 4.232440000000000282e+02 1.217257000000000062e+03 8.950000000000000178e-01 9.120000000000000329e-01 2.035000000000000142e+00 7.820000000000000284e-01
2.000000000000000000e+01 1.916000000000000000e+03 -1.000000000000000000e+00 -1.000000000000000000e+00 -1.000000000000000000e+00 -1.000000000000000000e+00 -1.000000000000000000e+00 4.178539999999999850e+02 1.230608999999999924e+03 1.032000000000000028e+00 1.050000000000000044e+00 2.500000000000000000e+00 1.000000000000000000e+00
2.100000000000000000e+01 1.881000000000000000e+03 -1.000000000000000000e+00 -1.000000000000000000e+00 -1.000000000000000000e+00 -1.000000000000000000e+00 -1.000000000000000000e+00 4.447669999999999959e+02 1.259844000000000051e+03 9.769999999999999796e-01 9.120000000000000329e-01 2.068000000000000060e+00 7.954999999999999849e-01
2.100000000000000000e+01 1.884000000000000000e+03 -1.000000000000000000e+00 -1.000000000000000000e+00 -1.000000000000000000e+00 -1.000000000000000000e+00 -1.000000000000000000e+00 4.216929999999999836e+02 1.213835000000000036e+03 9.110000000000000320e-01 9.120000000000000329e-01 2.035000000000000142e+00 7.820000000000000284e-01
2.100000000000000000e+01 1.916000000000000000e+03 -1.000000000000000000e+00 -1.000000000000000000e+00 -1.000000000000000000e+00 -1.000000000000000000e+00 -1.000000000000000000e+00 4.201709999999999923e+02 1.236000000000000000e+03 1.032000000000000028e+00 1.050000000000000044e+00 2.500000000000000000e+00 1.000000000000000000e+00
2.200000000000000000e+01 1.881000000000000000e+03 -1.000000000000000000e+00 -1.000000000000000000e+00 -1.000000000000000000e+00 -1.000000000000000000e+00 -1.000000000000000000e+00 4.431390000000000100e+02 1.256161000000000058e+03 9.849999999999999867e-01 9.120000000000000329e-01 2.068000000000000060e+00 7.954999999999999849e-01
2.200000000000000000e+01 1.884000000000000000e+03 -1.000000000000000000e+00 -1.000000000000000000e+00 -1.000000000000000000e+00 -1.000000000000000000e+00 -1.000000000000000000e+00 4.201410000000000196e+02 1.210410000000000082e+03 9.280000000000000471e-01 9.120000000000000329e-01 2.035000000000000142e+00 7.820000000000000284e-01
2.200000000000000000e+01 1.916000000000000000e+03 -1.000000000000000000e+00 -1.000000000000000000e+00 -1.000000000000000000e+00 -1.000000000000000000e+00 -1.000000000000000000e+00 4.224900000000000091e+02 1.241397999999999911e+03 1.032000000000000028e+00 1.050000000000000044e+00 2.500000000000000000e+00 1.000000000000000000e+00
2.300000000000000000e+01 1.881000000000000000e+03 -1.000000000000000000e+00 -1.000000000000000000e+00 -1.000000000000000000e+00 -1.000000000000000000e+00 -1.000000000000000000e+00 4.415620000000000118e+02 1.252584000000000060e+03 9.919999999999999929e-01 9.120000000000000329e-01 2.068000000000000060e+00 7.954999999999999849e-01
2.300000000000000000e+01 1.884000000000000000e+03 -1.000000000000000000e+00 -1.000000000000000000e+00 -1.000000000000000000e+00 -1.000000000000000000e+00 -1.000000000000000000e+00 4.185910000000000082e+02 1.206988000000000056e+03 9.449999999999999512e-01 9.120000000000000329e-01 2.035000000000000142e+00 7.820000000000000284e-01
2.300000000000000000e+01 1.916000000000000000e+03 -1.000000000000000000e+00 -1.000000000000000000e+00 -1.000000000000000000e+00 -1.000000000000000000e+00 -1.000000000000000000e+00 4.247740000000000009e+02 1.247079999999999927e+03 1.032000000000000028e+00 1.050000000000000044e+00 2.500000000000000000e+00 1.000000000000000000e+00
2.400000000000000000e+01 1.881000000000000000e+03 -1.000000000000000000e+00 -1.000000000000000000e+00 -1.000000000000000000e+00 -1.000000000000000000e+00 -1.000000000000000000e+00 4.399850000000000136e+02 1.249008000000000038e+03 1.000000000000000000e+00 9.120000000000000329e-01 2.068000000000000060e+00 7.954999999999999849e-01
2.400000000000000000e+01 1.884000000000000000e+03 -1.000000000000000000e+00 -1.000000000000000000e+00 -1.000000000000000000e+00 -1.000000000000000000e+00 -1.000000000000000000e+00 4.170749999999999886e+02 1.203685999999999922e+03 8.609999999999999876e-01 9.120000000000000329e-01 2.035000000000000142e+00 7.820000000000000284e-01
2.400000000000000000e+01 1.916000000000000000e+03 -1.000000000000000000e+00 -1.000000000000000000e+00 -1.000000000000000000e+00 -1.000000000000000000e+00 -1.000000000000000000e+00 4.269970000000000141e+02 1.252556000000000040e+03 1.032000000000000028e+00 1.050000000000000044e+00 2.500000000000000000e+00 1.000000000000000000e+00
2.500000000000000000e+01 1.881000000000000000e+03 -1.000000000000000000e+00 -1.000000000000000000e+00 -1.000000000000000000e+00 -1.000000000000000000e+00 -1.000000000000000000e+00 4.388039999999999736e+02 1.246323000000000093e+03 1.006000000000000005e+00 9.120000000000000329e-01 2.068000000000000060e+00 7.954999999999999849e-01
2.500000000000000000e+01 1.884000000000000000e+03 -1.000000000000000000e+00 -1.000000000000000000e+00 -1.000000000000000000e+00 -1.000000000000000000e+00 -1.000000000000000000e+00 4.158629999999999995e+02 1.201045000000000073e+03 7.950000000000000400e-01 9.120000000000000329e-01 2.035000000000000142e+00 7.820000000000000284e-01
2.500000000000000000e+01 1.916000000000000000e+03 -1.000000000000000000e+00 -1.000000000000000000e+00 -1.000000000000000000e+00 -1.000000000000000000e+00 -1.000000000000000000e+00 4.288349999999999795e+02 1.256993999999999915e+03 1.231999999999999984e+00 1.050000000000000044e+00 2.500000000000000000e+00 1.000000000000000000e+00
2.600000000000000000e+01 1.881000000000000000e+03 -1.000000000000000000e+00 -1.000000000000000000e+00 -1.000000000000000000e+00 -1.000000000000000000e+00 -1.000000000000000000e+00 4.373439999999999941e+02 1.242965999999999894e+03 9.829999999999999849e-01 9.120000000000000329e-01 2.068000000000000060e+00 7.954999999999999849e-01
2.600000000000000000e+01 1.884000000000000000e+03 -1.000000000000000000e+00 -1.000000000000000000e+00 -1.000000000000000000e+00 -1.000000000000000000e+00 -1.000000000000000000e+00 4.144619999999999891e+02 1.197999000000000024e+03 7.950000000000000400e-01 9.120000000000000329e-01 2.035000000000000142e+00 7.820000000000000284e-01
2.600000000000000000e+01 1.916000000000000000e+03 -1.000000000000000000e+00 -1.000000000000000000e+00 -1.000000000000000000e+00 -1.000000000000000000e+00 -1.000000000000000000e+00 4.313310000000000173e+02 1.263358999999999924e+03 1.453999999999999959e+00 1.050000000000000044e+00 2.500000000000000000e+00 1.000000000000000000e+00
2.700000000000000000e+01 1.881000000000000000e+03 -1.000000000000000000e+00 -1.000000000000000000e+00 -1.000000000000000000e+00 -1.000000000000000000e+00 -1.000000000000000000e+00 4.359479999999999791e+02 1.239750999999999976e+03 9.599999999999999645e-01 9.120000000000000329e-01 2.068000000000000060e+00 7.954999999999999849e-01
2.700000000000000000e+01 1.884000000000000000e+03 -1.000000000000000000e+00 -1.000000000000000000e+00 -1.000000000000000000e+00 -1.000000000000000000e+00 -1.000000000000000000e+00 4.130629999999999882e+02 1.194955999999999904e+03 7.950000000000000400e-01 9.120000000000000329e-01 2.035000000000000142e+00 7.820000000000000284e-01
2.700000000000000000e+01 1.916000000000000000e+03 -1.000000000000000000e+00 -1.000000000000000000e+00 -1.000000000000000000e+00 -1.000000000000000000e+00 -1.000000000000000000e+00 4.338229999999999791e+02 1.269718000000000075e+03 1.675999999999999934e+00 1.050000000000000044e+00 2.500000000000000000e+00 1.000000000000000000e+00
2.800000000000000000e+01 1.881000000000000000e+03 -1.000000000000000000e+00 -1.000000000000000000e+00 -1.000000000000000000e+00 -1.000000000000000000e+00 -1.000000000000000000e+00 4.345749999999999886e+02 1.236586999999999989e+03 9.370000000000000551e-01 9.120000000000000329e-01 2.068000000000000060e+00 7.954999999999999849e-01
2.800000000000000000e+01 1.884000000000000000e+03 -1.000000000000000000e+00 -1.000000000000000000e+00 -1.000000000000000000e+00 -1.000000000000000000e+00 -1.000000000000000000e+00 4.118059999999999832e+02 1.192212999999999965e+03 7.950000000000000400e-01 9.120000000000000329e-01 2.035000000000000142e+00 7.820000000000000284e-01
2.900000000000000000e+01 1.881000000000000000e+03 -1.000000000000000000e+00 -1.000000000000000000e+00 -1.000000000000000000e+00 -1.000000000000000000e+00 -1.000000000000000000e+00 4.333190000000000168e+02 1.233682999999999993e+03 9.140000000000000346e-01 9.120000000000000329e-01 2.068000000000000060e+00 7.954999999999999849e-01
2.900000000000000000e+01 1.884000000000000000e+03 -1.000000000000000000e+00 -1.000000000000000000e+00 -1.000000000000000000e+00 -1.000000000000000000e+00 -1.000000000000000000e+00 4.105489999999999782e+02 1.189469000000000051e+03 7.950000000000000400e-01 9.120000000000000329e-01 2.035000000000000142e+00 7.820000000000000284e-01
3.000000000000000000e+01 1.881000000000000000e+03 -1.000000000000000000e+00 -1.000000000000000000e+00 -1.000000000000000000e+00 -1.000000000000000000e+00 -1.000000000000000000e+00 4.319909999999999854e+02 1.230617999999999938e+03 8.910000000000000142e-01 9.120000000000000329e-01 2.068000000000000060e+00 7.954999999999999849e-01
3.000000000000000000e+01 1.884000000000000000e+03 -1.000000000000000000e+00 -1.000000000000000000e+00 -1.000000000000000000e+00 -1.000000000000000000e+00 -1.000000000000000000e+00 4.092570000000000050e+02 1.186645999999999958e+03 7.950000000000000400e-01 9.120000000000000329e-01 2.035000000000000142e+00 7.820000000000000284e-01
3.100000000000000000e+01 1.881000000000000000e+03 -1.000000000000000000e+00 -1.000000000000000000e+00 -1.000000000000000000e+00 -1.000000000000000000e+00 -1.000000000000000000e+00 4.308600000000000136e+02 1.227963999999999942e+03 8.970000000000000195e-01 9.120000000000000329e-01 2.068000000000000060e+00 7.954999999999999849e-01
3.100000000000000000e+01 1.884000000000000000e+03 -1.000000000000000000e+00 -1.000000000000000000e+00 -1.000000000000000000e+00 -1.000000000000000000e+00 -1.000000000000000000e+00 4.082339999999999804e+02 1.184300999999999931e+03 7.700000000000000178e-01 9.120000000000000329e-01 2.035000000000000142e+00 7.820000000000000284e-01
3.200000000000000000e+01 1.881000000000000000e+03 -1.000000000000000000e+00 -1.000000000000000000e+00 -1.000000000000000000e+00 -1.000000000000000000e+00 -1.000000000000000000e+00 4.297379999999999995e+02 1.225332000000000107e+03 9.030000000000000249e-01 9.120000000000000329e-01 2.068000000000000060e+00 7.954999999999999849e-01
3.200000000000000000e+01 1.884000000000000000e+03 -1.000000000000000000e+00 -1.000000000000000000e+00 -1.000000000000000000e+00 -1.000000000000000000e+00 -1.000000000000000000e+00 4.072080000000000268e+02 1.181953999999999951e+03 7.449999999999999956e-01 9.120000000000000329e-01 2.035000000000000142e+00 7.820000000000000284e-01
3.300000000000000000e+01 1.881000000000000000e+03 -1.000000000000000000e+00 -1.000000000000000000e+00 -1.000000000000000000e+00 -1.000000000000000000e+00 -1.000000000000000000e+00 4.287389999999999759e+02 1.222971999999999980e+03 9.100000000000000311e-01 9.120000000000000329e-01 2.068000000000000060e+00 7.954999999999999849e-01
3.300000000000000000e+01 1.884000000000000000e+03 -1.000000000000000000e+00 -1.000000000000000000e+00 -1.000000000000000000e+00 -1.000000000000000000e+00 -1.000000000000000000e+00 4.064649999999999750e+02 1.180130000000000109e+03 7.700000000000000178e-01 9.120000000000000329e-01 2.035000000000000142e+00 7.820000000000000284e-01
3.400000000000000000e+01 1.881000000000000000e+03 -1.000000000000000000e+00 -1.000000000000000000e+00 -1.000000000000000000e+00 -1.000000000000000000e+00 -1.000000000000000000e+00 4.277389999999999759e+02 1.220608999999999924e+03 9.160000000000000364e-01 9.120000000000000329e-01 2.068000000000000060e+00 7.954999999999999849e-01
3.400000000000000000e+01 1.884000000000000000e+03 -1.000000000000000000e+00 -1.000000000000000000e+00 -1.000000000000000000e+00 -1.000000000000000000e+00 -1.000000000000000000e+00 4.057210000000000036e+02 1.178304000000000087e+03 7.950000000000000400e-01 9.120000000000000329e-01 2.035000000000000142e+00 7.820000000000000284e-01
3.500000000000000000e+01 1.881000000000000000e+03 -1.000000000000000000e+00 -1.000000000000000000e+00 -1.000000000000000000e+00 -1.000000000000000000e+00 -1.000000000000000000e+00 4.267250000000000227e+02 1.218188000000000102e+03 9.230000000000000426e-01 9.120000000000000329e-01 2.068000000000000060e+00 7.954999999999999849e-01
3.500000000000000000e+01 1.884000000000000000e+03 -1.000000000000000000e+00 -1.000000000000000000e+00 -1.000000000000000000e+00 -1.000000000000000000e+00 -1.000000000000000000e+00 4.048650000000000091e+02 1.176348999999999933e+03 7.910000000000000364e-01 9.120000000000000329e-01 2.035000000000000142e+00 7.820000000000000284e-01
3.600000000000000000e+01 1.881000000000000000e+03 -1.000000000000000000e+00 -1.000000000000000000e+00 -1.000000000000000000e+00 -1.000000000000000000e+00 -1.000000000000000000e+00 4.258319999999999936e+02 1.216102000000000089e+03 9.300000000000000488e-01 9.120000000000000329e-01 2.068000000000000060e+00 7.954999999999999849e-01
3.600000000000000000e+01 1.884000000000000000e+03 -1.000000000000000000e+00 -1.000000000000000000e+00 -1.000000000000000000e+00 -1.000000000000000000e+00 -1.000000000000000000e+00 4.041519999999999868e+02 1.174719000000000051e+03 7.890000000000000346e-01 9.120000000000000329e-01 2.035000000000000142e+00 7.820000000000000284e-01
3.700000000000000000e+01 1.881000000000000000e+03 -1.000000000000000000e+00 -1.000000000000000000e+00 -1.000000000000000000e+00 -1.000000000000000000e+00 -1.000000000000000000e+00 4.247599999999999909e+02 1.213599999999999909e+03 9.370000000000000551e-01 9.120000000000000329e-01 2.068000000000000060e+00 7.954999999999999849e-01
3.700000000000000000e+01 1.884000000000000000e+03 -1.000000000000000000e+00 -1.000000000000000000e+00 -1.000000000000000000e+00 -1.000000000000000000e+00 -1.000000000000000000e+00 4.032959999999999923e+02 1.172765000000000100e+03 7.850000000000000311e-01 9.120000000000000329e-01 2.035000000000000142e+00 7.820000000000000284e-01
3.800000000000000000e+01 1.881000000000000000e+03 -1.000000000000000000e+00 -1.000000000000000000e+00 -1.000000000000000000e+00 -1.000000000000000000e+00 -1.000000000000000000e+00 4.238659999999999854e+02 1.211513999999999896e+03 9.429999999999999494e-01 9.120000000000000329e-01 2.068000000000000060e+00 7.954999999999999849e-01
3.800000000000000000e+01 1.884000000000000000e+03 -1.000000000000000000e+00 -1.000000000000000000e+00 -1.000000000000000000e+00 -1.000000000000000000e+00 -1.000000000000000000e+00 4.025819999999999936e+02 1.171134000000000015e+03 7.830000000000000293e-01 9.120000000000000329e-01 2.035000000000000142e+00 7.820000000000000284e-01
3.900000000000000000e+01 1.881000000000000000e+03 -1.000000000000000000e+00 -1.000000000000000000e+00 -1.000000000000000000e+00 -1.000000000000000000e+00 -1.000000000000000000e+00 4.229739999999999895e+02 1.209430000000000064e+03 9.499999999999999556e-01 9.120000000000000329e-01 2.068000000000000060e+00 7.954999999999999849e-01
3.900000000000000000e+01 1.884000000000000000e+03 -1.000000000000000000e+00 -1.000000000000000000e+00 -1.000000000000000000e+00 -1.000000000000000000e+00 -1.000000000000000000e+00 4.018700000000000045e+02 1.169506000000000085e+03 7.800000000000000266e-01 9.120000000000000329e-01 2.035000000000000142e+00 7.820000000000000284e-01
4.000000000000000000e+01 1.881000000000000000e+03 -1.000000000000000000e+00 -1.000000000000000000e+00 -1.000000000000000000e+00 -1.000000000000000000e+00 -1.000000000000000000e+00 4.220819999999999936e+02 1.207347999999999956e+03 9.559999999999999609e-01 9.120000000000000329e-01 2.068000000000000060e+00 7.954999999999999849e-01
4.000000000000000000e+01 1.884000000000000000e+03 -1.000000000000000000e+00 -1.000000000000000000e+00 -1.000000000000000000e+00 -1.000000000000000000e+00 -1.000000000000000000e+00 4.011480000000000246e+02 1.167913999999999987e+03 8.050000000000000488e-01 9.120000000000000329e-01 2.035000000000000142e+00 7.820000000000000284e-01
