1.000000000000000000e+00 4.637000000000000000e+03 -1.000000000000000000e+00 -1.000000000000000000e+00 -1.000000000000000000e+00 -1.000000000000000000e+00 -1.000000000000000000e+00 2.074179000000000087e+03 1.253166999999999916e+03 1.508000000000000007e+00 5.154999999999999583e-01 5.260000000000000231e-01 1.000000000000000000e+00
2.000000000000000000e+00 4.637000000000000000e+03 -1.000000000000000000e+00 -1.000000000000000000e+00 -1.000000000000000000e+00 -1.000000000000000000e+00 -1.000000000000000000e+00 2.073826000000000022e+03 1.252673999999999978e+03 1.568999999999999950e+00 5.154999999999999583e-01 5.260000000000000231e-01 1.000000000000000000e+00
3.000000000000000000e+00 4.637000000000000000e+03 -1.000000000000000000e+00 -1.000000000000000000e+00 -1.000000000000000000e+00 -1.000000000000000000e+00 -1.000000000000000000e+00 2.073472000000000207e+03 1.252180000000000064e+03 1.629999999999999893e+00 5.154999999999999583e-01 5.260000000000000231e-01 1.000000000000000000e+00
4.000000000000000000e+00 4.637000000000000000e+03 -1.000000000000000000e+00 -1.000000000000000000e+00 -1.000000000000000000e+00 -1.000000000000000000e+00 -1.000000000000000000e+00 2.073190999999999804e+03 1.251531999999999925e+03 1.590000000000000080e+00 5.154999999999999583e-01 5.260000000000000231e-01 1.000000000000000000e+00
5.000000000000000000e+00 4.637000000000000000e+03 -1.000000000000000000e+00 -1.000000000000000000e+00 -1.000000000000000000e+00 -1.000000000000000000e+00 -1.000000000000000000e+00 2.072911000000000058e+03 1.250884999999999991e+03 1.550999999999999934e+00 5.154999999999999583e-01 5.260000000000000231e-01 1.000000000000000000e+00
6.000000000000000000e+00 4.637000000000000000e+03 -1.000000000000000000e+00 -1.000000000000000000e+00 -1.000000000000000000e+00 -1.000000000000000000e+00 -1.000000000000000000e+00 2.072630000000000109e+03 1.250237000000000080e+03 1.510999999999999899e+00 5.154999999999999583e-01 5.260000000000000231e-01 1.000000000000000000e+00
7.000000000000000000e+00 4.637000000000000000e+03 -1.000000000000000000e+00 -1.000000000000000000e+00 -1.000000000000000000e+00 -1.000000000000000000e+00 -1.000000000000000000e+00 2.072427000000000135e+03 1.249836000000000013e+03 1.447000000000000064e+00 5.154999999999999583e-01 5.260000000000000231e-01 1.000000000000000000e+00
8.000000000000000000e+00 4.637000000000000000e+03 -1.000000000000000000e+00 -1.000000000000000000e+00 -1.000000000000000000e+00 -1.000000000000000000e+00 -1.000000000000000000e+00 2.072221000000000004e+03 1.249435999999999922e+03 1.383999999999999897e+00 5.154999999999999583e-01 5.260000000000000231e-01 1.000000000000000000e+00
9.000000000000000000e+00 4.637000000000000000e+03 -1.000000000000000000e+00 -1.000000000000000000e+00 -1.000000000000000000e+00 -1.000000000000000000e+00 -1.000000000000000000e+00 2.071992999999999938e+03 1.248997000000000071e+03 1.312999999999999945e+00 5.154999999999999583e-01 5.260000000000000231e-01 1.000000000000000000e+00
1.000000000000000000e+01 4.637000000000000000e+03 -1.000000000000000000e+00 -1.000000000000000000e+00 -1.000000000000000000e+00 -1.000000000000000000e+00 -1.000000000000000000e+00 2.071786000000000058e+03 1.248597999999999956e+03 1.250000000000000000e+00 5.154999999999999583e-01 5.260000000000000231e-01 1.000000000000000000e+00
1.100000000000000000e+01 4.637000000000000000e+03 -1.000000000000000000e+00 -1.000000000000000000e+00 -1.000000000000000000e+00 -1.000000000000000000e+00 -1.000000000000000000e+00 2.071253999999999905e+03 1.247830999999999904e+03 1.324999999999999956e+00 5.154999999999999583e-01 5.260000000000000231e-01 1.000000000000000000e+00
1.200000000000000000e+01 4.637000000000000000e+03 -1.000000000000000000e+00 -1.000000000000000000e+00 -1.000000000000000000e+00 -1.000000000000000000e+00 -1.000000000000000000e+00 2.070722000000000207e+03 1.247065000000000055e+03 2.100000000000000089e+00 5.154999999999999583e-01 5.260000000000000231e-01 1.000000000000000000e+00
1.300000000000000000e+01 4.637000000000000000e+03 -1.000000000000000000e+00 -1.000000000000000000e+00 -1.000000000000000000e+00 -1.000000000000000000e+00 -1.000000000000000000e+00 2.070382999999999811e+03 1.246622000000000071e+03 2.057999999999999829e+00 5.154999999999999583e-01 5.260000000000000231e-01 1.000000000000000000e+00
1.400000000000000000e+01 4.637000000000000000e+03 -1.000000000000000000e+00 -1.000000000000000000e+00 -1.000000000000000000e+00 -1.000000000000000000e+00 -1.000000000000000000e+00 2.070043999999999869e+03 1.246178000000000111e+03 2.016000000000000014e+00 5.154999999999999583e-01 5.260000000000000231e-01 1.000000000000000000e+00
1.500000000000000000e+01 4.637000000000000000e+03 -1.000000000000000000e+00 -1.000000000000000000e+00 -1.000000000000000000e+00 -1.000000000000000000e+00 -1.000000000000000000e+00 2.069706000000000131e+03 1.245734999999999900e+03 1.975000000000000089e+00 5.154999999999999583e-01 5.260000000000000231e-01 1.000000000000000000e+00
1.600000000000000000e+01 4.637000000000000000e+03 -1.000000000000000000e+00 -1.000000000000000000e+00 -1.000000000000000000e+00 -1.000000000000000000e+00 -1.000000000000000000e+00 2.069367000000000189e+03 1.245291999999999916e+03 1.800000000000000044e+00 5.154999999999999583e-01 5.260000000000000231e-01 1.000000000000000000e+00
1.700000000000000000e+01 4.637000000000000000e+03 -1.000000000000000000e+00 -1.000000000000000000e+00 -1.000000000000000000e+00 -1.000000000000000000e+00 -1.000000000000000000e+00 2.069123000000000047e+03 1.244838999999999942e+03 1.806999999999999940e+00 5.154999999999999583e-01 5.260000000000000231e-01 1.000000000000000000e+00
1.800000000000000000e+01 4.637000000000000000e+03 -1.000000000000000000e+00 -1.000000000000000000e+00 -1.000000000000000000e+00 -1.000000000000000000e+00 -1.000000000000000000e+00 2.068893000000000029e+03 1.244377999999999929e+03 1.814999999999999947e+00 5.154999999999999583e-01 5.260000000000000231e-01 1.000000000000000000e+00
1.900000000000000000e+01 4.637000000000000000e+03 -1.000000000000000000e+00 -1.000000000000000000e+00 -1.000000000000000000e+00 -1.000000000000000000e+00 -1.000000000000000000e+00 2.068677000000000135e+03 1.243910000000000082e+03 1.822000000000000064e+00 5.154999999999999583e-01 5.260000000000000231e-01 1.000000000000000000e+00
2.000000000000000000e+01 4.637000000000000000e+03 -1.000000000000000000e+00 -1.000000000000000000e+00 -1.000000000000000000e+00 -1.000000000000000000e+00 -1.000000000000000000e+00 2.068476000000000113e+03 1.243435999999999922e+03 1.830000000000000071e+00 5.154999999999999583e-01 5.260000000000000231e-01 1.000000000000000000e+00
2.100000000000000000e+01 4.637000000000000000e+03 -1.000000000000000000e+00 -1.000000000000000000e+00 -1.000000000000000000e+00 -1.000000000000000000e+00 -1.000000000000000000e+00 2.068289000000000215e+03 1.242957000000000107e+03 1.836999999999999966e+00 5.154999999999999583e-01 5.260000000000000231e-01 1.000000000000000000e+00
2.200000000000000000e+01 4.637000000000000000e+03 -1.000000000000000000e+00 -1.000000000000000000e+00 -1.000000000000000000e+00 -1.000000000000000000e+00 -1.000000000000000000e+00 2.068117000000000189e+03 1.242471999999999980e+03 1.790999999999999925e+00 5.154999999999999583e-01 5.260000000000000231e-01 1.000000000000000000e+00
2.300000000000000000e+01 4.637000000000000000e+03 -1.000000000000000000e+00 -1.000000000000000000e+00 -1.000000000000000000e+00 -1.000000000000000000e+00 -1.000000000000000000e+00 2.067960999999999785e+03 1.241982999999999947e+03 1.745999999999999996e+00 5.154999999999999583e-01 5.260000000000000231e-01 1.000000000000000000e+00
2.400000000000000000e+01 4.637000000000000000e+03 -1.000000000000000000e+00 -1.000000000000000000e+00 -1.000000000000000000e+00 -1.000000000000000000e+00 -1.000000000000000000e+00 2.067818999999999960e+03 1.241489000000000033e+03 1.699999999999999956e+00 5.154999999999999583e-01 5.260000000000000231e-01 1.000000000000000000e+00
