1.600000000000000000e+01 2.083000000000000000e+03 -1.000000000000000000e+00 -1.000000000000000000e+00 -1.000000000000000000e+00 -1.000000000000000000e+00 -1.000000000000000000e+00 4.893480000000000132e+02 1.760519000000000005e+03 -2.004999999999999893e+00 1.141999999999999904e+00 5.079500000000000348e+00 1.476499999999999924e+00
1.700000000000000000e+01 2.083000000000000000e+03 -1.000000000000000000e+00 -1.000000000000000000e+00 -1.000000000000000000e+00 -1.000000000000000000e+00 -1.000000000000000000e+00 4.894390000000000214e+02 1.760443999999999960e+03 -1.937999999999999945e+00 1.141999999999999904e+00 5.079500000000000348e+00 1.476499999999999924e+00
1.800000000000000000e+01 2.083000000000000000e+03 -1.000000000000000000e+00 -1.000000000000000000e+00 -1.000000000000000000e+00 -1.000000000000000000e+00 -1.000000000000000000e+00 4.895299999999999727e+02 1.760368999999999915e+03 -1.870999999999999996e+00 1.141999999999999904e+00 5.079500000000000348e+00 1.476499999999999924e+00
1.900000000000000000e+01 2.083000000000000000e+03 -1.000000000000000000e+00 -1.000000000000000000e+00 -1.000000000000000000e+00 -1.000000000000000000e+00 -1.000000000000000000e+00 4.897289999999999850e+02 1.760383000000000038e+03 -1.905000000000000027e+00 1.141999999999999904e+00 5.079500000000000348e+00 1.476499999999999924e+00
2.000000000000000000e+01 2.083000000000000000e+03 -1.000000000000000000e+00 -1.000000000000000000e+00 -1.000000000000000000e+00 -1.000000000000000000e+00 -1.000000000000000000e+00 4.896720000000000255e+02 1.760558999999999969e+03 -1.879999999999999893e+00 1.141999999999999904e+00 5.079500000000000348e+00 1.476499999999999924e+00
2.100000000000000000e+01 2.083000000000000000e+03 -1.000000000000000000e+00 -1.000000000000000000e+00 -1.000000000000000000e+00 -1.000000000000000000e+00 -1.000000000000000000e+00 4.896159999999999854e+02 1.760733999999999924e+03 -1.854999999999999982e+00 1.141999999999999904e+00 5.079500000000000348e+00 1.476499999999999924e+00
2.200000000000000000e+01 2.083000000000000000e+03 -1.000000000000000000e+00 -1.000000000000000000e+00 -1.000000000000000000e+00 -1.000000000000000000e+00 -1.000000000000000000e+00 4.895040000000000191e+02 1.760650000000000091e+03 -1.854999999999999982e+00 1.141999999999999904e+00 5.079500000000000348e+00 1.476499999999999924e+00
2.300000000000000000e+01 2.083000000000000000e+03 -1.000000000000000000e+00 -1.000000000000000000e+00 -1.000000000000000000e+00 -1.000000000000000000e+00 -1.000000000000000000e+00 4.893419999999999845e+02 1.760517000000000053e+03 -1.854999999999999982e+00 1.141999999999999904e+00 5.079500000000000348e+00 1.476499999999999924e+00
2.400000000000000000e+01 2.083000000000000000e+03 -1.000000000000000000e+00 -1.000000000000000000e+00 -1.000000000000000000e+00 -1.000000000000000000e+00 -1.000000000000000000e+00 4.895590000000000259e+02 1.760515000000000100e+03 -1.854999999999999982e+00 1.141999999999999904e+00 5.079500000000000348e+00 1.476499999999999924e+00
2.500000000000000000e+01 2.083000000000000000e+03 -1.000000000000000000e+00 -1.000000000000000000e+00 -1.000000000000000000e+00 -1.000000000000000000e+00 -1.000000000000000000e+00 4.895769999999999982e+02 1.760346000000000004e+03 -1.854999999999999982e+00 1.141999999999999904e+00 5.079500000000000348e+00 1.476499999999999924e+00
2.600000000000000000e+01 2.083000000000000000e+03 -1.000000000000000000e+00 -1.000000000000000000e+00 -1.000000000000000000e+00 -1.000000000000000000e+00 -1.000000000000000000e+00 4.892839999999999918e+02 1.760465999999999894e+03 -1.854999999999999982e+00 1.141999999999999904e+00 5.079500000000000348e+00 1.476499999999999924e+00
2.700000000000000000e+01 2.083000000000000000e+03 -1.000000000000000000e+00 -1.000000000000000000e+00 -1.000000000000000000e+00 -1.000000000000000000e+00 -1.000000000000000000e+00 4.892980000000000018e+02 1.760450000000000045e+03 -1.834999999999999964e+00 1.141999999999999904e+00 5.079500000000000348e+00 1.476499999999999924e+00
2.800000000000000000e+01 2.083000000000000000e+03 -1.000000000000000000e+00 -1.000000000000000000e+00 -1.000000000000000000e+00 -1.000000000000000000e+00 -1.000000000000000000e+00 4.895509999999999877e+02 1.760369999999999891e+03 -1.665000000000000036e+00 1.141999999999999904e+00 5.079500000000000348e+00 1.476499999999999924e+00
2.900000000000000000e+01 2.083000000000000000e+03 -1.000000000000000000e+00 -1.000000000000000000e+00 -1.000000000000000000e+00 -1.000000000000000000e+00 -1.000000000000000000e+00 4.894169999999999732e+02 1.760498000000000047e+03 -1.594999999999999973e+00 1.141999999999999904e+00 5.079500000000000348e+00 1.476499999999999924e+00
3.000000000000000000e+01 2.083000000000000000e+03 -1.000000000000000000e+00 -1.000000000000000000e+00 -1.000000000000000000e+00 -1.000000000000000000e+00 -1.000000000000000000e+00 4.892409999999999854e+02 1.760590999999999894e+03 -1.725000000000000089e+00 1.141999999999999904e+00 5.079500000000000348e+00 1.476499999999999924e+00
3.100000000000000000e+01 2.083000000000000000e+03 -1.000000000000000000e+00 -1.000000000000000000e+00 -1.000000000000000000e+00 -1.000000000000000000e+00 -1.000000000000000000e+00 4.892599999999999909e+02 1.760768000000000029e+03 -1.754999999999999893e+00 1.141999999999999904e+00 5.079500000000000348e+00 1.476499999999999924e+00
3.200000000000000000e+01 2.083000000000000000e+03 -1.000000000000000000e+00 -1.000000000000000000e+00 -1.000000000000000000e+00 -1.000000000000000000e+00 -1.000000000000000000e+00 4.892379999999999995e+02 1.760589999999999918e+03 -1.735000000000000098e+00 1.141999999999999904e+00 5.079500000000000348e+00 1.476499999999999924e+00
3.300000000000000000e+01 2.083000000000000000e+03 -1.000000000000000000e+00 -1.000000000000000000e+00 -1.000000000000000000e+00 -1.000000000000000000e+00 -1.000000000000000000e+00 4.892379999999999995e+02 1.760617999999999938e+03 -1.715000000000000080e+00 1.141999999999999904e+00 5.079500000000000348e+00 1.476499999999999924e+00
3.400000000000000000e+01 2.083000000000000000e+03 -1.000000000000000000e+00 -1.000000000000000000e+00 -1.000000000000000000e+00 -1.000000000000000000e+00 -1.000000000000000000e+00 4.892379999999999995e+02 1.760644999999999982e+03 -1.695000000000000062e+00 1.141999999999999904e+00 5.079500000000000348e+00 1.476499999999999924e+00
3.500000000000000000e+01 2.083000000000000000e+03 -1.000000000000000000e+00 -1.000000000000000000e+00 -1.000000000000000000e+00 -1.000000000000000000e+00 -1.000000000000000000e+00 4.892379999999999995e+02 1.760673000000000002e+03 -1.675000000000000044e+00 1.141999999999999904e+00 5.079500000000000348e+00 1.476499999999999924e+00
3.600000000000000000e+01 2.083000000000000000e+03 -1.000000000000000000e+00 -1.000000000000000000e+00 -1.000000000000000000e+00 -1.000000000000000000e+00 -1.000000000000000000e+00 4.892389999999999759e+02 1.760700000000000045e+03 -1.655000000000000027e+00 1.141999999999999904e+00 5.079500000000000348e+00 1.476499999999999924e+00
3.700000000000000000e+01 2.083000000000000000e+03 -1.000000000000000000e+00 -1.000000000000000000e+00 -1.000000000000000000e+00 -1.000000000000000000e+00 -1.000000000000000000e+00 4.892389999999999759e+02 1.760728000000000065e+03 -1.635000000000000009e+00 1.141999999999999904e+00 5.079500000000000348e+00 1.476499999999999924e+00
3.800000000000000000e+01 2.083000000000000000e+03 -1.000000000000000000e+00 -1.000000000000000000e+00 -1.000000000000000000e+00 -1.000000000000000000e+00 -1.000000000000000000e+00 4.892389999999999759e+02 1.760756000000000085e+03 -1.614999999999999991e+00 1.141999999999999904e+00 5.079500000000000348e+00 1.476499999999999924e+00
3.900000000000000000e+01 2.083000000000000000e+03 -1.000000000000000000e+00 -1.000000000000000000e+00 -1.000000000000000000e+00 -1.000000000000000000e+00 -1.000000000000000000e+00 4.892330000000000041e+02 1.760761999999999944e+03 -1.614999999999999991e+00 1.141999999999999904e+00 5.079500000000000348e+00 1.476499999999999924e+00
