1.000000000000000000e+00 3.406000000000000000e+03 -1.000000000000000000e+00 -1.000000000000000000e+00 -1.000000000000000000e+00 -1.000000000000000000e+00 -1.000000000000000000e+00 1.420935999999999922e+03 1.185218000000000075e+03 1.737999999999999989e+00 1.425999999999999934e+00 3.774500000000000188e+00 1.552000000000000046e+00
2.000000000000000000e+00 3.406000000000000000e+03 -1.000000000000000000e+00 -1.000000000000000000e+00 -1.000000000000000000e+00 -1.000000000000000000e+00 -1.000000000000000000e+00 1.423077999999999975e+03 1.187691000000000031e+03 1.663000000000000034e+00 1.425999999999999934e+00 3.774500000000000188e+00 1.552000000000000046e+00
3.000000000000000000e+00 3.406000000000000000e+03 -1.000000000000000000e+00 -1.000000000000000000e+00 -1.000000000000000000e+00 -1.000000000000000000e+00 -1.000000000000000000e+00 1.424842000000000098e+03 1.189661000000000058e+03 1.600999999999999979e+00 1.425999999999999934e+00 3.774500000000000188e+00 1.552000000000000046e+00
4.000000000000000000e+00 3.406000000000000000e+03 -1.000000000000000000e+00 -1.000000000000000000e+00 -1.000000000000000000e+00 -1.000000000000000000e+00 -1.000000000000000000e+00 1.426471999999999980e+03 1.191477000000000089e+03 1.600999999999999979e+00 1.425999999999999934e+00 3.774500000000000188e+00 1.552000000000000046e+00
5.000000000000000000e+00 3.406000000000000000e+03 -1.000000000000000000e+00 -1.000000000000000000e+00 -1.000000000000000000e+00 -1.000000000000000000e+00 -1.000000000000000000e+00 1.427721999999999980e+03 1.193009000000000015e+03 1.600999999999999979e+00 1.425999999999999934e+00 3.774500000000000188e+00 1.552000000000000046e+00
6.000000000000000000e+00 3.406000000000000000e+03 -1.000000000000000000e+00 -1.000000000000000000e+00 -1.000000000000000000e+00 -1.000000000000000000e+00 -1.000000000000000000e+00 1.428827999999999975e+03 1.194453999999999951e+03 1.600999999999999979e+00 1.425999999999999934e+00 3.774500000000000188e+00 1.552000000000000046e+00
7.000000000000000000e+00 3.406000000000000000e+03 -1.000000000000000000e+00 -1.000000000000000000e+00 -1.000000000000000000e+00 -1.000000000000000000e+00 -1.000000000000000000e+00 1.429731999999999971e+03 1.195663000000000011e+03 1.600999999999999979e+00 1.425999999999999934e+00 3.774500000000000188e+00 1.552000000000000046e+00
8.000000000000000000e+00 3.406000000000000000e+03 -1.000000000000000000e+00 -1.000000000000000000e+00 -1.000000000000000000e+00 -1.000000000000000000e+00 -1.000000000000000000e+00 1.430652000000000044e+03 1.196653000000000020e+03 1.600999999999999979e+00 1.425999999999999934e+00 3.774500000000000188e+00 1.552000000000000046e+00
9.000000000000000000e+00 3.406000000000000000e+03 -1.000000000000000000e+00 -1.000000000000000000e+00 -1.000000000000000000e+00 -1.000000000000000000e+00 -1.000000000000000000e+00 1.431336000000000013e+03 1.197368999999999915e+03 1.600999999999999979e+00 1.425999999999999934e+00 3.774500000000000188e+00 1.552000000000000046e+00
1.000000000000000000e+01 3.406000000000000000e+03 -1.000000000000000000e+00 -1.000000000000000000e+00 -1.000000000000000000e+00 -1.000000000000000000e+00 -1.000000000000000000e+00 1.431849999999999909e+03 1.197885999999999967e+03 1.600999999999999979e+00 1.425999999999999934e+00 3.774500000000000188e+00 1.552000000000000046e+00
1.100000000000000000e+01 3.406000000000000000e+03 -1.000000000000000000e+00 -1.000000000000000000e+00 -1.000000000000000000e+00 -1.000000000000000000e+00 -1.000000000000000000e+00 1.432297000000000025e+03 1.198326000000000022e+03 1.600999999999999979e+00 1.425999999999999934e+00 3.774500000000000188e+00 1.552000000000000046e+00
1.200000000000000000e+01 3.406000000000000000e+03 -1.000000000000000000e+00 -1.000000000000000000e+00 -1.000000000000000000e+00 -1.000000000000000000e+00 -1.000000000000000000e+00 1.432777000000000044e+03 1.198805000000000064e+03 1.600999999999999979e+00 1.425999999999999934e+00 3.774500000000000188e+00 1.552000000000000046e+00
1.300000000000000000e+01 3.406000000000000000e+03 -1.000000000000000000e+00 -1.000000000000000000e+00 -1.000000000000000000e+00 -1.000000000000000000e+00 -1.000000000000000000e+00 1.433257000000000062e+03 1.199282999999999902e+03 1.600999999999999979e+00 1.425999999999999934e+00 3.774500000000000188e+00 1.552000000000000046e+00
1.400000000000000000e+01 3.406000000000000000e+03 -1.000000000000000000e+00 -1.000000000000000000e+00 -1.000000000000000000e+00 -1.000000000000000000e+00 -1.000000000000000000e+00 1.433500000000000000e+03 1.199484999999999900e+03 1.600999999999999979e+00 1.425999999999999934e+00 3.774500000000000188e+00 1.552000000000000046e+00
1.500000000000000000e+01 3.406000000000000000e+03 -1.000000000000000000e+00 -1.000000000000000000e+00 -1.000000000000000000e+00 -1.000000000000000000e+00 -1.000000000000000000e+00 1.433741999999999962e+03 1.199688000000000102e+03 1.600999999999999979e+00 1.425999999999999934e+00 3.774500000000000188e+00 1.552000000000000046e+00
1.600000000000000000e+01 3.406000000000000000e+03 -1.000000000000000000e+00 -1.000000000000000000e+00 -1.000000000000000000e+00 -1.000000000000000000e+00 -1.000000000000000000e+00 1.433945999999999913e+03 1.199923999999999978e+03 1.600999999999999979e+00 1.425999999999999934e+00 3.774500000000000188e+00 1.552000000000000046e+00
1.700000000000000000e+01 3.406000000000000000e+03 -1.000000000000000000e+00 -1.000000000000000000e+00 -1.000000000000000000e+00 -1.000000000000000000e+00 -1.000000000000000000e+00 1.433945999999999913e+03 1.199923999999999978e+03 1.600999999999999979e+00 1.425999999999999934e+00 3.774500000000000188e+00 1.552000000000000046e+00
1.800000000000000000e+01 3.406000000000000000e+03 -1.000000000000000000e+00 -1.000000000000000000e+00 -1.000000000000000000e+00 -1.000000000000000000e+00 -1.000000000000000000e+00 1.433945999999999913e+03 1.199923999999999978e+03 1.600999999999999979e+00 1.425999999999999934e+00 3.774500000000000188e+00 1.552000000000000046e+00
1.900000000000000000e+01 3.406000000000000000e+03 -1.000000000000000000e+00 -1.000000000000000000e+00 -1.000000000000000000e+00 -1.000000000000000000e+00 -1.000000000000000000e+00 1.433945999999999913e+03 1.199923999999999978e+03 1.600999999999999979e+00 1.425999999999999934e+00 3.774500000000000188e+00 1.552000000000000046e+00
2.000000000000000000e+01 3.406000000000000000e+03 -1.000000000000000000e+00 -1.000000000000000000e+00 -1.000000000000000000e+00 -1.000000000000000000e+00 -1.000000000000000000e+00 1.433945999999999913e+03 1.199923999999999978e+03 1.600999999999999979e+00 1.425999999999999934e+00 3.774500000000000188e+00 1.552000000000000046e+00
2.100000000000000000e+01 3.406000000000000000e+03 -1.000000000000000000e+00 -1.000000000000000000e+00 -1.000000000000000000e+00 -1.000000000000000000e+00 -1.000000000000000000e+00 1.433945999999999913e+03 1.199923999999999978e+03 1.600999999999999979e+00 1.425999999999999934e+00 3.774500000000000188e+00 1.552000000000000046e+00
2.200000000000000000e+01 3.406000000000000000e+03 -1.000000000000000000e+00 -1.000000000000000000e+00 -1.000000000000000000e+00 -1.000000000000000000e+00 -1.000000000000000000e+00 1.433945999999999913e+03 1.199923999999999978e+03 1.600999999999999979e+00 1.425999999999999934e+00 3.774500000000000188e+00 1.552000000000000046e+00
2.300000000000000000e+01 3.406000000000000000e+03 -1.000000000000000000e+00 -1.000000000000000000e+00 -1.000000000000000000e+00 -1.000000000000000000e+00 -1.000000000000000000e+00 1.433945999999999913e+03 1.199923999999999978e+03 1.600999999999999979e+00 1.425999999999999934e+00 3.774500000000000188e+00 1.552000000000000046e+00
2.400000000000000000e+01 3.406000000000000000e+03 -1.000000000000000000e+00 -1.000000000000000000e+00 -1.000000000000000000e+00 -1.000000000000000000e+00 -1.000000000000000000e+00 1.433945999999999913e+03 1.199923999999999978e+03 1.600999999999999979e+00 1.425999999999999934e+00 3.774500000000000188e+00 1.552000000000000046e+00
2.500000000000000000e+01 3.406000000000000000e+03 -1.000000000000000000e+00 -1.000000000000000000e+00 -1.000000000000000000e+00 -1.000000000000000000e+00 -1.000000000000000000e+00 1.433945999999999913e+03 1.199923999999999978e+03 1.600999999999999979e+00 1.425999999999999934e+00 3.774500000000000188e+00 1.552000000000000046e+00
2.600000000000000000e+01 3.406000000000000000e+03 -1.000000000000000000e+00 -1.000000000000000000e+00 -1.000000000000000000e+00 -1.000000000000000000e+00 -1.000000000000000000e+00 1.433945999999999913e+03 1.199923999999999978e+03 1.600999999999999979e+00 1.425999999999999934e+00 3.774500000000000188e+00 1.552000000000000046e+00
2.700000000000000000e+01 3.406000000000000000e+03 -1.000000000000000000e+00 -1.000000000000000000e+00 -1.000000000000000000e+00 -1.000000000000000000e+00 -1.000000000000000000e+00 1.433945999999999913e+03 1.199923999999999978e+03 1.600999999999999979e+00 1.425999999999999934e+00 3.774500000000000188e+00 1.552000000000000046e+00
2.800000000000000000e+01 3.406000000000000000e+03 -1.000000000000000000e+00 -1.000000000000000000e+00 -1.000000000000000000e+00 -1.000000000000000000e+00 -1.000000000000000000e+00 1.433945999999999913e+03 1.199923999999999978e+03 1.600999999999999979e+00 1.425999999999999934e+00 3.774500000000000188e+00 1.552000000000000046e+00
2.900000000000000000e+01 3.406000000000000000e+03 -1.000000000000000000e+00 -1.000000000000000000e+00 -1.000000000000000000e+00 -1.000000000000000000e+00 -1.000000000000000000e+00 1.433945999999999913e+03 1.199923999999999978e+03 1.600999999999999979e+00 1.425999999999999934e+00 3.774500000000000188e+00 1.552000000000000046e+00
3.000000000000000000e+01 3.406000000000000000e+03 -1.000000000000000000e+00 -1.000000000000000000e+00 -1.000000000000000000e+00 -1.000000000000000000e+00 -1.000000000000000000e+00 1.433945999999999913e+03 1.199923999999999978e+03 1.600999999999999979e+00 1.425999999999999934e+00 3.774500000000000188e+00 1.552000000000000046e+00
3.100000000000000000e+01 3.406000000000000000e+03 -1.000000000000000000e+00 -1.000000000000000000e+00 -1.000000000000000000e+00 -1.000000000000000000e+00 -1.000000000000000000e+00 1.433945999999999913e+03 1.199923999999999978e+03 1.600999999999999979e+00 1.425999999999999934e+00 3.774500000000000188e+00 1.552000000000000046e+00
3.100000000000000000e+01 3.427000000000000000e+03 -1.000000000000000000e+00 -1.000000000000000000e+00 -1.000000000000000000e+00 -1.000000000000000000e+00 -1.000000000000000000e+00 1.430431000000000040e+03 1.248335000000000036e+03 1.374000000000000110e+00 1.637000000000000011e+00 6.320999999999999730e+00 1.721999999999999975e+00
3.200000000000000000e+01 3.406000000000000000e+03 -1.000000000000000000e+00 -1.000000000000000000e+00 -1.000000000000000000e+00 -1.000000000000000000e+00 -1.000000000000000000e+00 1.433945999999999913e+03 1.199923999999999978e+03 1.600999999999999979e+00 1.425999999999999934e+00 3.774500000000000188e+00 1.552000000000000046e+00
3.200000000000000000e+01 3.427000000000000000e+03 -1.000000000000000000e+00 -1.000000000000000000e+00 -1.000000000000000000e+00 -1.000000000000000000e+00 -1.000000000000000000e+00 1.435009000000000015e+03 1.246248000000000047e+03 1.645000000000000018e+00 1.637000000000000011e+00 6.320999999999999730e+00 1.721999999999999975e+00
3.300000000000000000e+01 3.406000000000000000e+03 -1.000000000000000000e+00 -1.000000000000000000e+00 -1.000000000000000000e+00 -1.000000000000000000e+00 -1.000000000000000000e+00 1.433945999999999913e+03 1.199923999999999978e+03 1.600999999999999979e+00 1.425999999999999934e+00 3.774500000000000188e+00 1.552000000000000046e+00
3.300000000000000000e+01 3.427000000000000000e+03 -1.000000000000000000e+00 -1.000000000000000000e+00 -1.000000000000000000e+00 -1.000000000000000000e+00 -1.000000000000000000e+00 1.439345000000000027e+03 1.243895999999999958e+03 1.467000000000000082e+00 1.637000000000000011e+00 6.320999999999999730e+00 1.721999999999999975e+00
3.400000000000000000e+01 3.428000000000000000e+03 -1.000000000000000000e+00 -1.000000000000000000e+00 -1.000000000000000000e+00 -1.000000000000000000e+00 -1.000000000000000000e+00 1.434711999999999989e+03 1.246298000000000002e+03 1.606000000000000094e+00 1.594999999999999973e+00 4.435500000000000220e+00 1.825499999999999901e+00
3.400000000000000000e+01 3.406000000000000000e+03 -1.000000000000000000e+00 -1.000000000000000000e+00 -1.000000000000000000e+00 -1.000000000000000000e+00 -1.000000000000000000e+00 1.433945999999999913e+03 1.199923999999999978e+03 1.600999999999999979e+00 1.425999999999999934e+00 3.774500000000000188e+00 1.552000000000000046e+00
3.400000000000000000e+01 3.427000000000000000e+03 -1.000000000000000000e+00 -1.000000000000000000e+00 -1.000000000000000000e+00 -1.000000000000000000e+00 -1.000000000000000000e+00 1.444199000000000069e+03 1.241048999999999978e+03 1.387999999999999901e+00 1.637000000000000011e+00 6.320999999999999730e+00 1.721999999999999975e+00
3.500000000000000000e+01 3.428000000000000000e+03 -1.000000000000000000e+00 -1.000000000000000000e+00 -1.000000000000000000e+00 -1.000000000000000000e+00 -1.000000000000000000e+00 1.438224999999999909e+03 1.244343000000000075e+03 1.534999999999999920e+00 1.594999999999999973e+00 4.435500000000000220e+00 1.825499999999999901e+00
3.500000000000000000e+01 3.406000000000000000e+03 -1.000000000000000000e+00 -1.000000000000000000e+00 -1.000000000000000000e+00 -1.000000000000000000e+00 -1.000000000000000000e+00 1.433945999999999913e+03 1.199923999999999978e+03 1.600999999999999979e+00 1.425999999999999934e+00 3.774500000000000188e+00 1.552000000000000046e+00
3.500000000000000000e+01 3.427000000000000000e+03 -1.000000000000000000e+00 -1.000000000000000000e+00 -1.000000000000000000e+00 -1.000000000000000000e+00 -1.000000000000000000e+00 1.447781999999999925e+03 1.239146999999999935e+03 1.649000000000000021e+00 1.637000000000000011e+00 6.320999999999999730e+00 1.721999999999999975e+00
3.600000000000000000e+01 3.428000000000000000e+03 -1.000000000000000000e+00 -1.000000000000000000e+00 -1.000000000000000000e+00 -1.000000000000000000e+00 -1.000000000000000000e+00 1.444022999999999911e+03 1.241125999999999976e+03 1.665000000000000036e+00 1.594999999999999973e+00 4.435500000000000220e+00 1.825499999999999901e+00
3.600000000000000000e+01 3.406000000000000000e+03 -1.000000000000000000e+00 -1.000000000000000000e+00 -1.000000000000000000e+00 -1.000000000000000000e+00 -1.000000000000000000e+00 1.433945999999999913e+03 1.199923999999999978e+03 1.600999999999999979e+00 1.425999999999999934e+00 3.774500000000000188e+00 1.552000000000000046e+00
3.600000000000000000e+01 3.427000000000000000e+03 -1.000000000000000000e+00 -1.000000000000000000e+00 -1.000000000000000000e+00 -1.000000000000000000e+00 -1.000000000000000000e+00 1.453480999999999995e+03 1.235894999999999982e+03 1.667999999999999927e+00 1.637000000000000011e+00 6.320999999999999730e+00 1.721999999999999975e+00
3.700000000000000000e+01 3.428000000000000000e+03 -1.000000000000000000e+00 -1.000000000000000000e+00 -1.000000000000000000e+00 -1.000000000000000000e+00 -1.000000000000000000e+00 1.449897999999999911e+03 1.237843000000000075e+03 1.580000000000000071e+00 1.594999999999999973e+00 4.435500000000000220e+00 1.825499999999999901e+00
3.700000000000000000e+01 3.406000000000000000e+03 -1.000000000000000000e+00 -1.000000000000000000e+00 -1.000000000000000000e+00 -1.000000000000000000e+00 -1.000000000000000000e+00 1.433945999999999913e+03 1.199923999999999978e+03 1.600999999999999979e+00 1.425999999999999934e+00 3.774500000000000188e+00 1.552000000000000046e+00
3.700000000000000000e+01 3.427000000000000000e+03 -1.000000000000000000e+00 -1.000000000000000000e+00 -1.000000000000000000e+00 -1.000000000000000000e+00 -1.000000000000000000e+00 1.459438000000000102e+03 1.232712999999999965e+03 1.737000000000000099e+00 1.637000000000000011e+00 6.320999999999999730e+00 1.721999999999999975e+00
3.800000000000000000e+01 3.428000000000000000e+03 -1.000000000000000000e+00 -1.000000000000000000e+00 -1.000000000000000000e+00 -1.000000000000000000e+00 -1.000000000000000000e+00 1.455715999999999894e+03 1.234671000000000049e+03 1.675000000000000044e+00 1.594999999999999973e+00 4.435500000000000220e+00 1.825499999999999901e+00
3.800000000000000000e+01 3.406000000000000000e+03 -1.000000000000000000e+00 -1.000000000000000000e+00 -1.000000000000000000e+00 -1.000000000000000000e+00 -1.000000000000000000e+00 1.433945999999999913e+03 1.199923999999999978e+03 1.600999999999999979e+00 1.425999999999999934e+00 3.774500000000000188e+00 1.552000000000000046e+00
3.800000000000000000e+01 3.427000000000000000e+03 -1.000000000000000000e+00 -1.000000000000000000e+00 -1.000000000000000000e+00 -1.000000000000000000e+00 -1.000000000000000000e+00 1.465250000000000000e+03 1.229487000000000080e+03 1.856000000000000094e+00 1.637000000000000011e+00 6.320999999999999730e+00 1.721999999999999975e+00
3.800000000000000000e+01 3.431000000000000000e+03 -1.000000000000000000e+00 -1.000000000000000000e+00 -1.000000000000000000e+00 -1.000000000000000000e+00 -1.000000000000000000e+00 1.423992999999999938e+03 1.251833000000000084e+03 1.243999999999999995e+00 2.556500000000000217e+00 1.065199999999999925e+01 1.883000000000000007e+00
3.900000000000000000e+01 3.428000000000000000e+03 -1.000000000000000000e+00 -1.000000000000000000e+00 -1.000000000000000000e+00 -1.000000000000000000e+00 -1.000000000000000000e+00 1.461141000000000076e+03 1.231676999999999907e+03 1.870999999999999996e+00 1.594999999999999973e+00 4.435500000000000220e+00 1.825499999999999901e+00
3.900000000000000000e+01 3.406000000000000000e+03 -1.000000000000000000e+00 -1.000000000000000000e+00 -1.000000000000000000e+00 -1.000000000000000000e+00 -1.000000000000000000e+00 1.433945999999999913e+03 1.199923999999999978e+03 1.600999999999999979e+00 1.425999999999999934e+00 3.774500000000000188e+00 1.552000000000000046e+00
3.900000000000000000e+01 3.427000000000000000e+03 -1.000000000000000000e+00 -1.000000000000000000e+00 -1.000000000000000000e+00 -1.000000000000000000e+00 -1.000000000000000000e+00 1.470615000000000009e+03 1.226426999999999907e+03 1.824999999999999956e+00 1.637000000000000011e+00 6.320999999999999730e+00 1.721999999999999975e+00
3.900000000000000000e+01 3.431000000000000000e+03 -1.000000000000000000e+00 -1.000000000000000000e+00 -1.000000000000000000e+00 -1.000000000000000000e+00 -1.000000000000000000e+00 1.427917999999999893e+03 1.251468000000000075e+03 1.294000000000000039e+00 2.556500000000000217e+00 1.065199999999999925e+01 1.883000000000000007e+00
4.000000000000000000e+01 3.428000000000000000e+03 -1.000000000000000000e+00 -1.000000000000000000e+00 -1.000000000000000000e+00 -1.000000000000000000e+00 -1.000000000000000000e+00 1.465825000000000045e+03 1.229093000000000075e+03 1.866999999999999993e+00 1.594999999999999973e+00 4.435500000000000220e+00 1.825499999999999901e+00
4.000000000000000000e+01 3.406000000000000000e+03 -1.000000000000000000e+00 -1.000000000000000000e+00 -1.000000000000000000e+00 -1.000000000000000000e+00 -1.000000000000000000e+00 1.433945999999999913e+03 1.199923999999999978e+03 1.600999999999999979e+00 1.425999999999999934e+00 3.774500000000000188e+00 1.552000000000000046e+00
4.000000000000000000e+01 3.427000000000000000e+03 -1.000000000000000000e+00 -1.000000000000000000e+00 -1.000000000000000000e+00 -1.000000000000000000e+00 -1.000000000000000000e+00 1.475358999999999924e+03 1.223692000000000007e+03 1.792999999999999927e+00 1.637000000000000011e+00 6.320999999999999730e+00 1.721999999999999975e+00
4.000000000000000000e+01 3.431000000000000000e+03 -1.000000000000000000e+00 -1.000000000000000000e+00 -1.000000000000000000e+00 -1.000000000000000000e+00 -1.000000000000000000e+00 1.433220000000000027e+03 1.248935999999999922e+03 1.493999999999999995e+00 2.556500000000000217e+00 1.065199999999999925e+01 1.883000000000000007e+00
