1.000000000000000000e+00 5.280000000000000000e+02 -1.000000000000000000e+00 -1.000000000000000000e+00 -1.000000000000000000e+00 -1.000000000000000000e+00 -1.000000000000000000e+00 2.260393000000000029e+03 7.835130000000000337e+02 8.960000000000000187e-01 9.499999999999999556e-01 2.504500000000000171e+00 9.389999999999999458e-01
1.000000000000000000e+00 5.290000000000000000e+02 -1.000000000000000000e+00 -1.000000000000000000e+00 -1.000000000000000000e+00 -1.000000000000000000e+00 -1.000000000000000000e+00 2.271420000000000073e+03 7.848880000000000337e+02 9.360000000000000542e-01 1.053500000000000103e+00 2.527000000000000135e+00 9.655000000000000249e-01
1.000000000000000000e+00 5.300000000000000000e+02 -1.000000000000000000e+00 -1.000000000000000000e+00 -1.000000000000000000e+00 -1.000000000000000000e+00 -1.000000000000000000e+00 2.277117999999999938e+03 7.840159999999999627e+02 8.880000000000000115e-01 9.659999999999999698e-01 2.241000000000000103e+00 8.930000000000000160e-01
1.000000000000000000e+00 5.310000000000000000e+02 -1.000000000000000000e+00 -1.000000000000000000e+00 -1.000000000000000000e+00 -1.000000000000000000e+00 -1.000000000000000000e+00 2.257820999999999913e+03 7.835240000000000009e+02 7.009999999999999565e-01 8.559999999999999831e-01 2.455999999999999961e+00 8.064999999999999947e-01
1.000000000000000000e+00 5.320000000000000000e+02 -1.000000000000000000e+00 -1.000000000000000000e+00 -1.000000000000000000e+00 -1.000000000000000000e+00 -1.000000000000000000e+00 2.282367999999999938e+03 7.845850000000000364e+02 9.389999999999999458e-01 1.014999999999999902e+00 2.294999999999999929e+00 9.044999999999999707e-01
1.000000000000000000e+00 5.330000000000000000e+02 -1.000000000000000000e+00 -1.000000000000000000e+00 -1.000000000000000000e+00 -1.000000000000000000e+00 -1.000000000000000000e+00 2.255143000000000029e+03 7.838809999999999718e+02 9.360000000000000542e-01 9.845000000000000417e-01 2.205499999999999794e+00 9.979999999999999982e-01
1.000000000000000000e+00 5.340000000000000000e+02 -1.000000000000000000e+00 -1.000000000000000000e+00 -1.000000000000000000e+00 -1.000000000000000000e+00 -1.000000000000000000e+00 2.265704999999999927e+03 7.843990000000000009e+02 7.369999999999999885e-01 9.080000000000000293e-01 2.169999999999999929e+00 8.385000000000000231e-01
1.000000000000000000e+00 5.350000000000000000e+02 -1.000000000000000000e+00 -1.000000000000000000e+00 -1.000000000000000000e+00 -1.000000000000000000e+00 -1.000000000000000000e+00 2.285083999999999833e+03 7.846889999999999645e+02 9.649999999999999689e-01 9.639999999999999680e-01 2.205000000000000071e+00 9.324999999999999956e-01
1.000000000000000000e+00 5.360000000000000000e+02 -1.000000000000000000e+00 -1.000000000000000000e+00 -1.000000000000000000e+00 -1.000000000000000000e+00 -1.000000000000000000e+00 2.279782000000000153e+03 7.844279999999999973e+02 8.739999999999999991e-01 1.046999999999999931e+00 2.329000000000000181e+00 8.904999999999999583e-01
2.000000000000000000e+00 5.280000000000000000e+02 -1.000000000000000000e+00 -1.000000000000000000e+00 -1.000000000000000000e+00 -1.000000000000000000e+00 -1.000000000000000000e+00 2.260275000000000091e+03 7.835149999999999864e+02 8.790000000000000036e-01 9.499999999999999556e-01 2.504500000000000171e+00 9.389999999999999458e-01
2.000000000000000000e+00 5.290000000000000000e+02 -1.000000000000000000e+00 -1.000000000000000000e+00 -1.000000000000000000e+00 -1.000000000000000000e+00 -1.000000000000000000e+00 2.271411000000000058e+03 7.849020000000000437e+02 9.759999999999999787e-01 1.053500000000000103e+00 2.527000000000000135e+00 9.655000000000000249e-01
2.000000000000000000e+00 5.300000000000000000e+02 -1.000000000000000000e+00 -1.000000000000000000e+00 -1.000000000000000000e+00 -1.000000000000000000e+00 -1.000000000000000000e+00 2.277110000000000127e+03 7.839719999999999800e+02 9.030000000000000249e-01 9.659999999999999698e-01 2.241000000000000103e+00 8.930000000000000160e-01
2.000000000000000000e+00 5.310000000000000000e+02 -1.000000000000000000e+00 -1.000000000000000000e+00 -1.000000000000000000e+00 -1.000000000000000000e+00 -1.000000000000000000e+00 2.257824000000000069e+03 7.835299999999999727e+02 6.909999999999999476e-01 8.559999999999999831e-01 2.455999999999999961e+00 8.064999999999999947e-01
2.000000000000000000e+00 5.320000000000000000e+02 -1.000000000000000000e+00 -1.000000000000000000e+00 -1.000000000000000000e+00 -1.000000000000000000e+00 -1.000000000000000000e+00 2.282369000000000142e+03 7.845660000000000309e+02 9.559999999999999609e-01 1.014999999999999902e+00 2.294999999999999929e+00 9.044999999999999707e-01
2.000000000000000000e+00 5.330000000000000000e+02 -1.000000000000000000e+00 -1.000000000000000000e+00 -1.000000000000000000e+00 -1.000000000000000000e+00 -1.000000000000000000e+00 2.255137999999999920e+03 7.838769999999999527e+02 9.330000000000000515e-01 9.845000000000000417e-01 2.205499999999999794e+00 9.979999999999999982e-01
2.000000000000000000e+00 5.340000000000000000e+02 -1.000000000000000000e+00 -1.000000000000000000e+00 -1.000000000000000000e+00 -1.000000000000000000e+00 -1.000000000000000000e+00 2.265594999999999800e+03 7.843869999999999436e+02 7.640000000000000124e-01 9.080000000000000293e-01 2.169999999999999929e+00 8.385000000000000231e-01
2.000000000000000000e+00 5.350000000000000000e+02 -1.000000000000000000e+00 -1.000000000000000000e+00 -1.000000000000000000e+00 -1.000000000000000000e+00 -1.000000000000000000e+00 2.285088999999999942e+03 7.846889999999999645e+02 9.689999999999999725e-01 9.639999999999999680e-01 2.205000000000000071e+00 9.324999999999999956e-01
2.000000000000000000e+00 5.360000000000000000e+02 -1.000000000000000000e+00 -1.000000000000000000e+00 -1.000000000000000000e+00 -1.000000000000000000e+00 -1.000000000000000000e+00 2.279782000000000153e+03 7.844279999999999973e+02 8.870000000000000107e-01 1.046999999999999931e+00 2.329000000000000181e+00 8.904999999999999583e-01
3.000000000000000000e+00 5.280000000000000000e+02 -1.000000000000000000e+00 -1.000000000000000000e+00 -1.000000000000000000e+00 -1.000000000000000000e+00 -1.000000000000000000e+00 2.260157999999999902e+03 7.835159999999999627e+02 8.609999999999999876e-01 9.499999999999999556e-01 2.504500000000000171e+00 9.389999999999999458e-01
3.000000000000000000e+00 5.290000000000000000e+02 -1.000000000000000000e+00 -1.000000000000000000e+00 -1.000000000000000000e+00 -1.000000000000000000e+00 -1.000000000000000000e+00 2.271402000000000044e+03 7.849170000000000300e+02 9.489999999999999547e-01 1.053500000000000103e+00 2.527000000000000135e+00 9.655000000000000249e-01
3.000000000000000000e+00 5.300000000000000000e+02 -1.000000000000000000e+00 -1.000000000000000000e+00 -1.000000000000000000e+00 -1.000000000000000000e+00 -1.000000000000000000e+00 2.277103000000000065e+03 7.839289999999999736e+02 9.170000000000000373e-01 9.659999999999999698e-01 2.241000000000000103e+00 8.930000000000000160e-01
3.000000000000000000e+00 5.310000000000000000e+02 -1.000000000000000000e+00 -1.000000000000000000e+00 -1.000000000000000000e+00 -1.000000000000000000e+00 -1.000000000000000000e+00 2.257827000000000226e+03 7.835359999999999445e+02 6.810000000000000497e-01 8.559999999999999831e-01 2.455999999999999961e+00 8.064999999999999947e-01
3.000000000000000000e+00 5.320000000000000000e+02 -1.000000000000000000e+00 -1.000000000000000000e+00 -1.000000000000000000e+00 -1.000000000000000000e+00 -1.000000000000000000e+00 2.282369999999999891e+03 7.845470000000000255e+02 9.719999999999999751e-01 1.014999999999999902e+00 2.294999999999999929e+00 9.044999999999999707e-01
3.000000000000000000e+00 5.330000000000000000e+02 -1.000000000000000000e+00 -1.000000000000000000e+00 -1.000000000000000000e+00 -1.000000000000000000e+00 -1.000000000000000000e+00 2.255134000000000015e+03 7.838730000000000473e+02 9.300000000000000488e-01 9.845000000000000417e-01 2.205499999999999794e+00 9.979999999999999982e-01
3.000000000000000000e+00 5.340000000000000000e+02 -1.000000000000000000e+00 -1.000000000000000000e+00 -1.000000000000000000e+00 -1.000000000000000000e+00 -1.000000000000000000e+00 2.265485000000000127e+03 7.843759999999999764e+02 7.900000000000000355e-01 9.080000000000000293e-01 2.169999999999999929e+00 8.385000000000000231e-01
3.000000000000000000e+00 5.350000000000000000e+02 -1.000000000000000000e+00 -1.000000000000000000e+00 -1.000000000000000000e+00 -1.000000000000000000e+00 -1.000000000000000000e+00 2.285094999999999800e+03 7.846889999999999645e+02 9.739999999999999769e-01 9.639999999999999680e-01 2.205000000000000071e+00 9.324999999999999956e-01
3.000000000000000000e+00 5.360000000000000000e+02 -1.000000000000000000e+00 -1.000000000000000000e+00 -1.000000000000000000e+00 -1.000000000000000000e+00 -1.000000000000000000e+00 2.279782000000000153e+03 7.844279999999999973e+02 8.990000000000000213e-01 1.046999999999999931e+00 2.329000000000000181e+00 8.904999999999999583e-01
4.000000000000000000e+00 5.280000000000000000e+02 -1.000000000000000000e+00 -1.000000000000000000e+00 -1.000000000000000000e+00 -1.000000000000000000e+00 -1.000000000000000000e+00 2.260235999999999876e+03 7.835209999999999582e+02 8.439999999999999725e-01 9.499999999999999556e-01 2.504500000000000171e+00 9.389999999999999458e-01
4.000000000000000000e+00 5.290000000000000000e+02 -1.000000000000000000e+00 -1.000000000000000000e+00 -1.000000000000000000e+00 -1.000000000000000000e+00 -1.000000000000000000e+00 2.271393000000000029e+03 7.849310000000000400e+02 9.220000000000000417e-01 1.053500000000000103e+00 2.527000000000000135e+00 9.655000000000000249e-01
4.000000000000000000e+00 5.300000000000000000e+02 -1.000000000000000000e+00 -1.000000000000000000e+00 -1.000000000000000000e+00 -1.000000000000000000e+00 -1.000000000000000000e+00 2.277094999999999800e+03 7.838849999999999909e+02 9.320000000000000506e-01 9.659999999999999698e-01 2.241000000000000103e+00 8.930000000000000160e-01
4.000000000000000000e+00 5.310000000000000000e+02 -1.000000000000000000e+00 -1.000000000000000000e+00 -1.000000000000000000e+00 -1.000000000000000000e+00 -1.000000000000000000e+00 2.257829000000000178e+03 7.835420000000000300e+02 6.710000000000000409e-01 8.559999999999999831e-01 2.455999999999999961e+00 8.064999999999999947e-01
4.000000000000000000e+00 5.320000000000000000e+02 -1.000000000000000000e+00 -1.000000000000000000e+00 -1.000000000000000000e+00 -1.000000000000000000e+00 -1.000000000000000000e+00 2.282371000000000095e+03 7.845280000000000200e+02 9.879999999999999893e-01 1.014999999999999902e+00 2.294999999999999929e+00 9.044999999999999707e-01
4.000000000000000000e+00 5.330000000000000000e+02 -1.000000000000000000e+00 -1.000000000000000000e+00 -1.000000000000000000e+00 -1.000000000000000000e+00 -1.000000000000000000e+00 2.255130000000000109e+03 7.838680000000000518e+02 9.270000000000000462e-01 9.845000000000000417e-01 2.205499999999999794e+00 9.979999999999999982e-01
4.000000000000000000e+00 5.340000000000000000e+02 -1.000000000000000000e+00 -1.000000000000000000e+00 -1.000000000000000000e+00 -1.000000000000000000e+00 -1.000000000000000000e+00 2.265586999999999989e+03 7.843780000000000427e+02 7.409999999999999920e-01 9.080000000000000293e-01 2.169999999999999929e+00 8.385000000000000231e-01
4.000000000000000000e+00 5.360000000000000000e+02 -1.000000000000000000e+00 -1.000000000000000000e+00 -1.000000000000000000e+00 -1.000000000000000000e+00 -1.000000000000000000e+00 2.279782000000000153e+03 7.844279999999999973e+02 9.120000000000000329e-01 1.046999999999999931e+00 2.329000000000000181e+00 8.904999999999999583e-01
4.000000000000000000e+00 5.350000000000000000e+02 -1.000000000000000000e+00 -1.000000000000000000e+00 -1.000000000000000000e+00 -1.000000000000000000e+00 -1.000000000000000000e+00 2.285106426463018124e+03 7.846897141539386666e+02 9.832840012022998621e-01 9.639999999999999680e-01 2.205000000000000071e+00 9.324999999999999956e-01
5.000000000000000000e+00 5.280000000000000000e+02 -1.000000000000000000e+00 -1.000000000000000000e+00 -1.000000000000000000e+00 -1.000000000000000000e+00 -1.000000000000000000e+00 2.260313999999999851e+03 7.835249999999999773e+02 8.259999999999999565e-01 9.499999999999999556e-01 2.504500000000000171e+00 9.389999999999999458e-01
5.000000000000000000e+00 5.290000000000000000e+02 -1.000000000000000000e+00 -1.000000000000000000e+00 -1.000000000000000000e+00 -1.000000000000000000e+00 -1.000000000000000000e+00 2.271384000000000015e+03 7.849460000000000264e+02 8.950000000000000178e-01 1.053500000000000103e+00 2.527000000000000135e+00 9.655000000000000249e-01
5.000000000000000000e+00 5.310000000000000000e+02 -1.000000000000000000e+00 -1.000000000000000000e+00 -1.000000000000000000e+00 -1.000000000000000000e+00 -1.000000000000000000e+00 2.257831999999999880e+03 7.835480000000000018e+02 6.600000000000000311e-01 8.559999999999999831e-01 2.455999999999999961e+00 8.064999999999999947e-01
5.000000000000000000e+00 5.320000000000000000e+02 -1.000000000000000000e+00 -1.000000000000000000e+00 -1.000000000000000000e+00 -1.000000000000000000e+00 -1.000000000000000000e+00 2.282373000000000047e+03 7.845099999999999909e+02 1.004000000000000004e+00 1.014999999999999902e+00 2.294999999999999929e+00 9.044999999999999707e-01
5.000000000000000000e+00 5.330000000000000000e+02 -1.000000000000000000e+00 -1.000000000000000000e+00 -1.000000000000000000e+00 -1.000000000000000000e+00 -1.000000000000000000e+00 2.255125000000000000e+03 7.838640000000000327e+02 9.240000000000000435e-01 9.845000000000000417e-01 2.205499999999999794e+00 9.979999999999999982e-01
5.000000000000000000e+00 5.340000000000000000e+02 -1.000000000000000000e+00 -1.000000000000000000e+00 -1.000000000000000000e+00 -1.000000000000000000e+00 -1.000000000000000000e+00 2.265688000000000102e+03 7.843799999999999955e+02 6.929999999999999494e-01 9.080000000000000293e-01 2.169999999999999929e+00 8.385000000000000231e-01
5.000000000000000000e+00 5.360000000000000000e+02 -1.000000000000000000e+00 -1.000000000000000000e+00 -1.000000000000000000e+00 -1.000000000000000000e+00 -1.000000000000000000e+00 2.279782000000000153e+03 7.844279999999999973e+02 9.240000000000000435e-01 1.046999999999999931e+00 2.329000000000000181e+00 8.904999999999999583e-01
5.000000000000000000e+00 5.350000000000000000e+02 -1.000000000000000000e+00 -1.000000000000000000e+00 -1.000000000000000000e+00 -1.000000000000000000e+00 -1.000000000000000000e+00 2.285100716492854190e+03 7.846893572808032786e+02 9.786446504441868033e-01 9.639999999999999680e-01 2.205000000000000071e+00 9.324999999999998845e-01
6.000000000000000000e+00 5.280000000000000000e+02 -1.000000000000000000e+00 -1.000000000000000000e+00 -1.000000000000000000e+00 -1.000000000000000000e+00 -1.000000000000000000e+00 2.260391999999999825e+03 7.835289999999999964e+02 8.090000000000000524e-01 9.499999999999999556e-01 2.504500000000000171e+00 9.389999999999999458e-01
6.000000000000000000e+00 5.290000000000000000e+02 -1.000000000000000000e+00 -1.000000000000000000e+00 -1.000000000000000000e+00 -1.000000000000000000e+00 -1.000000000000000000e+00 2.271384000000000015e+03 7.849460000000000264e+02 9.080000000000000293e-01 1.053500000000000103e+00 2.527000000000000135e+00 9.655000000000000249e-01
6.000000000000000000e+00 5.380000000000000000e+02 -1.000000000000000000e+00 -1.000000000000000000e+00 -1.000000000000000000e+00 -1.000000000000000000e+00 -1.000000000000000000e+00 2.201641000000000076e+03 7.827989999999999782e+02 8.699999999999999956e-01 8.854999999999999538e-01 2.368500000000000050e+00 7.489999999999999991e-01
6.000000000000000000e+00 5.310000000000000000e+02 -1.000000000000000000e+00 -1.000000000000000000e+00 -1.000000000000000000e+00 -1.000000000000000000e+00 -1.000000000000000000e+00 2.257835000000000036e+03 7.835529999999999973e+02 6.500000000000000222e-01 8.559999999999999831e-01 2.455999999999999961e+00 8.064999999999999947e-01
6.000000000000000000e+00 5.320000000000000000e+02 -1.000000000000000000e+00 -1.000000000000000000e+00 -1.000000000000000000e+00 -1.000000000000000000e+00 -1.000000000000000000e+00 2.282373999999999796e+03 7.844909999999999854e+02 1.020000000000000018e+00 1.014999999999999902e+00 2.294999999999999929e+00 9.044999999999999707e-01
6.000000000000000000e+00 5.330000000000000000e+02 -1.000000000000000000e+00 -1.000000000000000000e+00 -1.000000000000000000e+00 -1.000000000000000000e+00 -1.000000000000000000e+00 2.255121000000000095e+03 7.838600000000000136e+02 9.210000000000000409e-01 9.845000000000000417e-01 2.205499999999999794e+00 9.979999999999999982e-01
6.000000000000000000e+00 5.340000000000000000e+02 -1.000000000000000000e+00 -1.000000000000000000e+00 -1.000000000000000000e+00 -1.000000000000000000e+00 -1.000000000000000000e+00 2.265717999999999847e+03 7.843949999999999818e+02 7.139999999999999680e-01 9.080000000000000293e-01 2.169999999999999929e+00 8.385000000000000231e-01
6.000000000000000000e+00 5.350000000000000000e+02 -1.000000000000000000e+00 -1.000000000000000000e+00 -1.000000000000000000e+00 -1.000000000000000000e+00 -1.000000000000000000e+00 2.285110999999999876e+03 7.846900000000000546e+02 9.869999999999999885e-01 9.639999999999999680e-01 2.205000000000000071e+00 9.324999999999999956e-01
6.000000000000000000e+00 5.360000000000000000e+02 -1.000000000000000000e+00 -1.000000000000000000e+00 -1.000000000000000000e+00 -1.000000000000000000e+00 -1.000000000000000000e+00 2.279782000000000153e+03 7.844279999999999973e+02 9.080000000000000293e-01 1.046999999999999931e+00 2.329000000000000181e+00 8.904999999999999583e-01
7.000000000000000000e+00 5.280000000000000000e+02 -1.000000000000000000e+00 -1.000000000000000000e+00 -1.000000000000000000e+00 -1.000000000000000000e+00 -1.000000000000000000e+00 2.260391999999999825e+03 7.835270000000000437e+02 9.360000000000000542e-01 9.499999999999999556e-01 2.504500000000000171e+00 9.389999999999999458e-01
7.000000000000000000e+00 5.290000000000000000e+02 -1.000000000000000000e+00 -1.000000000000000000e+00 -1.000000000000000000e+00 -1.000000000000000000e+00 -1.000000000000000000e+00 2.271384000000000015e+03 7.849460000000000264e+02 9.200000000000000400e-01 1.053500000000000103e+00 2.527000000000000135e+00 9.655000000000000249e-01
7.000000000000000000e+00 5.380000000000000000e+02 -1.000000000000000000e+00 -1.000000000000000000e+00 -1.000000000000000000e+00 -1.000000000000000000e+00 -1.000000000000000000e+00 2.201639999999999873e+03 7.828029999999999973e+02 8.439999999999999725e-01 8.854999999999999538e-01 2.368500000000000050e+00 7.489999999999999991e-01
7.000000000000000000e+00 5.400000000000000000e+02 -1.000000000000000000e+00 -1.000000000000000000e+00 -1.000000000000000000e+00 -1.000000000000000000e+00 -1.000000000000000000e+00 2.198762000000000171e+03 7.823479999999999563e+02 8.539999999999999813e-01 8.914999999999999591e-01 2.348500000000000032e+00 8.515000000000000346e-01
7.000000000000000000e+00 5.310000000000000000e+02 -1.000000000000000000e+00 -1.000000000000000000e+00 -1.000000000000000000e+00 -1.000000000000000000e+00 -1.000000000000000000e+00 2.257836999999999989e+03 7.835589999999999691e+02 6.400000000000000133e-01 8.559999999999999831e-01 2.455999999999999961e+00 8.064999999999999947e-01
7.000000000000000000e+00 5.320000000000000000e+02 -1.000000000000000000e+00 -1.000000000000000000e+00 -1.000000000000000000e+00 -1.000000000000000000e+00 -1.000000000000000000e+00 2.282373999999999796e+03 7.844909999999999854e+02 1.120000000000000107e+00 1.014999999999999902e+00 2.294999999999999929e+00 9.044999999999999707e-01
7.000000000000000000e+00 5.330000000000000000e+02 -1.000000000000000000e+00 -1.000000000000000000e+00 -1.000000000000000000e+00 -1.000000000000000000e+00 -1.000000000000000000e+00 2.255117000000000189e+03 7.838550000000000182e+02 9.170000000000000373e-01 9.845000000000000417e-01 2.205499999999999794e+00 9.979999999999999982e-01
7.000000000000000000e+00 5.340000000000000000e+02 -1.000000000000000000e+00 -1.000000000000000000e+00 -1.000000000000000000e+00 -1.000000000000000000e+00 -1.000000000000000000e+00 2.265748000000000047e+03 7.844099999999999682e+02 7.339999999999999858e-01 9.080000000000000293e-01 2.169999999999999929e+00 8.385000000000000231e-01
7.000000000000000000e+00 5.360000000000000000e+02 -1.000000000000000000e+00 -1.000000000000000000e+00 -1.000000000000000000e+00 -1.000000000000000000e+00 -1.000000000000000000e+00 2.279782000000000153e+03 7.844279999999999973e+02 1.040999999999999925e+00 1.046999999999999931e+00 2.329000000000000181e+00 8.904999999999999583e-01
8.000000000000000000e+00 5.280000000000000000e+02 -1.000000000000000000e+00 -1.000000000000000000e+00 -1.000000000000000000e+00 -1.000000000000000000e+00 -1.000000000000000000e+00 2.260393000000000029e+03 7.834729999999999563e+02 9.419999999999999485e-01 9.499999999999999556e-01 2.504500000000000171e+00 9.389999999999999458e-01
8.000000000000000000e+00 5.290000000000000000e+02 -1.000000000000000000e+00 -1.000000000000000000e+00 -1.000000000000000000e+00 -1.000000000000000000e+00 -1.000000000000000000e+00 2.271384000000000015e+03 7.849460000000000264e+02 9.330000000000000515e-01 1.053500000000000103e+00 2.527000000000000135e+00 9.655000000000000249e-01
8.000000000000000000e+00 5.400000000000000000e+02 -1.000000000000000000e+00 -1.000000000000000000e+00 -1.000000000000000000e+00 -1.000000000000000000e+00 -1.000000000000000000e+00 2.198762000000000171e+03 7.823479999999999563e+02 8.289999999999999591e-01 8.914999999999999591e-01 2.348500000000000032e+00 8.515000000000000346e-01
8.000000000000000000e+00 5.310000000000000000e+02 -1.000000000000000000e+00 -1.000000000000000000e+00 -1.000000000000000000e+00 -1.000000000000000000e+00 -1.000000000000000000e+00 2.257847000000000207e+03 7.835940000000000509e+02 6.740000000000000435e-01 8.559999999999999831e-01 2.455999999999999961e+00 8.064999999999999947e-01
8.000000000000000000e+00 5.320000000000000000e+02 -1.000000000000000000e+00 -1.000000000000000000e+00 -1.000000000000000000e+00 -1.000000000000000000e+00 -1.000000000000000000e+00 2.282373999999999796e+03 7.844909999999999854e+02 1.070000000000000062e+00 1.014999999999999902e+00 2.294999999999999929e+00 9.044999999999999707e-01
8.000000000000000000e+00 5.410000000000000000e+02 -1.000000000000000000e+00 -1.000000000000000000e+00 -1.000000000000000000e+00 -1.000000000000000000e+00 -1.000000000000000000e+00 2.196313999999999851e+03 7.825760000000000218e+02 9.379999999999999449e-01 9.194999999999999840e-01 2.206999999999999851e+00 8.609999999999999876e-01
8.000000000000000000e+00 5.330000000000000000e+02 -1.000000000000000000e+00 -1.000000000000000000e+00 -1.000000000000000000e+00 -1.000000000000000000e+00 -1.000000000000000000e+00 2.255117999999999938e+03 7.838559999999999945e+02 9.190000000000000391e-01 9.845000000000000417e-01 2.205499999999999794e+00 9.979999999999999982e-01
8.000000000000000000e+00 5.420000000000000000e+02 -1.000000000000000000e+00 -1.000000000000000000e+00 -1.000000000000000000e+00 -1.000000000000000000e+00 -1.000000000000000000e+00 2.193541999999999916e+03 7.824729999999999563e+02 8.950000000000000178e-01 9.505000000000000115e-01 2.257000000000000117e+00 9.014999999999999680e-01
8.000000000000000000e+00 5.340000000000000000e+02 -1.000000000000000000e+00 -1.000000000000000000e+00 -1.000000000000000000e+00 -1.000000000000000000e+00 -1.000000000000000000e+00 2.265777999999999793e+03 7.844249999999999545e+02 7.550000000000000044e-01 9.080000000000000293e-01 2.169999999999999929e+00 8.385000000000000231e-01
8.000000000000000000e+00 5.360000000000000000e+02 -1.000000000000000000e+00 -1.000000000000000000e+00 -1.000000000000000000e+00 -1.000000000000000000e+00 -1.000000000000000000e+00 2.279782000000000153e+03 7.844279999999999973e+02 1.024000000000000021e+00 1.046999999999999931e+00 2.329000000000000181e+00 8.904999999999999583e-01
8.000000000000000000e+00 5.380000000000000000e+02 -1.000000000000000000e+00 -1.000000000000000000e+00 -1.000000000000000000e+00 -1.000000000000000000e+00 -1.000000000000000000e+00 2.201638951605173133e+03 7.828066693818942667e+02 8.172659319131826416e-01 8.854999999999999538e-01 2.368500000000000050e+00 7.489999999999999991e-01
9.000000000000000000e+00 5.280000000000000000e+02 -1.000000000000000000e+00 -1.000000000000000000e+00 -1.000000000000000000e+00 -1.000000000000000000e+00 -1.000000000000000000e+00 2.260393999999999778e+03 7.834189999999999827e+02 9.479999999999999538e-01 9.499999999999999556e-01 2.504500000000000171e+00 9.389999999999999458e-01
9.000000000000000000e+00 5.290000000000000000e+02 -1.000000000000000000e+00 -1.000000000000000000e+00 -1.000000000000000000e+00 -1.000000000000000000e+00 -1.000000000000000000e+00 2.271384000000000015e+03 7.849460000000000264e+02 9.449999999999999512e-01 1.053500000000000103e+00 2.527000000000000135e+00 9.655000000000000249e-01
9.000000000000000000e+00 5.380000000000000000e+02 -1.000000000000000000e+00 -1.000000000000000000e+00 -1.000000000000000000e+00 -1.000000000000000000e+00 -1.000000000000000000e+00 2.201637999999999920e+03 7.828099999999999454e+02 7.930000000000000382e-01 8.854999999999999538e-01 2.368500000000000050e+00 7.489999999999999991e-01
9.000000000000000000e+00 5.400000000000000000e+02 -1.000000000000000000e+00 -1.000000000000000000e+00 -1.000000000000000000e+00 -1.000000000000000000e+00 -1.000000000000000000e+00 2.198762000000000171e+03 7.823479999999999563e+02 8.030000000000000471e-01 8.914999999999999591e-01 2.348500000000000032e+00 8.515000000000000346e-01
9.000000000000000000e+00 5.310000000000000000e+02 -1.000000000000000000e+00 -1.000000000000000000e+00 -1.000000000000000000e+00 -1.000000000000000000e+00 -1.000000000000000000e+00 2.257856000000000222e+03 7.836280000000000427e+02 7.069999999999999618e-01 8.559999999999999831e-01 2.455999999999999961e+00 8.064999999999999947e-01
9.000000000000000000e+00 5.320000000000000000e+02 -1.000000000000000000e+00 -1.000000000000000000e+00 -1.000000000000000000e+00 -1.000000000000000000e+00 -1.000000000000000000e+00 2.282373999999999796e+03 7.844909999999999854e+02 1.080000000000000071e+00 1.014999999999999902e+00 2.294999999999999929e+00 9.044999999999999707e-01
9.000000000000000000e+00 5.410000000000000000e+02 -1.000000000000000000e+00 -1.000000000000000000e+00 -1.000000000000000000e+00 -1.000000000000000000e+00 -1.000000000000000000e+00 2.196346000000000004e+03 7.825789999999999509e+02 8.719999999999999973e-01 9.194999999999999840e-01 2.206999999999999851e+00 8.609999999999999876e-01
9.000000000000000000e+00 5.330000000000000000e+02 -1.000000000000000000e+00 -1.000000000000000000e+00 -1.000000000000000000e+00 -1.000000000000000000e+00 -1.000000000000000000e+00 2.255119000000000142e+03 7.838569999999999709e+02 9.200000000000000400e-01 9.845000000000000417e-01 2.205499999999999794e+00 9.979999999999999982e-01
9.000000000000000000e+00 5.420000000000000000e+02 -1.000000000000000000e+00 -1.000000000000000000e+00 -1.000000000000000000e+00 -1.000000000000000000e+00 -1.000000000000000000e+00 2.193541999999999916e+03 7.824650000000000318e+02 8.790000000000000036e-01 9.505000000000000115e-01 2.257000000000000117e+00 9.014999999999999680e-01
9.000000000000000000e+00 5.340000000000000000e+02 -1.000000000000000000e+00 -1.000000000000000000e+00 -1.000000000000000000e+00 -1.000000000000000000e+00 -1.000000000000000000e+00 2.265807999999999993e+03 7.844400000000000546e+02 7.750000000000000222e-01 9.080000000000000293e-01 2.169999999999999929e+00 8.385000000000000231e-01
1.000000000000000000e+01 5.280000000000000000e+02 -1.000000000000000000e+00 -1.000000000000000000e+00 -1.000000000000000000e+00 -1.000000000000000000e+00 -1.000000000000000000e+00 2.260394999999999982e+03 7.833650000000000091e+02 9.539999999999999591e-01 9.499999999999999556e-01 2.504500000000000171e+00 9.389999999999999458e-01
1.000000000000000000e+01 5.290000000000000000e+02 -1.000000000000000000e+00 -1.000000000000000000e+00 -1.000000000000000000e+00 -1.000000000000000000e+00 -1.000000000000000000e+00 2.271384000000000015e+03 7.849460000000000264e+02 9.449999999999999512e-01 1.053500000000000103e+00 2.527000000000000135e+00 9.655000000000000249e-01
1.000000000000000000e+01 5.380000000000000000e+02 -1.000000000000000000e+00 -1.000000000000000000e+00 -1.000000000000000000e+00 -1.000000000000000000e+00 -1.000000000000000000e+00 2.201637000000000171e+03 7.828129999999999882e+02 7.670000000000000151e-01 8.854999999999999538e-01 2.368500000000000050e+00 7.489999999999999991e-01
1.000000000000000000e+01 5.310000000000000000e+02 -1.000000000000000000e+00 -1.000000000000000000e+00 -1.000000000000000000e+00 -1.000000000000000000e+00 -1.000000000000000000e+00 2.257865999999999985e+03 7.836630000000000109e+02 7.399999999999999911e-01 8.559999999999999831e-01 2.455999999999999961e+00 8.064999999999999947e-01
1.000000000000000000e+01 5.430000000000000000e+02 -1.000000000000000000e+00 -1.000000000000000000e+00 -1.000000000000000000e+00 -1.000000000000000000e+00 -1.000000000000000000e+00 2.188152999999999793e+03 7.822390000000000327e+02 8.659999999999999920e-01 9.250000000000000444e-01 2.261499999999999844e+00 9.509999999999999565e-01
1.000000000000000000e+01 5.410000000000000000e+02 -1.000000000000000000e+00 -1.000000000000000000e+00 -1.000000000000000000e+00 -1.000000000000000000e+00 -1.000000000000000000e+00 2.196346000000000004e+03 7.825789999999999509e+02 8.519999999999999796e-01 9.194999999999999840e-01 2.206999999999999851e+00 8.609999999999999876e-01
1.000000000000000000e+01 5.330000000000000000e+02 -1.000000000000000000e+00 -1.000000000000000000e+00 -1.000000000000000000e+00 -1.000000000000000000e+00 -1.000000000000000000e+00 2.255121000000000095e+03 7.838569999999999709e+02 9.210000000000000409e-01 9.845000000000000417e-01 2.205499999999999794e+00 9.979999999999999982e-01
1.000000000000000000e+01 5.440000000000000000e+02 -1.000000000000000000e+00 -1.000000000000000000e+00 -1.000000000000000000e+00 -1.000000000000000000e+00 -1.000000000000000000e+00 2.185054000000000087e+03 7.823730000000000473e+02 8.519999999999999796e-01 9.294999999999999929e-01 2.196499999999999897e+00 9.134999999999999787e-01
1.000000000000000000e+01 5.420000000000000000e+02 -1.000000000000000000e+00 -1.000000000000000000e+00 -1.000000000000000000e+00 -1.000000000000000000e+00 -1.000000000000000000e+00 2.193541999999999916e+03 7.824569999999999936e+02 8.619999999999999885e-01 9.505000000000000115e-01 2.257000000000000117e+00 9.014999999999999680e-01
1.000000000000000000e+01 5.340000000000000000e+02 -1.000000000000000000e+00 -1.000000000000000000e+00 -1.000000000000000000e+00 -1.000000000000000000e+00 -1.000000000000000000e+00 2.265807999999999993e+03 7.844400000000000546e+02 7.920000000000000373e-01 9.080000000000000293e-01 2.169999999999999929e+00 8.385000000000000231e-01
1.000000000000000000e+01 5.400000000000000000e+02 -1.000000000000000000e+00 -1.000000000000000000e+00 -1.000000000000000000e+00 -1.000000000000000000e+00 -1.000000000000000000e+00 2.198762000000000171e+03 7.823479999999999563e+02 7.770005721464694481e-01 8.914999999999999591e-01 2.348500000000000032e+00 8.515000000000000346e-01
1.100000000000000000e+01 5.280000000000000000e+02 -1.000000000000000000e+00 -1.000000000000000000e+00 -1.000000000000000000e+00 -1.000000000000000000e+00 -1.000000000000000000e+00 2.260394999999999982e+03 7.833110000000000355e+02 9.599999999999999645e-01 9.499999999999999556e-01 2.504500000000000171e+00 9.389999999999999458e-01
1.100000000000000000e+01 5.290000000000000000e+02 -1.000000000000000000e+00 -1.000000000000000000e+00 -1.000000000000000000e+00 -1.000000000000000000e+00 -1.000000000000000000e+00 2.271384000000000015e+03 7.849460000000000264e+02 9.449999999999999512e-01 1.053500000000000103e+00 2.527000000000000135e+00 9.655000000000000249e-01
1.100000000000000000e+01 5.380000000000000000e+02 -1.000000000000000000e+00 -1.000000000000000000e+00 -1.000000000000000000e+00 -1.000000000000000000e+00 -1.000000000000000000e+00 2.201635999999999967e+03 7.828170000000000073e+02 7.409999999999999920e-01 8.854999999999999538e-01 2.368500000000000050e+00 7.489999999999999991e-01
1.100000000000000000e+01 5.400000000000000000e+02 -1.000000000000000000e+00 -1.000000000000000000e+00 -1.000000000000000000e+00 -1.000000000000000000e+00 -1.000000000000000000e+00 2.198762000000000171e+03 7.823479999999999563e+02 7.510000000000000009e-01 8.914999999999999591e-01 2.348500000000000032e+00 8.515000000000000346e-01
1.100000000000000000e+01 5.310000000000000000e+02 -1.000000000000000000e+00 -1.000000000000000000e+00 -1.000000000000000000e+00 -1.000000000000000000e+00 -1.000000000000000000e+00 2.257865999999999985e+03 7.836630000000000109e+02 7.399999999999999911e-01 8.559999999999999831e-01 2.455999999999999961e+00 8.064999999999999947e-01
1.100000000000000000e+01 5.430000000000000000e+02 -1.000000000000000000e+00 -1.000000000000000000e+00 -1.000000000000000000e+00 -1.000000000000000000e+00 -1.000000000000000000e+00 2.188121999999999844e+03 7.822409999999999854e+02 8.319999999999999618e-01 9.250000000000000444e-01 2.261499999999999844e+00 9.509999999999999565e-01
1.100000000000000000e+01 5.410000000000000000e+02 -1.000000000000000000e+00 -1.000000000000000000e+00 -1.000000000000000000e+00 -1.000000000000000000e+00 -1.000000000000000000e+00 2.196346000000000004e+03 7.825789999999999509e+02 8.319999999999999618e-01 9.194999999999999840e-01 2.206999999999999851e+00 8.609999999999999876e-01
1.100000000000000000e+01 5.330000000000000000e+02 -1.000000000000000000e+00 -1.000000000000000000e+00 -1.000000000000000000e+00 -1.000000000000000000e+00 -1.000000000000000000e+00 2.255121999999999844e+03 7.838579999999999472e+02 9.230000000000000426e-01 9.845000000000000417e-01 2.205499999999999794e+00 9.979999999999999982e-01
1.100000000000000000e+01 5.440000000000000000e+02 -1.000000000000000000e+00 -1.000000000000000000e+00 -1.000000000000000000e+00 -1.000000000000000000e+00 -1.000000000000000000e+00 2.185097999999999956e+03 7.823730000000000473e+02 8.189999999999999503e-01 9.294999999999999929e-01 2.196499999999999897e+00 9.134999999999999787e-01
1.100000000000000000e+01 5.450000000000000000e+02 -1.000000000000000000e+00 -1.000000000000000000e+00 -1.000000000000000000e+00 -1.000000000000000000e+00 -1.000000000000000000e+00 2.182291999999999916e+03 7.826670000000000300e+02 1.403000000000000025e+00 1.247500000000000053e+00 2.987499999999999822e+00 1.449999999999999956e+00
1.100000000000000000e+01 5.420000000000000000e+02 -1.000000000000000000e+00 -1.000000000000000000e+00 -1.000000000000000000e+00 -1.000000000000000000e+00 -1.000000000000000000e+00 2.193541999999999916e+03 7.824489999999999554e+02 8.459999999999999742e-01 9.505000000000000115e-01 2.257000000000000117e+00 9.014999999999999680e-01
1.100000000000000000e+01 5.340000000000000000e+02 -1.000000000000000000e+00 -1.000000000000000000e+00 -1.000000000000000000e+00 -1.000000000000000000e+00 -1.000000000000000000e+00 2.265807999999999993e+03 7.844400000000000546e+02 8.090000000000000524e-01 9.080000000000000293e-01 2.169999999999999929e+00 8.385000000000000231e-01
1.100000000000000000e+01 5.460000000000000000e+02 -1.000000000000000000e+00 -1.000000000000000000e+00 -1.000000000000000000e+00 -1.000000000000000000e+00 -1.000000000000000000e+00 2.191003000000000156e+03 7.820910000000000082e+02 8.060000000000000497e-01 9.419999999999999485e-01 2.310999999999999943e+00 9.405000000000000027e-01
1.200000000000000000e+01 5.280000000000000000e+02 -1.000000000000000000e+00 -1.000000000000000000e+00 -1.000000000000000000e+00 -1.000000000000000000e+00 -1.000000000000000000e+00 2.260394999999999982e+03 7.833369999999999891e+02 9.659999999999999698e-01 9.499999999999999556e-01 2.504500000000000171e+00 9.389999999999999458e-01
1.200000000000000000e+01 5.380000000000000000e+02 -1.000000000000000000e+00 -1.000000000000000000e+00 -1.000000000000000000e+00 -1.000000000000000000e+00 -1.000000000000000000e+00 2.201634000000000015e+03 7.828200000000000500e+02 7.149999999999999689e-01 8.854999999999999538e-01 2.368500000000000050e+00 7.489999999999999991e-01
1.200000000000000000e+01 5.400000000000000000e+02 -1.000000000000000000e+00 -1.000000000000000000e+00 -1.000000000000000000e+00 -1.000000000000000000e+00 -1.000000000000000000e+00 2.198762000000000171e+03 7.823479999999999563e+02 7.259999999999999787e-01 8.914999999999999591e-01 2.348500000000000032e+00 8.515000000000000346e-01
1.200000000000000000e+01 5.310000000000000000e+02 -1.000000000000000000e+00 -1.000000000000000000e+00 -1.000000000000000000e+00 -1.000000000000000000e+00 -1.000000000000000000e+00 2.257865999999999985e+03 7.836630000000000109e+02 7.399999999999999911e-01 8.559999999999999831e-01 2.455999999999999961e+00 8.064999999999999947e-01
1.200000000000000000e+01 5.430000000000000000e+02 -1.000000000000000000e+00 -1.000000000000000000e+00 -1.000000000000000000e+00 -1.000000000000000000e+00 -1.000000000000000000e+00 2.188090999999999894e+03 7.822430000000000518e+02 7.980000000000000426e-01 9.250000000000000444e-01 2.261499999999999844e+00 9.509999999999999565e-01
1.200000000000000000e+01 5.410000000000000000e+02 -1.000000000000000000e+00 -1.000000000000000000e+00 -1.000000000000000000e+00 -1.000000000000000000e+00 -1.000000000000000000e+00 2.196346000000000004e+03 7.825789999999999509e+02 8.120000000000000551e-01 9.194999999999999840e-01 2.206999999999999851e+00 8.609999999999999876e-01
1.200000000000000000e+01 5.330000000000000000e+02 -1.000000000000000000e+00 -1.000000000000000000e+00 -1.000000000000000000e+00 -1.000000000000000000e+00 -1.000000000000000000e+00 2.255123000000000047e+03 7.838579999999999472e+02 9.240000000000000435e-01 9.845000000000000417e-01 2.205499999999999794e+00 9.979999999999999982e-01
1.200000000000000000e+01 5.440000000000000000e+02 -1.000000000000000000e+00 -1.000000000000000000e+00 -1.000000000000000000e+00 -1.000000000000000000e+00 -1.000000000000000000e+00 2.185141999999999825e+03 7.823730000000000473e+02 7.860000000000000320e-01 9.294999999999999929e-01 2.196499999999999897e+00 9.134999999999999787e-01
1.200000000000000000e+01 5.450000000000000000e+02 -1.000000000000000000e+00 -1.000000000000000000e+00 -1.000000000000000000e+00 -1.000000000000000000e+00 -1.000000000000000000e+00 2.182264000000000124e+03 7.826520000000000437e+02 1.370999999999999996e+00 1.247500000000000053e+00 2.987499999999999822e+00 1.449999999999999956e+00
1.200000000000000000e+01 5.420000000000000000e+02 -1.000000000000000000e+00 -1.000000000000000000e+00 -1.000000000000000000e+00 -1.000000000000000000e+00 -1.000000000000000000e+00 2.193543000000000120e+03 7.824410000000000309e+02 8.299999999999999600e-01 9.505000000000000115e-01 2.257000000000000117e+00 9.014999999999999680e-01
1.200000000000000000e+01 5.340000000000000000e+02 -1.000000000000000000e+00 -1.000000000000000000e+00 -1.000000000000000000e+00 -1.000000000000000000e+00 -1.000000000000000000e+00 2.265807999999999993e+03 7.844400000000000546e+02 8.249999999999999556e-01 9.080000000000000293e-01 2.169999999999999929e+00 8.385000000000000231e-01
1.200000000000000000e+01 5.460000000000000000e+02 -1.000000000000000000e+00 -1.000000000000000000e+00 -1.000000000000000000e+00 -1.000000000000000000e+00 -1.000000000000000000e+00 2.190840849499587421e+03 7.819645654688413288e+02 6.745652331457451245e-01 9.419999999999999485e-01 2.310999999999999943e+00 9.404999999999998916e-01
1.300000000000000000e+01 5.280000000000000000e+02 -1.000000000000000000e+00 -1.000000000000000000e+00 -1.000000000000000000e+00 -1.000000000000000000e+00 -1.000000000000000000e+00 2.260394999999999982e+03 7.833630000000000564e+02 9.709999999999999742e-01 9.499999999999999556e-01 2.504500000000000171e+00 9.389999999999999458e-01
1.300000000000000000e+01 5.380000000000000000e+02 -1.000000000000000000e+00 -1.000000000000000000e+00 -1.000000000000000000e+00 -1.000000000000000000e+00 -1.000000000000000000e+00 2.201632999999999811e+03 7.828239999999999554e+02 6.889999999999999458e-01 8.854999999999999538e-01 2.368500000000000050e+00 7.489999999999999991e-01
1.300000000000000000e+01 5.400000000000000000e+02 -1.000000000000000000e+00 -1.000000000000000000e+00 -1.000000000000000000e+00 -1.000000000000000000e+00 -1.000000000000000000e+00 2.198762000000000171e+03 7.823479999999999563e+02 6.999999999999999556e-01 8.914999999999999591e-01 2.348500000000000032e+00 8.515000000000000346e-01
1.300000000000000000e+01 5.310000000000000000e+02 -1.000000000000000000e+00 -1.000000000000000000e+00 -1.000000000000000000e+00 -1.000000000000000000e+00 -1.000000000000000000e+00 2.257865999999999985e+03 7.836630000000000109e+02 7.399999999999999911e-01 8.559999999999999831e-01 2.455999999999999961e+00 8.064999999999999947e-01
1.300000000000000000e+01 5.430000000000000000e+02 -1.000000000000000000e+00 -1.000000000000000000e+00 -1.000000000000000000e+00 -1.000000000000000000e+00 -1.000000000000000000e+00 2.188052999999999884e+03 7.822459999999999809e+02 7.680000000000000160e-01 9.250000000000000444e-01 2.261499999999999844e+00 9.509999999999999565e-01
1.300000000000000000e+01 5.410000000000000000e+02 -1.000000000000000000e+00 -1.000000000000000000e+00 -1.000000000000000000e+00 -1.000000000000000000e+00 -1.000000000000000000e+00 2.196346000000000004e+03 7.825789999999999509e+02 7.920000000000000373e-01 9.194999999999999840e-01 2.206999999999999851e+00 8.609999999999999876e-01
1.300000000000000000e+01 5.330000000000000000e+02 -1.000000000000000000e+00 -1.000000000000000000e+00 -1.000000000000000000e+00 -1.000000000000000000e+00 -1.000000000000000000e+00 2.255125000000000000e+03 7.838590000000000373e+02 9.260000000000000453e-01 9.845000000000000417e-01 2.205499999999999794e+00 9.979999999999999982e-01
1.300000000000000000e+01 5.440000000000000000e+02 -1.000000000000000000e+00 -1.000000000000000000e+00 -1.000000000000000000e+00 -1.000000000000000000e+00 -1.000000000000000000e+00 2.185184999999999945e+03 7.823740000000000236e+02 7.530000000000000027e-01 9.294999999999999929e-01 2.196499999999999897e+00 9.134999999999999787e-01
1.300000000000000000e+01 5.450000000000000000e+02 -1.000000000000000000e+00 -1.000000000000000000e+00 -1.000000000000000000e+00 -1.000000000000000000e+00 -1.000000000000000000e+00 2.182237000000000080e+03 7.826369999999999436e+02 1.338000000000000078e+00 1.247500000000000053e+00 2.987499999999999822e+00 1.449999999999999956e+00
1.300000000000000000e+01 5.420000000000000000e+02 -1.000000000000000000e+00 -1.000000000000000000e+00 -1.000000000000000000e+00 -1.000000000000000000e+00 -1.000000000000000000e+00 2.193543000000000120e+03 7.824329999999999927e+02 8.129999999999999449e-01 9.505000000000000115e-01 2.257000000000000117e+00 9.014999999999999680e-01
1.300000000000000000e+01 5.340000000000000000e+02 -1.000000000000000000e+00 -1.000000000000000000e+00 -1.000000000000000000e+00 -1.000000000000000000e+00 -1.000000000000000000e+00 2.265807999999999993e+03 7.844400000000000546e+02 8.419999999999999707e-01 9.080000000000000293e-01 2.169999999999999929e+00 8.385000000000000231e-01
1.300000000000000000e+01 5.460000000000000000e+02 -1.000000000000000000e+00 -1.000000000000000000e+00 -1.000000000000000000e+00 -1.000000000000000000e+00 -1.000000000000000000e+00 2.190894879742420926e+03 7.820066947771297237e+02 7.183606722703481662e-01 9.419999999999999485e-01 2.310999999999999943e+00 9.405000000000001137e-01
1.400000000000000000e+01 5.280000000000000000e+02 -1.000000000000000000e+00 -1.000000000000000000e+00 -1.000000000000000000e+00 -1.000000000000000000e+00 -1.000000000000000000e+00 2.260393999999999778e+03 7.833890000000000100e+02 9.769999999999999796e-01 9.499999999999999556e-01 2.504500000000000171e+00 9.389999999999999458e-01
1.400000000000000000e+01 5.380000000000000000e+02 -1.000000000000000000e+00 -1.000000000000000000e+00 -1.000000000000000000e+00 -1.000000000000000000e+00 -1.000000000000000000e+00 2.201632000000000062e+03 7.828279999999999745e+02 6.640000000000000346e-01 8.854999999999999538e-01 2.368500000000000050e+00 7.489999999999999991e-01
1.400000000000000000e+01 5.400000000000000000e+02 -1.000000000000000000e+00 -1.000000000000000000e+00 -1.000000000000000000e+00 -1.000000000000000000e+00 -1.000000000000000000e+00 2.198762000000000171e+03 7.823479999999999563e+02 6.909999999999999476e-01 8.914999999999999591e-01 2.348500000000000032e+00 8.515000000000000346e-01
1.400000000000000000e+01 5.310000000000000000e+02 -1.000000000000000000e+00 -1.000000000000000000e+00 -1.000000000000000000e+00 -1.000000000000000000e+00 -1.000000000000000000e+00 2.257869000000000142e+03 7.836059999999999945e+02 7.299999999999999822e-01 8.559999999999999831e-01 2.455999999999999961e+00 8.064999999999999947e-01
1.400000000000000000e+01 5.430000000000000000e+02 -1.000000000000000000e+00 -1.000000000000000000e+00 -1.000000000000000000e+00 -1.000000000000000000e+00 -1.000000000000000000e+00 2.188014000000000124e+03 7.822490000000000236e+02 7.379999999999999893e-01 9.250000000000000444e-01 2.261499999999999844e+00 9.509999999999999565e-01
1.400000000000000000e+01 5.410000000000000000e+02 -1.000000000000000000e+00 -1.000000000000000000e+00 -1.000000000000000000e+00 -1.000000000000000000e+00 -1.000000000000000000e+00 2.196346000000000004e+03 7.825789999999999509e+02 7.720000000000000195e-01 9.194999999999999840e-01 2.206999999999999851e+00 8.609999999999999876e-01
1.400000000000000000e+01 5.330000000000000000e+02 -1.000000000000000000e+00 -1.000000000000000000e+00 -1.000000000000000000e+00 -1.000000000000000000e+00 -1.000000000000000000e+00 2.255126000000000204e+03 7.838630000000000564e+02 9.479999999999999538e-01 9.845000000000000417e-01 2.205499999999999794e+00 9.979999999999999982e-01
1.400000000000000000e+01 5.440000000000000000e+02 -1.000000000000000000e+00 -1.000000000000000000e+00 -1.000000000000000000e+00 -1.000000000000000000e+00 -1.000000000000000000e+00 2.185228999999999814e+03 7.823740000000000236e+02 7.199999999999999734e-01 9.294999999999999929e-01 2.196499999999999897e+00 9.134999999999999787e-01
1.400000000000000000e+01 5.450000000000000000e+02 -1.000000000000000000e+00 -1.000000000000000000e+00 -1.000000000000000000e+00 -1.000000000000000000e+00 -1.000000000000000000e+00 2.182208999999999833e+03 7.826209999999999809e+02 1.304999999999999938e+00 1.247500000000000053e+00 2.987499999999999822e+00 1.449999999999999956e+00
1.400000000000000000e+01 5.420000000000000000e+02 -1.000000000000000000e+00 -1.000000000000000000e+00 -1.000000000000000000e+00 -1.000000000000000000e+00 -1.000000000000000000e+00 2.193543000000000120e+03 7.824249999999999545e+02 7.970000000000000417e-01 9.505000000000000115e-01 2.257000000000000117e+00 9.014999999999999680e-01
1.400000000000000000e+01 5.340000000000000000e+02 -1.000000000000000000e+00 -1.000000000000000000e+00 -1.000000000000000000e+00 -1.000000000000000000e+00 -1.000000000000000000e+00 2.265807999999999993e+03 7.844400000000000546e+02 8.589999999999999858e-01 9.080000000000000293e-01 2.169999999999999929e+00 8.385000000000000231e-01
1.400000000000000000e+01 5.460000000000000000e+02 -1.000000000000000000e+00 -1.000000000000000000e+00 -1.000000000000000000e+00 -1.000000000000000000e+00 -1.000000000000000000e+00 2.190948909444820401e+03 7.820488236640228479e+02 7.621556733345491441e-01 9.419999999999999485e-01 2.310999999999999943e+00 9.405000000000001137e-01
1.500000000000000000e+01 5.380000000000000000e+02 -1.000000000000000000e+00 -1.000000000000000000e+00 -1.000000000000000000e+00 -1.000000000000000000e+00 -1.000000000000000000e+00 2.201630999999999858e+03 7.828310000000000173e+02 6.380000000000000115e-01 8.854999999999999538e-01 2.368500000000000050e+00 7.489999999999999991e-01
1.500000000000000000e+01 5.400000000000000000e+02 -1.000000000000000000e+00 -1.000000000000000000e+00 -1.000000000000000000e+00 -1.000000000000000000e+00 -1.000000000000000000e+00 2.198762000000000171e+03 7.823479999999999563e+02 6.820000000000000506e-01 8.914999999999999591e-01 2.348500000000000032e+00 8.515000000000000346e-01
1.500000000000000000e+01 5.310000000000000000e+02 -1.000000000000000000e+00 -1.000000000000000000e+00 -1.000000000000000000e+00 -1.000000000000000000e+00 -1.000000000000000000e+00 2.257871999999999844e+03 7.835499999999999545e+02 7.199999999999999734e-01 8.559999999999999831e-01 2.455999999999999961e+00 8.064999999999999947e-01
1.500000000000000000e+01 5.430000000000000000e+02 -1.000000000000000000e+00 -1.000000000000000000e+00 -1.000000000000000000e+00 -1.000000000000000000e+00 -1.000000000000000000e+00 2.187974999999999909e+03 7.822509999999999764e+02 7.079999999999999627e-01 9.250000000000000444e-01 2.261499999999999844e+00 9.509999999999999565e-01
1.500000000000000000e+01 5.410000000000000000e+02 -1.000000000000000000e+00 -1.000000000000000000e+00 -1.000000000000000000e+00 -1.000000000000000000e+00 -1.000000000000000000e+00 2.196309000000000196e+03 7.825819999999999936e+02 7.690000000000000169e-01 9.194999999999999840e-01 2.206999999999999851e+00 8.609999999999999876e-01
1.500000000000000000e+01 5.330000000000000000e+02 -1.000000000000000000e+00 -1.000000000000000000e+00 -1.000000000000000000e+00 -1.000000000000000000e+00 -1.000000000000000000e+00 2.255126999999999953e+03 7.838669999999999618e+02 9.709999999999999742e-01 9.845000000000000417e-01 2.205499999999999794e+00 9.979999999999999982e-01
1.500000000000000000e+01 5.440000000000000000e+02 -1.000000000000000000e+00 -1.000000000000000000e+00 -1.000000000000000000e+00 -1.000000000000000000e+00 -1.000000000000000000e+00 2.185168000000000120e+03 7.823740000000000236e+02 6.949999999999999512e-01 9.294999999999999929e-01 2.196499999999999897e+00 9.134999999999999787e-01
1.500000000000000000e+01 5.450000000000000000e+02 -1.000000000000000000e+00 -1.000000000000000000e+00 -1.000000000000000000e+00 -1.000000000000000000e+00 -1.000000000000000000e+00 2.182181999999999789e+03 7.826059999999999945e+02 1.272999999999999909e+00 1.247500000000000053e+00 2.987499999999999822e+00 1.449999999999999956e+00
1.500000000000000000e+01 5.420000000000000000e+02 -1.000000000000000000e+00 -1.000000000000000000e+00 -1.000000000000000000e+00 -1.000000000000000000e+00 -1.000000000000000000e+00 2.193543000000000120e+03 7.824170000000000300e+02 7.810000000000000275e-01 9.505000000000000115e-01 2.257000000000000117e+00 9.014999999999999680e-01
1.500000000000000000e+01 5.460000000000000000e+02 -1.000000000000000000e+00 -1.000000000000000000e+00 -1.000000000000000000e+00 -1.000000000000000000e+00 -1.000000000000000000e+00 2.190775999999999840e+03 7.819139999999999873e+02 6.219999999999999973e-01 9.419999999999999485e-01 2.310999999999999943e+00 9.405000000000000027e-01
1.600000000000000000e+01 5.380000000000000000e+02 -1.000000000000000000e+00 -1.000000000000000000e+00 -1.000000000000000000e+00 -1.000000000000000000e+00 -1.000000000000000000e+00 2.201630000000000109e+03 7.828350000000000364e+02 6.119999999999999885e-01 8.854999999999999538e-01 2.368500000000000050e+00 7.489999999999999991e-01
1.600000000000000000e+01 5.400000000000000000e+02 -1.000000000000000000e+00 -1.000000000000000000e+00 -1.000000000000000000e+00 -1.000000000000000000e+00 -1.000000000000000000e+00 2.198762000000000171e+03 7.823479999999999563e+02 6.720000000000000417e-01 8.914999999999999591e-01 2.348500000000000032e+00 8.515000000000000346e-01
1.600000000000000000e+01 5.430000000000000000e+02 -1.000000000000000000e+00 -1.000000000000000000e+00 -1.000000000000000000e+00 -1.000000000000000000e+00 -1.000000000000000000e+00 2.187936999999999898e+03 7.822540000000000191e+02 6.780000000000000471e-01 9.250000000000000444e-01 2.261499999999999844e+00 9.509999999999999565e-01
1.600000000000000000e+01 5.410000000000000000e+02 -1.000000000000000000e+00 -1.000000000000000000e+00 -1.000000000000000000e+00 -1.000000000000000000e+00 -1.000000000000000000e+00 2.196273000000000138e+03 7.825850000000000364e+02 7.660000000000000142e-01 9.194999999999999840e-01 2.206999999999999851e+00 8.609999999999999876e-01
1.600000000000000000e+01 5.330000000000000000e+02 -1.000000000000000000e+00 -1.000000000000000000e+00 -1.000000000000000000e+00 -1.000000000000000000e+00 -1.000000000000000000e+00 2.255128000000000156e+03 7.838700000000000045e+02 9.929999999999999938e-01 9.845000000000000417e-01 2.205499999999999794e+00 9.979999999999999982e-01
1.600000000000000000e+01 5.440000000000000000e+02 -1.000000000000000000e+00 -1.000000000000000000e+00 -1.000000000000000000e+00 -1.000000000000000000e+00 -1.000000000000000000e+00 2.185106000000000222e+03 7.823730000000000473e+02 6.690000000000000391e-01 9.294999999999999929e-01 2.196499999999999897e+00 9.134999999999999787e-01
1.600000000000000000e+01 5.450000000000000000e+02 -1.000000000000000000e+00 -1.000000000000000000e+00 -1.000000000000000000e+00 -1.000000000000000000e+00 -1.000000000000000000e+00 2.182153999999999996e+03 7.825910000000000082e+02 1.239999999999999991e+00 1.247500000000000053e+00 2.987499999999999822e+00 1.449999999999999956e+00
1.600000000000000000e+01 5.420000000000000000e+02 -1.000000000000000000e+00 -1.000000000000000000e+00 -1.000000000000000000e+00 -1.000000000000000000e+00 -1.000000000000000000e+00 2.193528999999999996e+03 7.824170000000000300e+02 7.760000000000000231e-01 9.505000000000000115e-01 2.257000000000000117e+00 9.014999999999999680e-01
1.600000000000000000e+01 5.460000000000000000e+02 -1.000000000000000000e+00 -1.000000000000000000e+00 -1.000000000000000000e+00 -1.000000000000000000e+00 -1.000000000000000000e+00 2.190717000000000098e+03 7.819370000000000118e+02 6.440000000000000169e-01 9.419999999999999485e-01 2.310999999999999943e+00 9.405000000000000027e-01
1.700000000000000000e+01 5.380000000000000000e+02 -1.000000000000000000e+00 -1.000000000000000000e+00 -1.000000000000000000e+00 -1.000000000000000000e+00 -1.000000000000000000e+00 2.201628000000000156e+03 7.828379999999999654e+02 5.859999999999999654e-01 8.854999999999999538e-01 2.368500000000000050e+00 7.489999999999999991e-01
1.700000000000000000e+01 5.400000000000000000e+02 -1.000000000000000000e+00 -1.000000000000000000e+00 -1.000000000000000000e+00 -1.000000000000000000e+00 -1.000000000000000000e+00 2.198762000000000171e+03 7.823479999999999563e+02 6.630000000000000338e-01 8.914999999999999591e-01 2.348500000000000032e+00 8.515000000000000346e-01
1.700000000000000000e+01 5.430000000000000000e+02 -1.000000000000000000e+00 -1.000000000000000000e+00 -1.000000000000000000e+00 -1.000000000000000000e+00 -1.000000000000000000e+00 2.187898000000000138e+03 7.822559999999999718e+02 6.480000000000000204e-01 9.250000000000000444e-01 2.261499999999999844e+00 9.509999999999999565e-01
1.700000000000000000e+01 5.410000000000000000e+02 -1.000000000000000000e+00 -1.000000000000000000e+00 -1.000000000000000000e+00 -1.000000000000000000e+00 -1.000000000000000000e+00 2.196237000000000080e+03 7.825879999999999654e+02 7.630000000000000115e-01 9.194999999999999840e-01 2.206999999999999851e+00 8.609999999999999876e-01
1.700000000000000000e+01 5.440000000000000000e+02 -1.000000000000000000e+00 -1.000000000000000000e+00 -1.000000000000000000e+00 -1.000000000000000000e+00 -1.000000000000000000e+00 2.185045000000000073e+03 7.823719999999999573e+02 6.440000000000000169e-01 9.294999999999999929e-01 2.196499999999999897e+00 9.134999999999999787e-01
1.700000000000000000e+01 5.450000000000000000e+02 -1.000000000000000000e+00 -1.000000000000000000e+00 -1.000000000000000000e+00 -1.000000000000000000e+00 -1.000000000000000000e+00 2.182126999999999953e+03 7.825760000000000218e+02 1.207000000000000073e+00 1.247500000000000053e+00 2.987499999999999822e+00 1.449999999999999956e+00
1.700000000000000000e+01 5.420000000000000000e+02 -1.000000000000000000e+00 -1.000000000000000000e+00 -1.000000000000000000e+00 -1.000000000000000000e+00 -1.000000000000000000e+00 2.193514999999999873e+03 7.824160000000000537e+02 7.710000000000000187e-01 9.505000000000000115e-01 2.257000000000000117e+00 9.014999999999999680e-01
1.700000000000000000e+01 5.460000000000000000e+02 -1.000000000000000000e+00 -1.000000000000000000e+00 -1.000000000000000000e+00 -1.000000000000000000e+00 -1.000000000000000000e+00 2.190659000000000106e+03 7.819589999999999463e+02 6.650000000000000355e-01 9.419999999999999485e-01 2.310999999999999943e+00 9.405000000000000027e-01
1.800000000000000000e+01 5.380000000000000000e+02 -1.000000000000000000e+00 -1.000000000000000000e+00 -1.000000000000000000e+00 -1.000000000000000000e+00 -1.000000000000000000e+00 2.201548999999999978e+03 7.828339999999999463e+02 6.179999999999999938e-01 8.854999999999999538e-01 2.368500000000000050e+00 7.489999999999999991e-01
1.800000000000000000e+01 5.400000000000000000e+02 -1.000000000000000000e+00 -1.000000000000000000e+00 -1.000000000000000000e+00 -1.000000000000000000e+00 -1.000000000000000000e+00 2.198762000000000171e+03 7.823479999999999563e+02 6.540000000000000258e-01 8.914999999999999591e-01 2.348500000000000032e+00 8.515000000000000346e-01
1.800000000000000000e+01 5.430000000000000000e+02 -1.000000000000000000e+00 -1.000000000000000000e+00 -1.000000000000000000e+00 -1.000000000000000000e+00 -1.000000000000000000e+00 2.187860000000000127e+03 7.822590000000000146e+02 6.179999999999999938e-01 9.250000000000000444e-01 2.261499999999999844e+00 9.509999999999999565e-01
1.800000000000000000e+01 5.410000000000000000e+02 -1.000000000000000000e+00 -1.000000000000000000e+00 -1.000000000000000000e+00 -1.000000000000000000e+00 -1.000000000000000000e+00 2.196199999999999818e+03 7.825910000000000082e+02 7.590000000000000080e-01 9.194999999999999840e-01 2.206999999999999851e+00 8.609999999999999876e-01
1.800000000000000000e+01 5.440000000000000000e+02 -1.000000000000000000e+00 -1.000000000000000000e+00 -1.000000000000000000e+00 -1.000000000000000000e+00 -1.000000000000000000e+00 2.184983000000000175e+03 7.823719999999999573e+02 6.179999999999999938e-01 9.294999999999999929e-01 2.196499999999999897e+00 9.134999999999999787e-01
1.800000000000000000e+01 5.450000000000000000e+02 -1.000000000000000000e+00 -1.000000000000000000e+00 -1.000000000000000000e+00 -1.000000000000000000e+00 -1.000000000000000000e+00 2.182099000000000160e+03 7.825610000000000355e+02 1.173999999999999932e+00 1.247500000000000053e+00 2.987499999999999822e+00 1.449999999999999956e+00
1.800000000000000000e+01 5.420000000000000000e+02 -1.000000000000000000e+00 -1.000000000000000000e+00 -1.000000000000000000e+00 -1.000000000000000000e+00 -1.000000000000000000e+00 2.193501000000000204e+03 7.824160000000000537e+02 7.660000000000000142e-01 9.505000000000000115e-01 2.257000000000000117e+00 9.014999999999999680e-01
1.800000000000000000e+01 5.460000000000000000e+02 -1.000000000000000000e+00 -1.000000000000000000e+00 -1.000000000000000000e+00 -1.000000000000000000e+00 -1.000000000000000000e+00 2.190601000000000113e+03 7.819819999999999709e+02 6.870000000000000551e-01 9.419999999999999485e-01 2.310999999999999943e+00 9.405000000000000027e-01
1.900000000000000000e+01 5.380000000000000000e+02 -1.000000000000000000e+00 -1.000000000000000000e+00 -1.000000000000000000e+00 -1.000000000000000000e+00 -1.000000000000000000e+00 2.201469999999999800e+03 7.828289999999999509e+02 6.500000000000000222e-01 8.854999999999999538e-01 2.368500000000000050e+00 7.489999999999999991e-01
1.900000000000000000e+01 5.400000000000000000e+02 -1.000000000000000000e+00 -1.000000000000000000e+00 -1.000000000000000000e+00 -1.000000000000000000e+00 -1.000000000000000000e+00 2.198726999999999862e+03 7.823450000000000273e+02 6.949999999999999512e-01 8.914999999999999591e-01 2.348500000000000032e+00 8.515000000000000346e-01
1.900000000000000000e+01 5.430000000000000000e+02 -1.000000000000000000e+00 -1.000000000000000000e+00 -1.000000000000000000e+00 -1.000000000000000000e+00 -1.000000000000000000e+00 2.187798999999999978e+03 7.822519999999999527e+02 6.590000000000000302e-01 9.250000000000000444e-01 2.261499999999999844e+00 9.509999999999999565e-01
1.900000000000000000e+01 5.410000000000000000e+02 -1.000000000000000000e+00 -1.000000000000000000e+00 -1.000000000000000000e+00 -1.000000000000000000e+00 -1.000000000000000000e+00 2.196164000000000215e+03 7.825950000000000273e+02 7.560000000000000053e-01 9.194999999999999840e-01 2.206999999999999851e+00 8.609999999999999876e-01
1.900000000000000000e+01 5.440000000000000000e+02 -1.000000000000000000e+00 -1.000000000000000000e+00 -1.000000000000000000e+00 -1.000000000000000000e+00 -1.000000000000000000e+00 2.184981999999999971e+03 7.823719999999999573e+02 6.530000000000000249e-01 9.294999999999999929e-01 2.196499999999999897e+00 9.134999999999999787e-01
1.900000000000000000e+01 5.450000000000000000e+02 -1.000000000000000000e+00 -1.000000000000000000e+00 -1.000000000000000000e+00 -1.000000000000000000e+00 -1.000000000000000000e+00 2.182099999999999909e+03 7.825529999999999973e+02 1.197000000000000064e+00 1.247500000000000053e+00 2.987499999999999822e+00 1.449999999999999956e+00
1.900000000000000000e+01 5.420000000000000000e+02 -1.000000000000000000e+00 -1.000000000000000000e+00 -1.000000000000000000e+00 -1.000000000000000000e+00 -1.000000000000000000e+00 2.193487000000000080e+03 7.824160000000000537e+02 7.610000000000000098e-01 9.505000000000000115e-01 2.257000000000000117e+00 9.014999999999999680e-01
1.900000000000000000e+01 5.460000000000000000e+02 -1.000000000000000000e+00 -1.000000000000000000e+00 -1.000000000000000000e+00 -1.000000000000000000e+00 -1.000000000000000000e+00 2.190543000000000120e+03 7.820049999999999955e+02 7.079999999999999627e-01 9.419999999999999485e-01 2.310999999999999943e+00 9.405000000000000027e-01
2.000000000000000000e+01 5.380000000000000000e+02 -1.000000000000000000e+00 -1.000000000000000000e+00 -1.000000000000000000e+00 -1.000000000000000000e+00 -1.000000000000000000e+00 2.201391000000000076e+03 7.828239999999999554e+02 6.820000000000000506e-01 8.854999999999999538e-01 2.368500000000000050e+00 7.489999999999999991e-01
2.000000000000000000e+01 5.400000000000000000e+02 -1.000000000000000000e+00 -1.000000000000000000e+00 -1.000000000000000000e+00 -1.000000000000000000e+00 -1.000000000000000000e+00 2.198690999999999804e+03 7.823410000000000082e+02 7.349999999999999867e-01 8.914999999999999591e-01 2.348500000000000032e+00 8.515000000000000346e-01
2.000000000000000000e+01 5.430000000000000000e+02 -1.000000000000000000e+00 -1.000000000000000000e+00 -1.000000000000000000e+00 -1.000000000000000000e+00 -1.000000000000000000e+00 2.187737999999999829e+03 7.822450000000000045e+02 6.999999999999999556e-01 9.250000000000000444e-01 2.261499999999999844e+00 9.509999999999999565e-01
2.000000000000000000e+01 5.410000000000000000e+02 -1.000000000000000000e+00 -1.000000000000000000e+00 -1.000000000000000000e+00 -1.000000000000000000e+00 -1.000000000000000000e+00 2.196126999999999953e+03 7.825979999999999563e+02 7.530000000000000027e-01 9.194999999999999840e-01 2.206999999999999851e+00 8.609999999999999876e-01
2.000000000000000000e+01 5.440000000000000000e+02 -1.000000000000000000e+00 -1.000000000000000000e+00 -1.000000000000000000e+00 -1.000000000000000000e+00 -1.000000000000000000e+00 2.184981000000000222e+03 7.823719999999999573e+02 6.879999999999999449e-01 9.294999999999999929e-01 2.196499999999999897e+00 9.134999999999999787e-01
2.000000000000000000e+01 5.450000000000000000e+02 -1.000000000000000000e+00 -1.000000000000000000e+00 -1.000000000000000000e+00 -1.000000000000000000e+00 -1.000000000000000000e+00 2.182099999999999909e+03 7.825460000000000491e+02 1.219999999999999973e+00 1.247500000000000053e+00 2.987499999999999822e+00 1.449999999999999956e+00
2.000000000000000000e+01 5.420000000000000000e+02 -1.000000000000000000e+00 -1.000000000000000000e+00 -1.000000000000000000e+00 -1.000000000000000000e+00 -1.000000000000000000e+00 2.193376000000000204e+03 7.824130000000000109e+02 7.830000000000000293e-01 9.505000000000000115e-01 2.257000000000000117e+00 9.014999999999999680e-01
2.000000000000000000e+01 5.460000000000000000e+02 -1.000000000000000000e+00 -1.000000000000000000e+00 -1.000000000000000000e+00 -1.000000000000000000e+00 -1.000000000000000000e+00 2.190407999999999902e+03 7.820030000000000427e+02 7.209999999999999742e-01 9.419999999999999485e-01 2.310999999999999943e+00 9.405000000000000027e-01
2.100000000000000000e+01 5.380000000000000000e+02 -1.000000000000000000e+00 -1.000000000000000000e+00 -1.000000000000000000e+00 -1.000000000000000000e+00 -1.000000000000000000e+00 2.201311999999999898e+03 7.828189999999999600e+02 6.969999999999999529e-01 8.854999999999999538e-01 2.368500000000000050e+00 7.489999999999999991e-01
2.100000000000000000e+01 5.400000000000000000e+02 -1.000000000000000000e+00 -1.000000000000000000e+00 -1.000000000000000000e+00 -1.000000000000000000e+00 -1.000000000000000000e+00 2.198655999999999949e+03 7.823379999999999654e+02 7.750000000000000222e-01 8.914999999999999591e-01 2.348500000000000032e+00 8.515000000000000346e-01
2.100000000000000000e+01 5.430000000000000000e+02 -1.000000000000000000e+00 -1.000000000000000000e+00 -1.000000000000000000e+00 -1.000000000000000000e+00 -1.000000000000000000e+00 2.187677000000000135e+03 7.822369999999999663e+02 7.409999999999999920e-01 9.250000000000000444e-01 2.261499999999999844e+00 9.509999999999999565e-01
2.100000000000000000e+01 5.410000000000000000e+02 -1.000000000000000000e+00 -1.000000000000000000e+00 -1.000000000000000000e+00 -1.000000000000000000e+00 -1.000000000000000000e+00 2.196099999999999909e+03 7.825960000000000036e+02 7.900000000000000355e-01 9.194999999999999840e-01 2.206999999999999851e+00 8.609999999999999876e-01
2.100000000000000000e+01 5.440000000000000000e+02 -1.000000000000000000e+00 -1.000000000000000000e+00 -1.000000000000000000e+00 -1.000000000000000000e+00 -1.000000000000000000e+00 2.184980000000000018e+03 7.823719999999999573e+02 7.229999999999999760e-01 9.294999999999999929e-01 2.196499999999999897e+00 9.134999999999999787e-01
2.100000000000000000e+01 5.450000000000000000e+02 -1.000000000000000000e+00 -1.000000000000000000e+00 -1.000000000000000000e+00 -1.000000000000000000e+00 -1.000000000000000000e+00 2.182099999999999909e+03 7.825380000000000109e+02 1.243000000000000105e+00 1.247500000000000053e+00 2.987499999999999822e+00 1.449999999999999956e+00
2.100000000000000000e+01 5.420000000000000000e+02 -1.000000000000000000e+00 -1.000000000000000000e+00 -1.000000000000000000e+00 -1.000000000000000000e+00 -1.000000000000000000e+00 2.193264000000000124e+03 7.824099999999999682e+02 8.050000000000000488e-01 9.505000000000000115e-01 2.257000000000000117e+00 9.014999999999999680e-01
2.100000000000000000e+01 5.460000000000000000e+02 -1.000000000000000000e+00 -1.000000000000000000e+00 -1.000000000000000000e+00 -1.000000000000000000e+00 -1.000000000000000000e+00 2.190273999999999887e+03 7.820000000000000000e+02 7.339999999999999858e-01 9.419999999999999485e-01 2.310999999999999943e+00 9.405000000000000027e-01
2.200000000000000000e+01 5.380000000000000000e+02 -1.000000000000000000e+00 -1.000000000000000000e+00 -1.000000000000000000e+00 -1.000000000000000000e+00 -1.000000000000000000e+00 2.201233000000000175e+03 7.828150000000000546e+02 7.119999999999999662e-01 8.854999999999999538e-01 2.368500000000000050e+00 7.489999999999999991e-01
2.200000000000000000e+01 5.400000000000000000e+02 -1.000000000000000000e+00 -1.000000000000000000e+00 -1.000000000000000000e+00 -1.000000000000000000e+00 -1.000000000000000000e+00 2.198619999999999891e+03 7.823350000000000364e+02 8.149999999999999467e-01 8.914999999999999591e-01 2.348500000000000032e+00 8.515000000000000346e-01
2.200000000000000000e+01 5.430000000000000000e+02 -1.000000000000000000e+00 -1.000000000000000000e+00 -1.000000000000000000e+00 -1.000000000000000000e+00 -1.000000000000000000e+00 2.187617000000000189e+03 7.822300000000000182e+02 7.820000000000000284e-01 9.250000000000000444e-01 2.261499999999999844e+00 9.509999999999999565e-01
2.200000000000000000e+01 5.410000000000000000e+02 -1.000000000000000000e+00 -1.000000000000000000e+00 -1.000000000000000000e+00 -1.000000000000000000e+00 -1.000000000000000000e+00 2.196072999999999865e+03 7.825940000000000509e+02 8.279999999999999583e-01 9.194999999999999840e-01 2.206999999999999851e+00 8.609999999999999876e-01
2.200000000000000000e+01 5.440000000000000000e+02 -1.000000000000000000e+00 -1.000000000000000000e+00 -1.000000000000000000e+00 -1.000000000000000000e+00 -1.000000000000000000e+00 2.184978999999999814e+03 7.823719999999999573e+02 7.580000000000000071e-01 9.294999999999999929e-01 2.196499999999999897e+00 9.134999999999999787e-01
2.200000000000000000e+01 5.450000000000000000e+02 -1.000000000000000000e+00 -1.000000000000000000e+00 -1.000000000000000000e+00 -1.000000000000000000e+00 -1.000000000000000000e+00 2.182101000000000113e+03 7.825309999999999491e+02 1.264999999999999902e+00 1.247500000000000053e+00 2.987499999999999822e+00 1.449999999999999956e+00
2.200000000000000000e+01 5.420000000000000000e+02 -1.000000000000000000e+00 -1.000000000000000000e+00 -1.000000000000000000e+00 -1.000000000000000000e+00 -1.000000000000000000e+00 2.193152000000000044e+03 7.824070000000000391e+02 8.259999999999999565e-01 9.505000000000000115e-01 2.257000000000000117e+00 9.014999999999999680e-01
2.200000000000000000e+01 5.460000000000000000e+02 -1.000000000000000000e+00 -1.000000000000000000e+00 -1.000000000000000000e+00 -1.000000000000000000e+00 -1.000000000000000000e+00 2.190139000000000124e+03 7.819980000000000473e+02 7.469999999999999973e-01 9.419999999999999485e-01 2.310999999999999943e+00 9.405000000000000027e-01
2.300000000000000000e+01 5.380000000000000000e+02 -1.000000000000000000e+00 -1.000000000000000000e+00 -1.000000000000000000e+00 -1.000000000000000000e+00 -1.000000000000000000e+00 2.201268000000000029e+03 7.828170000000000073e+02 7.429999999999999938e-01 8.854999999999999538e-01 2.368500000000000050e+00 7.489999999999999991e-01
2.300000000000000000e+01 5.400000000000000000e+02 -1.000000000000000000e+00 -1.000000000000000000e+00 -1.000000000000000000e+00 -1.000000000000000000e+00 -1.000000000000000000e+00 2.198585000000000036e+03 7.823310000000000173e+02 8.559999999999999831e-01 8.914999999999999591e-01 2.348500000000000032e+00 8.515000000000000346e-01
2.300000000000000000e+01 5.430000000000000000e+02 -1.000000000000000000e+00 -1.000000000000000000e+00 -1.000000000000000000e+00 -1.000000000000000000e+00 -1.000000000000000000e+00 2.187556000000000040e+03 7.822229999999999563e+02 8.229999999999999538e-01 9.250000000000000444e-01 2.261499999999999844e+00 9.509999999999999565e-01
2.300000000000000000e+01 5.410000000000000000e+02 -1.000000000000000000e+00 -1.000000000000000000e+00 -1.000000000000000000e+00 -1.000000000000000000e+00 -1.000000000000000000e+00 2.196045999999999822e+03 7.825919999999999845e+02 8.649999999999999911e-01 9.194999999999999840e-01 2.206999999999999851e+00 8.609999999999999876e-01
2.300000000000000000e+01 5.440000000000000000e+02 -1.000000000000000000e+00 -1.000000000000000000e+00 -1.000000000000000000e+00 -1.000000000000000000e+00 -1.000000000000000000e+00 2.184864999999999782e+03 7.823700000000000045e+02 7.930000000000000382e-01 9.294999999999999929e-01 2.196499999999999897e+00 9.134999999999999787e-01
2.300000000000000000e+01 5.450000000000000000e+02 -1.000000000000000000e+00 -1.000000000000000000e+00 -1.000000000000000000e+00 -1.000000000000000000e+00 -1.000000000000000000e+00 2.182101000000000113e+03 7.825230000000000246e+02 1.288000000000000034e+00 1.247500000000000053e+00 2.987499999999999822e+00 1.449999999999999956e+00
2.300000000000000000e+01 5.420000000000000000e+02 -1.000000000000000000e+00 -1.000000000000000000e+00 -1.000000000000000000e+00 -1.000000000000000000e+00 -1.000000000000000000e+00 2.193039999999999964e+03 7.824039999999999964e+02 8.479999999999999760e-01 9.505000000000000115e-01 2.257000000000000117e+00 9.014999999999999680e-01
2.300000000000000000e+01 5.460000000000000000e+02 -1.000000000000000000e+00 -1.000000000000000000e+00 -1.000000000000000000e+00 -1.000000000000000000e+00 -1.000000000000000000e+00 2.190177999999999884e+03 7.819859999999999900e+02 7.660000000000000142e-01 9.419999999999999485e-01 2.310999999999999943e+00 9.405000000000000027e-01
2.400000000000000000e+01 5.380000000000000000e+02 -1.000000000000000000e+00 -1.000000000000000000e+00 -1.000000000000000000e+00 -1.000000000000000000e+00 -1.000000000000000000e+00 2.201302999999999884e+03 7.828189999999999600e+02 7.740000000000000213e-01 8.854999999999999538e-01 2.368500000000000050e+00 7.489999999999999991e-01
2.400000000000000000e+01 5.400000000000000000e+02 -1.000000000000000000e+00 -1.000000000000000000e+00 -1.000000000000000000e+00 -1.000000000000000000e+00 -1.000000000000000000e+00 2.198548999999999978e+03 7.823279999999999745e+02 8.960000000000000187e-01 8.914999999999999591e-01 2.348500000000000032e+00 8.515000000000000346e-01
2.400000000000000000e+01 5.430000000000000000e+02 -1.000000000000000000e+00 -1.000000000000000000e+00 -1.000000000000000000e+00 -1.000000000000000000e+00 -1.000000000000000000e+00 2.187565999999999804e+03 7.821989999999999554e+02 8.319999999999999618e-01 9.250000000000000444e-01 2.261499999999999844e+00 9.509999999999999565e-01
2.400000000000000000e+01 5.410000000000000000e+02 -1.000000000000000000e+00 -1.000000000000000000e+00 -1.000000000000000000e+00 -1.000000000000000000e+00 -1.000000000000000000e+00 2.196018000000000029e+03 7.825900000000000318e+02 9.030000000000000249e-01 9.194999999999999840e-01 2.206999999999999851e+00 8.609999999999999876e-01
2.400000000000000000e+01 5.440000000000000000e+02 -1.000000000000000000e+00 -1.000000000000000000e+00 -1.000000000000000000e+00 -1.000000000000000000e+00 -1.000000000000000000e+00 2.184978000000000065e+03 7.823719999999999573e+02 8.279999999999999583e-01 9.294999999999999929e-01 2.196499999999999897e+00 9.134999999999999787e-01
2.400000000000000000e+01 5.450000000000000000e+02 -1.000000000000000000e+00 -1.000000000000000000e+00 -1.000000000000000000e+00 -1.000000000000000000e+00 -1.000000000000000000e+00 2.182101000000000113e+03 7.825149999999999864e+02 1.310999999999999943e+00 1.247500000000000053e+00 2.987499999999999822e+00 1.449999999999999956e+00
2.400000000000000000e+01 5.420000000000000000e+02 -1.000000000000000000e+00 -1.000000000000000000e+00 -1.000000000000000000e+00 -1.000000000000000000e+00 -1.000000000000000000e+00 2.193054000000000087e+03 7.824049999999999727e+02 8.800000000000000044e-01 9.505000000000000115e-01 2.257000000000000117e+00 9.014999999999999680e-01
2.400000000000000000e+01 5.460000000000000000e+02 -1.000000000000000000e+00 -1.000000000000000000e+00 -1.000000000000000000e+00 -1.000000000000000000e+00 -1.000000000000000000e+00 2.190217000000000098e+03 7.819740000000000464e+02 7.850000000000000311e-01 9.419999999999999485e-01 2.310999999999999943e+00 9.405000000000000027e-01
2.500000000000000000e+01 5.380000000000000000e+02 -1.000000000000000000e+00 -1.000000000000000000e+00 -1.000000000000000000e+00 -1.000000000000000000e+00 -1.000000000000000000e+00 2.201338000000000193e+03 7.828210000000000264e+02 8.050000000000000488e-01 8.854999999999999538e-01 2.368500000000000050e+00 7.489999999999999991e-01
2.500000000000000000e+01 5.400000000000000000e+02 -1.000000000000000000e+00 -1.000000000000000000e+00 -1.000000000000000000e+00 -1.000000000000000000e+00 -1.000000000000000000e+00 2.198581999999999880e+03 7.823310000000000173e+02 9.370000000000000551e-01 8.914999999999999591e-01 2.348500000000000032e+00 8.515000000000000346e-01
2.500000000000000000e+01 5.430000000000000000e+02 -1.000000000000000000e+00 -1.000000000000000000e+00 -1.000000000000000000e+00 -1.000000000000000000e+00 -1.000000000000000000e+00 2.187576000000000022e+03 7.821760000000000446e+02 8.409999999999999698e-01 9.250000000000000444e-01 2.261499999999999844e+00 9.509999999999999565e-01
2.500000000000000000e+01 5.410000000000000000e+02 -1.000000000000000000e+00 -1.000000000000000000e+00 -1.000000000000000000e+00 -1.000000000000000000e+00 -1.000000000000000000e+00 2.195990999999999985e+03 7.825869999999999891e+02 9.399999999999999467e-01 9.194999999999999840e-01 2.206999999999999851e+00 8.609999999999999876e-01
2.500000000000000000e+01 5.440000000000000000e+02 -1.000000000000000000e+00 -1.000000000000000000e+00 -1.000000000000000000e+00 -1.000000000000000000e+00 -1.000000000000000000e+00 2.185090000000000146e+03 7.823730000000000473e+02 8.629999999999999893e-01 9.294999999999999929e-01 2.196499999999999897e+00 9.134999999999999787e-01
2.500000000000000000e+01 5.450000000000000000e+02 -1.000000000000000000e+00 -1.000000000000000000e+00 -1.000000000000000000e+00 -1.000000000000000000e+00 -1.000000000000000000e+00 2.182101000000000113e+03 7.825080000000000382e+02 1.334000000000000075e+00 1.247500000000000053e+00 2.987499999999999822e+00 1.449999999999999956e+00
2.500000000000000000e+01 5.420000000000000000e+02 -1.000000000000000000e+00 -1.000000000000000000e+00 -1.000000000000000000e+00 -1.000000000000000000e+00 -1.000000000000000000e+00 2.193067000000000007e+03 7.824049999999999727e+02 9.120000000000000329e-01 9.505000000000000115e-01 2.257000000000000117e+00 9.014999999999999680e-01
2.500000000000000000e+01 5.460000000000000000e+02 -1.000000000000000000e+00 -1.000000000000000000e+00 -1.000000000000000000e+00 -1.000000000000000000e+00 -1.000000000000000000e+00 2.190255000000000109e+03 7.819610000000000127e+02 8.040000000000000480e-01 9.419999999999999485e-01 2.310999999999999943e+00 9.405000000000000027e-01
2.600000000000000000e+01 5.380000000000000000e+02 -1.000000000000000000e+00 -1.000000000000000000e+00 -1.000000000000000000e+00 -1.000000000000000000e+00 -1.000000000000000000e+00 2.201373000000000047e+03 7.828229999999999791e+02 8.359999999999999654e-01 8.854999999999999538e-01 2.368500000000000050e+00 7.489999999999999991e-01
2.600000000000000000e+01 5.400000000000000000e+02 -1.000000000000000000e+00 -1.000000000000000000e+00 -1.000000000000000000e+00 -1.000000000000000000e+00 -1.000000000000000000e+00 2.198614000000000033e+03 7.823339999999999463e+02 9.789999999999999813e-01 8.914999999999999591e-01 2.348500000000000032e+00 8.515000000000000346e-01
2.600000000000000000e+01 5.430000000000000000e+02 -1.000000000000000000e+00 -1.000000000000000000e+00 -1.000000000000000000e+00 -1.000000000000000000e+00 -1.000000000000000000e+00 2.187585999999999785e+03 7.821530000000000200e+02 8.499999999999999778e-01 9.250000000000000444e-01 2.261499999999999844e+00 9.509999999999999565e-01
2.600000000000000000e+01 5.410000000000000000e+02 -1.000000000000000000e+00 -1.000000000000000000e+00 -1.000000000000000000e+00 -1.000000000000000000e+00 -1.000000000000000000e+00 2.195963999999999942e+03 7.825850000000000364e+02 9.779999999999999805e-01 9.194999999999999840e-01 2.206999999999999851e+00 8.609999999999999876e-01
2.600000000000000000e+01 5.440000000000000000e+02 -1.000000000000000000e+00 -1.000000000000000000e+00 -1.000000000000000000e+00 -1.000000000000000000e+00 -1.000000000000000000e+00 2.185202999999999975e+03 7.823740000000000236e+02 8.980000000000000204e-01 9.294999999999999929e-01 2.196499999999999897e+00 9.134999999999999787e-01
2.600000000000000000e+01 5.450000000000000000e+02 -1.000000000000000000e+00 -1.000000000000000000e+00 -1.000000000000000000e+00 -1.000000000000000000e+00 -1.000000000000000000e+00 2.182101999999999862e+03 7.825000000000000000e+02 1.356999999999999984e+00 1.247500000000000053e+00 2.987499999999999822e+00 1.449999999999999956e+00
2.600000000000000000e+01 5.420000000000000000e+02 -1.000000000000000000e+00 -1.000000000000000000e+00 -1.000000000000000000e+00 -1.000000000000000000e+00 -1.000000000000000000e+00 2.193079999999999927e+03 7.824049999999999727e+02 9.439999999999999503e-01 9.505000000000000115e-01 2.257000000000000117e+00 9.014999999999999680e-01
2.600000000000000000e+01 5.460000000000000000e+02 -1.000000000000000000e+00 -1.000000000000000000e+00 -1.000000000000000000e+00 -1.000000000000000000e+00 -1.000000000000000000e+00 2.190322999999999865e+03 7.819500000000000455e+02 8.199999999999999512e-01 9.419999999999999485e-01 2.310999999999999943e+00 9.405000000000000027e-01
2.700000000000000000e+01 5.380000000000000000e+02 -1.000000000000000000e+00 -1.000000000000000000e+00 -1.000000000000000000e+00 -1.000000000000000000e+00 -1.000000000000000000e+00 2.201407999999999902e+03 7.828250000000000455e+02 8.669999999999999929e-01 8.854999999999999538e-01 2.368500000000000050e+00 7.489999999999999991e-01
2.700000000000000000e+01 5.400000000000000000e+02 -1.000000000000000000e+00 -1.000000000000000000e+00 -1.000000000000000000e+00 -1.000000000000000000e+00 -1.000000000000000000e+00 2.198646999999999935e+03 7.823369999999999891e+02 1.020000000000000018e+00 8.914999999999999591e-01 2.348500000000000032e+00 8.515000000000000346e-01
2.700000000000000000e+01 5.430000000000000000e+02 -1.000000000000000000e+00 -1.000000000000000000e+00 -1.000000000000000000e+00 -1.000000000000000000e+00 -1.000000000000000000e+00 2.187596000000000004e+03 7.821299999999999955e+02 8.589999999999999858e-01 9.250000000000000444e-01 2.261499999999999844e+00 9.509999999999999565e-01
2.700000000000000000e+01 5.410000000000000000e+02 -1.000000000000000000e+00 -1.000000000000000000e+00 -1.000000000000000000e+00 -1.000000000000000000e+00 -1.000000000000000000e+00 2.195936999999999898e+03 7.825829999999999700e+02 1.014999999999999902e+00 9.194999999999999840e-01 2.206999999999999851e+00 8.609999999999999876e-01
2.700000000000000000e+01 5.440000000000000000e+02 -1.000000000000000000e+00 -1.000000000000000000e+00 -1.000000000000000000e+00 -1.000000000000000000e+00 -1.000000000000000000e+00 2.185315000000000055e+03 7.823750000000000000e+02 9.330000000000000515e-01 9.294999999999999929e-01 2.196499999999999897e+00 9.134999999999999787e-01
2.700000000000000000e+01 5.450000000000000000e+02 -1.000000000000000000e+00 -1.000000000000000000e+00 -1.000000000000000000e+00 -1.000000000000000000e+00 -1.000000000000000000e+00 2.182101999999999862e+03 7.824930000000000518e+02 1.379000000000000004e+00 1.247500000000000053e+00 2.987499999999999822e+00 1.449999999999999956e+00
2.700000000000000000e+01 5.420000000000000000e+02 -1.000000000000000000e+00 -1.000000000000000000e+00 -1.000000000000000000e+00 -1.000000000000000000e+00 -1.000000000000000000e+00 2.193094000000000051e+03 7.824059999999999491e+02 9.759999999999999787e-01 9.505000000000000115e-01 2.257000000000000117e+00 9.014999999999999680e-01
2.700000000000000000e+01 5.460000000000000000e+02 -1.000000000000000000e+00 -1.000000000000000000e+00 -1.000000000000000000e+00 -1.000000000000000000e+00 -1.000000000000000000e+00 2.190389999999999873e+03 7.819379999999999882e+02 8.349999999999999645e-01 9.419999999999999485e-01 2.310999999999999943e+00 9.405000000000000027e-01
2.800000000000000000e+01 5.380000000000000000e+02 -1.000000000000000000e+00 -1.000000000000000000e+00 -1.000000000000000000e+00 -1.000000000000000000e+00 -1.000000000000000000e+00 2.201443999999999960e+03 7.828269999999999982e+02 8.970000000000000195e-01 8.854999999999999538e-01 2.368500000000000050e+00 7.489999999999999991e-01
2.800000000000000000e+01 5.400000000000000000e+02 -1.000000000000000000e+00 -1.000000000000000000e+00 -1.000000000000000000e+00 -1.000000000000000000e+00 -1.000000000000000000e+00 2.198679000000000087e+03 7.823400000000000318e+02 1.062000000000000055e+00 8.914999999999999591e-01 2.348500000000000032e+00 8.515000000000000346e-01
2.800000000000000000e+01 5.430000000000000000e+02 -1.000000000000000000e+00 -1.000000000000000000e+00 -1.000000000000000000e+00 -1.000000000000000000e+00 -1.000000000000000000e+00 2.187606000000000222e+03 7.821059999999999945e+02 8.679999999999999938e-01 9.250000000000000444e-01 2.261499999999999844e+00 9.509999999999999565e-01
2.800000000000000000e+01 5.410000000000000000e+02 -1.000000000000000000e+00 -1.000000000000000000e+00 -1.000000000000000000e+00 -1.000000000000000000e+00 -1.000000000000000000e+00 2.195969000000000051e+03 7.825860000000000127e+02 1.046000000000000041e+00 9.194999999999999840e-01 2.206999999999999851e+00 8.609999999999999876e-01
2.800000000000000000e+01 5.450000000000000000e+02 -1.000000000000000000e+00 -1.000000000000000000e+00 -1.000000000000000000e+00 -1.000000000000000000e+00 -1.000000000000000000e+00 2.182101999999999862e+03 7.824850000000000136e+02 1.401999999999999913e+00 1.247500000000000053e+00 2.987499999999999822e+00 1.449999999999999956e+00
2.800000000000000000e+01 5.420000000000000000e+02 -1.000000000000000000e+00 -1.000000000000000000e+00 -1.000000000000000000e+00 -1.000000000000000000e+00 -1.000000000000000000e+00 2.193106999999999971e+03 7.824059999999999491e+02 1.008000000000000007e+00 9.505000000000000115e-01 2.257000000000000117e+00 9.014999999999999680e-01
2.800000000000000000e+01 5.460000000000000000e+02 -1.000000000000000000e+00 -1.000000000000000000e+00 -1.000000000000000000e+00 -1.000000000000000000e+00 -1.000000000000000000e+00 2.190458000000000084e+03 7.819270000000000209e+02 8.499999999999999778e-01 9.419999999999999485e-01 2.310999999999999943e+00 9.405000000000000027e-01
2.900000000000000000e+01 5.380000000000000000e+02 -1.000000000000000000e+00 -1.000000000000000000e+00 -1.000000000000000000e+00 -1.000000000000000000e+00 -1.000000000000000000e+00 2.201478999999999814e+03 7.828289999999999509e+02 9.280000000000000471e-01 8.854999999999999538e-01 2.368500000000000050e+00 7.489999999999999991e-01
2.900000000000000000e+01 5.410000000000000000e+02 -1.000000000000000000e+00 -1.000000000000000000e+00 -1.000000000000000000e+00 -1.000000000000000000e+00 -1.000000000000000000e+00 2.196000000000000000e+03 7.825879999999999654e+02 1.076999999999999957e+00 9.194999999999999840e-01 2.206999999999999851e+00 8.609999999999999876e-01
2.900000000000000000e+01 5.450000000000000000e+02 -1.000000000000000000e+00 -1.000000000000000000e+00 -1.000000000000000000e+00 -1.000000000000000000e+00 -1.000000000000000000e+00 2.182108999999999924e+03 7.824679999999999609e+02 1.429000000000000048e+00 1.247500000000000053e+00 2.987499999999999822e+00 1.449999999999999956e+00
2.900000000000000000e+01 5.420000000000000000e+02 -1.000000000000000000e+00 -1.000000000000000000e+00 -1.000000000000000000e+00 -1.000000000000000000e+00 -1.000000000000000000e+00 2.193119999999999891e+03 7.824059999999999491e+02 1.040999999999999925e+00 9.505000000000000115e-01 2.257000000000000117e+00 9.014999999999999680e-01
2.900000000000000000e+01 5.460000000000000000e+02 -1.000000000000000000e+00 -1.000000000000000000e+00 -1.000000000000000000e+00 -1.000000000000000000e+00 -1.000000000000000000e+00 2.190525000000000091e+03 7.819149999999999636e+02 8.659999999999999920e-01 9.419999999999999485e-01 2.310999999999999943e+00 9.405000000000000027e-01
3.000000000000000000e+01 5.380000000000000000e+02 -1.000000000000000000e+00 -1.000000000000000000e+00 -1.000000000000000000e+00 -1.000000000000000000e+00 -1.000000000000000000e+00 2.201514000000000124e+03 7.828319999999999936e+02 9.589999999999999636e-01 8.854999999999999538e-01 2.368500000000000050e+00 7.489999999999999991e-01
3.000000000000000000e+01 5.410000000000000000e+02 -1.000000000000000000e+00 -1.000000000000000000e+00 -1.000000000000000000e+00 -1.000000000000000000e+00 -1.000000000000000000e+00 2.196032000000000153e+03 7.825910000000000082e+02 1.106999999999999984e+00 9.194999999999999840e-01 2.206999999999999851e+00 8.609999999999999876e-01
3.000000000000000000e+01 5.450000000000000000e+02 -1.000000000000000000e+00 -1.000000000000000000e+00 -1.000000000000000000e+00 -1.000000000000000000e+00 -1.000000000000000000e+00 2.182115999999999985e+03 7.824519999999999982e+02 1.457000000000000073e+00 1.247500000000000053e+00 2.987499999999999822e+00 1.449999999999999956e+00
3.000000000000000000e+01 5.420000000000000000e+02 -1.000000000000000000e+00 -1.000000000000000000e+00 -1.000000000000000000e+00 -1.000000000000000000e+00 -1.000000000000000000e+00 2.193134000000000015e+03 7.824070000000000391e+02 1.072999999999999954e+00 9.505000000000000115e-01 2.257000000000000117e+00 9.014999999999999680e-01
3.100000000000000000e+01 5.410000000000000000e+02 -1.000000000000000000e+00 -1.000000000000000000e+00 -1.000000000000000000e+00 -1.000000000000000000e+00 -1.000000000000000000e+00 2.196063999999999851e+03 7.825929999999999609e+02 1.137999999999999901e+00 9.194999999999999840e-01 2.206999999999999851e+00 8.609999999999999876e-01
3.100000000000000000e+01 5.450000000000000000e+02 -1.000000000000000000e+00 -1.000000000000000000e+00 -1.000000000000000000e+00 -1.000000000000000000e+00 -1.000000000000000000e+00 2.182123000000000047e+03 7.824349999999999454e+02 1.483999999999999986e+00 1.247500000000000053e+00 2.987499999999999822e+00 1.449999999999999956e+00
3.100000000000000000e+01 5.420000000000000000e+02 -1.000000000000000000e+00 -1.000000000000000000e+00 -1.000000000000000000e+00 -1.000000000000000000e+00 -1.000000000000000000e+00 2.193134000000000015e+03 7.824070000000000391e+02 1.112999999999999989e+00 9.505000000000000115e-01 2.257000000000000117e+00 9.014999999999999680e-01
3.200000000000000000e+01 5.410000000000000000e+02 -1.000000000000000000e+00 -1.000000000000000000e+00 -1.000000000000000000e+00 -1.000000000000000000e+00 -1.000000000000000000e+00 2.196096000000000004e+03 7.825960000000000036e+02 1.169000000000000039e+00 9.194999999999999840e-01 2.206999999999999851e+00 8.609999999999999876e-01
3.200000000000000000e+01 5.450000000000000000e+02 -1.000000000000000000e+00 -1.000000000000000000e+00 -1.000000000000000000e+00 -1.000000000000000000e+00 -1.000000000000000000e+00 2.182128999999999905e+03 7.824180000000000064e+02 1.510999999999999899e+00 1.247500000000000053e+00 2.987499999999999822e+00 1.449999999999999956e+00
3.200000000000000000e+01 5.420000000000000000e+02 -1.000000000000000000e+00 -1.000000000000000000e+00 -1.000000000000000000e+00 -1.000000000000000000e+00 -1.000000000000000000e+00 2.193134000000000015e+03 7.824070000000000391e+02 1.153000000000000025e+00 9.505000000000000115e-01 2.257000000000000117e+00 9.014999999999999680e-01
3.300000000000000000e+01 5.410000000000000000e+02 -1.000000000000000000e+00 -1.000000000000000000e+00 -1.000000000000000000e+00 -1.000000000000000000e+00 -1.000000000000000000e+00 2.196126999999999953e+03 7.825979999999999563e+02 1.199000000000000066e+00 9.194999999999999840e-01 2.206999999999999851e+00 8.609999999999999876e-01
3.300000000000000000e+01 5.450000000000000000e+02 -1.000000000000000000e+00 -1.000000000000000000e+00 -1.000000000000000000e+00 -1.000000000000000000e+00 -1.000000000000000000e+00 2.182135999999999967e+03 7.824009999999999536e+02 1.538999999999999924e+00 1.247500000000000053e+00 2.987499999999999822e+00 1.449999999999999956e+00
3.300000000000000000e+01 5.420000000000000000e+02 -1.000000000000000000e+00 -1.000000000000000000e+00 -1.000000000000000000e+00 -1.000000000000000000e+00 -1.000000000000000000e+00 2.193134000000000015e+03 7.824070000000000391e+02 1.193000000000000060e+00 9.505000000000000115e-01 2.257000000000000117e+00 9.014999999999999680e-01
3.400000000000000000e+01 5.450000000000000000e+02 -1.000000000000000000e+00 -1.000000000000000000e+00 -1.000000000000000000e+00 -1.000000000000000000e+00 -1.000000000000000000e+00 2.182143000000000029e+03 7.823840000000000146e+02 1.566000000000000059e+00 1.247500000000000053e+00 2.987499999999999822e+00 1.449999999999999956e+00
3.500000000000000000e+01 5.450000000000000000e+02 -1.000000000000000000e+00 -1.000000000000000000e+00 -1.000000000000000000e+00 -1.000000000000000000e+00 -1.000000000000000000e+00 2.182150000000000091e+03 7.823669999999999618e+02 1.592999999999999972e+00 1.247500000000000053e+00 2.987499999999999822e+00 1.449999999999999956e+00
3.600000000000000000e+01 5.450000000000000000e+02 -1.000000000000000000e+00 -1.000000000000000000e+00 -1.000000000000000000e+00 -1.000000000000000000e+00 -1.000000000000000000e+00 2.182157000000000153e+03 7.823500000000000227e+02 1.620999999999999996e+00 1.247500000000000053e+00 2.987499999999999822e+00 1.449999999999999956e+00
