1.000000000000000000e+00 8.700000000000000000e+01 -1.000000000000000000e+00 -1.000000000000000000e+00 -1.000000000000000000e+00 -1.000000000000000000e+00 -1.000000000000000000e+00 8.959560000000000173e+02 1.575878999999999905e+03 -1.300999999999999934e+00 9.519999999999999574e-01 2.408999999999999808e+00 8.269999999999999574e-01
2.000000000000000000e+00 8.700000000000000000e+01 -1.000000000000000000e+00 -1.000000000000000000e+00 -1.000000000000000000e+00 -1.000000000000000000e+00 -1.000000000000000000e+00 8.962450000000000045e+02 1.580991999999999962e+03 -1.064999999999999947e+00 9.519999999999999574e-01 2.408999999999999808e+00 8.269999999999999574e-01
3.000000000000000000e+00 8.700000000000000000e+01 -1.000000000000000000e+00 -1.000000000000000000e+00 -1.000000000000000000e+00 -1.000000000000000000e+00 -1.000000000000000000e+00 8.965330000000000155e+02 1.586104000000000042e+03 -8.289999999999999591e-01 9.519999999999999574e-01 2.408999999999999808e+00 8.269999999999999574e-01
4.000000000000000000e+00 8.700000000000000000e+01 -1.000000000000000000e+00 -1.000000000000000000e+00 -1.000000000000000000e+00 -1.000000000000000000e+00 -1.000000000000000000e+00 8.968220000000000027e+02 1.591215999999999894e+03 -5.430000000000000382e-01 9.519999999999999574e-01 2.408999999999999808e+00 8.269999999999999574e-01
5.000000000000000000e+00 8.700000000000000000e+01 -1.000000000000000000e+00 -1.000000000000000000e+00 -1.000000000000000000e+00 -1.000000000000000000e+00 -1.000000000000000000e+00 8.969769999999999754e+02 1.596335000000000036e+03 -1.819999999999999951e-01 9.519999999999999574e-01 2.408999999999999808e+00 8.269999999999999574e-01
6.000000000000000000e+00 8.700000000000000000e+01 -1.000000000000000000e+00 -1.000000000000000000e+00 -1.000000000000000000e+00 -1.000000000000000000e+00 -1.000000000000000000e+00 8.971319999999999482e+02 1.601452999999999975e+03 1.789999999999999925e-01 9.519999999999999574e-01 2.408999999999999808e+00 8.269999999999999574e-01
7.000000000000000000e+00 8.700000000000000000e+01 -1.000000000000000000e+00 -1.000000000000000000e+00 -1.000000000000000000e+00 -1.000000000000000000e+00 -1.000000000000000000e+00 8.972309999999999945e+02 1.606821999999999889e+03 4.949999999999999956e-01 9.519999999999999574e-01 2.408999999999999808e+00 8.269999999999999574e-01
8.000000000000000000e+00 8.700000000000000000e+01 -1.000000000000000000e+00 -1.000000000000000000e+00 -1.000000000000000000e+00 -1.000000000000000000e+00 -1.000000000000000000e+00 8.973300000000000409e+02 1.612192000000000007e+03 8.120000000000000551e-01 9.519999999999999574e-01 2.408999999999999808e+00 8.269999999999999574e-01
9.000000000000000000e+00 8.700000000000000000e+01 -1.000000000000000000e+00 -1.000000000000000000e+00 -1.000000000000000000e+00 -1.000000000000000000e+00 -1.000000000000000000e+00 8.972419999999999618e+02 1.617560999999999922e+03 8.780000000000000027e-01 9.519999999999999574e-01 2.408999999999999808e+00 8.269999999999999574e-01
1.000000000000000000e+01 8.700000000000000000e+01 -1.000000000000000000e+00 -1.000000000000000000e+00 -1.000000000000000000e+00 -1.000000000000000000e+00 -1.000000000000000000e+00 8.971539999999999964e+02 1.622931000000000040e+03 9.439999999999999503e-01 9.519999999999999574e-01 2.408999999999999808e+00 8.269999999999999574e-01
1.000000000000000000e+01 9.900000000000000000e+01 -1.000000000000000000e+00 -1.000000000000000000e+00 -1.000000000000000000e+00 -1.000000000000000000e+00 -1.000000000000000000e+00 8.434149999999999636e+02 1.652535000000000082e+03 1.697999999999999954e+00 9.469999999999999529e-01 2.403000000000000025e+00 1.061500000000000110e+00
1.100000000000000000e+01 8.700000000000000000e+01 -1.000000000000000000e+00 -1.000000000000000000e+00 -1.000000000000000000e+00 -1.000000000000000000e+00 -1.000000000000000000e+00 8.970660000000000309e+02 1.628299999999999955e+03 1.010999999999999899e+00 9.519999999999999574e-01 2.408999999999999808e+00 8.269999999999999574e-01
1.100000000000000000e+01 9.900000000000000000e+01 -1.000000000000000000e+00 -1.000000000000000000e+00 -1.000000000000000000e+00 -1.000000000000000000e+00 -1.000000000000000000e+00 8.434389999999999645e+02 1.652557000000000016e+03 1.667999999999999927e+00 9.469999999999999529e-01 2.403000000000000025e+00 1.061500000000000110e+00
1.200000000000000000e+01 8.700000000000000000e+01 -1.000000000000000000e+00 -1.000000000000000000e+00 -1.000000000000000000e+00 -1.000000000000000000e+00 -1.000000000000000000e+00 8.970910000000000082e+02 1.633990000000000009e+03 1.120999999999999996e+00 9.519999999999999574e-01 2.408999999999999808e+00 8.269999999999999574e-01
1.200000000000000000e+01 9.900000000000000000e+01 -1.000000000000000000e+00 -1.000000000000000000e+00 -1.000000000000000000e+00 -1.000000000000000000e+00 -1.000000000000000000e+00 8.434619999999999891e+02 1.652579999999999927e+03 1.637999999999999901e+00 9.469999999999999529e-01 2.403000000000000025e+00 1.061500000000000110e+00
1.300000000000000000e+01 8.700000000000000000e+01 -1.000000000000000000e+00 -1.000000000000000000e+00 -1.000000000000000000e+00 -1.000000000000000000e+00 -1.000000000000000000e+00 8.971150000000000091e+02 1.639679000000000087e+03 1.231999999999999984e+00 9.519999999999999574e-01 2.408999999999999808e+00 8.269999999999999574e-01
1.300000000000000000e+01 9.900000000000000000e+01 -1.000000000000000000e+00 -1.000000000000000000e+00 -1.000000000000000000e+00 -1.000000000000000000e+00 -1.000000000000000000e+00 8.434859999999999900e+02 1.652602000000000089e+03 1.608000000000000096e+00 9.469999999999999529e-01 2.403000000000000025e+00 1.061500000000000110e+00
1.400000000000000000e+01 8.700000000000000000e+01 -1.000000000000000000e+00 -1.000000000000000000e+00 -1.000000000000000000e+00 -1.000000000000000000e+00 -1.000000000000000000e+00 8.971399999999999864e+02 1.645368999999999915e+03 1.342999999999999972e+00 9.519999999999999574e-01 2.408999999999999808e+00 8.269999999999999574e-01
1.400000000000000000e+01 9.900000000000000000e+01 -1.000000000000000000e+00 -1.000000000000000000e+00 -1.000000000000000000e+00 -1.000000000000000000e+00 -1.000000000000000000e+00 8.435090000000000146e+02 1.652625000000000000e+03 1.578000000000000069e+00 9.469999999999999529e-01 2.403000000000000025e+00 1.061500000000000110e+00
1.500000000000000000e+01 8.700000000000000000e+01 -1.000000000000000000e+00 -1.000000000000000000e+00 -1.000000000000000000e+00 -1.000000000000000000e+00 -1.000000000000000000e+00 8.971639999999999873e+02 1.651057999999999993e+03 1.453999999999999959e+00 9.519999999999999574e-01 2.408999999999999808e+00 8.269999999999999574e-01
1.500000000000000000e+01 9.900000000000000000e+01 -1.000000000000000000e+00 -1.000000000000000000e+00 -1.000000000000000000e+00 -1.000000000000000000e+00 -1.000000000000000000e+00 8.435080000000000382e+02 1.652624000000000024e+03 1.558000000000000052e+00 9.469999999999999529e-01 2.403000000000000025e+00 1.061500000000000110e+00
1.600000000000000000e+01 8.700000000000000000e+01 -1.000000000000000000e+00 -1.000000000000000000e+00 -1.000000000000000000e+00 -1.000000000000000000e+00 -1.000000000000000000e+00 8.971889999999999645e+02 1.656748000000000047e+03 1.314999999999999947e+00 9.519999999999999574e-01 2.408999999999999808e+00 8.269999999999999574e-01
1.600000000000000000e+01 9.900000000000000000e+01 -1.000000000000000000e+00 -1.000000000000000000e+00 -1.000000000000000000e+00 -1.000000000000000000e+00 -1.000000000000000000e+00 8.435059999999999718e+02 1.652624000000000024e+03 1.538000000000000034e+00 9.469999999999999529e-01 2.403000000000000025e+00 1.061500000000000110e+00
1.700000000000000000e+01 9.900000000000000000e+01 -1.000000000000000000e+00 -1.000000000000000000e+00 -1.000000000000000000e+00 -1.000000000000000000e+00 -1.000000000000000000e+00 8.435040000000000191e+02 1.652623000000000047e+03 1.518000000000000016e+00 9.469999999999999529e-01 2.403000000000000025e+00 1.061500000000000110e+00
1.800000000000000000e+01 9.900000000000000000e+01 -1.000000000000000000e+00 -1.000000000000000000e+00 -1.000000000000000000e+00 -1.000000000000000000e+00 -1.000000000000000000e+00 8.435030000000000427e+02 1.652623000000000047e+03 1.497999999999999998e+00 9.469999999999999529e-01 2.403000000000000025e+00 1.061500000000000110e+00
1.900000000000000000e+01 9.900000000000000000e+01 -1.000000000000000000e+00 -1.000000000000000000e+00 -1.000000000000000000e+00 -1.000000000000000000e+00 -1.000000000000000000e+00 8.435009999999999764e+02 1.652622000000000071e+03 1.477999999999999980e+00 9.469999999999999529e-01 2.403000000000000025e+00 1.061500000000000110e+00
2.000000000000000000e+01 9.900000000000000000e+01 -1.000000000000000000e+00 -1.000000000000000000e+00 -1.000000000000000000e+00 -1.000000000000000000e+00 -1.000000000000000000e+00 8.435000000000000000e+02 1.652626999999999953e+03 1.419000000000000039e+00 9.469999999999999529e-01 2.403000000000000025e+00 1.061500000000000110e+00
2.100000000000000000e+01 9.900000000000000000e+01 -1.000000000000000000e+00 -1.000000000000000000e+00 -1.000000000000000000e+00 -1.000000000000000000e+00 -1.000000000000000000e+00 8.434990000000000236e+02 1.652632000000000062e+03 1.360999999999999988e+00 9.469999999999999529e-01 2.403000000000000025e+00 1.061500000000000110e+00
2.200000000000000000e+01 9.900000000000000000e+01 -1.000000000000000000e+00 -1.000000000000000000e+00 -1.000000000000000000e+00 -1.000000000000000000e+00 -1.000000000000000000e+00 8.434969999999999573e+02 1.652637999999999920e+03 1.302999999999999936e+00 9.469999999999999529e-01 2.403000000000000025e+00 1.061500000000000110e+00
2.300000000000000000e+01 9.900000000000000000e+01 -1.000000000000000000e+00 -1.000000000000000000e+00 -1.000000000000000000e+00 -1.000000000000000000e+00 -1.000000000000000000e+00 8.434959999999999809e+02 1.652643000000000029e+03 1.243999999999999995e+00 9.469999999999999529e-01 2.403000000000000025e+00 1.061500000000000110e+00
2.400000000000000000e+01 9.900000000000000000e+01 -1.000000000000000000e+00 -1.000000000000000000e+00 -1.000000000000000000e+00 -1.000000000000000000e+00 -1.000000000000000000e+00 8.434950000000000045e+02 1.652647999999999911e+03 1.185999999999999943e+00 9.469999999999999529e-01 2.403000000000000025e+00 1.061500000000000110e+00
2.500000000000000000e+01 1.220000000000000000e+02 -1.000000000000000000e+00 -1.000000000000000000e+00 -1.000000000000000000e+00 -1.000000000000000000e+00 -1.000000000000000000e+00 8.045240000000000009e+02 1.688039999999999964e+03 1.804000000000000048e+00 8.944999999999999618e-01 2.464999999999999858e+00 1.048000000000000043e+00
2.500000000000000000e+01 9.900000000000000000e+01 -1.000000000000000000e+00 -1.000000000000000000e+00 -1.000000000000000000e+00 -1.000000000000000000e+00 -1.000000000000000000e+00 8.434940000000000282e+02 1.652653000000000020e+03 1.127999999999999892e+00 9.469999999999999529e-01 2.403000000000000025e+00 1.061500000000000110e+00
2.600000000000000000e+01 1.220000000000000000e+02 -1.000000000000000000e+00 -1.000000000000000000e+00 -1.000000000000000000e+00 -1.000000000000000000e+00 -1.000000000000000000e+00 8.044909999999999854e+02 1.688006000000000085e+03 1.719000000000000083e+00 8.944999999999999618e-01 2.464999999999999858e+00 1.048000000000000043e+00
2.600000000000000000e+01 9.900000000000000000e+01 -1.000000000000000000e+00 -1.000000000000000000e+00 -1.000000000000000000e+00 -1.000000000000000000e+00 -1.000000000000000000e+00 8.434750000000000227e+02 1.652637999999999920e+03 1.078999999999999959e+00 9.469999999999999529e-01 2.403000000000000025e+00 1.061500000000000110e+00
2.700000000000000000e+01 1.220000000000000000e+02 -1.000000000000000000e+00 -1.000000000000000000e+00 -1.000000000000000000e+00 -1.000000000000000000e+00 -1.000000000000000000e+00 8.044569999999999936e+02 1.687971999999999980e+03 1.633999999999999897e+00 8.944999999999999618e-01 2.464999999999999858e+00 1.048000000000000043e+00
2.700000000000000000e+01 9.900000000000000000e+01 -1.000000000000000000e+00 -1.000000000000000000e+00 -1.000000000000000000e+00 -1.000000000000000000e+00 -1.000000000000000000e+00 8.434569999999999936e+02 1.652623000000000047e+03 1.030000000000000027e+00 9.469999999999999529e-01 2.403000000000000025e+00 1.061500000000000110e+00
2.800000000000000000e+01 1.220000000000000000e+02 -1.000000000000000000e+00 -1.000000000000000000e+00 -1.000000000000000000e+00 -1.000000000000000000e+00 -1.000000000000000000e+00 8.044569999999999936e+02 1.687982999999999947e+03 1.590000000000000080e+00 8.944999999999999618e-01 2.464999999999999858e+00 1.048000000000000043e+00
2.800000000000000000e+01 9.900000000000000000e+01 -1.000000000000000000e+00 -1.000000000000000000e+00 -1.000000000000000000e+00 -1.000000000000000000e+00 -1.000000000000000000e+00 8.434740000000000464e+02 1.652623000000000047e+03 1.012999999999999901e+00 9.469999999999999529e-01 2.403000000000000025e+00 1.061500000000000110e+00
2.900000000000000000e+01 1.220000000000000000e+02 -1.000000000000000000e+00 -1.000000000000000000e+00 -1.000000000000000000e+00 -1.000000000000000000e+00 -1.000000000000000000e+00 8.044569999999999936e+02 1.687994999999999891e+03 1.546999999999999931e+00 8.944999999999999618e-01 2.464999999999999858e+00 1.048000000000000043e+00
2.900000000000000000e+01 9.900000000000000000e+01 -1.000000000000000000e+00 -1.000000000000000000e+00 -1.000000000000000000e+00 -1.000000000000000000e+00 -1.000000000000000000e+00 8.434919999999999618e+02 1.652623000000000047e+03 9.949999999999999956e-01 9.469999999999999529e-01 2.403000000000000025e+00 1.061500000000000110e+00
3.000000000000000000e+01 1.220000000000000000e+02 -1.000000000000000000e+00 -1.000000000000000000e+00 -1.000000000000000000e+00 -1.000000000000000000e+00 -1.000000000000000000e+00 8.044569999999999936e+02 1.688006000000000085e+03 1.504000000000000004e+00 8.944999999999999618e-01 2.464999999999999858e+00 1.048000000000000043e+00
3.000000000000000000e+01 9.900000000000000000e+01 -1.000000000000000000e+00 -1.000000000000000000e+00 -1.000000000000000000e+00 -1.000000000000000000e+00 -1.000000000000000000e+00 8.435099999999999909e+02 1.652623000000000047e+03 9.779999999999999805e-01 9.469999999999999529e-01 2.403000000000000025e+00 1.061500000000000110e+00
3.100000000000000000e+01 1.220000000000000000e+02 -1.000000000000000000e+00 -1.000000000000000000e+00 -1.000000000000000000e+00 -1.000000000000000000e+00 -1.000000000000000000e+00 8.044700000000000273e+02 1.688012999999999920e+03 1.463999999999999968e+00 8.944999999999999618e-01 2.464999999999999858e+00 1.048000000000000043e+00
3.100000000000000000e+01 9.900000000000000000e+01 -1.000000000000000000e+00 -1.000000000000000000e+00 -1.000000000000000000e+00 -1.000000000000000000e+00 -1.000000000000000000e+00 8.435019999999999527e+02 1.652648999999999887e+03 9.479999999999999538e-01 9.469999999999999529e-01 2.403000000000000025e+00 1.061500000000000110e+00
3.200000000000000000e+01 1.220000000000000000e+02 -1.000000000000000000e+00 -1.000000000000000000e+00 -1.000000000000000000e+00 -1.000000000000000000e+00 -1.000000000000000000e+00 8.044840000000000373e+02 1.688019999999999982e+03 1.423999999999999932e+00 8.944999999999999618e-01 2.464999999999999858e+00 1.048000000000000043e+00
3.200000000000000000e+01 9.900000000000000000e+01 -1.000000000000000000e+00 -1.000000000000000000e+00 -1.000000000000000000e+00 -1.000000000000000000e+00 -1.000000000000000000e+00 8.434940000000000282e+02 1.652673999999999978e+03 9.180000000000000382e-01 9.469999999999999529e-01 2.403000000000000025e+00 1.061500000000000110e+00
3.300000000000000000e+01 1.220000000000000000e+02 -1.000000000000000000e+00 -1.000000000000000000e+00 -1.000000000000000000e+00 -1.000000000000000000e+00 -1.000000000000000000e+00 8.044969999999999573e+02 1.688026000000000067e+03 1.383999999999999897e+00 8.944999999999999618e-01 2.464999999999999858e+00 1.048000000000000043e+00
3.300000000000000000e+01 9.900000000000000000e+01 -1.000000000000000000e+00 -1.000000000000000000e+00 -1.000000000000000000e+00 -1.000000000000000000e+00 -1.000000000000000000e+00 8.434859999999999900e+02 1.652700000000000045e+03 8.880000000000000115e-01 9.469999999999999529e-01 2.403000000000000025e+00 1.061500000000000110e+00
3.400000000000000000e+01 1.220000000000000000e+02 -1.000000000000000000e+00 -1.000000000000000000e+00 -1.000000000000000000e+00 -1.000000000000000000e+00 -1.000000000000000000e+00 8.045109999999999673e+02 1.688032999999999902e+03 1.344000000000000083e+00 8.944999999999999618e-01 2.464999999999999858e+00 1.048000000000000043e+00
3.400000000000000000e+01 9.900000000000000000e+01 -1.000000000000000000e+00 -1.000000000000000000e+00 -1.000000000000000000e+00 -1.000000000000000000e+00 -1.000000000000000000e+00 8.434779999999999518e+02 1.652724999999999909e+03 8.579999999999999849e-01 9.469999999999999529e-01 2.403000000000000025e+00 1.061500000000000110e+00
3.500000000000000000e+01 1.220000000000000000e+02 -1.000000000000000000e+00 -1.000000000000000000e+00 -1.000000000000000000e+00 -1.000000000000000000e+00 -1.000000000000000000e+00 8.045240000000000009e+02 1.688039999999999964e+03 1.304000000000000048e+00 8.944999999999999618e-01 2.464999999999999858e+00 1.048000000000000043e+00
3.500000000000000000e+01 9.900000000000000000e+01 -1.000000000000000000e+00 -1.000000000000000000e+00 -1.000000000000000000e+00 -1.000000000000000000e+00 -1.000000000000000000e+00 8.434700000000000273e+02 1.652750999999999976e+03 8.279999999999999583e-01 9.469999999999999529e-01 2.403000000000000025e+00 1.061500000000000110e+00
3.600000000000000000e+01 1.220000000000000000e+02 -1.000000000000000000e+00 -1.000000000000000000e+00 -1.000000000000000000e+00 -1.000000000000000000e+00 -1.000000000000000000e+00 8.045240000000000009e+02 1.688039999999999964e+03 1.264000000000000012e+00 8.944999999999999618e-01 2.464999999999999858e+00 1.048000000000000043e+00
3.600000000000000000e+01 1.350000000000000000e+02 -1.000000000000000000e+00 -1.000000000000000000e+00 -1.000000000000000000e+00 -1.000000000000000000e+00 -1.000000000000000000e+00 7.799660000000000082e+02 1.712832000000000107e+03 1.750000000000000000e+00 9.675000000000000266e-01 2.319500000000000117e+00 9.945000000000000506e-01
3.600000000000000000e+01 9.900000000000000000e+01 -1.000000000000000000e+00 -1.000000000000000000e+00 -1.000000000000000000e+00 -1.000000000000000000e+00 -1.000000000000000000e+00 8.434210000000000491e+02 1.652708000000000084e+03 8.080000000000000515e-01 9.469999999999999529e-01 2.403000000000000025e+00 1.061500000000000110e+00
3.700000000000000000e+01 1.220000000000000000e+02 -1.000000000000000000e+00 -1.000000000000000000e+00 -1.000000000000000000e+00 -1.000000000000000000e+00 -1.000000000000000000e+00 8.045240000000000009e+02 1.688039999999999964e+03 1.223999999999999977e+00 8.944999999999999618e-01 2.464999999999999858e+00 1.048000000000000043e+00
3.700000000000000000e+01 1.350000000000000000e+02 -1.000000000000000000e+00 -1.000000000000000000e+00 -1.000000000000000000e+00 -1.000000000000000000e+00 -1.000000000000000000e+00 7.800270000000000437e+02 1.712757000000000062e+03 1.715000000000000080e+00 9.675000000000000266e-01 2.319500000000000117e+00 9.945000000000000506e-01
3.700000000000000000e+01 9.900000000000000000e+01 -1.000000000000000000e+00 -1.000000000000000000e+00 -1.000000000000000000e+00 -1.000000000000000000e+00 -1.000000000000000000e+00 8.433709999999999809e+02 1.652664999999999964e+03 7.880000000000000338e-01 9.469999999999999529e-01 2.403000000000000025e+00 1.061500000000000110e+00
3.800000000000000000e+01 1.220000000000000000e+02 -1.000000000000000000e+00 -1.000000000000000000e+00 -1.000000000000000000e+00 -1.000000000000000000e+00 -1.000000000000000000e+00 8.045240000000000009e+02 1.688039999999999964e+03 1.183999999999999941e+00 8.944999999999999618e-01 2.464999999999999858e+00 1.048000000000000043e+00
3.800000000000000000e+01 1.350000000000000000e+02 -1.000000000000000000e+00 -1.000000000000000000e+00 -1.000000000000000000e+00 -1.000000000000000000e+00 -1.000000000000000000e+00 7.800259999999999536e+02 1.712756000000000085e+03 1.675000000000000044e+00 9.675000000000000266e-01 2.319500000000000117e+00 9.945000000000000506e-01
3.800000000000000000e+01 9.900000000000000000e+01 -1.000000000000000000e+00 -1.000000000000000000e+00 -1.000000000000000000e+00 -1.000000000000000000e+00 -1.000000000000000000e+00 8.433220000000000027e+02 1.652622000000000071e+03 7.680000000000000160e-01 9.469999999999999529e-01 2.403000000000000025e+00 1.061500000000000110e+00
3.900000000000000000e+01 1.220000000000000000e+02 -1.000000000000000000e+00 -1.000000000000000000e+00 -1.000000000000000000e+00 -1.000000000000000000e+00 -1.000000000000000000e+00 8.045240000000000009e+02 1.688039999999999964e+03 1.143999999999999906e+00 8.944999999999999618e-01 2.464999999999999858e+00 1.048000000000000043e+00
3.900000000000000000e+01 1.350000000000000000e+02 -1.000000000000000000e+00 -1.000000000000000000e+00 -1.000000000000000000e+00 -1.000000000000000000e+00 -1.000000000000000000e+00 7.800249999999999773e+02 1.712753999999999905e+03 1.635000000000000009e+00 9.675000000000000266e-01 2.319500000000000117e+00 9.945000000000000506e-01
3.900000000000000000e+01 9.900000000000000000e+01 -1.000000000000000000e+00 -1.000000000000000000e+00 -1.000000000000000000e+00 -1.000000000000000000e+00 -1.000000000000000000e+00 8.432730000000000246e+02 1.652578999999999951e+03 7.479999999999999982e-01 9.469999999999999529e-01 2.403000000000000025e+00 1.061500000000000110e+00
4.000000000000000000e+01 1.220000000000000000e+02 -1.000000000000000000e+00 -1.000000000000000000e+00 -1.000000000000000000e+00 -1.000000000000000000e+00 -1.000000000000000000e+00 8.045240000000000009e+02 1.688039999999999964e+03 1.104000000000000092e+00 8.944999999999999618e-01 2.464999999999999858e+00 1.048000000000000043e+00
4.000000000000000000e+01 1.350000000000000000e+02 -1.000000000000000000e+00 -1.000000000000000000e+00 -1.000000000000000000e+00 -1.000000000000000000e+00 -1.000000000000000000e+00 7.800240000000000009e+02 1.712751999999999953e+03 1.596000000000000085e+00 9.675000000000000266e-01 2.319500000000000117e+00 9.945000000000000506e-01
4.000000000000000000e+01 9.900000000000000000e+01 -1.000000000000000000e+00 -1.000000000000000000e+00 -1.000000000000000000e+00 -1.000000000000000000e+00 -1.000000000000000000e+00 8.432229999999999563e+02 1.652536000000000058e+03 7.279999999999999805e-01 9.469999999999999529e-01 2.403000000000000025e+00 1.061500000000000110e+00
