1.000000000000000000e+00 5.282000000000000000e+03 -1.000000000000000000e+00 -1.000000000000000000e+00 -1.000000000000000000e+00 -1.000000000000000000e+00 -1.000000000000000000e+00 5.058319999999999936e+02 7.521910000000000309e+02 1.445999999999999952e+00 1.905999999999999917e+00 3.204000000000000181e+00 1.518999999999999906e+00
1.000000000000000000e+00 5.283000000000000000e+03 -1.000000000000000000e+00 -1.000000000000000000e+00 -1.000000000000000000e+00 -1.000000000000000000e+00 -1.000000000000000000e+00 5.090190000000000055e+02 8.289759999999999991e+02 1.510999999999999899e+00 1.102500000000000036e+00 3.615499999999999936e+00 1.660500000000000087e+00
1.000000000000000000e+00 5.285000000000000000e+03 -1.000000000000000000e+00 -1.000000000000000000e+00 -1.000000000000000000e+00 -1.000000000000000000e+00 -1.000000000000000000e+00 5.238809999999999718e+02 7.943659999999999854e+02 1.276999999999999913e+00 1.131999999999999895e+00 2.883999999999999897e+00 1.000000000000000000e+00
1.000000000000000000e+00 5.286000000000000000e+03 -1.000000000000000000e+00 -1.000000000000000000e+00 -1.000000000000000000e+00 -1.000000000000000000e+00 -1.000000000000000000e+00 5.085450000000000159e+02 7.989610000000000127e+02 1.020999999999999908e+00 1.129999999999999893e+00 2.669000000000000039e+00 9.439999999999999503e-01
1.000000000000000000e+00 5.287000000000000000e+03 -1.000000000000000000e+00 -1.000000000000000000e+00 -1.000000000000000000e+00 -1.000000000000000000e+00 -1.000000000000000000e+00 5.424099999999999682e+02 8.159329999999999927e+02 2.608000000000000096e+00 1.155000000000000027e+00 4.235000000000000320e+00 2.105500000000000149e+00
1.000000000000000000e+00 5.288000000000000000e+03 -1.000000000000000000e+00 -1.000000000000000000e+00 -1.000000000000000000e+00 -1.000000000000000000e+00 -1.000000000000000000e+00 5.019859999999999900e+02 8.166330000000000382e+02 1.747999999999999998e+00 1.366000000000000103e+00 4.545499999999999652e+00 1.812999999999999945e+00
1.000000000000000000e+00 5.292000000000000000e+03 -1.000000000000000000e+00 -1.000000000000000000e+00 -1.000000000000000000e+00 -1.000000000000000000e+00 -1.000000000000000000e+00 5.372939999999999827e+02 8.107599999999999909e+02 2.486000000000000210e+00 1.181999999999999940e+00 4.298000000000000043e+00 1.858500000000000041e+00
1.000000000000000000e+00 5.294000000000000000e+03 -1.000000000000000000e+00 -1.000000000000000000e+00 -1.000000000000000000e+00 -1.000000000000000000e+00 -1.000000000000000000e+00 5.462380000000000564e+02 7.953799999999999955e+02 2.174999999999999822e+00 1.421999999999999931e+00 4.815000000000000391e+00 1.797500000000000098e+00
1.000000000000000000e+00 5.295000000000000000e+03 -1.000000000000000000e+00 -1.000000000000000000e+00 -1.000000000000000000e+00 -1.000000000000000000e+00 -1.000000000000000000e+00 5.069390000000000214e+02 8.265389999999999873e+02 1.610999999999999988e+00 1.229500000000000037e+00 3.892999999999999794e+00 1.733500000000000041e+00
1.000000000000000000e+00 5.297000000000000000e+03 -1.000000000000000000e+00 -1.000000000000000000e+00 -1.000000000000000000e+00 -1.000000000000000000e+00 -1.000000000000000000e+00 5.256530000000000200e+02 7.970879999999999654e+02 2.132000000000000117e+00 1.280999999999999917e+00 4.214500000000000135e+00 1.804499999999999993e+00
1.000000000000000000e+00 5.298000000000000000e+03 -1.000000000000000000e+00 -1.000000000000000000e+00 -1.000000000000000000e+00 -1.000000000000000000e+00 -1.000000000000000000e+00 5.304400000000000546e+02 8.026929999999999836e+02 2.129999999999999893e+00 1.282999999999999918e+00 4.455000000000000071e+00 1.802000000000000046e+00
2.000000000000000000e+00 5.282000000000000000e+03 -1.000000000000000000e+00 -1.000000000000000000e+00 -1.000000000000000000e+00 -1.000000000000000000e+00 -1.000000000000000000e+00 5.046619999999999777e+02 7.506340000000000146e+02 1.445999999999999952e+00 1.905999999999999917e+00 3.204000000000000181e+00 1.518999999999999906e+00
2.000000000000000000e+00 5.283000000000000000e+03 -1.000000000000000000e+00 -1.000000000000000000e+00 -1.000000000000000000e+00 -1.000000000000000000e+00 -1.000000000000000000e+00 5.093670000000000186e+02 8.287830000000000155e+02 1.661000000000000032e+00 1.102500000000000036e+00 3.615499999999999936e+00 1.660500000000000087e+00
2.000000000000000000e+00 5.285000000000000000e+03 -1.000000000000000000e+00 -1.000000000000000000e+00 -1.000000000000000000e+00 -1.000000000000000000e+00 -1.000000000000000000e+00 5.238809999999999718e+02 7.943659999999999854e+02 1.326999999999999957e+00 1.131999999999999895e+00 2.883999999999999897e+00 1.000000000000000000e+00
2.000000000000000000e+00 5.286000000000000000e+03 -1.000000000000000000e+00 -1.000000000000000000e+00 -1.000000000000000000e+00 -1.000000000000000000e+00 -1.000000000000000000e+00 5.085450000000000159e+02 7.989610000000000127e+02 1.020999999999999908e+00 1.129999999999999893e+00 2.669000000000000039e+00 9.439999999999999503e-01
2.000000000000000000e+00 5.287000000000000000e+03 -1.000000000000000000e+00 -1.000000000000000000e+00 -1.000000000000000000e+00 -1.000000000000000000e+00 -1.000000000000000000e+00 5.424950000000000045e+02 8.158529999999999518e+02 2.551000000000000156e+00 1.155000000000000027e+00 4.235000000000000320e+00 2.105500000000000149e+00
2.000000000000000000e+00 5.288000000000000000e+03 -1.000000000000000000e+00 -1.000000000000000000e+00 -1.000000000000000000e+00 -1.000000000000000000e+00 -1.000000000000000000e+00 5.019859999999999900e+02 8.166330000000000382e+02 1.747999999999999998e+00 1.366000000000000103e+00 4.545499999999999652e+00 1.812999999999999945e+00
2.000000000000000000e+00 5.292000000000000000e+03 -1.000000000000000000e+00 -1.000000000000000000e+00 -1.000000000000000000e+00 -1.000000000000000000e+00 -1.000000000000000000e+00 5.372789999999999964e+02 8.107889999999999873e+02 2.470000000000000195e+00 1.181999999999999940e+00 4.298000000000000043e+00 1.858500000000000041e+00
2.000000000000000000e+00 5.294000000000000000e+03 -1.000000000000000000e+00 -1.000000000000000000e+00 -1.000000000000000000e+00 -1.000000000000000000e+00 -1.000000000000000000e+00 5.462380000000000564e+02 7.953799999999999955e+02 2.274999999999999911e+00 1.421999999999999931e+00 4.815000000000000391e+00 1.797500000000000098e+00
2.000000000000000000e+00 5.295000000000000000e+03 -1.000000000000000000e+00 -1.000000000000000000e+00 -1.000000000000000000e+00 -1.000000000000000000e+00 -1.000000000000000000e+00 5.069390000000000214e+02 8.265389999999999873e+02 1.661000000000000032e+00 1.229500000000000037e+00 3.892999999999999794e+00 1.733500000000000041e+00
2.000000000000000000e+00 5.301000000000000000e+03 -1.000000000000000000e+00 -1.000000000000000000e+00 -1.000000000000000000e+00 -1.000000000000000000e+00 -1.000000000000000000e+00 5.112860000000000014e+02 8.319840000000000373e+02 1.778999999999999915e+00 1.332000000000000073e+00 4.198500000000000121e+00 1.601499999999999924e+00
2.000000000000000000e+00 5.297000000000000000e+03 -1.000000000000000000e+00 -1.000000000000000000e+00 -1.000000000000000000e+00 -1.000000000000000000e+00 -1.000000000000000000e+00 5.256530000000000200e+02 7.970879999999999654e+02 2.132000000000000117e+00 1.280999999999999917e+00 4.214500000000000135e+00 1.804499999999999993e+00
2.000000000000000000e+00 5.298000000000000000e+03 -1.000000000000000000e+00 -1.000000000000000000e+00 -1.000000000000000000e+00 -1.000000000000000000e+00 -1.000000000000000000e+00 5.304400000000000546e+02 8.026929999999999836e+02 2.140000000000000124e+00 1.282999999999999918e+00 4.455000000000000071e+00 1.802000000000000046e+00
3.000000000000000000e+00 5.283000000000000000e+03 -1.000000000000000000e+00 -1.000000000000000000e+00 -1.000000000000000000e+00 -1.000000000000000000e+00 -1.000000000000000000e+00 5.093050000000000068e+02 8.288759999999999764e+02 1.560999999999999943e+00 1.102500000000000036e+00 3.615499999999999936e+00 1.660500000000000087e+00
3.000000000000000000e+00 5.285000000000000000e+03 -1.000000000000000000e+00 -1.000000000000000000e+00 -1.000000000000000000e+00 -1.000000000000000000e+00 -1.000000000000000000e+00 5.238809999999999718e+02 7.943659999999999854e+02 1.377000000000000002e+00 1.131999999999999895e+00 2.883999999999999897e+00 1.000000000000000000e+00
3.000000000000000000e+00 5.286000000000000000e+03 -1.000000000000000000e+00 -1.000000000000000000e+00 -1.000000000000000000e+00 -1.000000000000000000e+00 -1.000000000000000000e+00 5.085450000000000159e+02 7.989610000000000127e+02 1.070999999999999952e+00 1.129999999999999893e+00 2.669000000000000039e+00 9.439999999999999503e-01
3.000000000000000000e+00 5.287000000000000000e+03 -1.000000000000000000e+00 -1.000000000000000000e+00 -1.000000000000000000e+00 -1.000000000000000000e+00 -1.000000000000000000e+00 5.422400000000000091e+02 8.160929999999999609e+02 2.293000000000000149e+00 1.155000000000000027e+00 4.235000000000000320e+00 2.105500000000000149e+00
3.000000000000000000e+00 5.288000000000000000e+03 -1.000000000000000000e+00 -1.000000000000000000e+00 -1.000000000000000000e+00 -1.000000000000000000e+00 -1.000000000000000000e+00 5.019859999999999900e+02 8.166330000000000382e+02 1.747999999999999998e+00 1.366000000000000103e+00 4.545499999999999652e+00 1.812999999999999945e+00
3.000000000000000000e+00 5.292000000000000000e+03 -1.000000000000000000e+00 -1.000000000000000000e+00 -1.000000000000000000e+00 -1.000000000000000000e+00 -1.000000000000000000e+00 5.372640000000000100e+02 8.108179999999999836e+02 2.455000000000000071e+00 1.181999999999999940e+00 4.298000000000000043e+00 1.858500000000000041e+00
3.000000000000000000e+00 5.294000000000000000e+03 -1.000000000000000000e+00 -1.000000000000000000e+00 -1.000000000000000000e+00 -1.000000000000000000e+00 -1.000000000000000000e+00 5.462380000000000564e+02 7.953799999999999955e+02 2.325000000000000178e+00 1.421999999999999931e+00 4.815000000000000391e+00 1.797500000000000098e+00
3.000000000000000000e+00 5.295000000000000000e+03 -1.000000000000000000e+00 -1.000000000000000000e+00 -1.000000000000000000e+00 -1.000000000000000000e+00 -1.000000000000000000e+00 5.069390000000000214e+02 8.265389999999999873e+02 1.661000000000000032e+00 1.229500000000000037e+00 3.892999999999999794e+00 1.733500000000000041e+00
3.000000000000000000e+00 5.301000000000000000e+03 -1.000000000000000000e+00 -1.000000000000000000e+00 -1.000000000000000000e+00 -1.000000000000000000e+00 -1.000000000000000000e+00 5.112860000000000014e+02 8.319840000000000373e+02 1.929000000000000048e+00 1.332000000000000073e+00 4.198500000000000121e+00 1.601499999999999924e+00
3.000000000000000000e+00 5.297000000000000000e+03 -1.000000000000000000e+00 -1.000000000000000000e+00 -1.000000000000000000e+00 -1.000000000000000000e+00 -1.000000000000000000e+00 5.256530000000000200e+02 7.970879999999999654e+02 2.132000000000000117e+00 1.280999999999999917e+00 4.214500000000000135e+00 1.804499999999999993e+00
3.000000000000000000e+00 5.298000000000000000e+03 -1.000000000000000000e+00 -1.000000000000000000e+00 -1.000000000000000000e+00 -1.000000000000000000e+00 -1.000000000000000000e+00 5.304400000000000546e+02 8.026929999999999836e+02 2.149999999999999911e+00 1.282999999999999918e+00 4.455000000000000071e+00 1.802000000000000046e+00
4.000000000000000000e+00 5.285000000000000000e+03 -1.000000000000000000e+00 -1.000000000000000000e+00 -1.000000000000000000e+00 -1.000000000000000000e+00 -1.000000000000000000e+00 5.238809999999999718e+02 7.943659999999999854e+02 1.427000000000000046e+00 1.131999999999999895e+00 2.883999999999999897e+00 1.000000000000000000e+00
4.000000000000000000e+00 5.286000000000000000e+03 -1.000000000000000000e+00 -1.000000000000000000e+00 -1.000000000000000000e+00 -1.000000000000000000e+00 -1.000000000000000000e+00 5.085450000000000159e+02 7.989610000000000127e+02 1.171000000000000041e+00 1.129999999999999893e+00 2.669000000000000039e+00 9.439999999999999503e-01
4.000000000000000000e+00 5.287000000000000000e+03 -1.000000000000000000e+00 -1.000000000000000000e+00 -1.000000000000000000e+00 -1.000000000000000000e+00 -1.000000000000000000e+00 5.423529999999999518e+02 8.159439999999999600e+02 2.471999999999999975e+00 1.155000000000000027e+00 4.235000000000000320e+00 2.105500000000000149e+00
4.000000000000000000e+00 5.288000000000000000e+03 -1.000000000000000000e+00 -1.000000000000000000e+00 -1.000000000000000000e+00 -1.000000000000000000e+00 -1.000000000000000000e+00 5.019859999999999900e+02 8.166330000000000382e+02 1.747999999999999998e+00 1.366000000000000103e+00 4.545499999999999652e+00 1.812999999999999945e+00
4.000000000000000000e+00 5.292000000000000000e+03 -1.000000000000000000e+00 -1.000000000000000000e+00 -1.000000000000000000e+00 -1.000000000000000000e+00 -1.000000000000000000e+00 5.372490000000000236e+02 8.108469999999999800e+02 2.439000000000000057e+00 1.181999999999999940e+00 4.298000000000000043e+00 1.858500000000000041e+00
4.000000000000000000e+00 5.302000000000000000e+03 -1.000000000000000000e+00 -1.000000000000000000e+00 -1.000000000000000000e+00 -1.000000000000000000e+00 -1.000000000000000000e+00 4.544580000000000268e+02 7.837949999999999591e+02 1.377000000000000002e+00 1.112000000000000099e+00 3.032500000000000195e+00 1.000000000000000000e+00
4.000000000000000000e+00 5.294000000000000000e+03 -1.000000000000000000e+00 -1.000000000000000000e+00 -1.000000000000000000e+00 -1.000000000000000000e+00 -1.000000000000000000e+00 5.462380000000000564e+02 7.953799999999999955e+02 2.325000000000000178e+00 1.421999999999999931e+00 4.815000000000000391e+00 1.797500000000000098e+00
4.000000000000000000e+00 5.295000000000000000e+03 -1.000000000000000000e+00 -1.000000000000000000e+00 -1.000000000000000000e+00 -1.000000000000000000e+00 -1.000000000000000000e+00 5.069390000000000214e+02 8.265389999999999873e+02 1.560999999999999943e+00 1.229500000000000037e+00 3.892999999999999794e+00 1.733500000000000041e+00
4.000000000000000000e+00 5.297000000000000000e+03 -1.000000000000000000e+00 -1.000000000000000000e+00 -1.000000000000000000e+00 -1.000000000000000000e+00 -1.000000000000000000e+00 5.256530000000000200e+02 7.970879999999999654e+02 2.132000000000000117e+00 1.280999999999999917e+00 4.214500000000000135e+00 1.804499999999999993e+00
4.000000000000000000e+00 5.298000000000000000e+03 -1.000000000000000000e+00 -1.000000000000000000e+00 -1.000000000000000000e+00 -1.000000000000000000e+00 -1.000000000000000000e+00 5.304400000000000546e+02 8.026929999999999836e+02 2.160000000000000142e+00 1.282999999999999918e+00 4.455000000000000071e+00 1.802000000000000046e+00
4.000000000000000000e+00 5.283000000000000000e+03 -1.000000000000000000e+00 -1.000000000000000000e+00 -1.000000000000000000e+00 -1.000000000000000000e+00 -1.000000000000000000e+00 5.092486468588152775e+02 8.289602929338730064e+02 1.537322209586249544e+00 1.102500000000000036e+00 3.615499999999999936e+00 1.660500000000000309e+00
4.000000000000000000e+00 5.301000000000000000e+03 -1.000000000000000000e+00 -1.000000000000000000e+00 -1.000000000000000000e+00 -1.000000000000000000e+00 -1.000000000000000000e+00 5.112860000000000582e+02 8.319840000000001510e+02 1.929000000000000048e+00 1.332000000000000073e+00 4.198500000000000121e+00 1.601500000000000146e+00
5.000000000000000000e+00 5.283000000000000000e+03 -1.000000000000000000e+00 -1.000000000000000000e+00 -1.000000000000000000e+00 -1.000000000000000000e+00 -1.000000000000000000e+00 5.091859999999999786e+02 8.290539999999999736e+02 1.510999999999999899e+00 1.102500000000000036e+00 3.615499999999999936e+00 1.660500000000000087e+00
5.000000000000000000e+00 5.285000000000000000e+03 -1.000000000000000000e+00 -1.000000000000000000e+00 -1.000000000000000000e+00 -1.000000000000000000e+00 -1.000000000000000000e+00 5.238809999999999718e+02 7.943659999999999854e+02 1.395999999999999908e+00 1.131999999999999895e+00 2.883999999999999897e+00 1.000000000000000000e+00
5.000000000000000000e+00 5.286000000000000000e+03 -1.000000000000000000e+00 -1.000000000000000000e+00 -1.000000000000000000e+00 -1.000000000000000000e+00 -1.000000000000000000e+00 5.085450000000000159e+02 7.989610000000000127e+02 1.221000000000000085e+00 1.129999999999999893e+00 2.669000000000000039e+00 9.439999999999999503e-01
5.000000000000000000e+00 5.288000000000000000e+03 -1.000000000000000000e+00 -1.000000000000000000e+00 -1.000000000000000000e+00 -1.000000000000000000e+00 -1.000000000000000000e+00 5.019859999999999900e+02 8.166330000000000382e+02 1.747999999999999998e+00 1.366000000000000103e+00 4.545499999999999652e+00 1.812999999999999945e+00
5.000000000000000000e+00 5.292000000000000000e+03 -1.000000000000000000e+00 -1.000000000000000000e+00 -1.000000000000000000e+00 -1.000000000000000000e+00 -1.000000000000000000e+00 5.372350000000000136e+02 8.108730000000000473e+02 2.426000000000000156e+00 1.181999999999999940e+00 4.298000000000000043e+00 1.858500000000000041e+00
5.000000000000000000e+00 5.302000000000000000e+03 -1.000000000000000000e+00 -1.000000000000000000e+00 -1.000000000000000000e+00 -1.000000000000000000e+00 -1.000000000000000000e+00 4.544580000000000268e+02 7.837949999999999591e+02 1.326999999999999957e+00 1.112000000000000099e+00 3.032500000000000195e+00 1.000000000000000000e+00
5.000000000000000000e+00 5.295000000000000000e+03 -1.000000000000000000e+00 -1.000000000000000000e+00 -1.000000000000000000e+00 -1.000000000000000000e+00 -1.000000000000000000e+00 5.069390000000000214e+02 8.265389999999999873e+02 1.510999999999999899e+00 1.229500000000000037e+00 3.892999999999999794e+00 1.733500000000000041e+00
5.000000000000000000e+00 5.301000000000000000e+03 -1.000000000000000000e+00 -1.000000000000000000e+00 -1.000000000000000000e+00 -1.000000000000000000e+00 -1.000000000000000000e+00 5.112860000000000014e+02 8.319840000000000373e+02 1.929000000000000048e+00 1.332000000000000073e+00 4.198500000000000121e+00 1.601499999999999924e+00
5.000000000000000000e+00 5.297000000000000000e+03 -1.000000000000000000e+00 -1.000000000000000000e+00 -1.000000000000000000e+00 -1.000000000000000000e+00 -1.000000000000000000e+00 5.256530000000000200e+02 7.970879999999999654e+02 2.132000000000000117e+00 1.280999999999999917e+00 4.214500000000000135e+00 1.804499999999999993e+00
5.000000000000000000e+00 5.298000000000000000e+03 -1.000000000000000000e+00 -1.000000000000000000e+00 -1.000000000000000000e+00 -1.000000000000000000e+00 -1.000000000000000000e+00 5.304400000000000546e+02 8.026929999999999836e+02 2.169000000000000039e+00 1.282999999999999918e+00 4.455000000000000071e+00 1.802000000000000046e+00
6.000000000000000000e+00 5.286000000000000000e+03 -1.000000000000000000e+00 -1.000000000000000000e+00 -1.000000000000000000e+00 -1.000000000000000000e+00 -1.000000000000000000e+00 5.085450000000000159e+02 7.989610000000000127e+02 1.171000000000000041e+00 1.129999999999999893e+00 2.669000000000000039e+00 9.439999999999999503e-01
6.000000000000000000e+00 5.288000000000000000e+03 -1.000000000000000000e+00 -1.000000000000000000e+00 -1.000000000000000000e+00 -1.000000000000000000e+00 -1.000000000000000000e+00 5.019859999999999900e+02 8.166330000000000382e+02 1.747999999999999998e+00 1.366000000000000103e+00 4.545499999999999652e+00 1.812999999999999945e+00
6.000000000000000000e+00 5.292000000000000000e+03 -1.000000000000000000e+00 -1.000000000000000000e+00 -1.000000000000000000e+00 -1.000000000000000000e+00 -1.000000000000000000e+00 5.372200000000000273e+02 8.109020000000000437e+02 2.410000000000000142e+00 1.181999999999999940e+00 4.298000000000000043e+00 1.858500000000000041e+00
6.000000000000000000e+00 5.304000000000000000e+03 -1.000000000000000000e+00 -1.000000000000000000e+00 -1.000000000000000000e+00 -1.000000000000000000e+00 -1.000000000000000000e+00 4.490760000000000218e+02 7.773669999999999618e+02 1.377000000000000002e+00 1.211000000000000076e+00 2.732000000000000206e+00 1.000000000000000000e+00
6.000000000000000000e+00 5.302000000000000000e+03 -1.000000000000000000e+00 -1.000000000000000000e+00 -1.000000000000000000e+00 -1.000000000000000000e+00 -1.000000000000000000e+00 4.544580000000000268e+02 7.837949999999999591e+02 1.276999999999999913e+00 1.112000000000000099e+00 3.032500000000000195e+00 1.000000000000000000e+00
6.000000000000000000e+00 5.295000000000000000e+03 -1.000000000000000000e+00 -1.000000000000000000e+00 -1.000000000000000000e+00 -1.000000000000000000e+00 -1.000000000000000000e+00 5.069390000000000214e+02 8.265389999999999873e+02 1.578000000000000069e+00 1.229500000000000037e+00 3.892999999999999794e+00 1.733500000000000041e+00
6.000000000000000000e+00 5.297000000000000000e+03 -1.000000000000000000e+00 -1.000000000000000000e+00 -1.000000000000000000e+00 -1.000000000000000000e+00 -1.000000000000000000e+00 5.256530000000000200e+02 7.970879999999999654e+02 2.132000000000000117e+00 1.280999999999999917e+00 4.214500000000000135e+00 1.804499999999999993e+00
6.000000000000000000e+00 5.298000000000000000e+03 -1.000000000000000000e+00 -1.000000000000000000e+00 -1.000000000000000000e+00 -1.000000000000000000e+00 -1.000000000000000000e+00 5.304400000000000546e+02 8.026929999999999836e+02 2.180000000000000160e+00 1.282999999999999918e+00 4.455000000000000071e+00 1.802000000000000046e+00
6.000000000000000000e+00 5.283000000000000000e+03 -1.000000000000000000e+00 -1.000000000000000000e+00 -1.000000000000000000e+00 -1.000000000000000000e+00 -1.000000000000000000e+00 5.090033035621796103e+02 8.291780202096151697e+02 1.636353760256289647e+00 1.102500000000000036e+00 3.615499999999999936e+00 1.660500000000000087e+00
6.000000000000000000e+00 5.285000000000000000e+03 -1.000000000000000000e+00 -1.000000000000000000e+00 -1.000000000000000000e+00 -1.000000000000000000e+00 -1.000000000000000000e+00 5.238809999999999718e+02 7.943659999999999854e+02 1.361483203186310886e+00 1.131999999999999895e+00 2.883999999999999897e+00 1.000000000000000000e+00
6.000000000000000000e+00 5.301000000000000000e+03 -1.000000000000000000e+00 -1.000000000000000000e+00 -1.000000000000000000e+00 -1.000000000000000000e+00 -1.000000000000000000e+00 5.112860000000000014e+02 8.319840000000000373e+02 2.087329307801668143e+00 1.332000000000000073e+00 4.198500000000000121e+00 1.601499999999999924e+00
7.000000000000000000e+00 5.285000000000000000e+03 -1.000000000000000000e+00 -1.000000000000000000e+00 -1.000000000000000000e+00 -1.000000000000000000e+00 -1.000000000000000000e+00 5.238809999999999718e+02 7.943659999999999854e+02 1.326999999999999957e+00 1.131999999999999895e+00 2.883999999999999897e+00 1.000000000000000000e+00
7.000000000000000000e+00 5.286000000000000000e+03 -1.000000000000000000e+00 -1.000000000000000000e+00 -1.000000000000000000e+00 -1.000000000000000000e+00 -1.000000000000000000e+00 5.086150000000000091e+02 7.990470000000000255e+02 1.171000000000000041e+00 1.129999999999999893e+00 2.669000000000000039e+00 9.439999999999999503e-01
7.000000000000000000e+00 5.288000000000000000e+03 -1.000000000000000000e+00 -1.000000000000000000e+00 -1.000000000000000000e+00 -1.000000000000000000e+00 -1.000000000000000000e+00 5.019859999999999900e+02 8.166330000000000382e+02 1.747999999999999998e+00 1.366000000000000103e+00 4.545499999999999652e+00 1.812999999999999945e+00
7.000000000000000000e+00 5.292000000000000000e+03 -1.000000000000000000e+00 -1.000000000000000000e+00 -1.000000000000000000e+00 -1.000000000000000000e+00 -1.000000000000000000e+00 5.372050000000000409e+02 8.109320000000000164e+02 2.395000000000000018e+00 1.181999999999999940e+00 4.298000000000000043e+00 1.858500000000000041e+00
7.000000000000000000e+00 5.304000000000000000e+03 -1.000000000000000000e+00 -1.000000000000000000e+00 -1.000000000000000000e+00 -1.000000000000000000e+00 -1.000000000000000000e+00 4.490760000000000218e+02 7.773669999999999618e+02 1.326999999999999957e+00 1.211000000000000076e+00 2.732000000000000206e+00 1.000000000000000000e+00
7.000000000000000000e+00 5.302000000000000000e+03 -1.000000000000000000e+00 -1.000000000000000000e+00 -1.000000000000000000e+00 -1.000000000000000000e+00 -1.000000000000000000e+00 4.544580000000000268e+02 7.837949999999999591e+02 1.227000000000000091e+00 1.112000000000000099e+00 3.032500000000000195e+00 1.000000000000000000e+00
7.000000000000000000e+00 5.297000000000000000e+03 -1.000000000000000000e+00 -1.000000000000000000e+00 -1.000000000000000000e+00 -1.000000000000000000e+00 -1.000000000000000000e+00 5.256530000000000200e+02 7.970879999999999654e+02 2.132000000000000117e+00 1.280999999999999917e+00 4.214500000000000135e+00 1.804499999999999993e+00
7.000000000000000000e+00 5.298000000000000000e+03 -1.000000000000000000e+00 -1.000000000000000000e+00 -1.000000000000000000e+00 -1.000000000000000000e+00 -1.000000000000000000e+00 5.304400000000000546e+02 8.026929999999999836e+02 2.129999999999999893e+00 1.282999999999999918e+00 4.455000000000000071e+00 1.802000000000000046e+00
7.000000000000000000e+00 5.283000000000000000e+03 -1.000000000000000000e+00 -1.000000000000000000e+00 -1.000000000000000000e+00 -1.000000000000000000e+00 -1.000000000000000000e+00 5.090946960725300414e+02 8.291159800383554739e+02 1.573646490380801843e+00 1.102500000000000036e+00 3.615499999999999936e+00 1.660500000000000309e+00
7.000000000000000000e+00 5.295000000000000000e+03 -1.000000000000000000e+00 -1.000000000000000000e+00 -1.000000000000000000e+00 -1.000000000000000000e+00 -1.000000000000000000e+00 5.069390000000000782e+02 8.265389999999999873e+02 1.644467756560406890e+00 1.229500000000000259e+00 3.892999999999999794e+00 1.733500000000000263e+00
7.000000000000000000e+00 5.301000000000000000e+03 -1.000000000000000000e+00 -1.000000000000000000e+00 -1.000000000000000000e+00 -1.000000000000000000e+00 -1.000000000000000000e+00 5.112860000000000014e+02 8.319840000000000373e+02 2.045618019905229623e+00 1.332000000000000073e+00 4.198500000000000121e+00 1.601499999999999924e+00
8.000000000000000000e+00 5.283000000000000000e+03 -1.000000000000000000e+00 -1.000000000000000000e+00 -1.000000000000000000e+00 -1.000000000000000000e+00 -1.000000000000000000e+00 5.089119999999999777e+02 8.292400000000000091e+02 1.699000000000000066e+00 1.102500000000000036e+00 3.615499999999999936e+00 1.660500000000000087e+00
8.000000000000000000e+00 5.286000000000000000e+03 -1.000000000000000000e+00 -1.000000000000000000e+00 -1.000000000000000000e+00 -1.000000000000000000e+00 -1.000000000000000000e+00 5.086150000000000091e+02 7.990470000000000255e+02 1.171000000000000041e+00 1.129999999999999893e+00 2.669000000000000039e+00 9.439999999999999503e-01
8.000000000000000000e+00 5.288000000000000000e+03 -1.000000000000000000e+00 -1.000000000000000000e+00 -1.000000000000000000e+00 -1.000000000000000000e+00 -1.000000000000000000e+00 5.019859999999999900e+02 8.166330000000000382e+02 1.747999999999999998e+00 1.366000000000000103e+00 4.545499999999999652e+00 1.812999999999999945e+00
8.000000000000000000e+00 5.304000000000000000e+03 -1.000000000000000000e+00 -1.000000000000000000e+00 -1.000000000000000000e+00 -1.000000000000000000e+00 -1.000000000000000000e+00 4.490760000000000218e+02 7.773669999999999618e+02 1.276999999999999913e+00 1.211000000000000076e+00 2.732000000000000206e+00 1.000000000000000000e+00
8.000000000000000000e+00 5.302000000000000000e+03 -1.000000000000000000e+00 -1.000000000000000000e+00 -1.000000000000000000e+00 -1.000000000000000000e+00 -1.000000000000000000e+00 4.544580000000000268e+02 7.837949999999999591e+02 1.177000000000000046e+00 1.112000000000000099e+00 3.032500000000000195e+00 1.000000000000000000e+00
8.000000000000000000e+00 5.295000000000000000e+03 -1.000000000000000000e+00 -1.000000000000000000e+00 -1.000000000000000000e+00 -1.000000000000000000e+00 -1.000000000000000000e+00 5.069390000000000214e+02 8.265389999999999873e+02 1.711000000000000076e+00 1.229500000000000037e+00 3.892999999999999794e+00 1.733500000000000041e+00
8.000000000000000000e+00 5.297000000000000000e+03 -1.000000000000000000e+00 -1.000000000000000000e+00 -1.000000000000000000e+00 -1.000000000000000000e+00 -1.000000000000000000e+00 5.256530000000000200e+02 7.970879999999999654e+02 2.132000000000000117e+00 1.280999999999999917e+00 4.214500000000000135e+00 1.804499999999999993e+00
8.000000000000000000e+00 5.298000000000000000e+03 -1.000000000000000000e+00 -1.000000000000000000e+00 -1.000000000000000000e+00 -1.000000000000000000e+00 -1.000000000000000000e+00 5.304400000000000546e+02 8.026929999999999836e+02 2.137999999999999901e+00 1.282999999999999918e+00 4.455000000000000071e+00 1.802000000000000046e+00
8.000000000000000000e+00 5.285000000000000000e+03 -1.000000000000000000e+00 -1.000000000000000000e+00 -1.000000000000000000e+00 -1.000000000000000000e+00 -1.000000000000000000e+00 5.238809999999999718e+02 7.943659999999999854e+02 1.359133610676273474e+00 1.131999999999999895e+00 2.883999999999999897e+00 1.000000000000000000e+00
8.000000000000000000e+00 5.301000000000000000e+03 -1.000000000000000000e+00 -1.000000000000000000e+00 -1.000000000000000000e+00 -1.000000000000000000e+00 -1.000000000000000000e+00 5.112859999999999445e+02 8.319839999999999236e+02 2.003947160989451248e+00 1.332000000000000073e+00 4.198500000000000121e+00 1.601499999999999702e+00
9.000000000000000000e+00 5.286000000000000000e+03 -1.000000000000000000e+00 -1.000000000000000000e+00 -1.000000000000000000e+00 -1.000000000000000000e+00 -1.000000000000000000e+00 5.086150000000000091e+02 7.990470000000000255e+02 1.171000000000000041e+00 1.129999999999999893e+00 2.669000000000000039e+00 9.439999999999999503e-01
9.000000000000000000e+00 5.288000000000000000e+03 -1.000000000000000000e+00 -1.000000000000000000e+00 -1.000000000000000000e+00 -1.000000000000000000e+00 -1.000000000000000000e+00 5.019859999999999900e+02 8.166330000000000382e+02 1.747999999999999998e+00 1.366000000000000103e+00 4.545499999999999652e+00 1.812999999999999945e+00
9.000000000000000000e+00 5.304000000000000000e+03 -1.000000000000000000e+00 -1.000000000000000000e+00 -1.000000000000000000e+00 -1.000000000000000000e+00 -1.000000000000000000e+00 4.490760000000000218e+02 7.773669999999999618e+02 1.227000000000000091e+00 1.211000000000000076e+00 2.732000000000000206e+00 1.000000000000000000e+00
9.000000000000000000e+00 5.302000000000000000e+03 -1.000000000000000000e+00 -1.000000000000000000e+00 -1.000000000000000000e+00 -1.000000000000000000e+00 -1.000000000000000000e+00 4.544850000000000136e+02 7.838269999999999982e+02 1.177000000000000046e+00 1.112000000000000099e+00 3.032500000000000195e+00 1.000000000000000000e+00
9.000000000000000000e+00 5.295000000000000000e+03 -1.000000000000000000e+00 -1.000000000000000000e+00 -1.000000000000000000e+00 -1.000000000000000000e+00 -1.000000000000000000e+00 5.069390000000000214e+02 8.265389999999999873e+02 1.760999999999999899e+00 1.229500000000000037e+00 3.892999999999999794e+00 1.733500000000000041e+00
9.000000000000000000e+00 5.297000000000000000e+03 -1.000000000000000000e+00 -1.000000000000000000e+00 -1.000000000000000000e+00 -1.000000000000000000e+00 -1.000000000000000000e+00 5.256530000000000200e+02 7.970879999999999654e+02 2.132000000000000117e+00 1.280999999999999917e+00 4.214500000000000135e+00 1.804499999999999993e+00
9.000000000000000000e+00 5.298000000000000000e+03 -1.000000000000000000e+00 -1.000000000000000000e+00 -1.000000000000000000e+00 -1.000000000000000000e+00 -1.000000000000000000e+00 5.304400000000000546e+02 8.026929999999999836e+02 2.146999999999999797e+00 1.282999999999999918e+00 4.455000000000000071e+00 1.802000000000000046e+00
9.000000000000000000e+00 5.283000000000000000e+03 -1.000000000000000000e+00 -1.000000000000000000e+00 -1.000000000000000000e+00 -1.000000000000000000e+00 -1.000000000000000000e+00 5.088386311456446833e+02 8.292893572292935005e+02 1.748801889016919242e+00 1.102500000000000036e+00 3.615499999999999936e+00 1.660499999999999865e+00
9.000000000000000000e+00 5.285000000000000000e+03 -1.000000000000000000e+00 -1.000000000000000000e+00 -1.000000000000000000e+00 -1.000000000000000000e+00 -1.000000000000000000e+00 5.238809999999999718e+02 7.943659999999999854e+02 1.341288522434041619e+00 1.131999999999999895e+00 2.883999999999999897e+00 1.000000000000000000e+00
9.000000000000000000e+00 5.301000000000000000e+03 -1.000000000000000000e+00 -1.000000000000000000e+00 -1.000000000000000000e+00 -1.000000000000000000e+00 -1.000000000000000000e+00 5.112860000000000014e+02 8.319840000000001510e+02 1.962325983872587942e+00 1.332000000000000295e+00 4.198500000000000121e+00 1.601499999999999924e+00
1.000000000000000000e+01 5.283000000000000000e+03 -1.000000000000000000e+00 -1.000000000000000000e+00 -1.000000000000000000e+00 -1.000000000000000000e+00 -1.000000000000000000e+00 5.087470000000000141e+02 8.293509999999999991e+02 1.810999999999999943e+00 1.102500000000000036e+00 3.615499999999999936e+00 1.660500000000000087e+00
1.000000000000000000e+01 5.285000000000000000e+03 -1.000000000000000000e+00 -1.000000000000000000e+00 -1.000000000000000000e+00 -1.000000000000000000e+00 -1.000000000000000000e+00 5.238809999999999718e+02 7.943659999999999854e+02 1.377000000000000002e+00 1.131999999999999895e+00 2.883999999999999897e+00 1.000000000000000000e+00
1.000000000000000000e+01 5.286000000000000000e+03 -1.000000000000000000e+00 -1.000000000000000000e+00 -1.000000000000000000e+00 -1.000000000000000000e+00 -1.000000000000000000e+00 5.086150000000000091e+02 7.990470000000000255e+02 1.171000000000000041e+00 1.129999999999999893e+00 2.669000000000000039e+00 9.439999999999999503e-01
1.000000000000000000e+01 5.288000000000000000e+03 -1.000000000000000000e+00 -1.000000000000000000e+00 -1.000000000000000000e+00 -1.000000000000000000e+00 -1.000000000000000000e+00 5.019859999999999900e+02 8.166330000000000382e+02 1.747999999999999998e+00 1.366000000000000103e+00 4.545499999999999652e+00 1.812999999999999945e+00
1.000000000000000000e+01 5.304000000000000000e+03 -1.000000000000000000e+00 -1.000000000000000000e+00 -1.000000000000000000e+00 -1.000000000000000000e+00 -1.000000000000000000e+00 4.490760000000000218e+02 7.773669999999999618e+02 1.177000000000000046e+00 1.211000000000000076e+00 2.732000000000000206e+00 1.000000000000000000e+00
1.000000000000000000e+01 5.302000000000000000e+03 -1.000000000000000000e+00 -1.000000000000000000e+00 -1.000000000000000000e+00 -1.000000000000000000e+00 -1.000000000000000000e+00 4.544850000000000136e+02 7.838269999999999982e+02 1.227000000000000091e+00 1.112000000000000099e+00 3.032500000000000195e+00 1.000000000000000000e+00
1.000000000000000000e+01 5.295000000000000000e+03 -1.000000000000000000e+00 -1.000000000000000000e+00 -1.000000000000000000e+00 -1.000000000000000000e+00 -1.000000000000000000e+00 5.069390000000000214e+02 8.265389999999999873e+02 1.711000000000000076e+00 1.229500000000000037e+00 3.892999999999999794e+00 1.733500000000000041e+00
1.000000000000000000e+01 5.301000000000000000e+03 -1.000000000000000000e+00 -1.000000000000000000e+00 -1.000000000000000000e+00 -1.000000000000000000e+00 -1.000000000000000000e+00 5.112860000000000014e+02 8.319840000000000373e+02 2.129000000000000004e+00 1.332000000000000073e+00 4.198500000000000121e+00 1.601499999999999924e+00
1.000000000000000000e+01 5.297000000000000000e+03 -1.000000000000000000e+00 -1.000000000000000000e+00 -1.000000000000000000e+00 -1.000000000000000000e+00 -1.000000000000000000e+00 5.256530000000000200e+02 7.970879999999999654e+02 2.132000000000000117e+00 1.280999999999999917e+00 4.214500000000000135e+00 1.804499999999999993e+00
1.000000000000000000e+01 5.298000000000000000e+03 -1.000000000000000000e+00 -1.000000000000000000e+00 -1.000000000000000000e+00 -1.000000000000000000e+00 -1.000000000000000000e+00 5.304400000000000546e+02 8.026929999999999836e+02 2.153999999999999915e+00 1.282999999999999918e+00 4.455000000000000071e+00 1.802000000000000046e+00
1.100000000000000000e+01 5.283000000000000000e+03 -1.000000000000000000e+00 -1.000000000000000000e+00 -1.000000000000000000e+00 -1.000000000000000000e+00 -1.000000000000000000e+00 5.089239999999999782e+02 8.294349999999999454e+02 1.794999999999999929e+00 1.102500000000000036e+00 3.615499999999999936e+00 1.660500000000000087e+00
1.100000000000000000e+01 5.288000000000000000e+03 -1.000000000000000000e+00 -1.000000000000000000e+00 -1.000000000000000000e+00 -1.000000000000000000e+00 -1.000000000000000000e+00 5.019859999999999900e+02 8.166330000000000382e+02 1.747999999999999998e+00 1.366000000000000103e+00 4.545499999999999652e+00 1.812999999999999945e+00
1.100000000000000000e+01 5.304000000000000000e+03 -1.000000000000000000e+00 -1.000000000000000000e+00 -1.000000000000000000e+00 -1.000000000000000000e+00 -1.000000000000000000e+00 4.490760000000000218e+02 7.773669999999999618e+02 1.276999999999999913e+00 1.211000000000000076e+00 2.732000000000000206e+00 1.000000000000000000e+00
1.100000000000000000e+01 5.302000000000000000e+03 -1.000000000000000000e+00 -1.000000000000000000e+00 -1.000000000000000000e+00 -1.000000000000000000e+00 -1.000000000000000000e+00 4.544529999999999745e+02 7.838540000000000418e+02 1.227000000000000091e+00 1.112000000000000099e+00 3.032500000000000195e+00 1.000000000000000000e+00
1.100000000000000000e+01 5.295000000000000000e+03 -1.000000000000000000e+00 -1.000000000000000000e+00 -1.000000000000000000e+00 -1.000000000000000000e+00 -1.000000000000000000e+00 5.069390000000000214e+02 8.265389999999999873e+02 1.810999999999999943e+00 1.229500000000000037e+00 3.892999999999999794e+00 1.733500000000000041e+00
1.100000000000000000e+01 5.301000000000000000e+03 -1.000000000000000000e+00 -1.000000000000000000e+00 -1.000000000000000000e+00 -1.000000000000000000e+00 -1.000000000000000000e+00 5.112860000000000014e+02 8.319840000000000373e+02 2.153999999999999915e+00 1.332000000000000073e+00 4.198500000000000121e+00 1.601499999999999924e+00
1.100000000000000000e+01 5.297000000000000000e+03 -1.000000000000000000e+00 -1.000000000000000000e+00 -1.000000000000000000e+00 -1.000000000000000000e+00 -1.000000000000000000e+00 5.256530000000000200e+02 7.970879999999999654e+02 2.132000000000000117e+00 1.280999999999999917e+00 4.214500000000000135e+00 1.804499999999999993e+00
1.100000000000000000e+01 5.286000000000000000e+03 -1.000000000000000000e+00 -1.000000000000000000e+00 -1.000000000000000000e+00 -1.000000000000000000e+00 -1.000000000000000000e+00 5.086150000000000091e+02 7.990470000000000255e+02 1.171000000000000041e+00 1.129999999999999893e+00 2.669000000000000039e+00 9.439999999999999503e-01
1.200000000000000000e+01 5.283000000000000000e+03 -1.000000000000000000e+00 -1.000000000000000000e+00 -1.000000000000000000e+00 -1.000000000000000000e+00 -1.000000000000000000e+00 5.091009999999999991e+02 8.295199999999999818e+02 1.854999999999999982e+00 1.102500000000000036e+00 3.615499999999999936e+00 1.660500000000000087e+00
1.200000000000000000e+01 5.288000000000000000e+03 -1.000000000000000000e+00 -1.000000000000000000e+00 -1.000000000000000000e+00 -1.000000000000000000e+00 -1.000000000000000000e+00 5.019859999999999900e+02 8.166330000000000382e+02 1.747999999999999998e+00 1.366000000000000103e+00 4.545499999999999652e+00 1.812999999999999945e+00
1.200000000000000000e+01 5.302000000000000000e+03 -1.000000000000000000e+00 -1.000000000000000000e+00 -1.000000000000000000e+00 -1.000000000000000000e+00 -1.000000000000000000e+00 4.545169999999999959e+02 7.837999999999999545e+02 1.227000000000000091e+00 1.112000000000000099e+00 3.032500000000000195e+00 1.000000000000000000e+00
1.200000000000000000e+01 5.295000000000000000e+03 -1.000000000000000000e+00 -1.000000000000000000e+00 -1.000000000000000000e+00 -1.000000000000000000e+00 -1.000000000000000000e+00 5.069390000000000214e+02 8.265389999999999873e+02 1.911000000000000032e+00 1.229500000000000037e+00 3.892999999999999794e+00 1.733500000000000041e+00
1.200000000000000000e+01 5.301000000000000000e+03 -1.000000000000000000e+00 -1.000000000000000000e+00 -1.000000000000000000e+00 -1.000000000000000000e+00 -1.000000000000000000e+00 5.112860000000000014e+02 8.319840000000000373e+02 2.178999999999999826e+00 1.332000000000000073e+00 4.198500000000000121e+00 1.601499999999999924e+00
1.200000000000000000e+01 5.286000000000000000e+03 -1.000000000000000000e+00 -1.000000000000000000e+00 -1.000000000000000000e+00 -1.000000000000000000e+00 -1.000000000000000000e+00 5.086150000000000091e+02 7.990470000000000255e+02 1.171000000000000041e+00 1.129999999999999893e+00 2.669000000000000483e+00 9.439999999999999503e-01
1.200000000000000000e+01 5.304000000000000000e+03 -1.000000000000000000e+00 -1.000000000000000000e+00 -1.000000000000000000e+00 -1.000000000000000000e+00 -1.000000000000000000e+00 4.490760000000000218e+02 7.773669999999999618e+02 1.276999999999999913e+00 1.211000000000000076e+00 2.732000000000000206e+00 1.000000000000000000e+00
1.300000000000000000e+01 5.283000000000000000e+03 -1.000000000000000000e+00 -1.000000000000000000e+00 -1.000000000000000000e+00 -1.000000000000000000e+00 -1.000000000000000000e+00 5.092780000000000200e+02 8.296040000000000418e+02 1.913999999999999924e+00 1.102500000000000036e+00 3.615499999999999936e+00 1.660500000000000087e+00
1.300000000000000000e+01 5.286000000000000000e+03 -1.000000000000000000e+00 -1.000000000000000000e+00 -1.000000000000000000e+00 -1.000000000000000000e+00 -1.000000000000000000e+00 5.086150000000000091e+02 7.990470000000000255e+02 1.171000000000000041e+00 1.129999999999999893e+00 2.669000000000000039e+00 9.439999999999999503e-01
1.300000000000000000e+01 5.288000000000000000e+03 -1.000000000000000000e+00 -1.000000000000000000e+00 -1.000000000000000000e+00 -1.000000000000000000e+00 -1.000000000000000000e+00 5.019859999999999900e+02 8.166330000000000382e+02 1.747999999999999998e+00 1.366000000000000103e+00 4.545499999999999652e+00 1.812999999999999945e+00
1.300000000000000000e+01 5.304000000000000000e+03 -1.000000000000000000e+00 -1.000000000000000000e+00 -1.000000000000000000e+00 -1.000000000000000000e+00 -1.000000000000000000e+00 4.490760000000000218e+02 7.773669999999999618e+02 1.276999999999999913e+00 1.211000000000000076e+00 2.732000000000000206e+00 1.000000000000000000e+00
1.300000000000000000e+01 5.302000000000000000e+03 -1.000000000000000000e+00 -1.000000000000000000e+00 -1.000000000000000000e+00 -1.000000000000000000e+00 -1.000000000000000000e+00 4.545169999999999959e+02 7.837999999999999545e+02 1.201999999999999957e+00 1.112000000000000099e+00 3.032500000000000195e+00 1.000000000000000000e+00
1.300000000000000000e+01 5.295000000000000000e+03 -1.000000000000000000e+00 -1.000000000000000000e+00 -1.000000000000000000e+00 -1.000000000000000000e+00 -1.000000000000000000e+00 5.069390000000000214e+02 8.265389999999999873e+02 1.935999999999999943e+00 1.229500000000000037e+00 3.892999999999999794e+00 1.733500000000000041e+00
1.300000000000000000e+01 5.301000000000000000e+03 -1.000000000000000000e+00 -1.000000000000000000e+00 -1.000000000000000000e+00 -1.000000000000000000e+00 -1.000000000000000000e+00 5.112860000000000014e+02 8.319840000000000373e+02 2.178999999999999826e+00 1.332000000000000073e+00 4.198500000000000121e+00 1.601499999999999924e+00
1.400000000000000000e+01 5.283000000000000000e+03 -1.000000000000000000e+00 -1.000000000000000000e+00 -1.000000000000000000e+00 -1.000000000000000000e+00 -1.000000000000000000e+00 5.094540000000000077e+02 8.296879999999999882e+02 1.915000000000000036e+00 1.102500000000000036e+00 3.615499999999999936e+00 1.660500000000000087e+00
1.400000000000000000e+01 5.288000000000000000e+03 -1.000000000000000000e+00 -1.000000000000000000e+00 -1.000000000000000000e+00 -1.000000000000000000e+00 -1.000000000000000000e+00 5.020649999999999977e+02 8.165910000000000082e+02 1.747999999999999998e+00 1.366000000000000103e+00 4.545499999999999652e+00 1.812999999999999945e+00
1.400000000000000000e+01 5.304000000000000000e+03 -1.000000000000000000e+00 -1.000000000000000000e+00 -1.000000000000000000e+00 -1.000000000000000000e+00 -1.000000000000000000e+00 4.490760000000000218e+02 7.773669999999999618e+02 1.177000000000000046e+00 1.211000000000000076e+00 2.732000000000000206e+00 1.000000000000000000e+00
1.400000000000000000e+01 5.302000000000000000e+03 -1.000000000000000000e+00 -1.000000000000000000e+00 -1.000000000000000000e+00 -1.000000000000000000e+00 -1.000000000000000000e+00 4.545169999999999959e+02 7.837999999999999545e+02 1.177000000000000046e+00 1.112000000000000099e+00 3.032500000000000195e+00 1.000000000000000000e+00
1.400000000000000000e+01 5.295000000000000000e+03 -1.000000000000000000e+00 -1.000000000000000000e+00 -1.000000000000000000e+00 -1.000000000000000000e+00 -1.000000000000000000e+00 5.069390000000000214e+02 8.265389999999999873e+02 1.961000000000000076e+00 1.229500000000000037e+00 3.892999999999999794e+00 1.733500000000000041e+00
1.400000000000000000e+01 5.301000000000000000e+03 -1.000000000000000000e+00 -1.000000000000000000e+00 -1.000000000000000000e+00 -1.000000000000000000e+00 -1.000000000000000000e+00 5.112860000000000014e+02 8.319840000000000373e+02 2.178999999999999826e+00 1.332000000000000073e+00 4.198500000000000121e+00 1.601499999999999924e+00
1.500000000000000000e+01 5.288000000000000000e+03 -1.000000000000000000e+00 -1.000000000000000000e+00 -1.000000000000000000e+00 -1.000000000000000000e+00 -1.000000000000000000e+00 5.021279999999999859e+02 8.165579999999999927e+02 1.747999999999999998e+00 1.366000000000000103e+00 4.545499999999999652e+00 1.812999999999999945e+00
1.500000000000000000e+01 5.304000000000000000e+03 -1.000000000000000000e+00 -1.000000000000000000e+00 -1.000000000000000000e+00 -1.000000000000000000e+00 -1.000000000000000000e+00 4.490760000000000218e+02 7.773669999999999618e+02 1.227000000000000091e+00 1.211000000000000076e+00 2.732000000000000206e+00 1.000000000000000000e+00
1.500000000000000000e+01 5.302000000000000000e+03 -1.000000000000000000e+00 -1.000000000000000000e+00 -1.000000000000000000e+00 -1.000000000000000000e+00 -1.000000000000000000e+00 4.545169999999999959e+02 7.837999999999999545e+02 1.127000000000000002e+00 1.112000000000000099e+00 3.032500000000000195e+00 1.000000000000000000e+00
1.500000000000000000e+01 5.295000000000000000e+03 -1.000000000000000000e+00 -1.000000000000000000e+00 -1.000000000000000000e+00 -1.000000000000000000e+00 -1.000000000000000000e+00 5.069390000000000214e+02 8.265389999999999873e+02 1.961000000000000076e+00 1.229500000000000037e+00 3.892999999999999794e+00 1.733500000000000041e+00
1.600000000000000000e+01 5.288000000000000000e+03 -1.000000000000000000e+00 -1.000000000000000000e+00 -1.000000000000000000e+00 -1.000000000000000000e+00 -1.000000000000000000e+00 5.022069999999999936e+02 8.165159999999999627e+02 1.747999999999999998e+00 1.366000000000000103e+00 4.545499999999999652e+00 1.812999999999999945e+00
1.600000000000000000e+01 5.304000000000000000e+03 -1.000000000000000000e+00 -1.000000000000000000e+00 -1.000000000000000000e+00 -1.000000000000000000e+00 -1.000000000000000000e+00 4.490760000000000218e+02 7.773669999999999618e+02 1.211000000000000076e+00 1.211000000000000076e+00 2.732000000000000206e+00 1.000000000000000000e+00
1.600000000000000000e+01 5.302000000000000000e+03 -1.000000000000000000e+00 -1.000000000000000000e+00 -1.000000000000000000e+00 -1.000000000000000000e+00 -1.000000000000000000e+00 4.545169999999999959e+02 7.837999999999999545e+02 1.127000000000000002e+00 1.112000000000000099e+00 3.032500000000000195e+00 1.000000000000000000e+00
1.700000000000000000e+01 5.288000000000000000e+03 -1.000000000000000000e+00 -1.000000000000000000e+00 -1.000000000000000000e+00 -1.000000000000000000e+00 -1.000000000000000000e+00 5.022069999999999936e+02 8.165159999999999627e+02 1.747999999999999998e+00 1.366000000000000103e+00 4.545499999999999652e+00 1.812999999999999945e+00
1.700000000000000000e+01 5.302000000000000000e+03 -1.000000000000000000e+00 -1.000000000000000000e+00 -1.000000000000000000e+00 -1.000000000000000000e+00 -1.000000000000000000e+00 4.545169999999999959e+02 7.837999999999999545e+02 1.102000000000000091e+00 1.112000000000000099e+00 3.032500000000000195e+00 1.000000000000000000e+00
1.700000000000000000e+01 5.304000000000000000e+03 -1.000000000000000000e+00 -1.000000000000000000e+00 -1.000000000000000000e+00 -1.000000000000000000e+00 -1.000000000000000000e+00 4.490760000000000218e+02 7.773669999999999618e+02 1.194000136029926606e+00 1.211000000000000076e+00 2.732000000000000206e+00 1.000000000000000000e+00
1.800000000000000000e+01 5.288000000000000000e+03 -1.000000000000000000e+00 -1.000000000000000000e+00 -1.000000000000000000e+00 -1.000000000000000000e+00 -1.000000000000000000e+00 5.022069999999999936e+02 8.165159999999999627e+02 1.747999999999999998e+00 1.366000000000000103e+00 4.545499999999999652e+00 1.812999999999999945e+00
1.800000000000000000e+01 5.304000000000000000e+03 -1.000000000000000000e+00 -1.000000000000000000e+00 -1.000000000000000000e+00 -1.000000000000000000e+00 -1.000000000000000000e+00 4.490760000000000218e+02 7.773669999999999618e+02 1.177000000000000046e+00 1.211000000000000076e+00 2.732000000000000206e+00 1.000000000000000000e+00
1.800000000000000000e+01 5.302000000000000000e+03 -1.000000000000000000e+00 -1.000000000000000000e+00 -1.000000000000000000e+00 -1.000000000000000000e+00 -1.000000000000000000e+00 4.545169999999999959e+02 7.837999999999999545e+02 1.076999999999999957e+00 1.112000000000000099e+00 3.032500000000000195e+00 1.000000000000000000e+00
1.900000000000000000e+01 5.304000000000000000e+03 -1.000000000000000000e+00 -1.000000000000000000e+00 -1.000000000000000000e+00 -1.000000000000000000e+00 -1.000000000000000000e+00 4.490760000000000218e+02 7.773669999999999618e+02 1.177000000000000046e+00 1.211000000000000076e+00 2.732000000000000206e+00 1.000000000000000000e+00
1.900000000000000000e+01 5.302000000000000000e+03 -1.000000000000000000e+00 -1.000000000000000000e+00 -1.000000000000000000e+00 -1.000000000000000000e+00 -1.000000000000000000e+00 4.545169999999999959e+02 7.837999999999999545e+02 1.110321912397869815e+00 1.112000000000000099e+00 3.032500000000000639e+00 1.000000000000000000e+00
2.000000000000000000e+01 5.304000000000000000e+03 -1.000000000000000000e+00 -1.000000000000000000e+00 -1.000000000000000000e+00 -1.000000000000000000e+00 -1.000000000000000000e+00 4.490760000000000218e+02 7.773669999999999618e+02 1.177000000000000046e+00 1.211000000000000076e+00 2.732000000000000206e+00 1.000000000000000000e+00
2.000000000000000000e+01 5.302000000000000000e+03 -1.000000000000000000e+00 -1.000000000000000000e+00 -1.000000000000000000e+00 -1.000000000000000000e+00 -1.000000000000000000e+00 4.545170000000000528e+02 7.837999999999999545e+02 1.093660756221465746e+00 1.112000000000000099e+00 3.032500000000000639e+00 1.000000000000000000e+00
2.100000000000000000e+01 5.304000000000000000e+03 -1.000000000000000000e+00 -1.000000000000000000e+00 -1.000000000000000000e+00 -1.000000000000000000e+00 -1.000000000000000000e+00 4.490760000000000218e+02 7.773669999999999618e+02 1.276999999999999913e+00 1.211000000000000076e+00 2.732000000000000206e+00 1.000000000000000000e+00
2.100000000000000000e+01 5.302000000000000000e+03 -1.000000000000000000e+00 -1.000000000000000000e+00 -1.000000000000000000e+00 -1.000000000000000000e+00 -1.000000000000000000e+00 4.545169999999999959e+02 7.837999999999999545e+02 1.127000000000000002e+00 1.112000000000000099e+00 3.032500000000000195e+00 1.000000000000000000e+00
2.200000000000000000e+01 5.304000000000000000e+03 -1.000000000000000000e+00 -1.000000000000000000e+00 -1.000000000000000000e+00 -1.000000000000000000e+00 -1.000000000000000000e+00 4.490760000000000218e+02 7.773669999999999618e+02 1.276999999999999913e+00 1.211000000000000076e+00 2.732000000000000206e+00 1.000000000000000000e+00
2.200000000000000000e+01 5.302000000000000000e+03 -1.000000000000000000e+00 -1.000000000000000000e+00 -1.000000000000000000e+00 -1.000000000000000000e+00 -1.000000000000000000e+00 4.544850000000000136e+02 7.838279999999999745e+02 1.127000000000000002e+00 1.112000000000000099e+00 3.032500000000000195e+00 1.000000000000000000e+00
2.300000000000000000e+01 5.302000000000000000e+03 -1.000000000000000000e+00 -1.000000000000000000e+00 -1.000000000000000000e+00 -1.000000000000000000e+00 -1.000000000000000000e+00 4.544850000000000136e+02 7.838279999999999745e+02 1.127000000000000002e+00 1.112000000000000099e+00 3.032500000000000195e+00 1.000000000000000000e+00
2.800000000000000000e+01 5.316000000000000000e+03 -1.000000000000000000e+00 -1.000000000000000000e+00 -1.000000000000000000e+00 -1.000000000000000000e+00 -1.000000000000000000e+00 3.814839999999999804e+02 8.234790000000000418e+02 1.084000000000000075e+00 1.381499999999999950e+00 6.081000000000000405e+00 1.618999999999999995e+00
2.900000000000000000e+01 5.316000000000000000e+03 -1.000000000000000000e+00 -1.000000000000000000e+00 -1.000000000000000000e+00 -1.000000000000000000e+00 -1.000000000000000000e+00 3.829959999999999809e+02 8.258680000000000518e+02 1.102000000000000091e+00 1.381499999999999950e+00 6.081000000000000405e+00 1.618999999999999995e+00
3.000000000000000000e+01 5.316000000000000000e+03 -1.000000000000000000e+00 -1.000000000000000000e+00 -1.000000000000000000e+00 -1.000000000000000000e+00 -1.000000000000000000e+00 3.845659999999999741e+02 8.279230000000000018e+02 1.118999999999999995e+00 1.381499999999999950e+00 6.081000000000000405e+00 1.618999999999999995e+00
3.100000000000000000e+01 5.316000000000000000e+03 -1.000000000000000000e+00 -1.000000000000000000e+00 -1.000000000000000000e+00 -1.000000000000000000e+00 -1.000000000000000000e+00 3.863340000000000032e+02 8.292179999999999609e+02 1.135999999999999899e+00 1.381499999999999950e+00 6.081000000000000405e+00 1.618999999999999995e+00
3.200000000000000000e+01 5.316000000000000000e+03 -1.000000000000000000e+00 -1.000000000000000000e+00 -1.000000000000000000e+00 -1.000000000000000000e+00 -1.000000000000000000e+00 3.883659999999999854e+02 8.311250000000000000e+02 1.096000000000000085e+00 1.381499999999999950e+00 6.081000000000000405e+00 1.618999999999999995e+00
3.300000000000000000e+01 5.316000000000000000e+03 -1.000000000000000000e+00 -1.000000000000000000e+00 -1.000000000000000000e+00 -1.000000000000000000e+00 -1.000000000000000000e+00 3.900799999999999841e+02 8.321090000000000373e+02 1.145999999999999908e+00 1.381499999999999950e+00 6.081000000000000405e+00 1.618999999999999995e+00
3.400000000000000000e+01 5.316000000000000000e+03 -1.000000000000000000e+00 -1.000000000000000000e+00 -1.000000000000000000e+00 -1.000000000000000000e+00 -1.000000000000000000e+00 3.911580000000000155e+02 8.328319999999999936e+02 1.195999999999999952e+00 1.381499999999999950e+00 6.081000000000000405e+00 1.618999999999999995e+00
3.500000000000000000e+01 5.316000000000000000e+03 -1.000000000000000000e+00 -1.000000000000000000e+00 -1.000000000000000000e+00 -1.000000000000000000e+00 -1.000000000000000000e+00 3.930840000000000032e+02 8.333260000000000218e+02 1.245999999999999996e+00 1.381499999999999950e+00 6.081000000000000405e+00 1.618999999999999995e+00
3.600000000000000000e+01 5.316000000000000000e+03 -1.000000000000000000e+00 -1.000000000000000000e+00 -1.000000000000000000e+00 -1.000000000000000000e+00 -1.000000000000000000e+00 3.950600000000000023e+02 8.335710000000000264e+02 1.296000000000000041e+00 1.381499999999999950e+00 6.081000000000000405e+00 1.618999999999999995e+00
3.700000000000000000e+01 5.316000000000000000e+03 -1.000000000000000000e+00 -1.000000000000000000e+00 -1.000000000000000000e+00 -1.000000000000000000e+00 -1.000000000000000000e+00 3.970489999999999782e+02 8.335610000000000355e+02 1.346000000000000085e+00 1.381499999999999950e+00 6.081000000000000405e+00 1.618999999999999995e+00
3.800000000000000000e+01 5.316000000000000000e+03 -1.000000000000000000e+00 -1.000000000000000000e+00 -1.000000000000000000e+00 -1.000000000000000000e+00 -1.000000000000000000e+00 3.986720000000000255e+02 8.332559999999999718e+02 1.395999999999999908e+00 1.381499999999999950e+00 6.081000000000000405e+00 1.618999999999999995e+00
3.900000000000000000e+01 5.316000000000000000e+03 -1.000000000000000000e+00 -1.000000000000000000e+00 -1.000000000000000000e+00 -1.000000000000000000e+00 -1.000000000000000000e+00 4.002049999999999841e+02 8.327880000000000109e+02 1.395999999999999908e+00 1.381499999999999950e+00 6.081000000000000405e+00 1.618999999999999995e+00
4.000000000000000000e+01 5.316000000000000000e+03 -1.000000000000000000e+00 -1.000000000000000000e+00 -1.000000000000000000e+00 -1.000000000000000000e+00 -1.000000000000000000e+00 4.012540000000000191e+02 8.326889999999999645e+02 1.395999999999999908e+00 1.381499999999999950e+00 6.081000000000000405e+00 1.618999999999999995e+00
4.100000000000000000e+01 5.316000000000000000e+03 -1.000000000000000000e+00 -1.000000000000000000e+00 -1.000000000000000000e+00 -1.000000000000000000e+00 -1.000000000000000000e+00 4.025579999999999927e+02 8.323550000000000182e+02 1.395999999999999908e+00 1.381499999999999950e+00 6.081000000000000405e+00 1.618999999999999995e+00
