1.000000000000000000e+00 2.883000000000000000e+03 -1.000000000000000000e+00 -1.000000000000000000e+00 -1.000000000000000000e+00 -1.000000000000000000e+00 -1.000000000000000000e+00 1.610675999999999931e+03 1.318288999999999987e+03 8.990000000000000213e-01 3.280000000000000138e-01 3.865000000000000102e-01 9.094999999999999751e-01
1.000000000000000000e+00 2.885000000000000000e+03 -1.000000000000000000e+00 -1.000000000000000000e+00 -1.000000000000000000e+00 -1.000000000000000000e+00 -1.000000000000000000e+00 1.612269999999999982e+03 1.318314000000000078e+03 8.880000000000000115e-01 3.559999999999999831e-01 3.380000000000000226e-01 9.244999999999999885e-01
1.000000000000000000e+00 2.892000000000000000e+03 -1.000000000000000000e+00 -1.000000000000000000e+00 -1.000000000000000000e+00 -1.000000000000000000e+00 -1.000000000000000000e+00 1.644226000000000113e+03 1.304983999999999924e+03 9.629999999999999671e-01 3.039999999999999925e-01 4.099999999999999756e-01 8.760000000000000009e-01
1.000000000000000000e+00 2.893000000000000000e+03 -1.000000000000000000e+00 -1.000000000000000000e+00 -1.000000000000000000e+00 -1.000000000000000000e+00 -1.000000000000000000e+00 1.590853000000000065e+03 1.304545000000000073e+03 1.199999999999999956e+00 2.710000000000000187e-01 2.359999999999999876e-01 8.279999999999999583e-01
1.000000000000000000e+00 2.894000000000000000e+03 -1.000000000000000000e+00 -1.000000000000000000e+00 -1.000000000000000000e+00 -1.000000000000000000e+00 -1.000000000000000000e+00 1.612994999999999891e+03 1.314940000000000055e+03 7.810000000000000275e-01 2.974999999999999867e-01 4.570000000000000173e-01 8.824999999999999512e-01
1.000000000000000000e+00 2.900000000000000000e+03 -1.000000000000000000e+00 -1.000000000000000000e+00 -1.000000000000000000e+00 -1.000000000000000000e+00 -1.000000000000000000e+00 1.626855000000000018e+03 1.322041999999999916e+03 1.048000000000000043e+00 2.869999999999999774e-01 3.210000000000000075e-01 9.034999999999999698e-01
1.000000000000000000e+00 2.902000000000000000e+03 -1.000000000000000000e+00 -1.000000000000000000e+00 -1.000000000000000000e+00 -1.000000000000000000e+00 -1.000000000000000000e+00 1.626042999999999893e+03 1.321884000000000015e+03 1.072999999999999954e+00 2.974999999999999867e-01 3.664999999999999925e-01 8.139999999999999458e-01
1.000000000000000000e+00 2.903000000000000000e+03 -1.000000000000000000e+00 -1.000000000000000000e+00 -1.000000000000000000e+00 -1.000000000000000000e+00 -1.000000000000000000e+00 1.630365000000000009e+03 1.314433999999999969e+03 9.679999999999999716e-01 3.454999999999999738e-01 2.994999999999999885e-01 9.174999999999999822e-01
1.000000000000000000e+00 2.905000000000000000e+03 -1.000000000000000000e+00 -1.000000000000000000e+00 -1.000000000000000000e+00 -1.000000000000000000e+00 -1.000000000000000000e+00 1.621998000000000047e+03 1.284315000000000055e+03 9.070000000000000284e-01 2.675000000000000155e-01 3.614999999999999880e-01 6.764999999999999902e-01
2.000000000000000000e+00 2.883000000000000000e+03 -1.000000000000000000e+00 -1.000000000000000000e+00 -1.000000000000000000e+00 -1.000000000000000000e+00 -1.000000000000000000e+00 1.610634999999999991e+03 1.318964999999999918e+03 8.990000000000000213e-01 3.280000000000000138e-01 3.865000000000000102e-01 9.094999999999999751e-01
2.000000000000000000e+00 2.885000000000000000e+03 -1.000000000000000000e+00 -1.000000000000000000e+00 -1.000000000000000000e+00 -1.000000000000000000e+00 -1.000000000000000000e+00 1.612222999999999956e+03 1.319103000000000065e+03 9.479999999999999538e-01 3.559999999999999831e-01 3.380000000000000226e-01 9.244999999999999885e-01
2.000000000000000000e+00 2.892000000000000000e+03 -1.000000000000000000e+00 -1.000000000000000000e+00 -1.000000000000000000e+00 -1.000000000000000000e+00 -1.000000000000000000e+00 1.644805000000000064e+03 1.304479000000000042e+03 9.629999999999999671e-01 3.039999999999999925e-01 4.099999999999999756e-01 8.760000000000000009e-01
2.000000000000000000e+00 2.893000000000000000e+03 -1.000000000000000000e+00 -1.000000000000000000e+00 -1.000000000000000000e+00 -1.000000000000000000e+00 -1.000000000000000000e+00 1.590209000000000060e+03 1.304932000000000016e+03 1.199999999999999956e+00 2.710000000000000187e-01 2.359999999999999876e-01 8.279999999999999583e-01
2.000000000000000000e+00 2.894000000000000000e+03 -1.000000000000000000e+00 -1.000000000000000000e+00 -1.000000000000000000e+00 -1.000000000000000000e+00 -1.000000000000000000e+00 1.613244999999999891e+03 1.315638999999999896e+03 8.309999999999999609e-01 2.974999999999999867e-01 4.570000000000000173e-01 8.824999999999999512e-01
2.000000000000000000e+00 2.902000000000000000e+03 -1.000000000000000000e+00 -1.000000000000000000e+00 -1.000000000000000000e+00 -1.000000000000000000e+00 -1.000000000000000000e+00 1.626018000000000029e+03 1.321951000000000022e+03 1.072999999999999954e+00 2.974999999999999867e-01 3.664999999999999925e-01 8.139999999999999458e-01
2.000000000000000000e+00 2.903000000000000000e+03 -1.000000000000000000e+00 -1.000000000000000000e+00 -1.000000000000000000e+00 -1.000000000000000000e+00 -1.000000000000000000e+00 1.630365000000000009e+03 1.314433999999999969e+03 9.679999999999999716e-01 3.454999999999999738e-01 2.994999999999999885e-01 9.174999999999999822e-01
2.000000000000000000e+00 2.905000000000000000e+03 -1.000000000000000000e+00 -1.000000000000000000e+00 -1.000000000000000000e+00 -1.000000000000000000e+00 -1.000000000000000000e+00 1.621998000000000047e+03 1.284315000000000055e+03 9.070000000000000284e-01 2.675000000000000155e-01 3.614999999999999880e-01 6.764999999999999902e-01
2.000000000000000000e+00 2.900000000000000000e+03 -1.000000000000000000e+00 -1.000000000000000000e+00 -1.000000000000000000e+00 -1.000000000000000000e+00 -1.000000000000000000e+00 1.626855000000000018e+03 1.322041999999999916e+03 1.073029207301825494e+00 2.869999999999999774e-01 3.210000000000000075e-01 9.034999999999999698e-01
3.000000000000000000e+00 2.893000000000000000e+03 -1.000000000000000000e+00 -1.000000000000000000e+00 -1.000000000000000000e+00 -1.000000000000000000e+00 -1.000000000000000000e+00 1.589492999999999938e+03 1.305247000000000071e+03 1.199999999999999956e+00 2.710000000000000187e-01 2.359999999999999876e-01 8.279999999999999583e-01
3.000000000000000000e+00 2.900000000000000000e+03 -1.000000000000000000e+00 -1.000000000000000000e+00 -1.000000000000000000e+00 -1.000000000000000000e+00 -1.000000000000000000e+00 1.626855000000000018e+03 1.322041999999999916e+03 1.098000000000000087e+00 2.869999999999999774e-01 3.210000000000000075e-01 9.034999999999999698e-01
3.000000000000000000e+00 2.902000000000000000e+03 -1.000000000000000000e+00 -1.000000000000000000e+00 -1.000000000000000000e+00 -1.000000000000000000e+00 -1.000000000000000000e+00 1.626018000000000029e+03 1.321951000000000022e+03 1.122999999999999998e+00 2.974999999999999867e-01 3.664999999999999925e-01 8.139999999999999458e-01
3.000000000000000000e+00 2.903000000000000000e+03 -1.000000000000000000e+00 -1.000000000000000000e+00 -1.000000000000000000e+00 -1.000000000000000000e+00 -1.000000000000000000e+00 1.630365000000000009e+03 1.314433999999999969e+03 9.679999999999999716e-01 3.454999999999999738e-01 2.994999999999999885e-01 9.174999999999999822e-01
3.000000000000000000e+00 2.905000000000000000e+03 -1.000000000000000000e+00 -1.000000000000000000e+00 -1.000000000000000000e+00 -1.000000000000000000e+00 -1.000000000000000000e+00 1.621998000000000047e+03 1.284315000000000055e+03 9.070000000000000284e-01 2.675000000000000155e-01 3.614999999999999880e-01 6.764999999999999902e-01
3.000000000000000000e+00 2.883000000000000000e+03 -1.000000000000000000e+00 -1.000000000000000000e+00 -1.000000000000000000e+00 -1.000000000000000000e+00 -1.000000000000000000e+00 1.610483673355178325e+03 1.319623245933580847e+03 8.990000000000000213e-01 3.280000000000000138e-01 3.865000000000000102e-01 9.094999999999999751e-01
3.000000000000000000e+00 2.885000000000000000e+03 -1.000000000000000000e+00 -1.000000000000000000e+00 -1.000000000000000000e+00 -1.000000000000000000e+00 -1.000000000000000000e+00 1.611950312382598440e+03 1.319837158969927259e+03 1.031903882277394713e+00 3.559999999999999831e-01 3.380000000000000226e-01 9.244999999999999885e-01
3.000000000000000000e+00 2.892000000000000000e+03 -1.000000000000000000e+00 -1.000000000000000000e+00 -1.000000000000000000e+00 -1.000000000000000000e+00 -1.000000000000000000e+00 1.645419795708830407e+03 1.304090944544467220e+03 9.629999999999999671e-01 3.039999999999999925e-01 4.099999999999999756e-01 8.760000000000000009e-01
3.000000000000000000e+00 2.894000000000000000e+03 -1.000000000000000000e+00 -1.000000000000000000e+00 -1.000000000000000000e+00 -1.000000000000000000e+00 -1.000000000000000000e+00 1.613520184756755043e+03 1.316442579443954401e+03 8.894330608717569975e-01 2.974999999999999867e-01 4.570000000000000173e-01 8.824999999999999512e-01
4.000000000000000000e+00 2.883000000000000000e+03 -1.000000000000000000e+00 -1.000000000000000000e+00 -1.000000000000000000e+00 -1.000000000000000000e+00 -1.000000000000000000e+00 1.610332000000000107e+03 1.320282999999999902e+03 8.990000000000000213e-01 3.280000000000000138e-01 3.865000000000000102e-01 9.094999999999999751e-01
4.000000000000000000e+00 2.885000000000000000e+03 -1.000000000000000000e+00 -1.000000000000000000e+00 -1.000000000000000000e+00 -1.000000000000000000e+00 -1.000000000000000000e+00 1.611676999999999907e+03 1.320573000000000093e+03 1.116000000000000103e+00 3.559999999999999831e-01 3.380000000000000226e-01 9.244999999999999885e-01
4.000000000000000000e+00 2.892000000000000000e+03 -1.000000000000000000e+00 -1.000000000000000000e+00 -1.000000000000000000e+00 -1.000000000000000000e+00 -1.000000000000000000e+00 1.646036000000000058e+03 1.303701999999999998e+03 9.629999999999999671e-01 3.039999999999999925e-01 4.099999999999999756e-01 8.760000000000000009e-01
4.000000000000000000e+00 2.893000000000000000e+03 -1.000000000000000000e+00 -1.000000000000000000e+00 -1.000000000000000000e+00 -1.000000000000000000e+00 -1.000000000000000000e+00 1.588873000000000047e+03 1.305550999999999931e+03 1.199999999999999956e+00 2.710000000000000187e-01 2.359999999999999876e-01 8.279999999999999583e-01
4.000000000000000000e+00 2.894000000000000000e+03 -1.000000000000000000e+00 -1.000000000000000000e+00 -1.000000000000000000e+00 -1.000000000000000000e+00 -1.000000000000000000e+00 1.613796000000000049e+03 1.317248000000000047e+03 9.479999999999999538e-01 2.974999999999999867e-01 4.570000000000000173e-01 8.824999999999999512e-01
4.000000000000000000e+00 2.900000000000000000e+03 -1.000000000000000000e+00 -1.000000000000000000e+00 -1.000000000000000000e+00 -1.000000000000000000e+00 -1.000000000000000000e+00 1.626855000000000018e+03 1.322041999999999916e+03 1.048000000000000043e+00 2.869999999999999774e-01 3.210000000000000075e-01 9.034999999999999698e-01
4.000000000000000000e+00 2.902000000000000000e+03 -1.000000000000000000e+00 -1.000000000000000000e+00 -1.000000000000000000e+00 -1.000000000000000000e+00 -1.000000000000000000e+00 1.626094000000000051e+03 1.321751999999999953e+03 1.072999999999999954e+00 2.974999999999999867e-01 3.664999999999999925e-01 8.139999999999999458e-01
4.000000000000000000e+00 2.903000000000000000e+03 -1.000000000000000000e+00 -1.000000000000000000e+00 -1.000000000000000000e+00 -1.000000000000000000e+00 -1.000000000000000000e+00 1.630365000000000009e+03 1.314433999999999969e+03 9.679999999999999716e-01 3.454999999999999738e-01 2.994999999999999885e-01 9.174999999999999822e-01
4.000000000000000000e+00 2.905000000000000000e+03 -1.000000000000000000e+00 -1.000000000000000000e+00 -1.000000000000000000e+00 -1.000000000000000000e+00 -1.000000000000000000e+00 1.621998000000000047e+03 1.284315000000000055e+03 9.070000000000000284e-01 2.675000000000000155e-01 3.614999999999999880e-01 6.764999999999999902e-01
5.000000000000000000e+00 2.883000000000000000e+03 -1.000000000000000000e+00 -1.000000000000000000e+00 -1.000000000000000000e+00 -1.000000000000000000e+00 -1.000000000000000000e+00 1.610076000000000022e+03 1.320909000000000106e+03 8.990000000000000213e-01 3.280000000000000138e-01 3.865000000000000102e-01 9.094999999999999751e-01
5.000000000000000000e+00 2.885000000000000000e+03 -1.000000000000000000e+00 -1.000000000000000000e+00 -1.000000000000000000e+00 -1.000000000000000000e+00 -1.000000000000000000e+00 1.611275000000000091e+03 1.321242999999999938e+03 1.076000000000000068e+00 3.559999999999999831e-01 3.380000000000000226e-01 9.244999999999999885e-01
5.000000000000000000e+00 2.892000000000000000e+03 -1.000000000000000000e+00 -1.000000000000000000e+00 -1.000000000000000000e+00 -1.000000000000000000e+00 -1.000000000000000000e+00 1.646770999999999958e+03 1.303488000000000056e+03 9.629999999999999671e-01 3.039999999999999925e-01 4.099999999999999756e-01 8.760000000000000009e-01
5.000000000000000000e+00 2.893000000000000000e+03 -1.000000000000000000e+00 -1.000000000000000000e+00 -1.000000000000000000e+00 -1.000000000000000000e+00 -1.000000000000000000e+00 1.588239000000000033e+03 1.305825000000000045e+03 1.199999999999999956e+00 2.710000000000000187e-01 2.359999999999999876e-01 8.279999999999999583e-01
5.000000000000000000e+00 2.894000000000000000e+03 -1.000000000000000000e+00 -1.000000000000000000e+00 -1.000000000000000000e+00 -1.000000000000000000e+00 -1.000000000000000000e+00 1.614078999999999951e+03 1.317894000000000005e+03 1.068999999999999950e+00 2.974999999999999867e-01 4.570000000000000173e-01 8.824999999999999512e-01
5.000000000000000000e+00 2.903000000000000000e+03 -1.000000000000000000e+00 -1.000000000000000000e+00 -1.000000000000000000e+00 -1.000000000000000000e+00 -1.000000000000000000e+00 1.630365000000000009e+03 1.314433999999999969e+03 9.679999999999999716e-01 3.454999999999999738e-01 2.994999999999999885e-01 9.174999999999999822e-01
5.000000000000000000e+00 2.905000000000000000e+03 -1.000000000000000000e+00 -1.000000000000000000e+00 -1.000000000000000000e+00 -1.000000000000000000e+00 -1.000000000000000000e+00 1.621998000000000047e+03 1.284315000000000055e+03 9.070000000000000284e-01 2.675000000000000155e-01 3.614999999999999880e-01 6.764999999999999902e-01
5.000000000000000000e+00 2.900000000000000000e+03 -1.000000000000000000e+00 -1.000000000000000000e+00 -1.000000000000000000e+00 -1.000000000000000000e+00 -1.000000000000000000e+00 1.626855000000000018e+03 1.322041999999999916e+03 1.073028682141853318e+00 2.869999999999999774e-01 3.210000000000000075e-01 9.034999999999999698e-01
5.000000000000000000e+00 2.902000000000000000e+03 -1.000000000000000000e+00 -1.000000000000000000e+00 -1.000000000000000000e+00 -1.000000000000000000e+00 -1.000000000000000000e+00 1.626094000000000051e+03 1.321751999999999953e+03 1.098028682141853452e+00 2.974999999999999867e-01 3.664999999999999925e-01 8.139999999999999458e-01
6.000000000000000000e+00 2.883000000000000000e+03 -1.000000000000000000e+00 -1.000000000000000000e+00 -1.000000000000000000e+00 -1.000000000000000000e+00 -1.000000000000000000e+00 1.609752999999999929e+03 1.321528999999999996e+03 8.990000000000000213e-01 3.280000000000000138e-01 3.865000000000000102e-01 9.094999999999999751e-01
6.000000000000000000e+00 2.885000000000000000e+03 -1.000000000000000000e+00 -1.000000000000000000e+00 -1.000000000000000000e+00 -1.000000000000000000e+00 -1.000000000000000000e+00 1.610928000000000111e+03 1.321933999999999969e+03 1.084999999999999964e+00 3.559999999999999831e-01 3.380000000000000226e-01 9.244999999999999885e-01
6.000000000000000000e+00 2.892000000000000000e+03 -1.000000000000000000e+00 -1.000000000000000000e+00 -1.000000000000000000e+00 -1.000000000000000000e+00 -1.000000000000000000e+00 1.647439000000000078e+03 1.303106999999999971e+03 9.569999999999999618e-01 3.039999999999999925e-01 4.099999999999999756e-01 8.760000000000000009e-01
6.000000000000000000e+00 2.893000000000000000e+03 -1.000000000000000000e+00 -1.000000000000000000e+00 -1.000000000000000000e+00 -1.000000000000000000e+00 -1.000000000000000000e+00 1.587603000000000065e+03 1.306099999999999909e+03 1.199999999999999956e+00 2.710000000000000187e-01 2.359999999999999876e-01 8.279999999999999583e-01
6.000000000000000000e+00 2.900000000000000000e+03 -1.000000000000000000e+00 -1.000000000000000000e+00 -1.000000000000000000e+00 -1.000000000000000000e+00 -1.000000000000000000e+00 1.626855000000000018e+03 1.322041999999999916e+03 1.098000000000000087e+00 2.869999999999999774e-01 3.210000000000000075e-01 9.034999999999999698e-01
6.000000000000000000e+00 2.902000000000000000e+03 -1.000000000000000000e+00 -1.000000000000000000e+00 -1.000000000000000000e+00 -1.000000000000000000e+00 -1.000000000000000000e+00 1.626094000000000051e+03 1.321751999999999953e+03 1.122999999999999998e+00 2.974999999999999867e-01 3.664999999999999925e-01 8.139999999999999458e-01
6.000000000000000000e+00 2.903000000000000000e+03 -1.000000000000000000e+00 -1.000000000000000000e+00 -1.000000000000000000e+00 -1.000000000000000000e+00 -1.000000000000000000e+00 1.630365000000000009e+03 1.314433999999999969e+03 9.679999999999999716e-01 3.454999999999999738e-01 2.994999999999999885e-01 9.174999999999999822e-01
6.000000000000000000e+00 2.905000000000000000e+03 -1.000000000000000000e+00 -1.000000000000000000e+00 -1.000000000000000000e+00 -1.000000000000000000e+00 -1.000000000000000000e+00 1.621998000000000047e+03 1.284315000000000055e+03 9.070000000000000284e-01 2.675000000000000155e-01 3.614999999999999880e-01 6.764999999999999902e-01
6.000000000000000000e+00 2.894000000000000000e+03 -1.000000000000000000e+00 -1.000000000000000000e+00 -1.000000000000000000e+00 -1.000000000000000000e+00 -1.000000000000000000e+00 1.614358993845391296e+03 1.318543485723506137e+03 1.056500274759310631e+00 2.974999999999999867e-01 4.569999999999999618e-01 8.824999999999998401e-01
7.000000000000000000e+00 2.885000000000000000e+03 -1.000000000000000000e+00 -1.000000000000000000e+00 -1.000000000000000000e+00 -1.000000000000000000e+00 -1.000000000000000000e+00 1.610496000000000095e+03 1.322580999999999904e+03 1.094999999999999973e+00 3.559999999999999831e-01 3.380000000000000226e-01 9.244999999999999885e-01
7.000000000000000000e+00 2.892000000000000000e+03 -1.000000000000000000e+00 -1.000000000000000000e+00 -1.000000000000000000e+00 -1.000000000000000000e+00 -1.000000000000000000e+00 1.648106999999999971e+03 1.302726000000000113e+03 9.509999999999999565e-01 3.039999999999999925e-01 4.099999999999999756e-01 8.760000000000000009e-01
7.000000000000000000e+00 2.894000000000000000e+03 -1.000000000000000000e+00 -1.000000000000000000e+00 -1.000000000000000000e+00 -1.000000000000000000e+00 -1.000000000000000000e+00 1.614638999999999896e+03 1.319192999999999984e+03 1.044000000000000039e+00 2.974999999999999867e-01 4.570000000000000173e-01 8.824999999999999512e-01
7.000000000000000000e+00 2.900000000000000000e+03 -1.000000000000000000e+00 -1.000000000000000000e+00 -1.000000000000000000e+00 -1.000000000000000000e+00 -1.000000000000000000e+00 1.626855000000000018e+03 1.322041999999999916e+03 1.098000000000000087e+00 2.869999999999999774e-01 3.210000000000000075e-01 9.034999999999999698e-01
7.000000000000000000e+00 2.902000000000000000e+03 -1.000000000000000000e+00 -1.000000000000000000e+00 -1.000000000000000000e+00 -1.000000000000000000e+00 -1.000000000000000000e+00 1.626094000000000051e+03 1.321751999999999953e+03 1.072999999999999954e+00 2.974999999999999867e-01 3.664999999999999925e-01 8.139999999999999458e-01
7.000000000000000000e+00 2.903000000000000000e+03 -1.000000000000000000e+00 -1.000000000000000000e+00 -1.000000000000000000e+00 -1.000000000000000000e+00 -1.000000000000000000e+00 1.630365000000000009e+03 1.314433999999999969e+03 1.068000000000000060e+00 3.454999999999999738e-01 2.994999999999999885e-01 9.174999999999999822e-01
7.000000000000000000e+00 2.905000000000000000e+03 -1.000000000000000000e+00 -1.000000000000000000e+00 -1.000000000000000000e+00 -1.000000000000000000e+00 -1.000000000000000000e+00 1.621998000000000047e+03 1.284315000000000055e+03 9.070000000000000284e-01 2.675000000000000155e-01 3.614999999999999880e-01 6.764999999999999902e-01
7.000000000000000000e+00 2.917000000000000000e+03 -1.000000000000000000e+00 -1.000000000000000000e+00 -1.000000000000000000e+00 -1.000000000000000000e+00 -1.000000000000000000e+00 1.640212999999999965e+03 1.280588999999999942e+03 9.819999999999999840e-01 3.579999999999999849e-01 4.550000000000000155e-01 8.505000000000000338e-01
7.000000000000000000e+00 2.883000000000000000e+03 -1.000000000000000000e+00 -1.000000000000000000e+00 -1.000000000000000000e+00 -1.000000000000000000e+00 -1.000000000000000000e+00 1.609376006403640076e+03 1.322117989995374046e+03 8.990000000000000213e-01 3.280000000000000693e-01 3.865000000000000657e-01 9.094999999999999751e-01
8.000000000000000000e+00 2.883000000000000000e+03 -1.000000000000000000e+00 -1.000000000000000000e+00 -1.000000000000000000e+00 -1.000000000000000000e+00 -1.000000000000000000e+00 1.608999000000000024e+03 1.322707000000000107e+03 8.990000000000000213e-01 3.280000000000000138e-01 3.865000000000000102e-01 9.094999999999999751e-01
8.000000000000000000e+00 2.885000000000000000e+03 -1.000000000000000000e+00 -1.000000000000000000e+00 -1.000000000000000000e+00 -1.000000000000000000e+00 -1.000000000000000000e+00 1.610028000000000020e+03 1.323202999999999975e+03 1.104000000000000092e+00 3.559999999999999831e-01 3.380000000000000226e-01 9.244999999999999885e-01
8.000000000000000000e+00 2.892000000000000000e+03 -1.000000000000000000e+00 -1.000000000000000000e+00 -1.000000000000000000e+00 -1.000000000000000000e+00 -1.000000000000000000e+00 1.648775000000000091e+03 1.302346000000000004e+03 9.959999999999999964e-01 3.039999999999999925e-01 4.099999999999999756e-01 8.760000000000000009e-01
8.000000000000000000e+00 2.894000000000000000e+03 -1.000000000000000000e+00 -1.000000000000000000e+00 -1.000000000000000000e+00 -1.000000000000000000e+00 -1.000000000000000000e+00 1.614930000000000064e+03 1.319837999999999965e+03 1.032000000000000028e+00 2.974999999999999867e-01 4.570000000000000173e-01 8.824999999999999512e-01
8.000000000000000000e+00 2.900000000000000000e+03 -1.000000000000000000e+00 -1.000000000000000000e+00 -1.000000000000000000e+00 -1.000000000000000000e+00 -1.000000000000000000e+00 1.626776000000000067e+03 1.322015000000000100e+03 1.098000000000000087e+00 2.869999999999999774e-01 3.210000000000000075e-01 9.034999999999999698e-01
8.000000000000000000e+00 2.902000000000000000e+03 -1.000000000000000000e+00 -1.000000000000000000e+00 -1.000000000000000000e+00 -1.000000000000000000e+00 -1.000000000000000000e+00 1.625901000000000067e+03 1.321888999999999896e+03 1.122999999999999998e+00 2.974999999999999867e-01 3.664999999999999925e-01 8.139999999999999458e-01
8.000000000000000000e+00 2.903000000000000000e+03 -1.000000000000000000e+00 -1.000000000000000000e+00 -1.000000000000000000e+00 -1.000000000000000000e+00 -1.000000000000000000e+00 1.630365000000000009e+03 1.314433999999999969e+03 1.068000000000000060e+00 3.454999999999999738e-01 2.994999999999999885e-01 9.174999999999999822e-01
8.000000000000000000e+00 2.905000000000000000e+03 -1.000000000000000000e+00 -1.000000000000000000e+00 -1.000000000000000000e+00 -1.000000000000000000e+00 -1.000000000000000000e+00 1.621998000000000047e+03 1.284315000000000055e+03 9.070000000000000284e-01 2.675000000000000155e-01 3.614999999999999880e-01 6.764999999999999902e-01
8.000000000000000000e+00 2.917000000000000000e+03 -1.000000000000000000e+00 -1.000000000000000000e+00 -1.000000000000000000e+00 -1.000000000000000000e+00 -1.000000000000000000e+00 1.640527000000000044e+03 1.281021999999999935e+03 9.320000000000000506e-01 3.579999999999999849e-01 4.550000000000000155e-01 8.505000000000000338e-01
9.000000000000000000e+00 2.883000000000000000e+03 -1.000000000000000000e+00 -1.000000000000000000e+00 -1.000000000000000000e+00 -1.000000000000000000e+00 -1.000000000000000000e+00 1.608538999999999987e+03 1.323300999999999931e+03 8.990000000000000213e-01 3.280000000000000138e-01 3.865000000000000102e-01 9.094999999999999751e-01
9.000000000000000000e+00 2.885000000000000000e+03 -1.000000000000000000e+00 -1.000000000000000000e+00 -1.000000000000000000e+00 -1.000000000000000000e+00 -1.000000000000000000e+00 1.609469000000000051e+03 1.323775000000000091e+03 1.104999999999999982e+00 3.559999999999999831e-01 3.380000000000000226e-01 9.244999999999999885e-01
9.000000000000000000e+00 2.894000000000000000e+03 -1.000000000000000000e+00 -1.000000000000000000e+00 -1.000000000000000000e+00 -1.000000000000000000e+00 -1.000000000000000000e+00 1.615279999999999973e+03 1.320438000000000102e+03 1.056999999999999940e+00 2.974999999999999867e-01 4.570000000000000173e-01 8.824999999999999512e-01
9.000000000000000000e+00 2.900000000000000000e+03 -1.000000000000000000e+00 -1.000000000000000000e+00 -1.000000000000000000e+00 -1.000000000000000000e+00 -1.000000000000000000e+00 1.626771999999999935e+03 1.322013999999999896e+03 9.479999999999999538e-01 2.869999999999999774e-01 3.210000000000000075e-01 9.034999999999999698e-01
9.000000000000000000e+00 2.902000000000000000e+03 -1.000000000000000000e+00 -1.000000000000000000e+00 -1.000000000000000000e+00 -1.000000000000000000e+00 -1.000000000000000000e+00 1.626009000000000015e+03 1.321719000000000051e+03 1.072999999999999954e+00 2.974999999999999867e-01 3.664999999999999925e-01 8.139999999999999458e-01
9.000000000000000000e+00 2.903000000000000000e+03 -1.000000000000000000e+00 -1.000000000000000000e+00 -1.000000000000000000e+00 -1.000000000000000000e+00 -1.000000000000000000e+00 1.630365000000000009e+03 1.314433999999999969e+03 1.068000000000000060e+00 3.454999999999999738e-01 2.994999999999999885e-01 9.174999999999999822e-01
9.000000000000000000e+00 2.917000000000000000e+03 -1.000000000000000000e+00 -1.000000000000000000e+00 -1.000000000000000000e+00 -1.000000000000000000e+00 -1.000000000000000000e+00 1.640807000000000016e+03 1.281474999999999909e+03 8.820000000000000062e-01 3.579999999999999849e-01 4.550000000000000155e-01 8.505000000000000338e-01
9.000000000000000000e+00 2.892000000000000000e+03 -1.000000000000000000e+00 -1.000000000000000000e+00 -1.000000000000000000e+00 -1.000000000000000000e+00 -1.000000000000000000e+00 1.650702917523567749e+03 1.301242619519948676e+03 9.780101008687306363e-01 3.039999999999999925e-01 4.099999999999999756e-01 8.760000000000000009e-01
9.000000000000000000e+00 2.905000000000000000e+03 -1.000000000000000000e+00 -1.000000000000000000e+00 -1.000000000000000000e+00 -1.000000000000000000e+00 -1.000000000000000000e+00 1.621998000000000047e+03 1.284315000000000055e+03 9.070000000000000284e-01 2.675000000000000155e-01 3.614999999999999880e-01 6.764999999999999902e-01
1.000000000000000000e+01 2.894000000000000000e+03 -1.000000000000000000e+00 -1.000000000000000000e+00 -1.000000000000000000e+00 -1.000000000000000000e+00 -1.000000000000000000e+00 1.615681000000000040e+03 1.321003999999999905e+03 1.082000000000000073e+00 2.974999999999999867e-01 4.570000000000000173e-01 8.824999999999999512e-01
1.000000000000000000e+01 2.902000000000000000e+03 -1.000000000000000000e+00 -1.000000000000000000e+00 -1.000000000000000000e+00 -1.000000000000000000e+00 -1.000000000000000000e+00 1.625934999999999945e+03 1.321767000000000053e+03 9.729999999999999760e-01 2.974999999999999867e-01 3.664999999999999925e-01 8.139999999999999458e-01
1.000000000000000000e+01 2.903000000000000000e+03 -1.000000000000000000e+00 -1.000000000000000000e+00 -1.000000000000000000e+00 -1.000000000000000000e+00 -1.000000000000000000e+00 1.630365000000000009e+03 1.314433999999999969e+03 1.068000000000000060e+00 3.454999999999999738e-01 2.994999999999999885e-01 9.174999999999999822e-01
1.000000000000000000e+01 2.917000000000000000e+03 -1.000000000000000000e+00 -1.000000000000000000e+00 -1.000000000000000000e+00 -1.000000000000000000e+00 -1.000000000000000000e+00 1.641123000000000047e+03 1.281896999999999935e+03 8.319999999999999618e-01 3.579999999999999849e-01 4.550000000000000155e-01 8.505000000000000338e-01
1.000000000000000000e+01 2.892000000000000000e+03 -1.000000000000000000e+00 -1.000000000000000000e+00 -1.000000000000000000e+00 -1.000000000000000000e+00 -1.000000000000000000e+00 1.650060285205586297e+03 1.301610409089182440e+03 9.840066699323208876e-01 3.039999999999999925e-01 4.099999999999999756e-01 8.760000000000000009e-01
1.000000000000000000e+01 2.905000000000000000e+03 -1.000000000000000000e+00 -1.000000000000000000e+00 -1.000000000000000000e+00 -1.000000000000000000e+00 -1.000000000000000000e+00 1.621998000000000047e+03 1.284315000000000055e+03 9.070000000000000284e-01 2.675000000000000155e-01 3.614999999999999880e-01 6.764999999999999902e-01
1.100000000000000000e+01 2.894000000000000000e+03 -1.000000000000000000e+00 -1.000000000000000000e+00 -1.000000000000000000e+00 -1.000000000000000000e+00 -1.000000000000000000e+00 1.616118999999999915e+03 1.321568999999999960e+03 1.157000000000000028e+00 2.974999999999999867e-01 4.570000000000000173e-01 8.824999999999999512e-01
1.100000000000000000e+01 2.905000000000000000e+03 -1.000000000000000000e+00 -1.000000000000000000e+00 -1.000000000000000000e+00 -1.000000000000000000e+00 -1.000000000000000000e+00 1.621998000000000047e+03 1.284315000000000055e+03 9.070000000000000284e-01 2.675000000000000155e-01 3.614999999999999880e-01 6.764999999999999902e-01
1.100000000000000000e+01 2.917000000000000000e+03 -1.000000000000000000e+00 -1.000000000000000000e+00 -1.000000000000000000e+00 -1.000000000000000000e+00 -1.000000000000000000e+00 1.641386999999999944e+03 1.282285000000000082e+03 8.659999999999999920e-01 3.579999999999999849e-01 4.550000000000000155e-01 8.505000000000000338e-01
1.100000000000000000e+01 2.892000000000000000e+03 -1.000000000000000000e+00 -1.000000000000000000e+00 -1.000000000000000000e+00 -1.000000000000000000e+00 -1.000000000000000000e+00 1.649417598892343449e+03 1.301978229560836098e+03 9.900037428397197026e-01 3.039999999999999925e-01 4.099999999999999201e-01 8.760000000000001119e-01
1.200000000000000000e+01 2.892000000000000000e+03 -1.000000000000000000e+00 -1.000000000000000000e+00 -1.000000000000000000e+00 -1.000000000000000000e+00 -1.000000000000000000e+00 1.651346999999999980e+03 1.300874000000000024e+03 9.719999999999999751e-01 3.039999999999999925e-01 4.099999999999999756e-01 8.760000000000000009e-01
1.200000000000000000e+01 2.917000000000000000e+03 -1.000000000000000000e+00 -1.000000000000000000e+00 -1.000000000000000000e+00 -1.000000000000000000e+00 -1.000000000000000000e+00 1.641750000000000000e+03 1.282601000000000113e+03 8.499999999999999778e-01 3.579999999999999849e-01 4.550000000000000155e-01 8.505000000000000338e-01
1.200000000000000000e+01 2.924000000000000000e+03 -1.000000000000000000e+00 -1.000000000000000000e+00 -1.000000000000000000e+00 -1.000000000000000000e+00 -1.000000000000000000e+00 1.649974999999999909e+03 1.274227000000000089e+03 9.899999999999999911e-01 3.479999999999999760e-01 2.959999999999999853e-01 9.104999999999999760e-01
1.200000000000000000e+01 2.905000000000000000e+03 -1.000000000000000000e+00 -1.000000000000000000e+00 -1.000000000000000000e+00 -1.000000000000000000e+00 -1.000000000000000000e+00 1.621998000000000047e+03 1.284315000000000055e+03 9.070000000000000284e-01 2.675000000000000155e-01 3.614999999999999880e-01 6.764999999999999902e-01
1.300000000000000000e+01 2.892000000000000000e+03 -1.000000000000000000e+00 -1.000000000000000000e+00 -1.000000000000000000e+00 -1.000000000000000000e+00 -1.000000000000000000e+00 1.652032999999999902e+03 1.300490000000000009e+03 1.016000000000000014e+00 3.039999999999999925e-01 4.099999999999999756e-01 8.760000000000000009e-01
1.300000000000000000e+01 2.917000000000000000e+03 -1.000000000000000000e+00 -1.000000000000000000e+00 -1.000000000000000000e+00 -1.000000000000000000e+00 -1.000000000000000000e+00 1.642121000000000095e+03 1.283099999999999909e+03 8.319999999999999618e-01 3.579999999999999849e-01 4.550000000000000155e-01 8.505000000000000338e-01
1.300000000000000000e+01 2.924000000000000000e+03 -1.000000000000000000e+00 -1.000000000000000000e+00 -1.000000000000000000e+00 -1.000000000000000000e+00 -1.000000000000000000e+00 1.649595000000000027e+03 1.274462999999999965e+03 9.290000000000000480e-01 3.479999999999999760e-01 2.959999999999999853e-01 9.104999999999999760e-01
1.300000000000000000e+01 2.905000000000000000e+03 -1.000000000000000000e+00 -1.000000000000000000e+00 -1.000000000000000000e+00 -1.000000000000000000e+00 -1.000000000000000000e+00 1.621998000000000047e+03 1.284315000000000055e+03 9.070000000000000284e-01 2.675000000000000155e-01 3.614999999999999880e-01 6.765000000000001013e-01
1.400000000000000000e+01 2.892000000000000000e+03 -1.000000000000000000e+00 -1.000000000000000000e+00 -1.000000000000000000e+00 -1.000000000000000000e+00 -1.000000000000000000e+00 1.652664999999999964e+03 1.300133000000000038e+03 9.599999999999999645e-01 3.039999999999999925e-01 4.099999999999999756e-01 8.760000000000000009e-01
1.400000000000000000e+01 2.905000000000000000e+03 -1.000000000000000000e+00 -1.000000000000000000e+00 -1.000000000000000000e+00 -1.000000000000000000e+00 -1.000000000000000000e+00 1.621998000000000047e+03 1.284315000000000055e+03 9.070000000000000284e-01 2.675000000000000155e-01 3.614999999999999880e-01 6.764999999999999902e-01
1.400000000000000000e+01 2.917000000000000000e+03 -1.000000000000000000e+00 -1.000000000000000000e+00 -1.000000000000000000e+00 -1.000000000000000000e+00 -1.000000000000000000e+00 1.642660000000000082e+03 1.283534000000000106e+03 8.279999999999999583e-01 3.579999999999999849e-01 4.550000000000000155e-01 8.505000000000000338e-01
1.400000000000000000e+01 2.924000000000000000e+03 -1.000000000000000000e+00 -1.000000000000000000e+00 -1.000000000000000000e+00 -1.000000000000000000e+00 -1.000000000000000000e+00 1.649211999999999989e+03 1.274576000000000022e+03 9.070000000000000284e-01 3.479999999999999760e-01 2.959999999999999853e-01 9.104999999999999760e-01
1.400000000000000000e+01 2.930000000000000000e+03 -1.000000000000000000e+00 -1.000000000000000000e+00 -1.000000000000000000e+00 -1.000000000000000000e+00 -1.000000000000000000e+00 1.674678000000000111e+03 1.256078999999999951e+03 9.499999999999999556e-01 3.195000000000000062e-01 3.760000000000000009e-01 1.000000000000000000e+00
1.500000000000000000e+01 2.892000000000000000e+03 -1.000000000000000000e+00 -1.000000000000000000e+00 -1.000000000000000000e+00 -1.000000000000000000e+00 -1.000000000000000000e+00 1.653309999999999945e+03 1.299769999999999982e+03 1.004000000000000004e+00 3.039999999999999925e-01 4.099999999999999756e-01 8.760000000000000009e-01
1.500000000000000000e+01 2.905000000000000000e+03 -1.000000000000000000e+00 -1.000000000000000000e+00 -1.000000000000000000e+00 -1.000000000000000000e+00 -1.000000000000000000e+00 1.621998000000000047e+03 1.284315000000000055e+03 9.070000000000000284e-01 2.675000000000000155e-01 3.614999999999999880e-01 6.764999999999999902e-01
1.500000000000000000e+01 2.917000000000000000e+03 -1.000000000000000000e+00 -1.000000000000000000e+00 -1.000000000000000000e+00 -1.000000000000000000e+00 -1.000000000000000000e+00 1.643199000000000069e+03 1.283968000000000075e+03 8.739999999999999991e-01 3.579999999999999849e-01 4.550000000000000155e-01 8.505000000000000338e-01
1.500000000000000000e+01 2.932000000000000000e+03 -1.000000000000000000e+00 -1.000000000000000000e+00 -1.000000000000000000e+00 -1.000000000000000000e+00 -1.000000000000000000e+00 1.674180000000000064e+03 1.257567000000000007e+03 1.032000000000000028e+00 3.830000000000000071e-01 3.420000000000000262e-01 1.082500000000000018e+00
1.500000000000000000e+01 2.924000000000000000e+03 -1.000000000000000000e+00 -1.000000000000000000e+00 -1.000000000000000000e+00 -1.000000000000000000e+00 -1.000000000000000000e+00 1.648874000000000024e+03 1.274661000000000058e+03 9.839999999999999858e-01 3.479999999999999760e-01 2.959999999999999853e-01 9.104999999999999760e-01
1.500000000000000000e+01 2.930000000000000000e+03 -1.000000000000000000e+00 -1.000000000000000000e+00 -1.000000000000000000e+00 -1.000000000000000000e+00 -1.000000000000000000e+00 1.674678000000000111e+03 1.256078999999999951e+03 9.499999999999999556e-01 3.195000000000000062e-01 3.760000000000000009e-01 1.000000000000000000e+00
1.600000000000000000e+01 2.892000000000000000e+03 -1.000000000000000000e+00 -1.000000000000000000e+00 -1.000000000000000000e+00 -1.000000000000000000e+00 -1.000000000000000000e+00 1.654099999999999909e+03 1.299325000000000045e+03 9.469999999999999529e-01 3.039999999999999925e-01 4.099999999999999756e-01 8.760000000000000009e-01
1.600000000000000000e+01 2.905000000000000000e+03 -1.000000000000000000e+00 -1.000000000000000000e+00 -1.000000000000000000e+00 -1.000000000000000000e+00 -1.000000000000000000e+00 1.621998000000000047e+03 1.284315000000000055e+03 9.070000000000000284e-01 2.675000000000000155e-01 3.614999999999999880e-01 6.764999999999999902e-01
1.600000000000000000e+01 2.917000000000000000e+03 -1.000000000000000000e+00 -1.000000000000000000e+00 -1.000000000000000000e+00 -1.000000000000000000e+00 -1.000000000000000000e+00 1.643903999999999996e+03 1.284442999999999984e+03 8.689999999999999947e-01 3.579999999999999849e-01 4.550000000000000155e-01 8.505000000000000338e-01
1.600000000000000000e+01 2.932000000000000000e+03 -1.000000000000000000e+00 -1.000000000000000000e+00 -1.000000000000000000e+00 -1.000000000000000000e+00 -1.000000000000000000e+00 1.674180000000000064e+03 1.257567000000000007e+03 1.032000000000000028e+00 3.830000000000000071e-01 3.420000000000000262e-01 1.082500000000000018e+00
1.600000000000000000e+01 2.924000000000000000e+03 -1.000000000000000000e+00 -1.000000000000000000e+00 -1.000000000000000000e+00 -1.000000000000000000e+00 -1.000000000000000000e+00 1.648319999999999936e+03 1.274785000000000082e+03 9.659999999999999698e-01 3.479999999999999760e-01 2.959999999999999853e-01 9.104999999999999760e-01
1.600000000000000000e+01 2.930000000000000000e+03 -1.000000000000000000e+00 -1.000000000000000000e+00 -1.000000000000000000e+00 -1.000000000000000000e+00 -1.000000000000000000e+00 1.674678000000000111e+03 1.256078999999999951e+03 9.499999999999999556e-01 3.195000000000000062e-01 3.760000000000000009e-01 1.000000000000000000e+00
1.700000000000000000e+01 2.917000000000000000e+03 -1.000000000000000000e+00 -1.000000000000000000e+00 -1.000000000000000000e+00 -1.000000000000000000e+00 -1.000000000000000000e+00 1.644490999999999985e+03 1.284859999999999900e+03 8.649999999999999911e-01 3.579999999999999849e-01 4.550000000000000155e-01 8.505000000000000338e-01
1.700000000000000000e+01 2.932000000000000000e+03 -1.000000000000000000e+00 -1.000000000000000000e+00 -1.000000000000000000e+00 -1.000000000000000000e+00 -1.000000000000000000e+00 1.674180000000000064e+03 1.257567000000000007e+03 1.032000000000000028e+00 3.830000000000000071e-01 3.420000000000000262e-01 1.082500000000000018e+00
1.700000000000000000e+01 2.924000000000000000e+03 -1.000000000000000000e+00 -1.000000000000000000e+00 -1.000000000000000000e+00 -1.000000000000000000e+00 -1.000000000000000000e+00 1.647925999999999931e+03 1.274938000000000102e+03 9.979999999999999982e-01 3.479999999999999760e-01 2.959999999999999853e-01 9.104999999999999760e-01
1.700000000000000000e+01 2.930000000000000000e+03 -1.000000000000000000e+00 -1.000000000000000000e+00 -1.000000000000000000e+00 -1.000000000000000000e+00 -1.000000000000000000e+00 1.674678000000000111e+03 1.256078999999999951e+03 9.499999999999999556e-01 3.195000000000000062e-01 3.760000000000000009e-01 1.000000000000000000e+00
1.700000000000000000e+01 2.935000000000000000e+03 -1.000000000000000000e+00 -1.000000000000000000e+00 -1.000000000000000000e+00 -1.000000000000000000e+00 -1.000000000000000000e+00 1.662866999999999962e+03 1.293714999999999918e+03 8.910000000000000142e-01 3.019999999999999907e-01 4.030000000000000249e-01 8.519999999999999796e-01
1.700000000000000000e+01 2.892000000000000000e+03 -1.000000000000000000e+00 -1.000000000000000000e+00 -1.000000000000000000e+00 -1.000000000000000000e+00 -1.000000000000000000e+00 1.656793448818226352e+03 1.297871481585174479e+03 1.043794566975171145e+00 3.039999999999999925e-01 4.099999999999999201e-01 8.760000000000000009e-01
1.800000000000000000e+01 2.917000000000000000e+03 -1.000000000000000000e+00 -1.000000000000000000e+00 -1.000000000000000000e+00 -1.000000000000000000e+00 -1.000000000000000000e+00 1.645068999999999960e+03 1.285267000000000053e+03 9.599999999999999645e-01 3.579999999999999849e-01 4.550000000000000155e-01 8.505000000000000338e-01
1.800000000000000000e+01 2.932000000000000000e+03 -1.000000000000000000e+00 -1.000000000000000000e+00 -1.000000000000000000e+00 -1.000000000000000000e+00 -1.000000000000000000e+00 1.674180000000000064e+03 1.257567000000000007e+03 1.032000000000000028e+00 3.830000000000000071e-01 3.420000000000000262e-01 1.082500000000000018e+00
1.800000000000000000e+01 2.924000000000000000e+03 -1.000000000000000000e+00 -1.000000000000000000e+00 -1.000000000000000000e+00 -1.000000000000000000e+00 -1.000000000000000000e+00 1.647469000000000051e+03 1.275118999999999915e+03 1.030000000000000027e+00 3.479999999999999760e-01 2.959999999999999853e-01 9.104999999999999760e-01
1.800000000000000000e+01 2.930000000000000000e+03 -1.000000000000000000e+00 -1.000000000000000000e+00 -1.000000000000000000e+00 -1.000000000000000000e+00 -1.000000000000000000e+00 1.674678000000000111e+03 1.256078999999999951e+03 9.499999999999999556e-01 3.195000000000000062e-01 3.760000000000000009e-01 1.000000000000000000e+00
1.800000000000000000e+01 2.935000000000000000e+03 -1.000000000000000000e+00 -1.000000000000000000e+00 -1.000000000000000000e+00 -1.000000000000000000e+00 -1.000000000000000000e+00 1.662563000000000102e+03 1.294304000000000087e+03 8.910000000000000142e-01 3.019999999999999907e-01 4.030000000000000249e-01 8.519999999999999796e-01
1.800000000000000000e+01 2.892000000000000000e+03 -1.000000000000000000e+00 -1.000000000000000000e+00 -1.000000000000000000e+00 -1.000000000000000000e+00 -1.000000000000000000e+00 1.656119917847920078e+03 1.298234952263240302e+03 1.019589860290559979e+00 3.039999999999999925e-01 4.099999999999999756e-01 8.759999999999998899e-01
1.900000000000000000e+01 2.917000000000000000e+03 -1.000000000000000000e+00 -1.000000000000000000e+00 -1.000000000000000000e+00 -1.000000000000000000e+00 -1.000000000000000000e+00 1.645547000000000025e+03 1.285723999999999933e+03 1.006000000000000005e+00 3.579999999999999849e-01 4.550000000000000155e-01 8.505000000000000338e-01
1.900000000000000000e+01 2.932000000000000000e+03 -1.000000000000000000e+00 -1.000000000000000000e+00 -1.000000000000000000e+00 -1.000000000000000000e+00 -1.000000000000000000e+00 1.674019999999999982e+03 1.257508000000000038e+03 1.032000000000000028e+00 3.830000000000000071e-01 3.420000000000000262e-01 1.082500000000000018e+00
1.900000000000000000e+01 2.936000000000000000e+03 -1.000000000000000000e+00 -1.000000000000000000e+00 -1.000000000000000000e+00 -1.000000000000000000e+00 -1.000000000000000000e+00 1.669074000000000069e+03 1.248731999999999971e+03 8.739999999999999991e-01 2.959999999999999853e-01 2.705000000000000182e-01 9.104999999999999760e-01
1.900000000000000000e+01 2.924000000000000000e+03 -1.000000000000000000e+00 -1.000000000000000000e+00 -1.000000000000000000e+00 -1.000000000000000000e+00 -1.000000000000000000e+00 1.647115000000000009e+03 1.275276000000000067e+03 1.062000000000000055e+00 3.479999999999999760e-01 2.959999999999999853e-01 9.104999999999999760e-01
1.900000000000000000e+01 2.930000000000000000e+03 -1.000000000000000000e+00 -1.000000000000000000e+00 -1.000000000000000000e+00 -1.000000000000000000e+00 -1.000000000000000000e+00 1.674678000000000111e+03 1.256078999999999951e+03 9.499999999999999556e-01 3.195000000000000062e-01 3.760000000000000009e-01 1.000000000000000000e+00
1.900000000000000000e+01 2.935000000000000000e+03 -1.000000000000000000e+00 -1.000000000000000000e+00 -1.000000000000000000e+00 -1.000000000000000000e+00 -1.000000000000000000e+00 1.662292999999999893e+03 1.294909000000000106e+03 8.910000000000000142e-01 3.019999999999999907e-01 4.030000000000000249e-01 8.519999999999999796e-01
1.900000000000000000e+01 2.892000000000000000e+03 -1.000000000000000000e+00 -1.000000000000000000e+00 -1.000000000000000000e+00 -1.000000000000000000e+00 -1.000000000000000000e+00 1.655446323548349937e+03 1.298598457116913778e+03 9.953828777399333916e-01 3.039999999999999925e-01 4.099999999999999756e-01 8.760000000000001119e-01
2.000000000000000000e+01 2.917000000000000000e+03 -1.000000000000000000e+00 -1.000000000000000000e+00 -1.000000000000000000e+00 -1.000000000000000000e+00 -1.000000000000000000e+00 1.646023999999999887e+03 1.286182999999999993e+03 1.052000000000000046e+00 3.579999999999999849e-01 4.550000000000000155e-01 8.505000000000000338e-01
2.000000000000000000e+01 2.932000000000000000e+03 -1.000000000000000000e+00 -1.000000000000000000e+00 -1.000000000000000000e+00 -1.000000000000000000e+00 -1.000000000000000000e+00 1.674019999999999982e+03 1.257508000000000038e+03 1.032000000000000028e+00 3.830000000000000071e-01 3.420000000000000262e-01 1.082500000000000018e+00
2.000000000000000000e+01 2.936000000000000000e+03 -1.000000000000000000e+00 -1.000000000000000000e+00 -1.000000000000000000e+00 -1.000000000000000000e+00 -1.000000000000000000e+00 1.669074000000000069e+03 1.248731999999999971e+03 8.739999999999999991e-01 2.959999999999999853e-01 2.705000000000000182e-01 9.104999999999999760e-01
2.000000000000000000e+01 2.924000000000000000e+03 -1.000000000000000000e+00 -1.000000000000000000e+00 -1.000000000000000000e+00 -1.000000000000000000e+00 -1.000000000000000000e+00 1.646785000000000082e+03 1.275423999999999978e+03 1.102000000000000091e+00 3.479999999999999760e-01 2.959999999999999853e-01 9.104999999999999760e-01
2.000000000000000000e+01 2.930000000000000000e+03 -1.000000000000000000e+00 -1.000000000000000000e+00 -1.000000000000000000e+00 -1.000000000000000000e+00 -1.000000000000000000e+00 1.674652000000000044e+03 1.256069999999999936e+03 9.499999999999999556e-01 3.195000000000000062e-01 3.760000000000000009e-01 1.000000000000000000e+00
2.000000000000000000e+01 2.935000000000000000e+03 -1.000000000000000000e+00 -1.000000000000000000e+00 -1.000000000000000000e+00 -1.000000000000000000e+00 -1.000000000000000000e+00 1.661990000000000009e+03 1.295394999999999982e+03 8.910000000000000142e-01 3.019999999999999907e-01 4.030000000000000249e-01 8.519999999999999796e-01
2.000000000000000000e+01 2.892000000000000000e+03 -1.000000000000000000e+00 -1.000000000000000000e+00 -1.000000000000000000e+00 -1.000000000000000000e+00 -1.000000000000000000e+00 1.654772819526666353e+03 1.298961913252167506e+03 9.711791395089460766e-01 3.039999999999999925e-01 4.099999999999999756e-01 8.760000000000001119e-01
2.100000000000000000e+01 2.892000000000000000e+03 -1.000000000000000000e+00 -1.000000000000000000e+00 -1.000000000000000000e+00 -1.000000000000000000e+00 -1.000000000000000000e+00 1.657467000000000098e+03 1.297508000000000038e+03 1.068000000000000060e+00 3.039999999999999925e-01 4.099999999999999756e-01 8.760000000000000009e-01
2.100000000000000000e+01 2.917000000000000000e+03 -1.000000000000000000e+00 -1.000000000000000000e+00 -1.000000000000000000e+00 -1.000000000000000000e+00 -1.000000000000000000e+00 1.646615999999999985e+03 1.286569999999999936e+03 1.098000000000000087e+00 3.579999999999999849e-01 4.550000000000000155e-01 8.505000000000000338e-01
2.100000000000000000e+01 2.932000000000000000e+03 -1.000000000000000000e+00 -1.000000000000000000e+00 -1.000000000000000000e+00 -1.000000000000000000e+00 -1.000000000000000000e+00 1.674059999999999945e+03 1.257375999999999976e+03 1.032000000000000028e+00 3.830000000000000071e-01 3.420000000000000262e-01 1.082500000000000018e+00
2.100000000000000000e+01 2.936000000000000000e+03 -1.000000000000000000e+00 -1.000000000000000000e+00 -1.000000000000000000e+00 -1.000000000000000000e+00 -1.000000000000000000e+00 1.669074000000000069e+03 1.248731999999999971e+03 8.739999999999999991e-01 2.959999999999999853e-01 2.705000000000000182e-01 9.104999999999999760e-01
2.100000000000000000e+01 2.924000000000000000e+03 -1.000000000000000000e+00 -1.000000000000000000e+00 -1.000000000000000000e+00 -1.000000000000000000e+00 -1.000000000000000000e+00 1.646461000000000013e+03 1.275585000000000036e+03 1.141000000000000014e+00 3.479999999999999760e-01 2.959999999999999853e-01 9.104999999999999760e-01
2.100000000000000000e+01 2.930000000000000000e+03 -1.000000000000000000e+00 -1.000000000000000000e+00 -1.000000000000000000e+00 -1.000000000000000000e+00 -1.000000000000000000e+00 1.674692999999999984e+03 1.256084000000000060e+03 9.499999999999999556e-01 3.195000000000000062e-01 3.760000000000000009e-01 1.000000000000000000e+00
2.100000000000000000e+01 2.935000000000000000e+03 -1.000000000000000000e+00 -1.000000000000000000e+00 -1.000000000000000000e+00 -1.000000000000000000e+00 -1.000000000000000000e+00 1.661646999999999935e+03 1.295924999999999955e+03 8.910000000000000142e-01 3.019999999999999907e-01 4.030000000000000249e-01 8.519999999999999796e-01
2.200000000000000000e+01 2.892000000000000000e+03 -1.000000000000000000e+00 -1.000000000000000000e+00 -1.000000000000000000e+00 -1.000000000000000000e+00 -1.000000000000000000e+00 1.658382000000000062e+03 1.296852000000000089e+03 1.062999999999999945e+00 3.039999999999999925e-01 4.099999999999999756e-01 8.760000000000000009e-01
2.200000000000000000e+01 2.917000000000000000e+03 -1.000000000000000000e+00 -1.000000000000000000e+00 -1.000000000000000000e+00 -1.000000000000000000e+00 -1.000000000000000000e+00 1.646972999999999956e+03 1.286874000000000024e+03 1.143999999999999906e+00 3.579999999999999849e-01 4.550000000000000155e-01 8.505000000000000338e-01
2.200000000000000000e+01 2.932000000000000000e+03 -1.000000000000000000e+00 -1.000000000000000000e+00 -1.000000000000000000e+00 -1.000000000000000000e+00 -1.000000000000000000e+00 1.674074000000000069e+03 1.257381000000000085e+03 1.032000000000000028e+00 3.830000000000000071e-01 3.420000000000000262e-01 1.082500000000000018e+00
2.200000000000000000e+01 2.936000000000000000e+03 -1.000000000000000000e+00 -1.000000000000000000e+00 -1.000000000000000000e+00 -1.000000000000000000e+00 -1.000000000000000000e+00 1.669074000000000069e+03 1.248731999999999971e+03 8.739999999999999991e-01 2.959999999999999853e-01 2.705000000000000182e-01 9.104999999999999760e-01
2.200000000000000000e+01 2.924000000000000000e+03 -1.000000000000000000e+00 -1.000000000000000000e+00 -1.000000000000000000e+00 -1.000000000000000000e+00 -1.000000000000000000e+00 1.646133000000000038e+03 1.275785000000000082e+03 1.171999999999999931e+00 3.479999999999999760e-01 2.959999999999999853e-01 9.104999999999999760e-01
2.200000000000000000e+01 2.930000000000000000e+03 -1.000000000000000000e+00 -1.000000000000000000e+00 -1.000000000000000000e+00 -1.000000000000000000e+00 -1.000000000000000000e+00 1.674699000000000069e+03 1.256068999999999960e+03 9.499999999999999556e-01 3.195000000000000062e-01 3.760000000000000009e-01 1.000000000000000000e+00
2.200000000000000000e+01 2.935000000000000000e+03 -1.000000000000000000e+00 -1.000000000000000000e+00 -1.000000000000000000e+00 -1.000000000000000000e+00 -1.000000000000000000e+00 1.661394999999999982e+03 1.296364000000000033e+03 8.910000000000000142e-01 3.019999999999999907e-01 4.030000000000000249e-01 8.519999999999999796e-01
2.300000000000000000e+01 2.892000000000000000e+03 -1.000000000000000000e+00 -1.000000000000000000e+00 -1.000000000000000000e+00 -1.000000000000000000e+00 -1.000000000000000000e+00 1.658862000000000080e+03 1.296660000000000082e+03 1.157000000000000028e+00 3.039999999999999925e-01 4.099999999999999756e-01 8.760000000000000009e-01
2.300000000000000000e+01 2.917000000000000000e+03 -1.000000000000000000e+00 -1.000000000000000000e+00 -1.000000000000000000e+00 -1.000000000000000000e+00 -1.000000000000000000e+00 1.647347999999999956e+03 1.287441000000000031e+03 1.189999999999999947e+00 3.579999999999999849e-01 4.550000000000000155e-01 8.505000000000000338e-01
2.300000000000000000e+01 2.932000000000000000e+03 -1.000000000000000000e+00 -1.000000000000000000e+00 -1.000000000000000000e+00 -1.000000000000000000e+00 -1.000000000000000000e+00 1.674237000000000080e+03 1.257491999999999962e+03 1.032000000000000028e+00 3.830000000000000071e-01 3.420000000000000262e-01 1.082500000000000018e+00
2.300000000000000000e+01 2.936000000000000000e+03 -1.000000000000000000e+00 -1.000000000000000000e+00 -1.000000000000000000e+00 -1.000000000000000000e+00 -1.000000000000000000e+00 1.669074000000000069e+03 1.248731999999999971e+03 8.739999999999999991e-01 2.959999999999999853e-01 2.705000000000000182e-01 9.104999999999999760e-01
2.300000000000000000e+01 2.924000000000000000e+03 -1.000000000000000000e+00 -1.000000000000000000e+00 -1.000000000000000000e+00 -1.000000000000000000e+00 -1.000000000000000000e+00 1.645904999999999973e+03 1.275920000000000073e+03 1.223999999999999977e+00 3.479999999999999760e-01 2.959999999999999853e-01 9.104999999999999760e-01
2.300000000000000000e+01 2.930000000000000000e+03 -1.000000000000000000e+00 -1.000000000000000000e+00 -1.000000000000000000e+00 -1.000000000000000000e+00 -1.000000000000000000e+00 1.674692999999999984e+03 1.256084000000000060e+03 9.499999999999999556e-01 3.195000000000000062e-01 3.760000000000000009e-01 1.000000000000000000e+00
2.300000000000000000e+01 2.935000000000000000e+03 -1.000000000000000000e+00 -1.000000000000000000e+00 -1.000000000000000000e+00 -1.000000000000000000e+00 -1.000000000000000000e+00 1.660911000000000058e+03 1.296759000000000015e+03 8.910000000000000142e-01 3.019999999999999907e-01 4.030000000000000249e-01 8.519999999999999796e-01
2.400000000000000000e+01 2.892000000000000000e+03 -1.000000000000000000e+00 -1.000000000000000000e+00 -1.000000000000000000e+00 -1.000000000000000000e+00 -1.000000000000000000e+00 1.659386999999999944e+03 1.296457000000000107e+03 1.050999999999999934e+00 3.039999999999999925e-01 4.099999999999999756e-01 8.760000000000000009e-01
2.400000000000000000e+01 2.932000000000000000e+03 -1.000000000000000000e+00 -1.000000000000000000e+00 -1.000000000000000000e+00 -1.000000000000000000e+00 -1.000000000000000000e+00 1.674401000000000067e+03 1.257602000000000089e+03 1.032000000000000028e+00 3.830000000000000071e-01 3.420000000000000262e-01 1.082500000000000018e+00
2.400000000000000000e+01 2.924000000000000000e+03 -1.000000000000000000e+00 -1.000000000000000000e+00 -1.000000000000000000e+00 -1.000000000000000000e+00 -1.000000000000000000e+00 1.645651000000000067e+03 1.275996000000000095e+03 1.274999999999999911e+00 3.479999999999999760e-01 2.959999999999999853e-01 9.104999999999999760e-01
2.400000000000000000e+01 2.930000000000000000e+03 -1.000000000000000000e+00 -1.000000000000000000e+00 -1.000000000000000000e+00 -1.000000000000000000e+00 -1.000000000000000000e+00 1.674692999999999984e+03 1.256084000000000060e+03 9.499999999999999556e-01 3.195000000000000062e-01 3.760000000000000009e-01 1.000000000000000000e+00
2.400000000000000000e+01 2.935000000000000000e+03 -1.000000000000000000e+00 -1.000000000000000000e+00 -1.000000000000000000e+00 -1.000000000000000000e+00 -1.000000000000000000e+00 1.660385999999999967e+03 1.297097999999999956e+03 8.910000000000000142e-01 3.019999999999999907e-01 4.030000000000000249e-01 8.519999999999999796e-01
2.500000000000000000e+01 2.932000000000000000e+03 -1.000000000000000000e+00 -1.000000000000000000e+00 -1.000000000000000000e+00 -1.000000000000000000e+00 -1.000000000000000000e+00 1.674211000000000013e+03 1.257582000000000107e+03 1.032000000000000028e+00 3.830000000000000071e-01 3.420000000000000262e-01 1.082500000000000018e+00
2.500000000000000000e+01 2.930000000000000000e+03 -1.000000000000000000e+00 -1.000000000000000000e+00 -1.000000000000000000e+00 -1.000000000000000000e+00 -1.000000000000000000e+00 1.674692999999999984e+03 1.256084000000000060e+03 9.499999999999999556e-01 3.195000000000000062e-01 3.760000000000000009e-01 1.000000000000000000e+00
2.500000000000000000e+01 2.940000000000000000e+03 -1.000000000000000000e+00 -1.000000000000000000e+00 -1.000000000000000000e+00 -1.000000000000000000e+00 -1.000000000000000000e+00 1.718721000000000004e+03 1.283839999999999918e+03 1.739999999999999991e+00 2.479999999999999982e-01 2.389999999999999902e-01 1.000000000000000000e+00
2.600000000000000000e+01 2.932000000000000000e+03 -1.000000000000000000e+00 -1.000000000000000000e+00 -1.000000000000000000e+00 -1.000000000000000000e+00 -1.000000000000000000e+00 1.674278999999999996e+03 1.257538000000000011e+03 1.032000000000000028e+00 3.830000000000000071e-01 3.420000000000000262e-01 1.082500000000000018e+00
2.600000000000000000e+01 2.930000000000000000e+03 -1.000000000000000000e+00 -1.000000000000000000e+00 -1.000000000000000000e+00 -1.000000000000000000e+00 -1.000000000000000000e+00 1.674692999999999984e+03 1.256084000000000060e+03 9.499999999999999556e-01 3.195000000000000062e-01 3.760000000000000009e-01 1.000000000000000000e+00
2.600000000000000000e+01 2.940000000000000000e+03 -1.000000000000000000e+00 -1.000000000000000000e+00 -1.000000000000000000e+00 -1.000000000000000000e+00 -1.000000000000000000e+00 1.718721000000000004e+03 1.283839999999999918e+03 1.739999999999999991e+00 2.479999999999999982e-01 2.389999999999999902e-01 1.000000000000000000e+00
2.600000000000000000e+01 2.942000000000000000e+03 -1.000000000000000000e+00 -1.000000000000000000e+00 -1.000000000000000000e+00 -1.000000000000000000e+00 -1.000000000000000000e+00 1.719788999999999987e+03 1.282743999999999915e+03 1.606000000000000094e+00 2.109999999999999931e-01 1.784999999999999920e-01 7.720000000000000195e-01
2.700000000000000000e+01 2.932000000000000000e+03 -1.000000000000000000e+00 -1.000000000000000000e+00 -1.000000000000000000e+00 -1.000000000000000000e+00 -1.000000000000000000e+00 1.674346999999999980e+03 1.257564000000000078e+03 1.032000000000000028e+00 3.830000000000000071e-01 3.420000000000000262e-01 1.082500000000000018e+00
2.700000000000000000e+01 2.930000000000000000e+03 -1.000000000000000000e+00 -1.000000000000000000e+00 -1.000000000000000000e+00 -1.000000000000000000e+00 -1.000000000000000000e+00 1.674692999999999984e+03 1.256084000000000060e+03 9.499999999999999556e-01 3.195000000000000062e-01 3.760000000000000009e-01 1.000000000000000000e+00
2.700000000000000000e+01 2.940000000000000000e+03 -1.000000000000000000e+00 -1.000000000000000000e+00 -1.000000000000000000e+00 -1.000000000000000000e+00 -1.000000000000000000e+00 1.718721000000000004e+03 1.283839999999999918e+03 1.739999999999999991e+00 2.479999999999999982e-01 2.389999999999999902e-01 1.000000000000000000e+00
2.700000000000000000e+01 2.942000000000000000e+03 -1.000000000000000000e+00 -1.000000000000000000e+00 -1.000000000000000000e+00 -1.000000000000000000e+00 -1.000000000000000000e+00 1.719788999999999987e+03 1.282743999999999915e+03 1.606000000000000094e+00 2.109999999999999931e-01 1.784999999999999920e-01 7.720000000000000195e-01
2.700000000000000000e+01 2.943000000000000000e+03 -1.000000000000000000e+00 -1.000000000000000000e+00 -1.000000000000000000e+00 -1.000000000000000000e+00 -1.000000000000000000e+00 1.718063000000000102e+03 1.284084000000000060e+03 1.739999999999999991e+00 3.330000000000000182e-01 2.570000000000000062e-01 1.000000000000000000e+00
2.800000000000000000e+01 2.940000000000000000e+03 -1.000000000000000000e+00 -1.000000000000000000e+00 -1.000000000000000000e+00 -1.000000000000000000e+00 -1.000000000000000000e+00 1.718721000000000004e+03 1.283839999999999918e+03 1.739999999999999991e+00 2.479999999999999982e-01 2.389999999999999902e-01 1.000000000000000000e+00
2.800000000000000000e+01 2.944000000000000000e+03 -1.000000000000000000e+00 -1.000000000000000000e+00 -1.000000000000000000e+00 -1.000000000000000000e+00 -1.000000000000000000e+00 1.720895999999999958e+03 1.282151000000000067e+03 1.671000000000000041e+00 1.719999999999999862e-01 2.379999999999999893e-01 9.244999999999999885e-01
2.800000000000000000e+01 2.942000000000000000e+03 -1.000000000000000000e+00 -1.000000000000000000e+00 -1.000000000000000000e+00 -1.000000000000000000e+00 -1.000000000000000000e+00 1.719788999999999987e+03 1.282743999999999915e+03 1.606000000000000094e+00 2.109999999999999931e-01 1.784999999999999920e-01 7.720000000000000195e-01
2.800000000000000000e+01 2.943000000000000000e+03 -1.000000000000000000e+00 -1.000000000000000000e+00 -1.000000000000000000e+00 -1.000000000000000000e+00 -1.000000000000000000e+00 1.718063000000000102e+03 1.284084000000000060e+03 1.739999999999999991e+00 3.330000000000000182e-01 2.570000000000000062e-01 1.000000000000000000e+00
2.900000000000000000e+01 2.940000000000000000e+03 -1.000000000000000000e+00 -1.000000000000000000e+00 -1.000000000000000000e+00 -1.000000000000000000e+00 -1.000000000000000000e+00 1.718721000000000004e+03 1.283839999999999918e+03 1.739999999999999991e+00 2.479999999999999982e-01 2.389999999999999902e-01 1.000000000000000000e+00
2.900000000000000000e+01 2.944000000000000000e+03 -1.000000000000000000e+00 -1.000000000000000000e+00 -1.000000000000000000e+00 -1.000000000000000000e+00 -1.000000000000000000e+00 1.720923000000000002e+03 1.282194999999999936e+03 1.671000000000000041e+00 1.719999999999999862e-01 2.379999999999999893e-01 9.244999999999999885e-01
2.900000000000000000e+01 2.942000000000000000e+03 -1.000000000000000000e+00 -1.000000000000000000e+00 -1.000000000000000000e+00 -1.000000000000000000e+00 -1.000000000000000000e+00 1.719788999999999987e+03 1.282743999999999915e+03 1.606000000000000094e+00 2.109999999999999931e-01 1.784999999999999920e-01 7.720000000000000195e-01
2.900000000000000000e+01 2.943000000000000000e+03 -1.000000000000000000e+00 -1.000000000000000000e+00 -1.000000000000000000e+00 -1.000000000000000000e+00 -1.000000000000000000e+00 1.718063000000000102e+03 1.284084000000000060e+03 1.739999999999999991e+00 3.330000000000000182e-01 2.570000000000000062e-01 1.000000000000000000e+00
3.000000000000000000e+01 2.940000000000000000e+03 -1.000000000000000000e+00 -1.000000000000000000e+00 -1.000000000000000000e+00 -1.000000000000000000e+00 -1.000000000000000000e+00 1.718749000000000024e+03 1.283821999999999889e+03 1.739999999999999991e+00 2.479999999999999982e-01 2.389999999999999902e-01 1.000000000000000000e+00
3.000000000000000000e+01 2.944000000000000000e+03 -1.000000000000000000e+00 -1.000000000000000000e+00 -1.000000000000000000e+00 -1.000000000000000000e+00 -1.000000000000000000e+00 1.720949000000000069e+03 1.282239000000000033e+03 1.671000000000000041e+00 1.719999999999999862e-01 2.379999999999999893e-01 9.244999999999999885e-01
3.000000000000000000e+01 2.942000000000000000e+03 -1.000000000000000000e+00 -1.000000000000000000e+00 -1.000000000000000000e+00 -1.000000000000000000e+00 -1.000000000000000000e+00 1.719788999999999987e+03 1.282743999999999915e+03 1.606000000000000094e+00 2.109999999999999931e-01 1.784999999999999920e-01 7.720000000000000195e-01
3.100000000000000000e+01 2.940000000000000000e+03 -1.000000000000000000e+00 -1.000000000000000000e+00 -1.000000000000000000e+00 -1.000000000000000000e+00 -1.000000000000000000e+00 1.718788999999999987e+03 1.283796000000000049e+03 1.739999999999999991e+00 2.479999999999999982e-01 2.389999999999999902e-01 1.000000000000000000e+00
3.100000000000000000e+01 2.942000000000000000e+03 -1.000000000000000000e+00 -1.000000000000000000e+00 -1.000000000000000000e+00 -1.000000000000000000e+00 -1.000000000000000000e+00 1.719788999999999987e+03 1.282743999999999915e+03 1.606000000000000094e+00 2.109999999999999931e-01 1.784999999999999920e-01 7.720000000000000195e-01
3.200000000000000000e+01 2.940000000000000000e+03 -1.000000000000000000e+00 -1.000000000000000000e+00 -1.000000000000000000e+00 -1.000000000000000000e+00 -1.000000000000000000e+00 1.718788999999999987e+03 1.283796000000000049e+03 1.739999999999999991e+00 2.479999999999999982e-01 2.389999999999999902e-01 1.000000000000000000e+00
3.200000000000000000e+01 2.951000000000000000e+03 -1.000000000000000000e+00 -1.000000000000000000e+00 -1.000000000000000000e+00 -1.000000000000000000e+00 -1.000000000000000000e+00 1.745301999999999907e+03 1.251340999999999894e+03 8.549999999999999822e-01 2.245000000000000051e-01 2.079999999999999905e-01 9.439999999999999503e-01
3.200000000000000000e+01 2.942000000000000000e+03 -1.000000000000000000e+00 -1.000000000000000000e+00 -1.000000000000000000e+00 -1.000000000000000000e+00 -1.000000000000000000e+00 1.719788999999999987e+03 1.282743999999999915e+03 1.606000000000000094e+00 2.109999999999999931e-01 1.784999999999999920e-01 7.720000000000000195e-01
3.300000000000000000e+01 2.940000000000000000e+03 -1.000000000000000000e+00 -1.000000000000000000e+00 -1.000000000000000000e+00 -1.000000000000000000e+00 -1.000000000000000000e+00 1.718788999999999987e+03 1.283796000000000049e+03 1.739999999999999991e+00 2.479999999999999982e-01 2.389999999999999902e-01 1.000000000000000000e+00
3.300000000000000000e+01 2.951000000000000000e+03 -1.000000000000000000e+00 -1.000000000000000000e+00 -1.000000000000000000e+00 -1.000000000000000000e+00 -1.000000000000000000e+00 1.746397999999999911e+03 1.250692999999999984e+03 8.729999999999999982e-01 2.245000000000000051e-01 2.079999999999999905e-01 9.439999999999999503e-01
3.400000000000000000e+01 2.940000000000000000e+03 -1.000000000000000000e+00 -1.000000000000000000e+00 -1.000000000000000000e+00 -1.000000000000000000e+00 -1.000000000000000000e+00 1.718788999999999987e+03 1.283796000000000049e+03 1.739999999999999991e+00 2.479999999999999982e-01 2.389999999999999902e-01 1.000000000000000000e+00
3.400000000000000000e+01 2.951000000000000000e+03 -1.000000000000000000e+00 -1.000000000000000000e+00 -1.000000000000000000e+00 -1.000000000000000000e+00 -1.000000000000000000e+00 1.747494009866298711e+03 1.250022493964093655e+03 8.860001170272673310e-01 2.245000000000000051e-01 2.079999999999999905e-01 9.439999999999999503e-01
3.500000000000000000e+01 2.940000000000000000e+03 -1.000000000000000000e+00 -1.000000000000000000e+00 -1.000000000000000000e+00 -1.000000000000000000e+00 -1.000000000000000000e+00 1.718788999999999987e+03 1.283796000000000049e+03 1.739999999999999991e+00 2.479999999999999982e-01 2.389999999999999902e-01 1.000000000000000000e+00
3.500000000000000000e+01 2.951000000000000000e+03 -1.000000000000000000e+00 -1.000000000000000000e+00 -1.000000000000000000e+00 -1.000000000000000000e+00 -1.000000000000000000e+00 1.748589999999999918e+03 1.249352000000000089e+03 8.990000000000000213e-01 2.245000000000000051e-01 2.079999999999999905e-01 9.439999999999999503e-01
3.600000000000000000e+01 2.951000000000000000e+03 -1.000000000000000000e+00 -1.000000000000000000e+00 -1.000000000000000000e+00 -1.000000000000000000e+00 -1.000000000000000000e+00 1.749701000000000022e+03 1.248691000000000031e+03 9.589999999999999636e-01 2.245000000000000051e-01 2.079999999999999905e-01 9.439999999999999503e-01
3.700000000000000000e+01 2.951000000000000000e+03 -1.000000000000000000e+00 -1.000000000000000000e+00 -1.000000000000000000e+00 -1.000000000000000000e+00 -1.000000000000000000e+00 1.750784000000000106e+03 1.247990999999999985e+03 9.639999999999999680e-01 2.245000000000000051e-01 2.079999999999999905e-01 9.439999999999999503e-01
3.800000000000000000e+01 2.951000000000000000e+03 -1.000000000000000000e+00 -1.000000000000000000e+00 -1.000000000000000000e+00 -1.000000000000000000e+00 -1.000000000000000000e+00 1.751867999999999938e+03 1.247291999999999916e+03 9.699999999999999734e-01 2.245000000000000051e-01 2.079999999999999905e-01 9.439999999999999503e-01
3.900000000000000000e+01 2.951000000000000000e+03 -1.000000000000000000e+00 -1.000000000000000000e+00 -1.000000000000000000e+00 -1.000000000000000000e+00 -1.000000000000000000e+00 1.752951999999999998e+03 1.246592000000000098e+03 1.024999999999999911e+00 2.245000000000000051e-01 2.079999999999999905e-01 9.439999999999999503e-01
4.000000000000000000e+01 2.951000000000000000e+03 -1.000000000000000000e+00 -1.000000000000000000e+00 -1.000000000000000000e+00 -1.000000000000000000e+00 -1.000000000000000000e+00 1.754036000000000058e+03 1.245892000000000053e+03 1.080999999999999961e+00 2.245000000000000051e-01 2.079999999999999905e-01 9.439999999999999503e-01
4.000000000000000000e+01 2.955000000000000000e+03 -1.000000000000000000e+00 -1.000000000000000000e+00 -1.000000000000000000e+00 -1.000000000000000000e+00 -1.000000000000000000e+00 1.725093000000000075e+03 1.228326999999999998e+03 1.141000000000000014e+00 4.824999999999999845e-01 4.495000000000000107e-01 1.000000000000000000e+00
