1.000000000000000000e+00 4.560000000000000000e+02 -1.000000000000000000e+00 -1.000000000000000000e+00 -1.000000000000000000e+00 -1.000000000000000000e+00 -1.000000000000000000e+00 9.876109999999999900e+02 6.348400000000000318e+02 1.590999999999999970e+00 9.839999999999999858e-01 2.439000000000000057e+00 1.058000000000000052e+00
1.000000000000000000e+00 4.570000000000000000e+02 -1.000000000000000000e+00 -1.000000000000000000e+00 -1.000000000000000000e+00 -1.000000000000000000e+00 -1.000000000000000000e+00 1.020019999999999982e+03 6.049109999999999445e+02 1.421999999999999931e+00 1.083499999999999908e+00 2.573500000000000121e+00 1.495999999999999996e+00
2.000000000000000000e+00 4.560000000000000000e+02 -1.000000000000000000e+00 -1.000000000000000000e+00 -1.000000000000000000e+00 -1.000000000000000000e+00 -1.000000000000000000e+00 9.876109999999999900e+02 6.348400000000000318e+02 1.516000000000000014e+00 9.839999999999999858e-01 2.439000000000000057e+00 1.058000000000000052e+00
2.000000000000000000e+00 4.570000000000000000e+02 -1.000000000000000000e+00 -1.000000000000000000e+00 -1.000000000000000000e+00 -1.000000000000000000e+00 -1.000000000000000000e+00 1.023594000000000051e+03 6.049589999999999463e+02 1.421999999999999931e+00 1.083499999999999908e+00 2.573500000000000121e+00 1.495999999999999996e+00
3.000000000000000000e+00 4.560000000000000000e+02 -1.000000000000000000e+00 -1.000000000000000000e+00 -1.000000000000000000e+00 -1.000000000000000000e+00 -1.000000000000000000e+00 9.876109999999999900e+02 6.348400000000000318e+02 1.441999999999999948e+00 9.839999999999999858e-01 2.439000000000000057e+00 1.058000000000000052e+00
3.000000000000000000e+00 4.570000000000000000e+02 -1.000000000000000000e+00 -1.000000000000000000e+00 -1.000000000000000000e+00 -1.000000000000000000e+00 -1.000000000000000000e+00 1.026976000000000113e+03 6.046530000000000200e+02 1.421999999999999931e+00 1.083499999999999908e+00 2.573500000000000121e+00 1.495999999999999996e+00
4.000000000000000000e+00 4.560000000000000000e+02 -1.000000000000000000e+00 -1.000000000000000000e+00 -1.000000000000000000e+00 -1.000000000000000000e+00 -1.000000000000000000e+00 9.876109999999999900e+02 6.348400000000000318e+02 1.366999999999999993e+00 9.839999999999999858e-01 2.439000000000000057e+00 1.058000000000000052e+00
4.000000000000000000e+00 4.570000000000000000e+02 -1.000000000000000000e+00 -1.000000000000000000e+00 -1.000000000000000000e+00 -1.000000000000000000e+00 -1.000000000000000000e+00 1.030267000000000053e+03 6.038139999999999645e+02 1.421999999999999931e+00 1.083499999999999908e+00 2.573500000000000121e+00 1.495999999999999996e+00
5.000000000000000000e+00 4.560000000000000000e+02 -1.000000000000000000e+00 -1.000000000000000000e+00 -1.000000000000000000e+00 -1.000000000000000000e+00 -1.000000000000000000e+00 9.876109999999999900e+02 6.348400000000000318e+02 1.292999999999999927e+00 9.839999999999999858e-01 2.439000000000000057e+00 1.058000000000000052e+00
5.000000000000000000e+00 4.570000000000000000e+02 -1.000000000000000000e+00 -1.000000000000000000e+00 -1.000000000000000000e+00 -1.000000000000000000e+00 -1.000000000000000000e+00 1.033383000000000038e+03 6.024640000000000555e+02 1.421999999999999931e+00 1.083499999999999908e+00 2.573500000000000121e+00 1.495999999999999996e+00
6.000000000000000000e+00 4.560000000000000000e+02 -1.000000000000000000e+00 -1.000000000000000000e+00 -1.000000000000000000e+00 -1.000000000000000000e+00 -1.000000000000000000e+00 9.876109999999999900e+02 6.348400000000000318e+02 1.219000000000000083e+00 9.839999999999999858e-01 2.439000000000000057e+00 1.058000000000000052e+00
6.000000000000000000e+00 4.570000000000000000e+02 -1.000000000000000000e+00 -1.000000000000000000e+00 -1.000000000000000000e+00 -1.000000000000000000e+00 -1.000000000000000000e+00 1.036978000000000065e+03 6.004249999999999545e+02 1.421999999999999931e+00 1.083499999999999908e+00 2.573500000000000121e+00 1.495999999999999996e+00
7.000000000000000000e+00 4.560000000000000000e+02 -1.000000000000000000e+00 -1.000000000000000000e+00 -1.000000000000000000e+00 -1.000000000000000000e+00 -1.000000000000000000e+00 9.876319999999999482e+02 6.348220000000000027e+02 1.215000000000000080e+00 9.839999999999999858e-01 2.439000000000000057e+00 1.058000000000000052e+00
7.000000000000000000e+00 4.600000000000000000e+02 -1.000000000000000000e+00 -1.000000000000000000e+00 -1.000000000000000000e+00 -1.000000000000000000e+00 -1.000000000000000000e+00 9.573659999999999854e+02 6.605019999999999527e+02 1.665999999999999925e+00 9.419999999999999485e-01 2.596000000000000085e+00 1.393000000000000016e+00
8.000000000000000000e+00 4.560000000000000000e+02 -1.000000000000000000e+00 -1.000000000000000000e+00 -1.000000000000000000e+00 -1.000000000000000000e+00 -1.000000000000000000e+00 9.876530000000000200e+02 6.348049999999999500e+02 1.211000000000000076e+00 9.839999999999999858e-01 2.439000000000000057e+00 1.058000000000000052e+00
8.000000000000000000e+00 4.600000000000000000e+02 -1.000000000000000000e+00 -1.000000000000000000e+00 -1.000000000000000000e+00 -1.000000000000000000e+00 -1.000000000000000000e+00 9.573469999999999800e+02 6.604800000000000182e+02 1.641000000000000014e+00 9.419999999999999485e-01 2.596000000000000085e+00 1.393000000000000016e+00
9.000000000000000000e+00 4.560000000000000000e+02 -1.000000000000000000e+00 -1.000000000000000000e+00 -1.000000000000000000e+00 -1.000000000000000000e+00 -1.000000000000000000e+00 9.876739999999999782e+02 6.347870000000000346e+02 1.207000000000000073e+00 9.839999999999999858e-01 2.439000000000000057e+00 1.058000000000000052e+00
9.000000000000000000e+00 4.600000000000000000e+02 -1.000000000000000000e+00 -1.000000000000000000e+00 -1.000000000000000000e+00 -1.000000000000000000e+00 -1.000000000000000000e+00 9.573279999999999745e+02 6.604579999999999700e+02 1.616000000000000103e+00 9.419999999999999485e-01 2.596000000000000085e+00 1.393000000000000016e+00
1.000000000000000000e+01 4.560000000000000000e+02 -1.000000000000000000e+00 -1.000000000000000000e+00 -1.000000000000000000e+00 -1.000000000000000000e+00 -1.000000000000000000e+00 9.876950000000000500e+02 6.347699999999999818e+02 1.201999999999999957e+00 9.839999999999999858e-01 2.439000000000000057e+00 1.058000000000000052e+00
1.000000000000000000e+01 4.600000000000000000e+02 -1.000000000000000000e+00 -1.000000000000000000e+00 -1.000000000000000000e+00 -1.000000000000000000e+00 -1.000000000000000000e+00 9.573319999999999936e+02 6.604619999999999891e+02 1.588999999999999968e+00 9.419999999999999485e-01 2.596000000000000085e+00 1.393000000000000016e+00
1.100000000000000000e+01 4.560000000000000000e+02 -1.000000000000000000e+00 -1.000000000000000000e+00 -1.000000000000000000e+00 -1.000000000000000000e+00 -1.000000000000000000e+00 9.877160000000000082e+02 6.347519999999999527e+02 1.197999999999999954e+00 9.839999999999999858e-01 2.439000000000000057e+00 1.058000000000000052e+00
1.100000000000000000e+01 4.650000000000000000e+02 -1.000000000000000000e+00 -1.000000000000000000e+00 -1.000000000000000000e+00 -1.000000000000000000e+00 -1.000000000000000000e+00 9.474370000000000118e+02 6.689109999999999445e+02 1.987999999999999989e+00 1.504999999999999893e+00 4.991500000000000270e+00 1.643000000000000016e+00
1.100000000000000000e+01 4.600000000000000000e+02 -1.000000000000000000e+00 -1.000000000000000000e+00 -1.000000000000000000e+00 -1.000000000000000000e+00 -1.000000000000000000e+00 9.573350000000000364e+02 6.604660000000000082e+02 1.562000000000000055e+00 9.419999999999999485e-01 2.596000000000000085e+00 1.393000000000000016e+00
1.200000000000000000e+01 4.560000000000000000e+02 -1.000000000000000000e+00 -1.000000000000000000e+00 -1.000000000000000000e+00 -1.000000000000000000e+00 -1.000000000000000000e+00 9.877469999999999573e+02 6.347250000000000227e+02 1.173999999999999932e+00 9.839999999999999858e-01 2.439000000000000057e+00 1.058000000000000052e+00
1.200000000000000000e+01 4.650000000000000000e+02 -1.000000000000000000e+00 -1.000000000000000000e+00 -1.000000000000000000e+00 -1.000000000000000000e+00 -1.000000000000000000e+00 9.474189999999999827e+02 6.689249999999999545e+02 1.975000000000000089e+00 1.504999999999999893e+00 4.991500000000000270e+00 1.643000000000000016e+00
1.200000000000000000e+01 4.600000000000000000e+02 -1.000000000000000000e+00 -1.000000000000000000e+00 -1.000000000000000000e+00 -1.000000000000000000e+00 -1.000000000000000000e+00 9.573379999999999654e+02 6.604700000000000273e+02 1.534999999999999920e+00 9.419999999999999485e-01 2.596000000000000085e+00 1.393000000000000016e+00
1.300000000000000000e+01 4.560000000000000000e+02 -1.000000000000000000e+00 -1.000000000000000000e+00 -1.000000000000000000e+00 -1.000000000000000000e+00 -1.000000000000000000e+00 9.877789999999999964e+02 6.346989999999999554e+02 1.149999999999999911e+00 9.839999999999999858e-01 2.439000000000000057e+00 1.058000000000000052e+00
1.300000000000000000e+01 4.650000000000000000e+02 -1.000000000000000000e+00 -1.000000000000000000e+00 -1.000000000000000000e+00 -1.000000000000000000e+00 -1.000000000000000000e+00 9.473999999999999773e+02 6.689379999999999882e+02 1.963000000000000078e+00 1.504999999999999893e+00 4.991500000000000270e+00 1.643000000000000016e+00
1.300000000000000000e+01 4.600000000000000000e+02 -1.000000000000000000e+00 -1.000000000000000000e+00 -1.000000000000000000e+00 -1.000000000000000000e+00 -1.000000000000000000e+00 9.573419999999999845e+02 6.604740000000000464e+02 1.508000000000000007e+00 9.419999999999999485e-01 2.596000000000000085e+00 1.393000000000000016e+00
1.400000000000000000e+01 4.560000000000000000e+02 -1.000000000000000000e+00 -1.000000000000000000e+00 -1.000000000000000000e+00 -1.000000000000000000e+00 -1.000000000000000000e+00 9.878099999999999454e+02 6.346720000000000255e+02 1.125999999999999890e+00 9.839999999999999858e-01 2.439000000000000057e+00 1.058000000000000052e+00
1.400000000000000000e+01 4.650000000000000000e+02 -1.000000000000000000e+00 -1.000000000000000000e+00 -1.000000000000000000e+00 -1.000000000000000000e+00 -1.000000000000000000e+00 9.473819999999999482e+02 6.689519999999999982e+02 1.949999999999999956e+00 1.504999999999999893e+00 4.991500000000000270e+00 1.643000000000000016e+00
1.400000000000000000e+01 4.600000000000000000e+02 -1.000000000000000000e+00 -1.000000000000000000e+00 -1.000000000000000000e+00 -1.000000000000000000e+00 -1.000000000000000000e+00 9.573450000000000273e+02 6.604769999999999754e+02 1.594000000000000083e+00 9.419999999999999485e-01 2.596000000000000085e+00 1.393000000000000016e+00
1.500000000000000000e+01 4.560000000000000000e+02 -1.000000000000000000e+00 -1.000000000000000000e+00 -1.000000000000000000e+00 -1.000000000000000000e+00 -1.000000000000000000e+00 9.878419999999999845e+02 6.346449999999999818e+02 1.102000000000000091e+00 9.839999999999999858e-01 2.439000000000000057e+00 1.058000000000000052e+00
1.500000000000000000e+01 4.650000000000000000e+02 -1.000000000000000000e+00 -1.000000000000000000e+00 -1.000000000000000000e+00 -1.000000000000000000e+00 -1.000000000000000000e+00 9.473640000000000327e+02 6.689660000000000082e+02 1.937000000000000055e+00 1.504999999999999893e+00 4.991500000000000270e+00 1.643000000000000016e+00
1.500000000000000000e+01 4.600000000000000000e+02 -1.000000000000000000e+00 -1.000000000000000000e+00 -1.000000000000000000e+00 -1.000000000000000000e+00 -1.000000000000000000e+00 9.573490000000000464e+02 6.604809999999999945e+02 1.532999999999999918e+00 9.419999999999999485e-01 2.596000000000000085e+00 1.393000000000000016e+00
1.600000000000000000e+01 4.560000000000000000e+02 -1.000000000000000000e+00 -1.000000000000000000e+00 -1.000000000000000000e+00 -1.000000000000000000e+00 -1.000000000000000000e+00 9.878730000000000473e+02 6.346190000000000282e+02 1.078000000000000069e+00 9.839999999999999858e-01 2.439000000000000057e+00 1.058000000000000052e+00
1.600000000000000000e+01 4.650000000000000000e+02 -1.000000000000000000e+00 -1.000000000000000000e+00 -1.000000000000000000e+00 -1.000000000000000000e+00 -1.000000000000000000e+00 9.473450000000000273e+02 6.689800000000000182e+02 1.923999999999999932e+00 1.504999999999999893e+00 4.991500000000000270e+00 1.643000000000000016e+00
1.600000000000000000e+01 4.600000000000000000e+02 -1.000000000000000000e+00 -1.000000000000000000e+00 -1.000000000000000000e+00 -1.000000000000000000e+00 -1.000000000000000000e+00 9.573519999999999754e+02 6.604850000000000136e+02 1.471000000000000085e+00 9.419999999999999485e-01 2.596000000000000085e+00 1.393000000000000016e+00
1.700000000000000000e+01 4.560000000000000000e+02 -1.000000000000000000e+00 -1.000000000000000000e+00 -1.000000000000000000e+00 -1.000000000000000000e+00 -1.000000000000000000e+00 9.878569999999999709e+02 6.345750000000000455e+02 1.078999999999999959e+00 9.839999999999999858e-01 2.439000000000000057e+00 1.058000000000000052e+00
1.700000000000000000e+01 4.650000000000000000e+02 -1.000000000000000000e+00 -1.000000000000000000e+00 -1.000000000000000000e+00 -1.000000000000000000e+00 -1.000000000000000000e+00 9.473269999999999982e+02 6.689930000000000518e+02 1.911000000000000032e+00 1.504999999999999893e+00 4.991500000000000270e+00 1.643000000000000016e+00
1.700000000000000000e+01 4.600000000000000000e+02 -1.000000000000000000e+00 -1.000000000000000000e+00 -1.000000000000000000e+00 -1.000000000000000000e+00 -1.000000000000000000e+00 9.573550000000000182e+02 6.604890000000000327e+02 1.409000000000000030e+00 9.419999999999999485e-01 2.596000000000000085e+00 1.393000000000000016e+00
1.800000000000000000e+01 4.560000000000000000e+02 -1.000000000000000000e+00 -1.000000000000000000e+00 -1.000000000000000000e+00 -1.000000000000000000e+00 -1.000000000000000000e+00 9.878400000000000318e+02 6.345320000000000391e+02 1.080999999999999961e+00 9.839999999999999858e-01 2.439000000000000057e+00 1.058000000000000052e+00
1.800000000000000000e+01 4.650000000000000000e+02 -1.000000000000000000e+00 -1.000000000000000000e+00 -1.000000000000000000e+00 -1.000000000000000000e+00 -1.000000000000000000e+00 9.473079999999999927e+02 6.690069999999999482e+02 1.897999999999999909e+00 1.504999999999999893e+00 4.991500000000000270e+00 1.643000000000000016e+00
1.800000000000000000e+01 4.600000000000000000e+02 -1.000000000000000000e+00 -1.000000000000000000e+00 -1.000000000000000000e+00 -1.000000000000000000e+00 -1.000000000000000000e+00 9.573590000000000373e+02 6.604930000000000518e+02 1.346999999999999975e+00 9.419999999999999485e-01 2.596000000000000085e+00 1.393000000000000016e+00
1.800000000000000000e+01 4.700000000000000000e+02 -1.000000000000000000e+00 -1.000000000000000000e+00 -1.000000000000000000e+00 -1.000000000000000000e+00 -1.000000000000000000e+00 9.352169999999999845e+02 6.785979999999999563e+02 1.203000000000000069e+00 1.058499999999999996e+00 2.431500000000000217e+00 1.084500000000000020e+00
1.900000000000000000e+01 4.560000000000000000e+02 -1.000000000000000000e+00 -1.000000000000000000e+00 -1.000000000000000000e+00 -1.000000000000000000e+00 -1.000000000000000000e+00 9.878239999999999554e+02 6.344880000000000564e+02 1.082000000000000073e+00 9.839999999999999858e-01 2.439000000000000057e+00 1.058000000000000052e+00
1.900000000000000000e+01 4.650000000000000000e+02 -1.000000000000000000e+00 -1.000000000000000000e+00 -1.000000000000000000e+00 -1.000000000000000000e+00 -1.000000000000000000e+00 9.472899999999999636e+02 6.690209999999999582e+02 1.885999999999999899e+00 1.504999999999999893e+00 4.991500000000000270e+00 1.643000000000000016e+00
1.900000000000000000e+01 4.600000000000000000e+02 -1.000000000000000000e+00 -1.000000000000000000e+00 -1.000000000000000000e+00 -1.000000000000000000e+00 -1.000000000000000000e+00 9.573619999999999663e+02 6.604969999999999573e+02 1.350999999999999979e+00 9.419999999999999485e-01 2.596000000000000085e+00 1.393000000000000016e+00
1.900000000000000000e+01 4.700000000000000000e+02 -1.000000000000000000e+00 -1.000000000000000000e+00 -1.000000000000000000e+00 -1.000000000000000000e+00 -1.000000000000000000e+00 9.352169999999999845e+02 6.785979999999999563e+02 1.203999999999999959e+00 1.058499999999999996e+00 2.431500000000000217e+00 1.084500000000000020e+00
2.000000000000000000e+01 4.560000000000000000e+02 -1.000000000000000000e+00 -1.000000000000000000e+00 -1.000000000000000000e+00 -1.000000000000000000e+00 -1.000000000000000000e+00 9.878070000000000164e+02 6.344450000000000500e+02 1.082999999999999963e+00 9.839999999999999858e-01 2.439000000000000057e+00 1.058000000000000052e+00
2.000000000000000000e+01 4.650000000000000000e+02 -1.000000000000000000e+00 -1.000000000000000000e+00 -1.000000000000000000e+00 -1.000000000000000000e+00 -1.000000000000000000e+00 9.472720000000000482e+02 6.690349999999999682e+02 1.872999999999999998e+00 1.504999999999999893e+00 4.991500000000000270e+00 1.643000000000000016e+00
2.000000000000000000e+01 4.600000000000000000e+02 -1.000000000000000000e+00 -1.000000000000000000e+00 -1.000000000000000000e+00 -1.000000000000000000e+00 -1.000000000000000000e+00 9.573650000000000091e+02 6.605000000000000000e+02 1.354000000000000092e+00 9.419999999999999485e-01 2.596000000000000085e+00 1.393000000000000016e+00
2.000000000000000000e+01 4.700000000000000000e+02 -1.000000000000000000e+00 -1.000000000000000000e+00 -1.000000000000000000e+00 -1.000000000000000000e+00 -1.000000000000000000e+00 9.352169999999999845e+02 6.785979999999999563e+02 1.205000000000000071e+00 1.058499999999999996e+00 2.431500000000000217e+00 1.084500000000000020e+00
2.100000000000000000e+01 4.560000000000000000e+02 -1.000000000000000000e+00 -1.000000000000000000e+00 -1.000000000000000000e+00 -1.000000000000000000e+00 -1.000000000000000000e+00 9.877709999999999582e+02 6.343909999999999627e+02 1.084000000000000075e+00 9.839999999999999858e-01 2.439000000000000057e+00 1.058000000000000052e+00
2.100000000000000000e+01 4.650000000000000000e+02 -1.000000000000000000e+00 -1.000000000000000000e+00 -1.000000000000000000e+00 -1.000000000000000000e+00 -1.000000000000000000e+00 9.472530000000000427e+02 6.690489999999999782e+02 1.860000000000000098e+00 1.504999999999999893e+00 4.991500000000000270e+00 1.643000000000000016e+00
2.100000000000000000e+01 4.600000000000000000e+02 -1.000000000000000000e+00 -1.000000000000000000e+00 -1.000000000000000000e+00 -1.000000000000000000e+00 -1.000000000000000000e+00 9.573690000000000282e+02 6.605040000000000191e+02 1.356999999999999984e+00 9.419999999999999485e-01 2.596000000000000085e+00 1.393000000000000016e+00
2.100000000000000000e+01 4.700000000000000000e+02 -1.000000000000000000e+00 -1.000000000000000000e+00 -1.000000000000000000e+00 -1.000000000000000000e+00 -1.000000000000000000e+00 9.352169999999999845e+02 6.785979999999999563e+02 1.205999999999999961e+00 1.058499999999999996e+00 2.431500000000000217e+00 1.084500000000000020e+00
2.200000000000000000e+01 4.650000000000000000e+02 -1.000000000000000000e+00 -1.000000000000000000e+00 -1.000000000000000000e+00 -1.000000000000000000e+00 -1.000000000000000000e+00 9.472350000000000136e+02 6.690620000000000118e+02 1.846999999999999975e+00 1.504999999999999893e+00 4.991500000000000270e+00 1.643000000000000016e+00
2.200000000000000000e+01 4.600000000000000000e+02 -1.000000000000000000e+00 -1.000000000000000000e+00 -1.000000000000000000e+00 -1.000000000000000000e+00 -1.000000000000000000e+00 9.573719999999999573e+02 6.605080000000000382e+02 1.360000000000000098e+00 9.419999999999999485e-01 2.596000000000000085e+00 1.393000000000000016e+00
2.200000000000000000e+01 4.700000000000000000e+02 -1.000000000000000000e+00 -1.000000000000000000e+00 -1.000000000000000000e+00 -1.000000000000000000e+00 -1.000000000000000000e+00 9.352169999999999845e+02 6.785979999999999563e+02 1.207000000000000073e+00 1.058499999999999996e+00 2.431500000000000217e+00 1.084500000000000020e+00
2.300000000000000000e+01 4.650000000000000000e+02 -1.000000000000000000e+00 -1.000000000000000000e+00 -1.000000000000000000e+00 -1.000000000000000000e+00 -1.000000000000000000e+00 9.472169999999999845e+02 6.690760000000000218e+02 1.834000000000000075e+00 1.504999999999999893e+00 4.991500000000000270e+00 1.643000000000000016e+00
2.300000000000000000e+01 4.600000000000000000e+02 -1.000000000000000000e+00 -1.000000000000000000e+00 -1.000000000000000000e+00 -1.000000000000000000e+00 -1.000000000000000000e+00 9.573759999999999764e+02 6.605119999999999436e+02 1.362999999999999989e+00 9.419999999999999485e-01 2.596000000000000085e+00 1.393000000000000016e+00
2.300000000000000000e+01 4.700000000000000000e+02 -1.000000000000000000e+00 -1.000000000000000000e+00 -1.000000000000000000e+00 -1.000000000000000000e+00 -1.000000000000000000e+00 9.352169999999999845e+02 6.785979999999999563e+02 1.207000000000000073e+00 1.058499999999999996e+00 2.431500000000000217e+00 1.084500000000000020e+00
2.400000000000000000e+01 4.650000000000000000e+02 -1.000000000000000000e+00 -1.000000000000000000e+00 -1.000000000000000000e+00 -1.000000000000000000e+00 -1.000000000000000000e+00 9.471979999999999791e+02 6.690900000000000318e+02 1.820999999999999952e+00 1.504999999999999893e+00 4.991500000000000270e+00 1.643000000000000016e+00
2.400000000000000000e+01 4.600000000000000000e+02 -1.000000000000000000e+00 -1.000000000000000000e+00 -1.000000000000000000e+00 -1.000000000000000000e+00 -1.000000000000000000e+00 9.573550000000000182e+02 6.604890000000000327e+02 1.352000000000000091e+00 9.419999999999999485e-01 2.596000000000000085e+00 1.393000000000000016e+00
2.400000000000000000e+01 4.700000000000000000e+02 -1.000000000000000000e+00 -1.000000000000000000e+00 -1.000000000000000000e+00 -1.000000000000000000e+00 -1.000000000000000000e+00 9.352169999999999845e+02 6.785979999999999563e+02 1.207999999999999963e+00 1.058499999999999996e+00 2.431500000000000217e+00 1.084500000000000020e+00
2.500000000000000000e+01 4.650000000000000000e+02 -1.000000000000000000e+00 -1.000000000000000000e+00 -1.000000000000000000e+00 -1.000000000000000000e+00 -1.000000000000000000e+00 9.471799999999999500e+02 6.691040000000000418e+02 1.808999999999999941e+00 1.504999999999999893e+00 4.991500000000000270e+00 1.643000000000000016e+00
2.500000000000000000e+01 4.600000000000000000e+02 -1.000000000000000000e+00 -1.000000000000000000e+00 -1.000000000000000000e+00 -1.000000000000000000e+00 -1.000000000000000000e+00 9.573350000000000364e+02 6.604660000000000082e+02 1.342000000000000082e+00 9.419999999999999485e-01 2.596000000000000085e+00 1.393000000000000016e+00
2.500000000000000000e+01 4.700000000000000000e+02 -1.000000000000000000e+00 -1.000000000000000000e+00 -1.000000000000000000e+00 -1.000000000000000000e+00 -1.000000000000000000e+00 9.352169999999999845e+02 6.785979999999999563e+02 1.209000000000000075e+00 1.058499999999999996e+00 2.431500000000000217e+00 1.084500000000000020e+00
2.600000000000000000e+01 4.650000000000000000e+02 -1.000000000000000000e+00 -1.000000000000000000e+00 -1.000000000000000000e+00 -1.000000000000000000e+00 -1.000000000000000000e+00 9.471620000000000346e+02 6.691169999999999618e+02 1.796000000000000041e+00 1.504999999999999893e+00 4.991500000000000270e+00 1.643000000000000016e+00
2.600000000000000000e+01 4.600000000000000000e+02 -1.000000000000000000e+00 -1.000000000000000000e+00 -1.000000000000000000e+00 -1.000000000000000000e+00 -1.000000000000000000e+00 9.573150000000000546e+02 6.604429999999999836e+02 1.330999999999999961e+00 9.419999999999999485e-01 2.596000000000000085e+00 1.393000000000000016e+00
2.600000000000000000e+01 4.700000000000000000e+02 -1.000000000000000000e+00 -1.000000000000000000e+00 -1.000000000000000000e+00 -1.000000000000000000e+00 -1.000000000000000000e+00 9.352169999999999845e+02 6.785979999999999563e+02 1.209999999999999964e+00 1.058499999999999996e+00 2.431500000000000217e+00 1.084500000000000020e+00
2.700000000000000000e+01 4.650000000000000000e+02 -1.000000000000000000e+00 -1.000000000000000000e+00 -1.000000000000000000e+00 -1.000000000000000000e+00 -1.000000000000000000e+00 9.471870000000000118e+02 6.691050000000000182e+02 1.788000000000000034e+00 1.504999999999999893e+00 4.991500000000000270e+00 1.643000000000000016e+00
2.700000000000000000e+01 4.600000000000000000e+02 -1.000000000000000000e+00 -1.000000000000000000e+00 -1.000000000000000000e+00 -1.000000000000000000e+00 -1.000000000000000000e+00 9.572949999999999591e+02 6.604199999999999591e+02 1.320999999999999952e+00 9.419999999999999485e-01 2.596000000000000085e+00 1.393000000000000016e+00
2.700000000000000000e+01 4.700000000000000000e+02 -1.000000000000000000e+00 -1.000000000000000000e+00 -1.000000000000000000e+00 -1.000000000000000000e+00 -1.000000000000000000e+00 9.352169999999999845e+02 6.785979999999999563e+02 1.211000000000000076e+00 1.058499999999999996e+00 2.431500000000000217e+00 1.084500000000000020e+00
2.800000000000000000e+01 4.650000000000000000e+02 -1.000000000000000000e+00 -1.000000000000000000e+00 -1.000000000000000000e+00 -1.000000000000000000e+00 -1.000000000000000000e+00 9.472129999999999654e+02 6.690919999999999845e+02 1.780999999999999917e+00 1.504999999999999893e+00 4.991500000000000270e+00 1.643000000000000016e+00
2.800000000000000000e+01 4.600000000000000000e+02 -1.000000000000000000e+00 -1.000000000000000000e+00 -1.000000000000000000e+00 -1.000000000000000000e+00 -1.000000000000000000e+00 9.572899999999999636e+02 6.604139999999999873e+02 1.322999999999999954e+00 9.419999999999999485e-01 2.596000000000000085e+00 1.393000000000000016e+00
2.800000000000000000e+01 4.700000000000000000e+02 -1.000000000000000000e+00 -1.000000000000000000e+00 -1.000000000000000000e+00 -1.000000000000000000e+00 -1.000000000000000000e+00 9.352169999999999845e+02 6.785979999999999563e+02 1.211999999999999966e+00 1.058499999999999996e+00 2.431500000000000217e+00 1.084500000000000020e+00
2.900000000000000000e+01 4.650000000000000000e+02 -1.000000000000000000e+00 -1.000000000000000000e+00 -1.000000000000000000e+00 -1.000000000000000000e+00 -1.000000000000000000e+00 9.472390000000000327e+02 6.690789999999999509e+02 1.774000000000000021e+00 1.504999999999999893e+00 4.991500000000000270e+00 1.643000000000000016e+00
2.900000000000000000e+01 4.600000000000000000e+02 -1.000000000000000000e+00 -1.000000000000000000e+00 -1.000000000000000000e+00 -1.000000000000000000e+00 -1.000000000000000000e+00 9.572849999999999682e+02 6.604089999999999918e+02 1.324999999999999956e+00 9.419999999999999485e-01 2.596000000000000085e+00 1.393000000000000016e+00
2.900000000000000000e+01 4.700000000000000000e+02 -1.000000000000000000e+00 -1.000000000000000000e+00 -1.000000000000000000e+00 -1.000000000000000000e+00 -1.000000000000000000e+00 9.352169999999999845e+02 6.785979999999999563e+02 1.213000000000000078e+00 1.058499999999999996e+00 2.431500000000000217e+00 1.084500000000000020e+00
3.000000000000000000e+01 4.650000000000000000e+02 -1.000000000000000000e+00 -1.000000000000000000e+00 -1.000000000000000000e+00 -1.000000000000000000e+00 -1.000000000000000000e+00 9.472649999999999864e+02 6.690660000000000309e+02 1.766999999999999904e+00 1.504999999999999893e+00 4.991500000000000270e+00 1.643000000000000016e+00
3.000000000000000000e+01 4.600000000000000000e+02 -1.000000000000000000e+00 -1.000000000000000000e+00 -1.000000000000000000e+00 -1.000000000000000000e+00 -1.000000000000000000e+00 9.572799999999999727e+02 6.604039999999999964e+02 1.326999999999999957e+00 9.419999999999999485e-01 2.596000000000000085e+00 1.393000000000000016e+00
3.000000000000000000e+01 4.700000000000000000e+02 -1.000000000000000000e+00 -1.000000000000000000e+00 -1.000000000000000000e+00 -1.000000000000000000e+00 -1.000000000000000000e+00 9.352169999999999845e+02 6.785979999999999563e+02 1.213999999999999968e+00 1.058499999999999996e+00 2.431500000000000217e+00 1.084500000000000020e+00
3.100000000000000000e+01 4.650000000000000000e+02 -1.000000000000000000e+00 -1.000000000000000000e+00 -1.000000000000000000e+00 -1.000000000000000000e+00 -1.000000000000000000e+00 9.472910000000000537e+02 6.690529999999999973e+02 1.758999999999999897e+00 1.504999999999999893e+00 4.991500000000000270e+00 1.643000000000000016e+00
3.100000000000000000e+01 4.700000000000000000e+02 -1.000000000000000000e+00 -1.000000000000000000e+00 -1.000000000000000000e+00 -1.000000000000000000e+00 -1.000000000000000000e+00 9.352169999999999845e+02 6.785979999999999563e+02 1.215000000000000080e+00 1.058499999999999996e+00 2.431500000000000217e+00 1.084500000000000020e+00
3.200000000000000000e+01 4.650000000000000000e+02 -1.000000000000000000e+00 -1.000000000000000000e+00 -1.000000000000000000e+00 -1.000000000000000000e+00 -1.000000000000000000e+00 9.473170000000000073e+02 6.690399999999999636e+02 1.752000000000000002e+00 1.504999999999999893e+00 4.991500000000000270e+00 1.643000000000000016e+00
3.200000000000000000e+01 4.700000000000000000e+02 -1.000000000000000000e+00 -1.000000000000000000e+00 -1.000000000000000000e+00 -1.000000000000000000e+00 -1.000000000000000000e+00 9.352169999999999845e+02 6.785979999999999563e+02 1.215999999999999970e+00 1.058499999999999996e+00 2.431500000000000217e+00 1.084500000000000020e+00
3.300000000000000000e+01 4.650000000000000000e+02 -1.000000000000000000e+00 -1.000000000000000000e+00 -1.000000000000000000e+00 -1.000000000000000000e+00 -1.000000000000000000e+00 9.473429999999999609e+02 6.690270000000000437e+02 1.745000000000000107e+00 1.504999999999999893e+00 4.991500000000000270e+00 1.643000000000000016e+00
3.300000000000000000e+01 4.700000000000000000e+02 -1.000000000000000000e+00 -1.000000000000000000e+00 -1.000000000000000000e+00 -1.000000000000000000e+00 -1.000000000000000000e+00 9.352169999999999845e+02 6.785979999999999563e+02 1.217000000000000082e+00 1.058499999999999996e+00 2.431500000000000217e+00 1.084500000000000020e+00
3.400000000000000000e+01 4.700000000000000000e+02 -1.000000000000000000e+00 -1.000000000000000000e+00 -1.000000000000000000e+00 -1.000000000000000000e+00 -1.000000000000000000e+00 9.352169999999999845e+02 6.785979999999999563e+02 1.217999999999999972e+00 1.058499999999999996e+00 2.431500000000000217e+00 1.084500000000000020e+00
3.500000000000000000e+01 4.700000000000000000e+02 -1.000000000000000000e+00 -1.000000000000000000e+00 -1.000000000000000000e+00 -1.000000000000000000e+00 -1.000000000000000000e+00 9.352169999999999845e+02 6.785979999999999563e+02 1.219000000000000083e+00 1.058499999999999996e+00 2.431500000000000217e+00 1.084500000000000020e+00
3.600000000000000000e+01 4.700000000000000000e+02 -1.000000000000000000e+00 -1.000000000000000000e+00 -1.000000000000000000e+00 -1.000000000000000000e+00 -1.000000000000000000e+00 9.352169999999999845e+02 6.785979999999999563e+02 1.219999999999999973e+00 1.058499999999999996e+00 2.431500000000000217e+00 1.084500000000000020e+00
3.700000000000000000e+01 4.700000000000000000e+02 -1.000000000000000000e+00 -1.000000000000000000e+00 -1.000000000000000000e+00 -1.000000000000000000e+00 -1.000000000000000000e+00 9.352169999999999845e+02 6.785979999999999563e+02 1.221000000000000085e+00 1.058499999999999996e+00 2.431500000000000217e+00 1.084500000000000020e+00
3.800000000000000000e+01 4.700000000000000000e+02 -1.000000000000000000e+00 -1.000000000000000000e+00 -1.000000000000000000e+00 -1.000000000000000000e+00 -1.000000000000000000e+00 9.352169999999999845e+02 6.785979999999999563e+02 1.221999999999999975e+00 1.058499999999999996e+00 2.431500000000000217e+00 1.084500000000000020e+00
