3.000000000000000000e+01 5.080000000000000000e+03 -1.000000000000000000e+00 -1.000000000000000000e+00 -1.000000000000000000e+00 -1.000000000000000000e+00 -1.000000000000000000e+00 1.250005000000000109e+03 1.000351999999999975e+03 2.159999999999999976e-01 4.184999999999999831e-01 9.024999999999999689e-01 1.020499999999999963e+00
3.100000000000000000e+01 5.080000000000000000e+03 -1.000000000000000000e+00 -1.000000000000000000e+00 -1.000000000000000000e+00 -1.000000000000000000e+00 -1.000000000000000000e+00 1.251325000000000045e+03 1.002287000000000035e+03 2.489999999999999991e-01 4.184999999999999831e-01 9.024999999999999689e-01 1.020499999999999963e+00
3.200000000000000000e+01 5.080000000000000000e+03 -1.000000000000000000e+00 -1.000000000000000000e+00 -1.000000000000000000e+00 -1.000000000000000000e+00 -1.000000000000000000e+00 1.252710000000000036e+03 1.004173999999999978e+03 4.069999999999999729e-01 4.184999999999999831e-01 9.024999999999999689e-01 1.020499999999999963e+00
3.300000000000000000e+01 5.080000000000000000e+03 -1.000000000000000000e+00 -1.000000000000000000e+00 -1.000000000000000000e+00 -1.000000000000000000e+00 -1.000000000000000000e+00 1.254095000000000027e+03 1.006059999999999945e+03 4.650000000000000244e-01 4.184999999999999831e-01 9.024999999999999689e-01 1.020499999999999963e+00
3.400000000000000000e+01 5.080000000000000000e+03 -1.000000000000000000e+00 -1.000000000000000000e+00 -1.000000000000000000e+00 -1.000000000000000000e+00 -1.000000000000000000e+00 1.255579999999999927e+03 1.007865000000000009e+03 6.149999999999999911e-01 4.184999999999999831e-01 9.024999999999999689e-01 1.020499999999999963e+00
3.500000000000000000e+01 5.080000000000000000e+03 -1.000000000000000000e+00 -1.000000000000000000e+00 -1.000000000000000000e+00 -1.000000000000000000e+00 -1.000000000000000000e+00 1.257064000000000078e+03 1.009671000000000049e+03 8.149999999999999467e-01 4.184999999999999831e-01 9.024999999999999689e-01 1.020499999999999963e+00
3.600000000000000000e+01 5.080000000000000000e+03 -1.000000000000000000e+00 -1.000000000000000000e+00 -1.000000000000000000e+00 -1.000000000000000000e+00 -1.000000000000000000e+00 1.258549999999999955e+03 1.011477999999999952e+03 1.014999999999999902e+00 4.184999999999999831e-01 9.024999999999999689e-01 1.020499999999999963e+00
3.700000000000000000e+01 5.080000000000000000e+03 -1.000000000000000000e+00 -1.000000000000000000e+00 -1.000000000000000000e+00 -1.000000000000000000e+00 -1.000000000000000000e+00 1.259875999999999976e+03 1.013124000000000024e+03 1.215999999999999970e+00 4.184999999999999831e-01 9.024999999999999689e-01 1.020499999999999963e+00
3.800000000000000000e+01 5.080000000000000000e+03 -1.000000000000000000e+00 -1.000000000000000000e+00 -1.000000000000000000e+00 -1.000000000000000000e+00 -1.000000000000000000e+00 1.261242999999999938e+03 1.014731999999999971e+03 1.415000000000000036e+00 4.184999999999999831e-01 9.024999999999999689e-01 1.020499999999999963e+00
3.900000000000000000e+01 5.080000000000000000e+03 -1.000000000000000000e+00 -1.000000000000000000e+00 -1.000000000000000000e+00 -1.000000000000000000e+00 -1.000000000000000000e+00 1.262691000000000031e+03 1.016278000000000020e+03 1.564999999999999947e+00 4.184999999999999831e-01 9.024999999999999689e-01 1.020499999999999963e+00
4.000000000000000000e+01 5.080000000000000000e+03 -1.000000000000000000e+00 -1.000000000000000000e+00 -1.000000000000000000e+00 -1.000000000000000000e+00 -1.000000000000000000e+00 1.264128999999999905e+03 1.017832999999999970e+03 1.715000000000000080e+00 4.184999999999999831e-01 9.024999999999999689e-01 1.020499999999999963e+00
