1.000000000000000000e+00 6.275000000000000000e+03 -1.000000000000000000e+00 -1.000000000000000000e+00 -1.000000000000000000e+00 -1.000000000000000000e+00 -1.000000000000000000e+00 1.550897999999999911e+03 2.542793999999999869e+03 7.379999999999999893e-01 8.739999999999999991e-01 2.136000000000000121e+00 7.580000000000000071e-01
1.000000000000000000e+00 6.276000000000000000e+03 -1.000000000000000000e+00 -1.000000000000000000e+00 -1.000000000000000000e+00 -1.000000000000000000e+00 -1.000000000000000000e+00 1.594112000000000080e+03 2.475836999999999989e+03 1.250000000000000000e+00 1.018000000000000016e+00 2.277000000000000135e+00 1.000000000000000000e+00
1.000000000000000000e+00 6.277000000000000000e+03 -1.000000000000000000e+00 -1.000000000000000000e+00 -1.000000000000000000e+00 -1.000000000000000000e+00 -1.000000000000000000e+00 1.565644999999999982e+03 2.548554000000000087e+03 4.680000000000000271e-01 7.540000000000000036e-01 1.856500000000000039e+00 7.375000000000000444e-01
2.000000000000000000e+00 6.275000000000000000e+03 -1.000000000000000000e+00 -1.000000000000000000e+00 -1.000000000000000000e+00 -1.000000000000000000e+00 -1.000000000000000000e+00 1.550865999999999985e+03 2.542782999999999902e+03 7.129999999999999671e-01 8.739999999999999991e-01 2.136000000000000121e+00 7.580000000000000071e-01
2.000000000000000000e+00 6.277000000000000000e+03 -1.000000000000000000e+00 -1.000000000000000000e+00 -1.000000000000000000e+00 -1.000000000000000000e+00 -1.000000000000000000e+00 1.565726000000000113e+03 2.548532999999999902e+03 5.050000000000000044e-01 7.540000000000000036e-01 1.856500000000000039e+00 7.375000000000000444e-01
3.000000000000000000e+00 6.275000000000000000e+03 -1.000000000000000000e+00 -1.000000000000000000e+00 -1.000000000000000000e+00 -1.000000000000000000e+00 -1.000000000000000000e+00 1.550833000000000084e+03 2.542773000000000138e+03 6.879999999999999449e-01 8.739999999999999991e-01 2.136000000000000121e+00 7.580000000000000071e-01
3.000000000000000000e+00 6.277000000000000000e+03 -1.000000000000000000e+00 -1.000000000000000000e+00 -1.000000000000000000e+00 -1.000000000000000000e+00 -1.000000000000000000e+00 1.565806000000000040e+03 2.548512000000000171e+03 4.430000000000000049e-01 7.540000000000000036e-01 1.856500000000000039e+00 7.375000000000000444e-01
4.000000000000000000e+00 6.275000000000000000e+03 -1.000000000000000000e+00 -1.000000000000000000e+00 -1.000000000000000000e+00 -1.000000000000000000e+00 -1.000000000000000000e+00 1.550799999999999955e+03 2.542762000000000171e+03 6.630000000000000338e-01 8.739999999999999991e-01 2.136000000000000121e+00 7.580000000000000071e-01
4.000000000000000000e+00 6.277000000000000000e+03 -1.000000000000000000e+00 -1.000000000000000000e+00 -1.000000000000000000e+00 -1.000000000000000000e+00 -1.000000000000000000e+00 1.565798000000000002e+03 2.548516000000000076e+03 3.800000000000000044e-01 7.540000000000000036e-01 1.856500000000000039e+00 7.375000000000000444e-01
5.000000000000000000e+00 6.275000000000000000e+03 -1.000000000000000000e+00 -1.000000000000000000e+00 -1.000000000000000000e+00 -1.000000000000000000e+00 -1.000000000000000000e+00 1.550805000000000064e+03 2.542764000000000124e+03 6.049999999999999822e-01 8.739999999999999991e-01 2.136000000000000121e+00 7.580000000000000071e-01
5.000000000000000000e+00 6.277000000000000000e+03 -1.000000000000000000e+00 -1.000000000000000000e+00 -1.000000000000000000e+00 -1.000000000000000000e+00 -1.000000000000000000e+00 1.565789999999999964e+03 2.548521000000000186e+03 4.179999999999999827e-01 7.540000000000000036e-01 1.856500000000000039e+00 7.375000000000000444e-01
6.000000000000000000e+00 6.275000000000000000e+03 -1.000000000000000000e+00 -1.000000000000000000e+00 -1.000000000000000000e+00 -1.000000000000000000e+00 -1.000000000000000000e+00 1.550809999999999945e+03 2.542764999999999873e+03 5.470000000000000417e-01 8.739999999999999991e-01 2.136000000000000121e+00 7.580000000000000071e-01
6.000000000000000000e+00 6.277000000000000000e+03 -1.000000000000000000e+00 -1.000000000000000000e+00 -1.000000000000000000e+00 -1.000000000000000000e+00 -1.000000000000000000e+00 1.565721000000000004e+03 2.548536000000000058e+03 3.900000000000000133e-01 7.540000000000000036e-01 1.856500000000000039e+00 7.375000000000000444e-01
7.000000000000000000e+00 6.275000000000000000e+03 -1.000000000000000000e+00 -1.000000000000000000e+00 -1.000000000000000000e+00 -1.000000000000000000e+00 -1.000000000000000000e+00 1.550815000000000055e+03 2.542766999999999825e+03 6.380000000000000115e-01 8.739999999999999991e-01 2.136000000000000121e+00 7.580000000000000071e-01
7.000000000000000000e+00 6.277000000000000000e+03 -1.000000000000000000e+00 -1.000000000000000000e+00 -1.000000000000000000e+00 -1.000000000000000000e+00 -1.000000000000000000e+00 1.565644999999999982e+03 2.548554000000000087e+03 3.589999999999999858e-01 7.540000000000000036e-01 1.856500000000000039e+00 7.375000000000000444e-01
8.000000000000000000e+00 6.275000000000000000e+03 -1.000000000000000000e+00 -1.000000000000000000e+00 -1.000000000000000000e+00 -1.000000000000000000e+00 -1.000000000000000000e+00 1.550795000000000073e+03 2.542778999999999996e+03 5.629999999999999449e-01 8.739999999999999991e-01 2.136000000000000121e+00 7.580000000000000071e-01
8.000000000000000000e+00 6.278000000000000000e+03 -1.000000000000000000e+00 -1.000000000000000000e+00 -1.000000000000000000e+00 -1.000000000000000000e+00 -1.000000000000000000e+00 1.534208000000000084e+03 2.515449999999999818e+03 1.100000000000000089e+00 9.304999999999999938e-01 2.004500000000000171e+00 7.019999999999999574e-01
8.000000000000000000e+00 6.277000000000000000e+03 -1.000000000000000000e+00 -1.000000000000000000e+00 -1.000000000000000000e+00 -1.000000000000000000e+00 -1.000000000000000000e+00 1.565682000000000016e+03 2.548438999999999851e+03 4.949999999999999956e-01 7.540000000000000036e-01 1.856500000000000039e+00 7.375000000000000444e-01
9.000000000000000000e+00 6.275000000000000000e+03 -1.000000000000000000e+00 -1.000000000000000000e+00 -1.000000000000000000e+00 -1.000000000000000000e+00 -1.000000000000000000e+00 1.550776000000000067e+03 2.542791000000000167e+03 4.879999999999999893e-01 8.739999999999999991e-01 2.136000000000000121e+00 7.580000000000000071e-01
9.000000000000000000e+00 6.278000000000000000e+03 -1.000000000000000000e+00 -1.000000000000000000e+00 -1.000000000000000000e+00 -1.000000000000000000e+00 -1.000000000000000000e+00 1.534135999999999967e+03 2.515534000000000106e+03 1.100000000000000089e+00 9.304999999999999938e-01 2.004500000000000171e+00 7.019999999999999574e-01
9.000000000000000000e+00 6.277000000000000000e+03 -1.000000000000000000e+00 -1.000000000000000000e+00 -1.000000000000000000e+00 -1.000000000000000000e+00 -1.000000000000000000e+00 1.565672000000000025e+03 2.548469999999999800e+03 4.309999999999999942e-01 7.540000000000000036e-01 1.856500000000000039e+00 7.375000000000000444e-01
9.000000000000000000e+00 6.280000000000000000e+03 -1.000000000000000000e+00 -1.000000000000000000e+00 -1.000000000000000000e+00 -1.000000000000000000e+00 -1.000000000000000000e+00 1.535749000000000024e+03 2.513096000000000004e+03 1.217000000000000082e+00 9.304999999999999938e-01 2.521500000000000075e+00 8.195000000000000062e-01
1.000000000000000000e+01 6.275000000000000000e+03 -1.000000000000000000e+00 -1.000000000000000000e+00 -1.000000000000000000e+00 -1.000000000000000000e+00 -1.000000000000000000e+00 1.550769999999999982e+03 2.542807999999999993e+03 6.219999999999999973e-01 8.739999999999999991e-01 2.136000000000000121e+00 7.580000000000000071e-01
1.000000000000000000e+01 6.277000000000000000e+03 -1.000000000000000000e+00 -1.000000000000000000e+00 -1.000000000000000000e+00 -1.000000000000000000e+00 -1.000000000000000000e+00 1.565644999999999982e+03 2.548554000000000087e+03 4.680000000000000271e-01 7.540000000000000036e-01 1.856500000000000039e+00 7.375000000000000444e-01
1.000000000000000000e+01 6.280000000000000000e+03 -1.000000000000000000e+00 -1.000000000000000000e+00 -1.000000000000000000e+00 -1.000000000000000000e+00 -1.000000000000000000e+00 1.535800999999999931e+03 2.513141999999999825e+03 1.217000000000000082e+00 9.304999999999999938e-01 2.521500000000000075e+00 8.195000000000000062e-01
1.100000000000000000e+01 6.275000000000000000e+03 -1.000000000000000000e+00 -1.000000000000000000e+00 -1.000000000000000000e+00 -1.000000000000000000e+00 -1.000000000000000000e+00 1.550765000000000100e+03 2.542824999999999818e+03 6.300000000000000044e-01 8.739999999999999991e-01 2.136000000000000121e+00 7.580000000000000071e-01
1.200000000000000000e+01 6.275000000000000000e+03 -1.000000000000000000e+00 -1.000000000000000000e+00 -1.000000000000000000e+00 -1.000000000000000000e+00 -1.000000000000000000e+00 1.550759000000000015e+03 2.542840999999999894e+03 6.380000000000000115e-01 8.739999999999999991e-01 2.136000000000000121e+00 7.580000000000000071e-01
1.300000000000000000e+01 6.275000000000000000e+03 -1.000000000000000000e+00 -1.000000000000000000e+00 -1.000000000000000000e+00 -1.000000000000000000e+00 -1.000000000000000000e+00 1.550768000000000029e+03 2.542813000000000102e+03 6.630000000000000338e-01 8.739999999999999991e-01 2.136000000000000121e+00 7.580000000000000071e-01
1.400000000000000000e+01 6.275000000000000000e+03 -1.000000000000000000e+00 -1.000000000000000000e+00 -1.000000000000000000e+00 -1.000000000000000000e+00 -1.000000000000000000e+00 1.550778000000000020e+03 2.542784999999999854e+03 6.879999999999999449e-01 8.739999999999999991e-01 2.136000000000000121e+00 7.580000000000000071e-01
1.500000000000000000e+01 6.275000000000000000e+03 -1.000000000000000000e+00 -1.000000000000000000e+00 -1.000000000000000000e+00 -1.000000000000000000e+00 -1.000000000000000000e+00 1.550787000000000035e+03 2.542757999999999811e+03 3.880000000000000115e-01 8.739999999999999991e-01 2.136000000000000121e+00 7.580000000000000071e-01
2.400000000000000000e+01 6.281000000000000000e+03 -1.000000000000000000e+00 -1.000000000000000000e+00 -1.000000000000000000e+00 -1.000000000000000000e+00 -1.000000000000000000e+00 1.443132000000000062e+03 2.603552999999999884e+03 9.799999999999999822e-01 9.060000000000000275e-01 2.146999999999999797e+00 7.179999999999999716e-01
2.500000000000000000e+01 6.281000000000000000e+03 -1.000000000000000000e+00 -1.000000000000000000e+00 -1.000000000000000000e+00 -1.000000000000000000e+00 -1.000000000000000000e+00 1.443134000000000015e+03 2.603556000000000040e+03 9.689999999999999725e-01 9.060000000000000275e-01 2.146999999999999797e+00 7.179999999999999716e-01
2.600000000000000000e+01 6.281000000000000000e+03 -1.000000000000000000e+00 -1.000000000000000000e+00 -1.000000000000000000e+00 -1.000000000000000000e+00 -1.000000000000000000e+00 1.443136999999999944e+03 2.603557999999999993e+03 9.569999999999999618e-01 9.060000000000000275e-01 2.146999999999999797e+00 7.179999999999999716e-01
2.700000000000000000e+01 6.281000000000000000e+03 -1.000000000000000000e+00 -1.000000000000000000e+00 -1.000000000000000000e+00 -1.000000000000000000e+00 -1.000000000000000000e+00 1.443138999999999896e+03 2.603561000000000149e+03 9.210000000000000409e-01 9.060000000000000275e-01 2.146999999999999797e+00 7.179999999999999716e-01
2.700000000000000000e+01 6.282000000000000000e+03 -1.000000000000000000e+00 -1.000000000000000000e+00 -1.000000000000000000e+00 -1.000000000000000000e+00 -1.000000000000000000e+00 1.431661000000000058e+03 2.616275999999999840e+03 8.729999999999999982e-01 8.575000000000000400e-01 2.270999999999999908e+00 7.159999999999999698e-01
2.800000000000000000e+01 6.281000000000000000e+03 -1.000000000000000000e+00 -1.000000000000000000e+00 -1.000000000000000000e+00 -1.000000000000000000e+00 -1.000000000000000000e+00 1.443141000000000076e+03 2.603563000000000102e+03 8.850000000000000089e-01 9.060000000000000275e-01 2.146999999999999797e+00 7.179999999999999716e-01
2.800000000000000000e+01 6.282000000000000000e+03 -1.000000000000000000e+00 -1.000000000000000000e+00 -1.000000000000000000e+00 -1.000000000000000000e+00 -1.000000000000000000e+00 1.428594000000000051e+03 2.618559999999999945e+03 9.230000000000000426e-01 8.575000000000000400e-01 2.270999999999999908e+00 7.159999999999999698e-01
2.900000000000000000e+01 6.281000000000000000e+03 -1.000000000000000000e+00 -1.000000000000000000e+00 -1.000000000000000000e+00 -1.000000000000000000e+00 -1.000000000000000000e+00 1.443143000000000029e+03 2.603565999999999804e+03 8.479999999999999760e-01 9.060000000000000275e-01 2.146999999999999797e+00 7.179999999999999716e-01
2.900000000000000000e+01 6.282000000000000000e+03 -1.000000000000000000e+00 -1.000000000000000000e+00 -1.000000000000000000e+00 -1.000000000000000000e+00 -1.000000000000000000e+00 1.425711000000000013e+03 2.620757999999999811e+03 9.599999999999999645e-01 8.575000000000000400e-01 2.270999999999999908e+00 7.159999999999999698e-01
3.000000000000000000e+01 6.281000000000000000e+03 -1.000000000000000000e+00 -1.000000000000000000e+00 -1.000000000000000000e+00 -1.000000000000000000e+00 -1.000000000000000000e+00 1.443133000000000038e+03 2.603554000000000087e+03 8.619999999999999885e-01 9.060000000000000275e-01 2.146999999999999797e+00 7.179999999999999716e-01
3.000000000000000000e+01 6.282000000000000000e+03 -1.000000000000000000e+00 -1.000000000000000000e+00 -1.000000000000000000e+00 -1.000000000000000000e+00 -1.000000000000000000e+00 1.422827999999999975e+03 2.622954999999999927e+03 9.979999999999999982e-01 8.575000000000000400e-01 2.270999999999999908e+00 7.159999999999999698e-01
3.100000000000000000e+01 6.281000000000000000e+03 -1.000000000000000000e+00 -1.000000000000000000e+00 -1.000000000000000000e+00 -1.000000000000000000e+00 -1.000000000000000000e+00 1.443124000000000024e+03 2.603543000000000120e+03 8.760000000000000009e-01 9.060000000000000275e-01 2.146999999999999797e+00 7.179999999999999716e-01
3.100000000000000000e+01 6.282000000000000000e+03 -1.000000000000000000e+00 -1.000000000000000000e+00 -1.000000000000000000e+00 -1.000000000000000000e+00 -1.000000000000000000e+00 1.419942999999999984e+03 2.625155000000000200e+03 9.350000000000000533e-01 8.575000000000000400e-01 2.270999999999999908e+00 7.159999999999999698e-01
3.200000000000000000e+01 6.281000000000000000e+03 -1.000000000000000000e+00 -1.000000000000000000e+00 -1.000000000000000000e+00 -1.000000000000000000e+00 -1.000000000000000000e+00 1.443146999999999935e+03 2.603523000000000138e+03 8.760000000000000009e-01 9.060000000000000275e-01 2.146999999999999797e+00 7.179999999999999716e-01
3.200000000000000000e+01 6.282000000000000000e+03 -1.000000000000000000e+00 -1.000000000000000000e+00 -1.000000000000000000e+00 -1.000000000000000000e+00 -1.000000000000000000e+00 1.417057000000000016e+03 2.627355000000000018e+03 8.729999999999999982e-01 8.575000000000000400e-01 2.270999999999999908e+00 7.159999999999999698e-01
3.300000000000000000e+01 6.281000000000000000e+03 -1.000000000000000000e+00 -1.000000000000000000e+00 -1.000000000000000000e+00 -1.000000000000000000e+00 -1.000000000000000000e+00 1.443124000000000024e+03 2.603543000000000120e+03 7.259999999999999787e-01 9.060000000000000275e-01 2.146999999999999797e+00 7.179999999999999716e-01
3.300000000000000000e+01 6.282000000000000000e+03 -1.000000000000000000e+00 -1.000000000000000000e+00 -1.000000000000000000e+00 -1.000000000000000000e+00 -1.000000000000000000e+00 1.414104529499512410e+03 2.629635477214686944e+03 8.490002397928189115e-01 8.575000000000000400e-01 2.270999999999999908e+00 7.159999999999999698e-01
3.400000000000000000e+01 6.281000000000000000e+03 -1.000000000000000000e+00 -1.000000000000000000e+00 -1.000000000000000000e+00 -1.000000000000000000e+00 -1.000000000000000000e+00 1.442823000000000093e+03 2.603797000000000025e+03 7.259999999999999787e-01 9.060000000000000275e-01 2.146999999999999797e+00 7.179999999999999716e-01
3.400000000000000000e+01 6.282000000000000000e+03 -1.000000000000000000e+00 -1.000000000000000000e+00 -1.000000000000000000e+00 -1.000000000000000000e+00 -1.000000000000000000e+00 1.411152000000000044e+03 2.631916000000000167e+03 8.249999999999999556e-01 8.575000000000000400e-01 2.270999999999999908e+00 7.159999999999999698e-01
3.500000000000000000e+01 6.281000000000000000e+03 -1.000000000000000000e+00 -1.000000000000000000e+00 -1.000000000000000000e+00 -1.000000000000000000e+00 -1.000000000000000000e+00 1.442805000000000064e+03 2.603813000000000102e+03 8.760000000000000009e-01 9.060000000000000275e-01 2.146999999999999797e+00 7.179999999999999716e-01
3.500000000000000000e+01 6.282000000000000000e+03 -1.000000000000000000e+00 -1.000000000000000000e+00 -1.000000000000000000e+00 -1.000000000000000000e+00 -1.000000000000000000e+00 1.408202999999999975e+03 2.634193000000000211e+03 8.010000000000000453e-01 8.575000000000000400e-01 2.270999999999999908e+00 7.159999999999999698e-01
3.600000000000000000e+01 6.281000000000000000e+03 -1.000000000000000000e+00 -1.000000000000000000e+00 -1.000000000000000000e+00 -1.000000000000000000e+00 -1.000000000000000000e+00 1.442750999999999976e+03 2.603818999999999960e+03 9.050000000000000266e-01 9.060000000000000275e-01 2.146999999999999797e+00 7.179999999999999716e-01
3.600000000000000000e+01 6.282000000000000000e+03 -1.000000000000000000e+00 -1.000000000000000000e+00 -1.000000000000000000e+00 -1.000000000000000000e+00 -1.000000000000000000e+00 1.405752999999999929e+03 2.636132999999999811e+03 7.980000000000000426e-01 8.575000000000000400e-01 2.270999999999999908e+00 7.159999999999999698e-01
3.700000000000000000e+01 6.281000000000000000e+03 -1.000000000000000000e+00 -1.000000000000000000e+00 -1.000000000000000000e+00 -1.000000000000000000e+00 -1.000000000000000000e+00 1.442673999999999978e+03 2.603806999999999789e+03 9.260000000000000453e-01 9.060000000000000275e-01 2.146999999999999797e+00 7.179999999999999716e-01
3.700000000000000000e+01 6.284000000000000000e+03 -1.000000000000000000e+00 -1.000000000000000000e+00 -1.000000000000000000e+00 -1.000000000000000000e+00 -1.000000000000000000e+00 1.415270999999999958e+03 2.646250000000000000e+03 9.729999999999999760e-01 8.259999999999999565e-01 2.237999999999999989e+00 8.235000000000000098e-01
3.700000000000000000e+01 6.282000000000000000e+03 -1.000000000000000000e+00 -1.000000000000000000e+00 -1.000000000000000000e+00 -1.000000000000000000e+00 -1.000000000000000000e+00 1.403028999999999996e+03 2.638289999999999964e+03 7.950000000000000400e-01 8.575000000000000400e-01 2.270999999999999908e+00 7.159999999999999698e-01
3.800000000000000000e+01 6.281000000000000000e+03 -1.000000000000000000e+00 -1.000000000000000000e+00 -1.000000000000000000e+00 -1.000000000000000000e+00 -1.000000000000000000e+00 1.442694999999999936e+03 2.603724999999999909e+03 9.090000000000000302e-01 9.060000000000000275e-01 2.146999999999999797e+00 7.179999999999999716e-01
3.800000000000000000e+01 6.284000000000000000e+03 -1.000000000000000000e+00 -1.000000000000000000e+00 -1.000000000000000000e+00 -1.000000000000000000e+00 -1.000000000000000000e+00 1.415211000000000013e+03 2.646269999999999982e+03 9.729999999999999760e-01 8.259999999999999565e-01 2.237999999999999989e+00 8.235000000000000098e-01
3.800000000000000000e+01 6.282000000000000000e+03 -1.000000000000000000e+00 -1.000000000000000000e+00 -1.000000000000000000e+00 -1.000000000000000000e+00 -1.000000000000000000e+00 1.400304000000000087e+03 2.640447000000000116e+03 7.920000000000000373e-01 8.575000000000000400e-01 2.270999999999999908e+00 7.159999999999999698e-01
3.900000000000000000e+01 6.281000000000000000e+03 -1.000000000000000000e+00 -1.000000000000000000e+00 -1.000000000000000000e+00 -1.000000000000000000e+00 -1.000000000000000000e+00 1.442714999999999918e+03 2.603643000000000029e+03 8.920000000000000151e-01 9.060000000000000275e-01 2.146999999999999797e+00 7.179999999999999716e-01
3.900000000000000000e+01 6.284000000000000000e+03 -1.000000000000000000e+00 -1.000000000000000000e+00 -1.000000000000000000e+00 -1.000000000000000000e+00 -1.000000000000000000e+00 1.415173000000000002e+03 2.646260999999999967e+03 9.479999999999999538e-01 8.259999999999999565e-01 2.237999999999999989e+00 8.235000000000000098e-01
3.900000000000000000e+01 6.285000000000000000e+03 -1.000000000000000000e+00 -1.000000000000000000e+00 -1.000000000000000000e+00 -1.000000000000000000e+00 -1.000000000000000000e+00 1.422726000000000113e+03 2.638592000000000098e+03 8.289999999999999591e-01 1.076500000000000012e+00 2.076999999999999957e+00 8.279999999999999583e-01
3.900000000000000000e+01 6.282000000000000000e+03 -1.000000000000000000e+00 -1.000000000000000000e+00 -1.000000000000000000e+00 -1.000000000000000000e+00 -1.000000000000000000e+00 1.397601000000000113e+03 2.642632999999999811e+03 7.540000000000000036e-01 8.575000000000000400e-01 2.270999999999999908e+00 7.159999999999999698e-01
4.000000000000000000e+01 6.281000000000000000e+03 -1.000000000000000000e+00 -1.000000000000000000e+00 -1.000000000000000000e+00 -1.000000000000000000e+00 -1.000000000000000000e+00 1.442736000000000104e+03 2.603561000000000149e+03 8.760000000000000009e-01 9.060000000000000275e-01 2.146999999999999797e+00 7.179999999999999716e-01
4.000000000000000000e+01 6.284000000000000000e+03 -1.000000000000000000e+00 -1.000000000000000000e+00 -1.000000000000000000e+00 -1.000000000000000000e+00 -1.000000000000000000e+00 1.415134999999999991e+03 2.646253000000000156e+03 9.230000000000000426e-01 8.259999999999999565e-01 2.237999999999999989e+00 8.235000000000000098e-01
4.000000000000000000e+01 6.285000000000000000e+03 -1.000000000000000000e+00 -1.000000000000000000e+00 -1.000000000000000000e+00 -1.000000000000000000e+00 -1.000000000000000000e+00 1.422726000000000113e+03 2.638592000000000098e+03 8.289999999999999591e-01 1.076500000000000012e+00 2.076999999999999957e+00 8.279999999999999583e-01
4.000000000000000000e+01 6.282000000000000000e+03 -1.000000000000000000e+00 -1.000000000000000000e+00 -1.000000000000000000e+00 -1.000000000000000000e+00 -1.000000000000000000e+00 1.394896999999999935e+03 2.644818999999999960e+03 7.159999999999999698e-01 8.575000000000000400e-01 2.270999999999999908e+00 7.159999999999999698e-01
