1.000000000000000000e+00 5.631000000000000000e+03 -1.000000000000000000e+00 -1.000000000000000000e+00 -1.000000000000000000e+00 -1.000000000000000000e+00 -1.000000000000000000e+00 1.095419000000000096e+03 1.358007000000000062e+03 1.058999999999999941e+00 4.949999999999999956e-01 6.975000000000000089e-01 8.970000000000000195e-01
2.000000000000000000e+00 5.631000000000000000e+03 -1.000000000000000000e+00 -1.000000000000000000e+00 -1.000000000000000000e+00 -1.000000000000000000e+00 -1.000000000000000000e+00 1.095297000000000025e+03 1.358060999999999922e+03 9.619999999999999662e-01 4.949999999999999956e-01 6.975000000000000089e-01 8.970000000000000195e-01
3.000000000000000000e+00 5.631000000000000000e+03 -1.000000000000000000e+00 -1.000000000000000000e+00 -1.000000000000000000e+00 -1.000000000000000000e+00 -1.000000000000000000e+00 1.095178000000000111e+03 1.358125000000000000e+03 8.780000000000000027e-01 4.949999999999999956e-01 6.975000000000000089e-01 8.970000000000000195e-01
4.000000000000000000e+00 5.631000000000000000e+03 -1.000000000000000000e+00 -1.000000000000000000e+00 -1.000000000000000000e+00 -1.000000000000000000e+00 -1.000000000000000000e+00 1.095059999999999945e+03 1.358189000000000078e+03 7.940000000000000391e-01 4.949999999999999956e-01 6.975000000000000089e-01 8.970000000000000195e-01
5.000000000000000000e+00 5.631000000000000000e+03 -1.000000000000000000e+00 -1.000000000000000000e+00 -1.000000000000000000e+00 -1.000000000000000000e+00 -1.000000000000000000e+00 1.094921000000000049e+03 1.358204999999999927e+03 8.599999999999999867e-01 4.949999999999999956e-01 6.975000000000000089e-01 8.970000000000000195e-01
6.000000000000000000e+00 5.631000000000000000e+03 -1.000000000000000000e+00 -1.000000000000000000e+00 -1.000000000000000000e+00 -1.000000000000000000e+00 -1.000000000000000000e+00 1.094885999999999967e+03 1.358461999999999989e+03 8.269999999999999574e-01 4.949999999999999956e-01 6.975000000000000089e-01 8.970000000000000195e-01
7.000000000000000000e+00 5.631000000000000000e+03 -1.000000000000000000e+00 -1.000000000000000000e+00 -1.000000000000000000e+00 -1.000000000000000000e+00 -1.000000000000000000e+00 1.094836999999999989e+03 1.358590999999999894e+03 8.269999999999999574e-01 4.949999999999999956e-01 6.975000000000000089e-01 8.970000000000000195e-01
8.000000000000000000e+00 5.631000000000000000e+03 -1.000000000000000000e+00 -1.000000000000000000e+00 -1.000000000000000000e+00 -1.000000000000000000e+00 -1.000000000000000000e+00 1.094787000000000035e+03 1.358721000000000004e+03 8.269999999999999574e-01 4.949999999999999956e-01 6.975000000000000089e-01 8.970000000000000195e-01
9.000000000000000000e+00 5.631000000000000000e+03 -1.000000000000000000e+00 -1.000000000000000000e+00 -1.000000000000000000e+00 -1.000000000000000000e+00 -1.000000000000000000e+00 1.094493999999999915e+03 1.358564000000000078e+03 7.870000000000000329e-01 4.949999999999999956e-01 6.975000000000000089e-01 8.970000000000000195e-01
1.000000000000000000e+01 5.631000000000000000e+03 -1.000000000000000000e+00 -1.000000000000000000e+00 -1.000000000000000000e+00 -1.000000000000000000e+00 -1.000000000000000000e+00 1.094571999999999889e+03 1.358748000000000047e+03 7.500000000000000000e-01 4.949999999999999956e-01 6.975000000000000089e-01 8.970000000000000195e-01
1.100000000000000000e+01 5.631000000000000000e+03 -1.000000000000000000e+00 -1.000000000000000000e+00 -1.000000000000000000e+00 -1.000000000000000000e+00 -1.000000000000000000e+00 1.094333000000000084e+03 1.358787000000000035e+03 7.129999999999999671e-01 4.949999999999999956e-01 6.975000000000000089e-01 8.970000000000000195e-01
1.200000000000000000e+01 5.631000000000000000e+03 -1.000000000000000000e+00 -1.000000000000000000e+00 -1.000000000000000000e+00 -1.000000000000000000e+00 -1.000000000000000000e+00 1.094026000000000067e+03 1.358865999999999985e+03 7.269999999999999796e-01 4.949999999999999956e-01 6.975000000000000089e-01 8.970000000000000195e-01
1.300000000000000000e+01 5.631000000000000000e+03 -1.000000000000000000e+00 -1.000000000000000000e+00 -1.000000000000000000e+00 -1.000000000000000000e+00 -1.000000000000000000e+00 1.093734999999999900e+03 1.358832000000000107e+03 6.959999999999999520e-01 4.949999999999999956e-01 6.975000000000000089e-01 8.970000000000000195e-01
1.400000000000000000e+01 5.631000000000000000e+03 -1.000000000000000000e+00 -1.000000000000000000e+00 -1.000000000000000000e+00 -1.000000000000000000e+00 -1.000000000000000000e+00 1.093585000000000036e+03 1.359064000000000078e+03 6.650000000000000355e-01 4.949999999999999956e-01 6.975000000000000089e-01 8.970000000000000195e-01
1.500000000000000000e+01 5.631000000000000000e+03 -1.000000000000000000e+00 -1.000000000000000000e+00 -1.000000000000000000e+00 -1.000000000000000000e+00 -1.000000000000000000e+00 1.093432000000000016e+03 1.359116999999999962e+03 5.839999999999999636e-01 4.949999999999999956e-01 6.975000000000000089e-01 8.970000000000000195e-01
1.600000000000000000e+01 5.631000000000000000e+03 -1.000000000000000000e+00 -1.000000000000000000e+00 -1.000000000000000000e+00 -1.000000000000000000e+00 -1.000000000000000000e+00 1.093305000000000064e+03 1.359230000000000018e+03 5.160000000000000142e-01 4.949999999999999956e-01 6.975000000000000089e-01 8.970000000000000195e-01
1.700000000000000000e+01 5.631000000000000000e+03 -1.000000000000000000e+00 -1.000000000000000000e+00 -1.000000000000000000e+00 -1.000000000000000000e+00 -1.000000000000000000e+00 1.093086000000000013e+03 1.359133000000000038e+03 4.650000000000000244e-01 4.949999999999999956e-01 6.975000000000000089e-01 8.970000000000000195e-01
1.800000000000000000e+01 5.631000000000000000e+03 -1.000000000000000000e+00 -1.000000000000000000e+00 -1.000000000000000000e+00 -1.000000000000000000e+00 -1.000000000000000000e+00 1.093140000000000100e+03 1.359058999999999969e+03 4.380000000000000004e-01 4.949999999999999956e-01 6.975000000000000089e-01 8.970000000000000195e-01
1.800000000000000000e+01 5.646000000000000000e+03 -1.000000000000000000e+00 -1.000000000000000000e+00 -1.000000000000000000e+00 -1.000000000000000000e+00 -1.000000000000000000e+00 1.058715999999999894e+03 1.388653999999999996e+03 1.137999999999999901e+00 3.925000000000000155e-01 3.925000000000000155e-01 9.174999999999999822e-01
1.900000000000000000e+01 5.631000000000000000e+03 -1.000000000000000000e+00 -1.000000000000000000e+00 -1.000000000000000000e+00 -1.000000000000000000e+00 -1.000000000000000000e+00 1.092867999999999938e+03 1.359068999999999960e+03 4.139999999999999791e-01 4.949999999999999956e-01 6.975000000000000089e-01 8.970000000000000195e-01
1.900000000000000000e+01 5.646000000000000000e+03 -1.000000000000000000e+00 -1.000000000000000000e+00 -1.000000000000000000e+00 -1.000000000000000000e+00 -1.000000000000000000e+00 1.058726000000000113e+03 1.388625000000000000e+03 1.004999999999999893e+00 3.925000000000000155e-01 3.925000000000000155e-01 9.174999999999999822e-01
2.000000000000000000e+01 5.631000000000000000e+03 -1.000000000000000000e+00 -1.000000000000000000e+00 -1.000000000000000000e+00 -1.000000000000000000e+00 -1.000000000000000000e+00 1.092719000000000051e+03 1.359131000000000085e+03 3.170000000000000040e-01 4.949999999999999956e-01 6.975000000000000089e-01 8.970000000000000195e-01
2.000000000000000000e+01 5.646000000000000000e+03 -1.000000000000000000e+00 -1.000000000000000000e+00 -1.000000000000000000e+00 -1.000000000000000000e+00 -1.000000000000000000e+00 1.058736000000000104e+03 1.388595000000000027e+03 8.719999999999999973e-01 3.925000000000000155e-01 3.925000000000000155e-01 9.174999999999999822e-01
2.000000000000000000e+01 5.651000000000000000e+03 -1.000000000000000000e+00 -1.000000000000000000e+00 -1.000000000000000000e+00 -1.000000000000000000e+00 -1.000000000000000000e+00 1.060137999999999920e+03 1.390076999999999998e+03 9.909999999999999920e-01 2.949999999999999845e-01 4.754999999999999782e-01 6.129999999999999893e-01
2.100000000000000000e+01 5.646000000000000000e+03 -1.000000000000000000e+00 -1.000000000000000000e+00 -1.000000000000000000e+00 -1.000000000000000000e+00 -1.000000000000000000e+00 1.058715999999999894e+03 1.388653999999999996e+03 1.038000000000000034e+00 3.925000000000000155e-01 3.925000000000000155e-01 9.174999999999999822e-01
2.100000000000000000e+01 5.651000000000000000e+03 -1.000000000000000000e+00 -1.000000000000000000e+00 -1.000000000000000000e+00 -1.000000000000000000e+00 -1.000000000000000000e+00 1.060137999999999920e+03 1.390076999999999998e+03 1.120999999999999996e+00 2.949999999999999845e-01 4.754999999999999782e-01 6.129999999999999893e-01
2.200000000000000000e+01 5.646000000000000000e+03 -1.000000000000000000e+00 -1.000000000000000000e+00 -1.000000000000000000e+00 -1.000000000000000000e+00 -1.000000000000000000e+00 1.058715999999999894e+03 1.388653999999999996e+03 1.038000000000000034e+00 3.925000000000000155e-01 3.925000000000000155e-01 9.174999999999999822e-01
2.200000000000000000e+01 5.651000000000000000e+03 -1.000000000000000000e+00 -1.000000000000000000e+00 -1.000000000000000000e+00 -1.000000000000000000e+00 -1.000000000000000000e+00 1.060128999999999905e+03 1.390113000000000056e+03 1.090999999999999970e+00 2.949999999999999845e-01 4.754999999999999782e-01 6.129999999999999893e-01
2.300000000000000000e+01 5.646000000000000000e+03 -1.000000000000000000e+00 -1.000000000000000000e+00 -1.000000000000000000e+00 -1.000000000000000000e+00 -1.000000000000000000e+00 1.058715999999999894e+03 1.388653999999999996e+03 1.038000000000000034e+00 3.925000000000000155e-01 3.925000000000000155e-01 9.174999999999999822e-01
2.400000000000000000e+01 5.646000000000000000e+03 -1.000000000000000000e+00 -1.000000000000000000e+00 -1.000000000000000000e+00 -1.000000000000000000e+00 -1.000000000000000000e+00 1.058715999999999894e+03 1.388653999999999996e+03 1.038000000000000034e+00 3.925000000000000155e-01 3.925000000000000155e-01 9.174999999999999822e-01
2.500000000000000000e+01 5.646000000000000000e+03 -1.000000000000000000e+00 -1.000000000000000000e+00 -1.000000000000000000e+00 -1.000000000000000000e+00 -1.000000000000000000e+00 1.058715999999999894e+03 1.388653999999999996e+03 1.038000000000000034e+00 3.925000000000000155e-01 3.925000000000000155e-01 9.174999999999999822e-01
