1.000000000000000000e+00 3.365000000000000000e+03 -1.000000000000000000e+00 -1.000000000000000000e+00 -1.000000000000000000e+00 -1.000000000000000000e+00 -1.000000000000000000e+00 1.354801999999999907e+03 1.108605999999999995e+03 1.197000000000000064e+00 1.343499999999999917e+00 3.604999999999999982e+00 1.518000000000000016e+00
2.000000000000000000e+00 3.365000000000000000e+03 -1.000000000000000000e+00 -1.000000000000000000e+00 -1.000000000000000000e+00 -1.000000000000000000e+00 -1.000000000000000000e+00 1.358415999999999940e+03 1.112828999999999951e+03 1.096999999999999975e+00 1.343499999999999917e+00 3.604999999999999982e+00 1.518000000000000016e+00
3.000000000000000000e+00 3.365000000000000000e+03 -1.000000000000000000e+00 -1.000000000000000000e+00 -1.000000000000000000e+00 -1.000000000000000000e+00 -1.000000000000000000e+00 1.361452999999999975e+03 1.116361000000000104e+03 1.006000000000000005e+00 1.343499999999999917e+00 3.604999999999999982e+00 1.518000000000000016e+00
4.000000000000000000e+00 3.365000000000000000e+03 -1.000000000000000000e+00 -1.000000000000000000e+00 -1.000000000000000000e+00 -1.000000000000000000e+00 -1.000000000000000000e+00 1.364221999999999980e+03 1.119721999999999980e+03 9.150000000000000355e-01 1.343499999999999917e+00 3.604999999999999982e+00 1.518000000000000016e+00
5.000000000000000000e+00 3.365000000000000000e+03 -1.000000000000000000e+00 -1.000000000000000000e+00 -1.000000000000000000e+00 -1.000000000000000000e+00 -1.000000000000000000e+00 1.366718000000000075e+03 1.122665999999999940e+03 8.249999999999999556e-01 1.343499999999999917e+00 3.604999999999999982e+00 1.518000000000000016e+00
6.000000000000000000e+00 3.365000000000000000e+03 -1.000000000000000000e+00 -1.000000000000000000e+00 -1.000000000000000000e+00 -1.000000000000000000e+00 -1.000000000000000000e+00 1.369071999999999889e+03 1.125211999999999989e+03 6.430000000000000160e-01 1.343499999999999917e+00 3.604999999999999982e+00 1.518000000000000016e+00
7.000000000000000000e+00 3.365000000000000000e+03 -1.000000000000000000e+00 -1.000000000000000000e+00 -1.000000000000000000e+00 -1.000000000000000000e+00 -1.000000000000000000e+00 1.371585000000000036e+03 1.128118999999999915e+03 6.929999999999999494e-01 1.343499999999999917e+00 3.604999999999999982e+00 1.518000000000000016e+00
8.000000000000000000e+00 3.365000000000000000e+03 -1.000000000000000000e+00 -1.000000000000000000e+00 -1.000000000000000000e+00 -1.000000000000000000e+00 -1.000000000000000000e+00 1.373750000000000000e+03 1.130529999999999973e+03 7.379999999999999893e-01 1.343499999999999917e+00 3.604999999999999982e+00 1.518000000000000016e+00
9.000000000000000000e+00 3.365000000000000000e+03 -1.000000000000000000e+00 -1.000000000000000000e+00 -1.000000000000000000e+00 -1.000000000000000000e+00 -1.000000000000000000e+00 1.375914999999999964e+03 1.132941000000000031e+03 7.840000000000000302e-01 1.343499999999999917e+00 3.604999999999999982e+00 1.518000000000000016e+00
1.000000000000000000e+01 3.365000000000000000e+03 -1.000000000000000000e+00 -1.000000000000000000e+00 -1.000000000000000000e+00 -1.000000000000000000e+00 -1.000000000000000000e+00 1.377780999999999949e+03 1.135020999999999958e+03 8.289999999999999591e-01 1.343499999999999917e+00 3.604999999999999982e+00 1.518000000000000016e+00
1.100000000000000000e+01 3.365000000000000000e+03 -1.000000000000000000e+00 -1.000000000000000000e+00 -1.000000000000000000e+00 -1.000000000000000000e+00 -1.000000000000000000e+00 1.379567000000000007e+03 1.136901000000000067e+03 8.739999999999999991e-01 1.343499999999999917e+00 3.604999999999999982e+00 1.518000000000000016e+00
1.200000000000000000e+01 3.365000000000000000e+03 -1.000000000000000000e+00 -1.000000000000000000e+00 -1.000000000000000000e+00 -1.000000000000000000e+00 -1.000000000000000000e+00 1.381355999999999995e+03 1.138782999999999902e+03 9.200000000000000400e-01 1.343499999999999917e+00 3.604999999999999982e+00 1.518000000000000016e+00
1.300000000000000000e+01 3.365000000000000000e+03 -1.000000000000000000e+00 -1.000000000000000000e+00 -1.000000000000000000e+00 -1.000000000000000000e+00 -1.000000000000000000e+00 1.382836000000000013e+03 1.140471000000000004e+03 9.649999999999999689e-01 1.343499999999999917e+00 3.604999999999999982e+00 1.518000000000000016e+00
1.400000000000000000e+01 3.365000000000000000e+03 -1.000000000000000000e+00 -1.000000000000000000e+00 -1.000000000000000000e+00 -1.000000000000000000e+00 -1.000000000000000000e+00 1.384067000000000007e+03 1.141884000000000015e+03 1.010999999999999899e+00 1.343499999999999917e+00 3.604999999999999982e+00 1.518000000000000016e+00
1.500000000000000000e+01 3.365000000000000000e+03 -1.000000000000000000e+00 -1.000000000000000000e+00 -1.000000000000000000e+00 -1.000000000000000000e+00 -1.000000000000000000e+00 1.385299999999999955e+03 1.143297000000000025e+03 1.056000000000000050e+00 1.343499999999999917e+00 3.604999999999999982e+00 1.518000000000000016e+00
1.600000000000000000e+01 3.365000000000000000e+03 -1.000000000000000000e+00 -1.000000000000000000e+00 -1.000000000000000000e+00 -1.000000000000000000e+00 -1.000000000000000000e+00 1.386233999999999924e+03 1.144378999999999905e+03 1.100999999999999979e+00 1.343499999999999917e+00 3.604999999999999982e+00 1.518000000000000016e+00
1.700000000000000000e+01 3.365000000000000000e+03 -1.000000000000000000e+00 -1.000000000000000000e+00 -1.000000000000000000e+00 -1.000000000000000000e+00 -1.000000000000000000e+00 1.387101000000000113e+03 1.145387999999999920e+03 1.147000000000000020e+00 1.343499999999999917e+00 3.604999999999999982e+00 1.518000000000000016e+00
1.800000000000000000e+01 3.365000000000000000e+03 -1.000000000000000000e+00 -1.000000000000000000e+00 -1.000000000000000000e+00 -1.000000000000000000e+00 -1.000000000000000000e+00 1.387868999999999915e+03 1.146286000000000058e+03 1.191999999999999948e+00 1.343499999999999917e+00 3.604999999999999982e+00 1.518000000000000016e+00
1.900000000000000000e+01 3.365000000000000000e+03 -1.000000000000000000e+00 -1.000000000000000000e+00 -1.000000000000000000e+00 -1.000000000000000000e+00 -1.000000000000000000e+00 1.388538999999999987e+03 1.147075000000000045e+03 1.237999999999999989e+00 1.343499999999999917e+00 3.604999999999999982e+00 1.518000000000000016e+00
2.000000000000000000e+01 3.365000000000000000e+03 -1.000000000000000000e+00 -1.000000000000000000e+00 -1.000000000000000000e+00 -1.000000000000000000e+00 -1.000000000000000000e+00 1.389175999999999931e+03 1.147836999999999989e+03 1.292000000000000037e+00 1.343499999999999917e+00 3.604999999999999982e+00 1.518000000000000016e+00
2.100000000000000000e+01 3.365000000000000000e+03 -1.000000000000000000e+00 -1.000000000000000000e+00 -1.000000000000000000e+00 -1.000000000000000000e+00 -1.000000000000000000e+00 1.390035000000000082e+03 1.148910000000000082e+03 1.338000000000000078e+00 1.343499999999999917e+00 3.604999999999999982e+00 1.518000000000000016e+00
2.200000000000000000e+01 3.365000000000000000e+03 -1.000000000000000000e+00 -1.000000000000000000e+00 -1.000000000000000000e+00 -1.000000000000000000e+00 -1.000000000000000000e+00 1.390557000000000016e+03 1.149683999999999969e+03 1.383000000000000007e+00 1.343499999999999917e+00 3.604999999999999982e+00 1.518000000000000016e+00
2.300000000000000000e+01 3.365000000000000000e+03 -1.000000000000000000e+00 -1.000000000000000000e+00 -1.000000000000000000e+00 -1.000000000000000000e+00 -1.000000000000000000e+00 1.390912000000000035e+03 1.150271999999999935e+03 1.550999999999999934e+00 1.343499999999999917e+00 3.604999999999999982e+00 1.518000000000000016e+00
2.400000000000000000e+01 3.365000000000000000e+03 -1.000000000000000000e+00 -1.000000000000000000e+00 -1.000000000000000000e+00 -1.000000000000000000e+00 -1.000000000000000000e+00 1.391528000000000020e+03 1.151075000000000045e+03 1.625999999999999890e+00 1.343499999999999917e+00 3.604999999999999982e+00 1.518000000000000016e+00
2.500000000000000000e+01 3.365000000000000000e+03 -1.000000000000000000e+00 -1.000000000000000000e+00 -1.000000000000000000e+00 -1.000000000000000000e+00 -1.000000000000000000e+00 1.392282999999999902e+03 1.151884999999999991e+03 1.701999999999999957e+00 1.343499999999999917e+00 3.604999999999999982e+00 1.518000000000000016e+00
2.600000000000000000e+01 3.365000000000000000e+03 -1.000000000000000000e+00 -1.000000000000000000e+00 -1.000000000000000000e+00 -1.000000000000000000e+00 -1.000000000000000000e+00 1.393122000000000071e+03 1.153085000000000036e+03 1.778000000000000025e+00 1.343499999999999917e+00 3.604999999999999982e+00 1.518000000000000016e+00
2.700000000000000000e+01 3.365000000000000000e+03 -1.000000000000000000e+00 -1.000000000000000000e+00 -1.000000000000000000e+00 -1.000000000000000000e+00 -1.000000000000000000e+00 1.394375999999999976e+03 1.154448000000000093e+03 1.854000000000000092e+00 1.343499999999999917e+00 3.604999999999999982e+00 1.518000000000000016e+00
2.800000000000000000e+01 3.365000000000000000e+03 -1.000000000000000000e+00 -1.000000000000000000e+00 -1.000000000000000000e+00 -1.000000000000000000e+00 -1.000000000000000000e+00 1.395790999999999940e+03 1.156066000000000031e+03 1.929999999999999938e+00 1.343499999999999917e+00 3.604999999999999982e+00 1.518000000000000016e+00
2.900000000000000000e+01 3.365000000000000000e+03 -1.000000000000000000e+00 -1.000000000000000000e+00 -1.000000000000000000e+00 -1.000000000000000000e+00 -1.000000000000000000e+00 1.397468000000000075e+03 1.158046000000000049e+03 2.005999999999999783e+00 1.343499999999999917e+00 3.604999999999999982e+00 1.518000000000000016e+00
3.000000000000000000e+01 3.365000000000000000e+03 -1.000000000000000000e+00 -1.000000000000000000e+00 -1.000000000000000000e+00 -1.000000000000000000e+00 -1.000000000000000000e+00 1.399281999999999925e+03 1.160106999999999971e+03 2.080999999999999961e+00 1.343499999999999917e+00 3.604999999999999982e+00 1.518000000000000016e+00
3.100000000000000000e+01 3.365000000000000000e+03 -1.000000000000000000e+00 -1.000000000000000000e+00 -1.000000000000000000e+00 -1.000000000000000000e+00 -1.000000000000000000e+00 1.401157999999999902e+03 1.162307999999999993e+03 2.157000000000000028e+00 1.343499999999999917e+00 3.604999999999999982e+00 1.518000000000000016e+00
3.200000000000000000e+01 3.365000000000000000e+03 -1.000000000000000000e+00 -1.000000000000000000e+00 -1.000000000000000000e+00 -1.000000000000000000e+00 -1.000000000000000000e+00 1.403131000000000085e+03 1.164692999999999984e+03 2.233000000000000096e+00 1.343499999999999917e+00 3.604999999999999982e+00 1.518000000000000016e+00
3.300000000000000000e+01 3.365000000000000000e+03 -1.000000000000000000e+00 -1.000000000000000000e+00 -1.000000000000000000e+00 -1.000000000000000000e+00 -1.000000000000000000e+00 1.404729000000000042e+03 1.166574000000000069e+03 2.188000000000000167e+00 1.343499999999999917e+00 3.604999999999999982e+00 1.518000000000000016e+00
3.400000000000000000e+01 3.365000000000000000e+03 -1.000000000000000000e+00 -1.000000000000000000e+00 -1.000000000000000000e+00 -1.000000000000000000e+00 -1.000000000000000000e+00 1.406723999999999933e+03 1.168922000000000025e+03 2.132000000000000117e+00 1.343499999999999917e+00 3.604999999999999982e+00 1.518000000000000016e+00
3.500000000000000000e+01 3.365000000000000000e+03 -1.000000000000000000e+00 -1.000000000000000000e+00 -1.000000000000000000e+00 -1.000000000000000000e+00 -1.000000000000000000e+00 1.408719000000000051e+03 1.171270999999999958e+03 2.076999999999999957e+00 1.343499999999999917e+00 3.604999999999999982e+00 1.518000000000000016e+00
3.600000000000000000e+01 3.365000000000000000e+03 -1.000000000000000000e+00 -1.000000000000000000e+00 -1.000000000000000000e+00 -1.000000000000000000e+00 -1.000000000000000000e+00 1.410515000000000100e+03 1.173384999999999991e+03 2.025999999999999801e+00 1.343499999999999917e+00 3.604999999999999982e+00 1.518000000000000016e+00
3.700000000000000000e+01 3.365000000000000000e+03 -1.000000000000000000e+00 -1.000000000000000000e+00 -1.000000000000000000e+00 -1.000000000000000000e+00 -1.000000000000000000e+00 1.412722999999999956e+03 1.175895999999999958e+03 1.981000000000000094e+00 1.343499999999999917e+00 3.604999999999999982e+00 1.518000000000000016e+00
3.800000000000000000e+01 3.365000000000000000e+03 -1.000000000000000000e+00 -1.000000000000000000e+00 -1.000000000000000000e+00 -1.000000000000000000e+00 -1.000000000000000000e+00 1.414385999999999967e+03 1.177790999999999940e+03 1.943999999999999950e+00 1.343499999999999917e+00 3.604999999999999982e+00 1.518000000000000016e+00
3.900000000000000000e+01 3.365000000000000000e+03 -1.000000000000000000e+00 -1.000000000000000000e+00 -1.000000000000000000e+00 -1.000000000000000000e+00 -1.000000000000000000e+00 1.416462999999999965e+03 1.180155999999999949e+03 1.897999999999999909e+00 1.343499999999999917e+00 3.604999999999999982e+00 1.518000000000000016e+00
4.000000000000000000e+01 3.365000000000000000e+03 -1.000000000000000000e+00 -1.000000000000000000e+00 -1.000000000000000000e+00 -1.000000000000000000e+00 -1.000000000000000000e+00 1.418041999999999916e+03 1.181991999999999962e+03 1.862000000000000099e+00 1.343499999999999917e+00 3.604999999999999982e+00 1.518000000000000016e+00
4.100000000000000000e+01 3.365000000000000000e+03 -1.000000000000000000e+00 -1.000000000000000000e+00 -1.000000000000000000e+00 -1.000000000000000000e+00 -1.000000000000000000e+00 1.419821999999999889e+03 1.184060999999999922e+03 1.820000000000000062e+00 1.343499999999999917e+00 3.604999999999999982e+00 1.518000000000000016e+00
