1.000000000000000000e+00 5.956000000000000000e+03 -1.000000000000000000e+00 -1.000000000000000000e+00 -1.000000000000000000e+00 -1.000000000000000000e+00 -1.000000000000000000e+00 5.953569999999999709e+02 8.349429999999999836e+02 1.140000000000000041e-01 2.899999999999999800e-01 1.015500000000000069e+00 6.025000000000000355e-01
2.000000000000000000e+00 5.956000000000000000e+03 -1.000000000000000000e+00 -1.000000000000000000e+00 -1.000000000000000000e+00 -1.000000000000000000e+00 -1.000000000000000000e+00 5.953569999999999709e+02 8.349429999999999836e+02 2.139999999999999958e-01 2.899999999999999800e-01 1.015500000000000069e+00 6.025000000000000355e-01
3.000000000000000000e+00 5.956000000000000000e+03 -1.000000000000000000e+00 -1.000000000000000000e+00 -1.000000000000000000e+00 -1.000000000000000000e+00 -1.000000000000000000e+00 5.953569999999999709e+02 8.349429999999999836e+02 2.640000000000000124e-01 2.899999999999999800e-01 1.015500000000000069e+00 6.025000000000000355e-01
4.000000000000000000e+00 5.956000000000000000e+03 -1.000000000000000000e+00 -1.000000000000000000e+00 -1.000000000000000000e+00 -1.000000000000000000e+00 -1.000000000000000000e+00 5.953799999999999955e+02 8.350090000000000146e+02 3.639999999999999902e-01 2.899999999999999800e-01 1.015500000000000069e+00 6.025000000000000355e-01
5.000000000000000000e+00 5.956000000000000000e+03 -1.000000000000000000e+00 -1.000000000000000000e+00 -1.000000000000000000e+00 -1.000000000000000000e+00 -1.000000000000000000e+00 5.953799999999999955e+02 8.350090000000000146e+02 3.760000000000000009e-01 2.899999999999999800e-01 1.015500000000000069e+00 6.025000000000000355e-01
6.000000000000000000e+00 5.956000000000000000e+03 -1.000000000000000000e+00 -1.000000000000000000e+00 -1.000000000000000000e+00 -1.000000000000000000e+00 -1.000000000000000000e+00 5.953799999999999955e+02 8.350090000000000146e+02 3.890000000000000124e-01 2.899999999999999800e-01 1.015500000000000069e+00 6.025000000000000355e-01
7.000000000000000000e+00 5.956000000000000000e+03 -1.000000000000000000e+00 -1.000000000000000000e+00 -1.000000000000000000e+00 -1.000000000000000000e+00 -1.000000000000000000e+00 5.953799999999999955e+02 8.350090000000000146e+02 4.010000000000000231e-01 2.899999999999999800e-01 1.015500000000000069e+00 6.025000000000000355e-01
8.000000000000000000e+00 5.956000000000000000e+03 -1.000000000000000000e+00 -1.000000000000000000e+00 -1.000000000000000000e+00 -1.000000000000000000e+00 -1.000000000000000000e+00 5.953799999999999955e+02 8.350090000000000146e+02 4.139999999999999791e-01 2.899999999999999800e-01 1.015500000000000069e+00 6.025000000000000355e-01
9.000000000000000000e+00 5.956000000000000000e+03 -1.000000000000000000e+00 -1.000000000000000000e+00 -1.000000000000000000e+00 -1.000000000000000000e+00 -1.000000000000000000e+00 5.953799999999999955e+02 8.350090000000000146e+02 4.139999999999999791e-01 2.899999999999999800e-01 1.015500000000000069e+00 6.025000000000000355e-01
1.000000000000000000e+01 5.956000000000000000e+03 -1.000000000000000000e+00 -1.000000000000000000e+00 -1.000000000000000000e+00 -1.000000000000000000e+00 -1.000000000000000000e+00 5.953799999999999955e+02 8.350090000000000146e+02 4.139999999999999791e-01 2.899999999999999800e-01 1.015500000000000069e+00 6.025000000000000355e-01
1.100000000000000000e+01 5.956000000000000000e+03 -1.000000000000000000e+00 -1.000000000000000000e+00 -1.000000000000000000e+00 -1.000000000000000000e+00 -1.000000000000000000e+00 5.953799999999999955e+02 8.350090000000000146e+02 4.139999999999999791e-01 2.899999999999999800e-01 1.015500000000000069e+00 6.025000000000000355e-01
1.200000000000000000e+01 5.956000000000000000e+03 -1.000000000000000000e+00 -1.000000000000000000e+00 -1.000000000000000000e+00 -1.000000000000000000e+00 -1.000000000000000000e+00 5.953799999999999955e+02 8.350090000000000146e+02 4.139999999999999791e-01 2.899999999999999800e-01 1.015500000000000069e+00 6.025000000000000355e-01
1.300000000000000000e+01 5.956000000000000000e+03 -1.000000000000000000e+00 -1.000000000000000000e+00 -1.000000000000000000e+00 -1.000000000000000000e+00 -1.000000000000000000e+00 5.953799999999999955e+02 8.350090000000000146e+02 4.139999999999999791e-01 2.899999999999999800e-01 1.015500000000000069e+00 6.025000000000000355e-01
1.400000000000000000e+01 5.956000000000000000e+03 -1.000000000000000000e+00 -1.000000000000000000e+00 -1.000000000000000000e+00 -1.000000000000000000e+00 -1.000000000000000000e+00 5.953799999999999955e+02 8.350090000000000146e+02 4.139999999999999791e-01 2.899999999999999800e-01 1.015500000000000069e+00 6.025000000000000355e-01
1.500000000000000000e+01 5.956000000000000000e+03 -1.000000000000000000e+00 -1.000000000000000000e+00 -1.000000000000000000e+00 -1.000000000000000000e+00 -1.000000000000000000e+00 5.953799999999999955e+02 8.350090000000000146e+02 4.640000000000000235e-01 2.899999999999999800e-01 1.015500000000000069e+00 6.025000000000000355e-01
1.600000000000000000e+01 5.956000000000000000e+03 -1.000000000000000000e+00 -1.000000000000000000e+00 -1.000000000000000000e+00 -1.000000000000000000e+00 -1.000000000000000000e+00 5.953799999999999955e+02 8.350090000000000146e+02 4.889999999999999902e-01 2.899999999999999800e-01 1.015500000000000069e+00 6.025000000000000355e-01
1.700000000000000000e+01 5.956000000000000000e+03 -1.000000000000000000e+00 -1.000000000000000000e+00 -1.000000000000000000e+00 -1.000000000000000000e+00 -1.000000000000000000e+00 5.953799999999999955e+02 8.350090000000000146e+02 5.140000000000000124e-01 2.899999999999999800e-01 1.015500000000000069e+00 6.025000000000000355e-01
1.800000000000000000e+01 5.956000000000000000e+03 -1.000000000000000000e+00 -1.000000000000000000e+00 -1.000000000000000000e+00 -1.000000000000000000e+00 -1.000000000000000000e+00 5.953799999999999955e+02 8.350090000000000146e+02 5.390000000000000346e-01 2.899999999999999800e-01 1.015500000000000069e+00 6.025000000000000355e-01
1.900000000000000000e+01 5.956000000000000000e+03 -1.000000000000000000e+00 -1.000000000000000000e+00 -1.000000000000000000e+00 -1.000000000000000000e+00 -1.000000000000000000e+00 5.953799999999999955e+02 8.350090000000000146e+02 5.639999999999999458e-01 2.899999999999999800e-01 1.015500000000000069e+00 6.025000000000000355e-01
2.000000000000000000e+01 5.956000000000000000e+03 -1.000000000000000000e+00 -1.000000000000000000e+00 -1.000000000000000000e+00 -1.000000000000000000e+00 -1.000000000000000000e+00 5.953799999999999955e+02 8.350090000000000146e+02 5.819999999999999618e-01 2.899999999999999800e-01 1.015500000000000069e+00 6.025000000000000355e-01
2.100000000000000000e+01 5.956000000000000000e+03 -1.000000000000000000e+00 -1.000000000000000000e+00 -1.000000000000000000e+00 -1.000000000000000000e+00 -1.000000000000000000e+00 5.953799999999999955e+02 8.350090000000000146e+02 5.989999999999999769e-01 2.899999999999999800e-01 1.015500000000000069e+00 6.025000000000000355e-01
2.200000000000000000e+01 5.956000000000000000e+03 -1.000000000000000000e+00 -1.000000000000000000e+00 -1.000000000000000000e+00 -1.000000000000000000e+00 -1.000000000000000000e+00 5.953799999999999955e+02 8.350090000000000146e+02 6.139999999999999902e-01 2.899999999999999800e-01 1.015500000000000069e+00 6.025000000000000355e-01
2.300000000000000000e+01 5.956000000000000000e+03 -1.000000000000000000e+00 -1.000000000000000000e+00 -1.000000000000000000e+00 -1.000000000000000000e+00 -1.000000000000000000e+00 5.953799999999999955e+02 8.350090000000000146e+02 6.480000000000000204e-01 2.899999999999999800e-01 1.015500000000000069e+00 6.025000000000000355e-01
2.400000000000000000e+01 5.956000000000000000e+03 -1.000000000000000000e+00 -1.000000000000000000e+00 -1.000000000000000000e+00 -1.000000000000000000e+00 -1.000000000000000000e+00 5.953799999999999955e+02 8.350090000000000146e+02 6.810000000000000497e-01 2.899999999999999800e-01 1.015500000000000069e+00 6.025000000000000355e-01
2.500000000000000000e+01 5.956000000000000000e+03 -1.000000000000000000e+00 -1.000000000000000000e+00 -1.000000000000000000e+00 -1.000000000000000000e+00 -1.000000000000000000e+00 5.953799999999999955e+02 8.350090000000000146e+02 1.061524959759923670e+00 2.899999999999999800e-01 1.015500000000000069e+00 6.025000000000000355e-01
2.600000000000000000e+01 5.956000000000000000e+03 -1.000000000000000000e+00 -1.000000000000000000e+00 -1.000000000000000000e+00 -1.000000000000000000e+00 -1.000000000000000000e+00 5.953799999999999955e+02 8.350090000000000146e+02 9.958422349535459572e-01 2.899999999999999800e-01 1.015500000000000069e+00 6.025000000000000355e-01
2.700000000000000000e+01 5.956000000000000000e+03 -1.000000000000000000e+00 -1.000000000000000000e+00 -1.000000000000000000e+00 -1.000000000000000000e+00 -1.000000000000000000e+00 5.953799999999999955e+02 8.350090000000000146e+02 9.302324873065672683e-01 2.899999999999999800e-01 1.015500000000000069e+00 6.025000000000000355e-01
2.800000000000000000e+01 5.956000000000000000e+03 -1.000000000000000000e+00 -1.000000000000000000e+00 -1.000000000000000000e+00 -1.000000000000000000e+00 -1.000000000000000000e+00 5.953799999999999955e+02 8.350090000000000146e+02 8.646222146440535328e-01 2.900000000000000355e-01 1.015500000000000069e+00 6.025000000000000355e-01
2.900000000000000000e+01 5.956000000000000000e+03 -1.000000000000000000e+00 -1.000000000000000000e+00 -1.000000000000000000e+00 -1.000000000000000000e+00 -1.000000000000000000e+00 5.953799999999998818e+02 8.350089999999999009e+02 8.121467806423257052e-01 2.899999999999999800e-01 1.015500000000000069e+00 6.025000000000000355e-01
3.000000000000000000e+01 5.956000000000000000e+03 -1.000000000000000000e+00 -1.000000000000000000e+00 -1.000000000000000000e+00 -1.000000000000000000e+00 -1.000000000000000000e+00 5.953799999999999955e+02 8.350090000000000146e+02 7.465362454720441132e-01 2.899999999999999800e-01 1.015500000000000069e+00 6.024999999999999245e-01
3.100000000000000000e+01 5.956000000000000000e+03 -1.000000000000000000e+00 -1.000000000000000000e+00 -1.000000000000000000e+00 -1.000000000000000000e+00 -1.000000000000000000e+00 5.953799999999999955e+02 8.350090000000000146e+02 1.114000000000000101e+00 2.899999999999999800e-01 1.015500000000000069e+00 6.025000000000000355e-01
3.200000000000000000e+01 5.956000000000000000e+03 -1.000000000000000000e+00 -1.000000000000000000e+00 -1.000000000000000000e+00 -1.000000000000000000e+00 -1.000000000000000000e+00 5.955510000000000446e+02 8.349470000000000027e+02 1.139000000000000012e+00 2.899999999999999800e-01 1.015500000000000069e+00 6.025000000000000355e-01
3.300000000000000000e+01 5.956000000000000000e+03 -1.000000000000000000e+00 -1.000000000000000000e+00 -1.000000000000000000e+00 -1.000000000000000000e+00 -1.000000000000000000e+00 5.957219999999999800e+02 8.348859999999999673e+02 1.163999999999999924e+00 2.899999999999999800e-01 1.015500000000000069e+00 6.025000000000000355e-01
3.400000000000000000e+01 5.956000000000000000e+03 -1.000000000000000000e+00 -1.000000000000000000e+00 -1.000000000000000000e+00 -1.000000000000000000e+00 -1.000000000000000000e+00 5.953089999999999691e+02 8.348120000000000118e+02 1.264000000000000012e+00 2.899999999999999800e-01 1.015500000000000069e+00 6.025000000000000355e-01
3.400000000000000000e+01 6.000000000000000000e+03 -1.000000000000000000e+00 -1.000000000000000000e+00 -1.000000000000000000e+00 -1.000000000000000000e+00 -1.000000000000000000e+00 5.752749999999999773e+02 8.708329999999999700e+02 6.350000000000000089e-01 3.880000000000000115e-01 1.012999999999999901e+00 6.235000000000000542e-01
3.500000000000000000e+01 5.956000000000000000e+03 -1.000000000000000000e+00 -1.000000000000000000e+00 -1.000000000000000000e+00 -1.000000000000000000e+00 -1.000000000000000000e+00 5.953139999999999645e+02 8.348250000000000455e+02 1.413999999999999924e+00 2.899999999999999800e-01 1.015500000000000069e+00 6.025000000000000355e-01
3.500000000000000000e+01 6.000000000000000000e+03 -1.000000000000000000e+00 -1.000000000000000000e+00 -1.000000000000000000e+00 -1.000000000000000000e+00 -1.000000000000000000e+00 5.752480000000000473e+02 8.708360000000000127e+02 7.349999999999999867e-01 3.880000000000000115e-01 1.012999999999999901e+00 6.235000000000000542e-01
3.600000000000000000e+01 6.000000000000000000e+03 -1.000000000000000000e+00 -1.000000000000000000e+00 -1.000000000000000000e+00 -1.000000000000000000e+00 -1.000000000000000000e+00 5.752480000000000473e+02 8.708360000000000127e+02 7.850000000000000311e-01 3.880000000000000115e-01 1.012999999999999901e+00 6.235000000000000542e-01
3.600000000000000000e+01 5.956000000000000000e+03 -1.000000000000000000e+00 -1.000000000000000000e+00 -1.000000000000000000e+00 -1.000000000000000000e+00 -1.000000000000000000e+00 5.953231697396312256e+02 8.348498892932848321e+02 1.516832080150381845e+00 2.899999999999999800e-01 1.015500000000000069e+00 6.025000000000000355e-01
3.700000000000000000e+01 6.000000000000000000e+03 -1.000000000000000000e+00 -1.000000000000000000e+00 -1.000000000000000000e+00 -1.000000000000000000e+00 -1.000000000000000000e+00 5.752480000000000473e+02 8.708360000000000127e+02 7.850000000000000311e-01 3.880000000000000115e-01 1.012999999999999901e+00 6.235000000000000542e-01
3.700000000000000000e+01 5.956000000000000000e+03 -1.000000000000000000e+00 -1.000000000000000000e+00 -1.000000000000000000e+00 -1.000000000000000000e+00 -1.000000000000000000e+00 5.953188302507146545e+02 8.348381106805114769e+02 1.468167811586747362e+00 2.899999999999999800e-01 1.015500000000000069e+00 6.025000000000000355e-01
3.800000000000000000e+01 5.956000000000000000e+03 -1.000000000000000000e+00 -1.000000000000000000e+00 -1.000000000000000000e+00 -1.000000000000000000e+00 -1.000000000000000000e+00 5.953279999999999745e+02 8.348630000000000564e+02 1.570999999999999952e+00 2.899999999999999800e-01 1.015500000000000069e+00 6.025000000000000355e-01
3.800000000000000000e+01 6.000000000000000000e+03 -1.000000000000000000e+00 -1.000000000000000000e+00 -1.000000000000000000e+00 -1.000000000000000000e+00 -1.000000000000000000e+00 5.752749999999999773e+02 8.708329999999999700e+02 9.849999999999999867e-01 3.880000000000000115e-01 1.012999999999999901e+00 6.235000000000000542e-01
