1.000000000000000000e+00 3.110000000000000000e+03 -1.000000000000000000e+00 -1.000000000000000000e+00 -1.000000000000000000e+00 -1.000000000000000000e+00 -1.000000000000000000e+00 1.928074000000000069e+03 8.982050000000000409e+02 1.834999999999999964e+00 1.225000000000000089e+00 4.296499999999999986e+00 1.502999999999999892e+00
1.000000000000000000e+00 3.116000000000000000e+03 -1.000000000000000000e+00 -1.000000000000000000e+00 -1.000000000000000000e+00 -1.000000000000000000e+00 -1.000000000000000000e+00 1.926917999999999893e+03 8.701340000000000146e+02 2.075000000000000178e+00 1.398500000000000076e+00 5.606499999999999595e+00 1.725000000000000089e+00
1.000000000000000000e+00 3.117000000000000000e+03 -1.000000000000000000e+00 -1.000000000000000000e+00 -1.000000000000000000e+00 -1.000000000000000000e+00 -1.000000000000000000e+00 1.907163999999999987e+03 8.641580000000000155e+02 1.917000000000000037e+00 1.386500000000000066e+00 6.299999999999999822e+00 1.627999999999999892e+00
1.000000000000000000e+00 3.123000000000000000e+03 -1.000000000000000000e+00 -1.000000000000000000e+00 -1.000000000000000000e+00 -1.000000000000000000e+00 -1.000000000000000000e+00 1.917517000000000053e+03 8.699560000000000173e+02 2.213999999999999968e+00 1.401000000000000023e+00 3.787500000000000089e+00 1.716499999999999915e+00
2.000000000000000000e+00 3.110000000000000000e+03 -1.000000000000000000e+00 -1.000000000000000000e+00 -1.000000000000000000e+00 -1.000000000000000000e+00 -1.000000000000000000e+00 1.928073000000000093e+03 8.982060000000000173e+02 1.826000000000000068e+00 1.225000000000000089e+00 4.296499999999999986e+00 1.502999999999999892e+00
2.000000000000000000e+00 3.116000000000000000e+03 -1.000000000000000000e+00 -1.000000000000000000e+00 -1.000000000000000000e+00 -1.000000000000000000e+00 -1.000000000000000000e+00 1.929701000000000022e+03 8.701770000000000209e+02 2.044000000000000039e+00 1.398500000000000076e+00 5.606499999999999595e+00 1.725000000000000089e+00
2.000000000000000000e+00 3.117000000000000000e+03 -1.000000000000000000e+00 -1.000000000000000000e+00 -1.000000000000000000e+00 -1.000000000000000000e+00 -1.000000000000000000e+00 1.907098999999999933e+03 8.641630000000000109e+02 1.933000000000000052e+00 1.386500000000000066e+00 6.299999999999999822e+00 1.627999999999999892e+00
2.000000000000000000e+00 3.123000000000000000e+03 -1.000000000000000000e+00 -1.000000000000000000e+00 -1.000000000000000000e+00 -1.000000000000000000e+00 -1.000000000000000000e+00 1.920391000000000076e+03 8.700009999999999764e+02 2.142999999999999794e+00 1.401000000000000023e+00 3.787500000000000089e+00 1.716499999999999915e+00
3.000000000000000000e+00 3.116000000000000000e+03 -1.000000000000000000e+00 -1.000000000000000000e+00 -1.000000000000000000e+00 -1.000000000000000000e+00 -1.000000000000000000e+00 1.931965999999999894e+03 8.702119999999999891e+02 2.019000000000000128e+00 1.398500000000000076e+00 5.606499999999999595e+00 1.725000000000000089e+00
3.000000000000000000e+00 3.117000000000000000e+03 -1.000000000000000000e+00 -1.000000000000000000e+00 -1.000000000000000000e+00 -1.000000000000000000e+00 -1.000000000000000000e+00 1.907047000000000025e+03 8.641670000000000300e+02 1.945000000000000062e+00 1.386500000000000066e+00 6.299999999999999822e+00 1.627999999999999892e+00
3.000000000000000000e+00 3.123000000000000000e+03 -1.000000000000000000e+00 -1.000000000000000000e+00 -1.000000000000000000e+00 -1.000000000000000000e+00 -1.000000000000000000e+00 1.922690000000000055e+03 8.700359999999999445e+02 2.085999999999999854e+00 1.401000000000000023e+00 3.787500000000000089e+00 1.716499999999999915e+00
3.000000000000000000e+00 3.110000000000000000e+03 -1.000000000000000000e+00 -1.000000000000000000e+00 -1.000000000000000000e+00 -1.000000000000000000e+00 -1.000000000000000000e+00 1.928071332586079507e+03 8.982071116092802185e+02 1.817662930397640597e+00 1.225000000000000089e+00 4.296499999999999986e+00 1.502999999999999892e+00
4.000000000000000000e+00 3.110000000000000000e+03 -1.000000000000000000e+00 -1.000000000000000000e+00 -1.000000000000000000e+00 -1.000000000000000000e+00 -1.000000000000000000e+00 1.928069999999999936e+03 8.982079999999999700e+02 1.810999999999999943e+00 1.225000000000000089e+00 4.296499999999999986e+00 1.502999999999999892e+00
4.000000000000000000e+00 3.116000000000000000e+03 -1.000000000000000000e+00 -1.000000000000000000e+00 -1.000000000000000000e+00 -1.000000000000000000e+00 -1.000000000000000000e+00 1.934920000000000073e+03 8.702569999999999482e+02 1.987999999999999989e+00 1.398500000000000076e+00 5.606499999999999595e+00 1.725000000000000089e+00
4.000000000000000000e+00 3.117000000000000000e+03 -1.000000000000000000e+00 -1.000000000000000000e+00 -1.000000000000000000e+00 -1.000000000000000000e+00 -1.000000000000000000e+00 1.906981999999999971e+03 8.641710000000000491e+02 1.961000000000000076e+00 1.386500000000000066e+00 6.299999999999999822e+00 1.627999999999999892e+00
4.000000000000000000e+00 3.123000000000000000e+03 -1.000000000000000000e+00 -1.000000000000000000e+00 -1.000000000000000000e+00 -1.000000000000000000e+00 -1.000000000000000000e+00 1.925567000000000007e+03 8.700810000000000173e+02 2.013999999999999790e+00 1.401000000000000023e+00 3.787500000000000089e+00 1.716499999999999915e+00
5.000000000000000000e+00 3.110000000000000000e+03 -1.000000000000000000e+00 -1.000000000000000000e+00 -1.000000000000000000e+00 -1.000000000000000000e+00 -1.000000000000000000e+00 1.928068999999999960e+03 8.982089999999999463e+02 1.802000000000000046e+00 1.225000000000000089e+00 4.296499999999999986e+00 1.502999999999999892e+00
5.000000000000000000e+00 3.116000000000000000e+03 -1.000000000000000000e+00 -1.000000000000000000e+00 -1.000000000000000000e+00 -1.000000000000000000e+00 -1.000000000000000000e+00 1.937871000000000095e+03 8.703029999999999973e+02 1.957000000000000073e+00 1.398500000000000076e+00 5.606499999999999595e+00 1.725000000000000089e+00
5.000000000000000000e+00 3.117000000000000000e+03 -1.000000000000000000e+00 -1.000000000000000000e+00 -1.000000000000000000e+00 -1.000000000000000000e+00 -1.000000000000000000e+00 1.906916999999999916e+03 8.641760000000000446e+02 1.977000000000000091e+00 1.386500000000000066e+00 6.299999999999999822e+00 1.627999999999999892e+00
5.000000000000000000e+00 3.123000000000000000e+03 -1.000000000000000000e+00 -1.000000000000000000e+00 -1.000000000000000000e+00 -1.000000000000000000e+00 -1.000000000000000000e+00 1.928429000000000087e+03 8.701250000000000000e+02 2.012999999999999901e+00 1.401000000000000023e+00 3.787500000000000089e+00 1.716499999999999915e+00
6.000000000000000000e+00 3.110000000000000000e+03 -1.000000000000000000e+00 -1.000000000000000000e+00 -1.000000000000000000e+00 -1.000000000000000000e+00 -1.000000000000000000e+00 1.928067999999999984e+03 8.982100000000000364e+02 1.792999999999999927e+00 1.225000000000000089e+00 4.296499999999999986e+00 1.502999999999999892e+00
6.000000000000000000e+00 3.116000000000000000e+03 -1.000000000000000000e+00 -1.000000000000000000e+00 -1.000000000000000000e+00 -1.000000000000000000e+00 -1.000000000000000000e+00 1.940823000000000093e+03 8.703479999999999563e+02 1.925000000000000044e+00 1.398500000000000076e+00 5.606499999999999595e+00 1.725000000000000089e+00
6.000000000000000000e+00 3.117000000000000000e+03 -1.000000000000000000e+00 -1.000000000000000000e+00 -1.000000000000000000e+00 -1.000000000000000000e+00 -1.000000000000000000e+00 1.906852000000000089e+03 8.641799999999999500e+02 1.993000000000000105e+00 1.386500000000000066e+00 6.299999999999999822e+00 1.627999999999999892e+00
6.000000000000000000e+00 3.123000000000000000e+03 -1.000000000000000000e+00 -1.000000000000000000e+00 -1.000000000000000000e+00 -1.000000000000000000e+00 -1.000000000000000000e+00 1.931494999999999891e+03 8.701720000000000255e+02 2.012000000000000011e+00 1.401000000000000023e+00 3.787500000000000089e+00 1.716499999999999915e+00
7.000000000000000000e+00 3.110000000000000000e+03 -1.000000000000000000e+00 -1.000000000000000000e+00 -1.000000000000000000e+00 -1.000000000000000000e+00 -1.000000000000000000e+00 1.928067000000000007e+03 8.982110000000000127e+02 1.784999999999999920e+00 1.225000000000000089e+00 4.296499999999999986e+00 1.502999999999999892e+00
7.000000000000000000e+00 3.116000000000000000e+03 -1.000000000000000000e+00 -1.000000000000000000e+00 -1.000000000000000000e+00 -1.000000000000000000e+00 -1.000000000000000000e+00 1.943978000000000065e+03 8.704349999999999454e+02 1.977999999999999980e+00 1.398500000000000076e+00 5.606499999999999595e+00 1.725000000000000089e+00
7.000000000000000000e+00 3.117000000000000000e+03 -1.000000000000000000e+00 -1.000000000000000000e+00 -1.000000000000000000e+00 -1.000000000000000000e+00 -1.000000000000000000e+00 1.906787000000000035e+03 8.641849999999999454e+02 2.008000000000000007e+00 1.386500000000000066e+00 6.299999999999999822e+00 1.627999999999999892e+00
7.000000000000000000e+00 3.123000000000000000e+03 -1.000000000000000000e+00 -1.000000000000000000e+00 -1.000000000000000000e+00 -1.000000000000000000e+00 -1.000000000000000000e+00 1.934563000000000102e+03 8.702190000000000509e+02 2.009999999999999787e+00 1.401000000000000023e+00 3.787500000000000089e+00 1.716499999999999915e+00
8.000000000000000000e+00 3.110000000000000000e+03 -1.000000000000000000e+00 -1.000000000000000000e+00 -1.000000000000000000e+00 -1.000000000000000000e+00 -1.000000000000000000e+00 1.928066000000000031e+03 8.982119999999999891e+02 1.776000000000000023e+00 1.225000000000000089e+00 4.296499999999999986e+00 1.502999999999999892e+00
8.000000000000000000e+00 3.116000000000000000e+03 -1.000000000000000000e+00 -1.000000000000000000e+00 -1.000000000000000000e+00 -1.000000000000000000e+00 -1.000000000000000000e+00 1.946980000000000018e+03 8.705190000000000055e+02 2.029999999999999805e+00 1.398500000000000076e+00 5.606499999999999595e+00 1.725000000000000089e+00
8.000000000000000000e+00 3.117000000000000000e+03 -1.000000000000000000e+00 -1.000000000000000000e+00 -1.000000000000000000e+00 -1.000000000000000000e+00 -1.000000000000000000e+00 1.906721999999999980e+03 8.641889999999999645e+02 2.024000000000000021e+00 1.386500000000000066e+00 6.299999999999999822e+00 1.627999999999999892e+00
8.000000000000000000e+00 3.123000000000000000e+03 -1.000000000000000000e+00 -1.000000000000000000e+00 -1.000000000000000000e+00 -1.000000000000000000e+00 -1.000000000000000000e+00 1.937711000000000013e+03 8.702680000000000291e+02 2.008999999999999897e+00 1.401000000000000023e+00 3.787500000000000089e+00 1.716499999999999915e+00
9.000000000000000000e+00 3.110000000000000000e+03 -1.000000000000000000e+00 -1.000000000000000000e+00 -1.000000000000000000e+00 -1.000000000000000000e+00 -1.000000000000000000e+00 1.928064000000000078e+03 8.982129999999999654e+02 1.766999999999999904e+00 1.225000000000000089e+00 4.296499999999999986e+00 1.502999999999999892e+00
9.000000000000000000e+00 3.116000000000000000e+03 -1.000000000000000000e+00 -1.000000000000000000e+00 -1.000000000000000000e+00 -1.000000000000000000e+00 -1.000000000000000000e+00 1.950134000000000015e+03 8.704919999999999618e+02 2.081999999999999851e+00 1.398500000000000076e+00 5.606499999999999595e+00 1.725000000000000089e+00
9.000000000000000000e+00 3.117000000000000000e+03 -1.000000000000000000e+00 -1.000000000000000000e+00 -1.000000000000000000e+00 -1.000000000000000000e+00 -1.000000000000000000e+00 1.906656999999999925e+03 8.641939999999999600e+02 2.040000000000000036e+00 1.386500000000000066e+00 6.299999999999999822e+00 1.627999999999999892e+00
9.000000000000000000e+00 3.123000000000000000e+03 -1.000000000000000000e+00 -1.000000000000000000e+00 -1.000000000000000000e+00 -1.000000000000000000e+00 -1.000000000000000000e+00 1.940857999999999947e+03 8.703170000000000073e+02 2.007000000000000117e+00 1.401000000000000023e+00 3.787500000000000089e+00 1.716499999999999915e+00
1.000000000000000000e+01 3.110000000000000000e+03 -1.000000000000000000e+00 -1.000000000000000000e+00 -1.000000000000000000e+00 -1.000000000000000000e+00 -1.000000000000000000e+00 1.928056000000000040e+03 8.982010000000000218e+02 1.758999999999999897e+00 1.225000000000000089e+00 4.296499999999999986e+00 1.502999999999999892e+00
1.000000000000000000e+01 3.116000000000000000e+03 -1.000000000000000000e+00 -1.000000000000000000e+00 -1.000000000000000000e+00 -1.000000000000000000e+00 -1.000000000000000000e+00 1.955555000000000064e+03 8.705000000000000000e+02 2.133999999999999897e+00 1.398500000000000076e+00 5.606499999999999595e+00 1.725000000000000089e+00
1.000000000000000000e+01 3.117000000000000000e+03 -1.000000000000000000e+00 -1.000000000000000000e+00 -1.000000000000000000e+00 -1.000000000000000000e+00 -1.000000000000000000e+00 1.906592000000000098e+03 8.641989999999999554e+02 2.056000000000000050e+00 1.386500000000000066e+00 6.299999999999999822e+00 1.627999999999999892e+00
1.000000000000000000e+01 3.123000000000000000e+03 -1.000000000000000000e+00 -1.000000000000000000e+00 -1.000000000000000000e+00 -1.000000000000000000e+00 -1.000000000000000000e+00 1.943946999999999889e+03 8.703519999999999754e+02 2.005999999999999783e+00 1.401000000000000023e+00 3.787500000000000089e+00 1.716499999999999915e+00
1.100000000000000000e+01 3.110000000000000000e+03 -1.000000000000000000e+00 -1.000000000000000000e+00 -1.000000000000000000e+00 -1.000000000000000000e+00 -1.000000000000000000e+00 1.928048000000000002e+03 8.981900000000000546e+02 1.750000000000000000e+00 1.225000000000000089e+00 4.296499999999999986e+00 1.502999999999999892e+00
1.100000000000000000e+01 3.116000000000000000e+03 -1.000000000000000000e+00 -1.000000000000000000e+00 -1.000000000000000000e+00 -1.000000000000000000e+00 -1.000000000000000000e+00 1.958061999999999898e+03 8.705389999999999873e+02 2.146999999999999797e+00 1.398500000000000076e+00 5.606499999999999595e+00 1.725000000000000089e+00
1.100000000000000000e+01 3.117000000000000000e+03 -1.000000000000000000e+00 -1.000000000000000000e+00 -1.000000000000000000e+00 -1.000000000000000000e+00 -1.000000000000000000e+00 1.906527000000000044e+03 8.642029999999999745e+02 2.071000000000000174e+00 1.386500000000000066e+00 6.299999999999999822e+00 1.627999999999999892e+00
1.100000000000000000e+01 3.123000000000000000e+03 -1.000000000000000000e+00 -1.000000000000000000e+00 -1.000000000000000000e+00 -1.000000000000000000e+00 -1.000000000000000000e+00 1.947257000000000062e+03 8.703909999999999627e+02 2.004000000000000004e+00 1.401000000000000023e+00 3.787500000000000089e+00 1.716499999999999915e+00
1.200000000000000000e+01 3.110000000000000000e+03 -1.000000000000000000e+00 -1.000000000000000000e+00 -1.000000000000000000e+00 -1.000000000000000000e+00 -1.000000000000000000e+00 1.928039999999999964e+03 8.981789999999999736e+02 1.741000000000000103e+00 1.225000000000000089e+00 4.296499999999999986e+00 1.502999999999999892e+00
1.200000000000000000e+01 3.116000000000000000e+03 -1.000000000000000000e+00 -1.000000000000000000e+00 -1.000000000000000000e+00 -1.000000000000000000e+00 -1.000000000000000000e+00 1.960567000000000007e+03 8.705769999999999982e+02 2.160000000000000142e+00 1.398500000000000076e+00 5.606499999999999595e+00 1.725000000000000089e+00
1.200000000000000000e+01 3.117000000000000000e+03 -1.000000000000000000e+00 -1.000000000000000000e+00 -1.000000000000000000e+00 -1.000000000000000000e+00 -1.000000000000000000e+00 1.906461999999999989e+03 8.642079999999999700e+02 2.059000000000000163e+00 1.386500000000000066e+00 6.299999999999999822e+00 1.627999999999999892e+00
1.200000000000000000e+01 3.123000000000000000e+03 -1.000000000000000000e+00 -1.000000000000000000e+00 -1.000000000000000000e+00 -1.000000000000000000e+00 -1.000000000000000000e+00 1.950563000000000102e+03 8.704299999999999500e+02 2.003000000000000114e+00 1.401000000000000023e+00 3.787500000000000089e+00 1.716499999999999915e+00
1.300000000000000000e+01 3.110000000000000000e+03 -1.000000000000000000e+00 -1.000000000000000000e+00 -1.000000000000000000e+00 -1.000000000000000000e+00 -1.000000000000000000e+00 1.928030999999999949e+03 8.981680000000000064e+02 1.733000000000000096e+00 1.225000000000000089e+00 4.296499999999999986e+00 1.502999999999999892e+00
1.300000000000000000e+01 3.116000000000000000e+03 -1.000000000000000000e+00 -1.000000000000000000e+00 -1.000000000000000000e+00 -1.000000000000000000e+00 -1.000000000000000000e+00 1.963071999999999889e+03 8.706159999999999854e+02 2.173000000000000043e+00 1.398500000000000076e+00 5.606499999999999595e+00 1.725000000000000089e+00
1.300000000000000000e+01 3.117000000000000000e+03 -1.000000000000000000e+00 -1.000000000000000000e+00 -1.000000000000000000e+00 -1.000000000000000000e+00 -1.000000000000000000e+00 1.906396999999999935e+03 8.642119999999999891e+02 2.045999999999999819e+00 1.386500000000000066e+00 6.299999999999999822e+00 1.627999999999999892e+00
1.300000000000000000e+01 3.133000000000000000e+03 -1.000000000000000000e+00 -1.000000000000000000e+00 -1.000000000000000000e+00 -1.000000000000000000e+00 -1.000000000000000000e+00 1.919317000000000007e+03 9.029679999999999609e+02 1.834999999999999964e+00 1.235999999999999988e+00 4.288999999999999702e+00 1.505500000000000060e+00
1.300000000000000000e+01 3.123000000000000000e+03 -1.000000000000000000e+00 -1.000000000000000000e+00 -1.000000000000000000e+00 -1.000000000000000000e+00 -1.000000000000000000e+00 1.953868999999999915e+03 8.704690000000000509e+02 2.001999999999999780e+00 1.401000000000000023e+00 3.787500000000000089e+00 1.716499999999999915e+00
1.400000000000000000e+01 3.110000000000000000e+03 -1.000000000000000000e+00 -1.000000000000000000e+00 -1.000000000000000000e+00 -1.000000000000000000e+00 -1.000000000000000000e+00 1.928022999999999911e+03 8.981570000000000391e+02 1.723999999999999977e+00 1.225000000000000089e+00 4.296499999999999986e+00 1.502999999999999892e+00
1.400000000000000000e+01 3.116000000000000000e+03 -1.000000000000000000e+00 -1.000000000000000000e+00 -1.000000000000000000e+00 -1.000000000000000000e+00 -1.000000000000000000e+00 1.965997000000000071e+03 8.706230000000000473e+02 2.185999999999999943e+00 1.398500000000000076e+00 5.606499999999999595e+00 1.725000000000000089e+00
1.400000000000000000e+01 3.117000000000000000e+03 -1.000000000000000000e+00 -1.000000000000000000e+00 -1.000000000000000000e+00 -1.000000000000000000e+00 -1.000000000000000000e+00 1.906332000000000107e+03 8.642169999999999845e+02 2.033999999999999808e+00 1.386500000000000066e+00 6.299999999999999822e+00 1.627999999999999892e+00
1.400000000000000000e+01 3.133000000000000000e+03 -1.000000000000000000e+00 -1.000000000000000000e+00 -1.000000000000000000e+00 -1.000000000000000000e+00 -1.000000000000000000e+00 1.919378999999999905e+03 9.029809999999999945e+02 1.826000000000000068e+00 1.235999999999999988e+00 4.288999999999999702e+00 1.505500000000000060e+00
1.400000000000000000e+01 3.123000000000000000e+03 -1.000000000000000000e+00 -1.000000000000000000e+00 -1.000000000000000000e+00 -1.000000000000000000e+00 -1.000000000000000000e+00 1.956843000000000075e+03 8.704919999999999618e+02 2.000000000000000000e+00 1.401000000000000023e+00 3.787500000000000089e+00 1.716499999999999915e+00
1.500000000000000000e+01 3.110000000000000000e+03 -1.000000000000000000e+00 -1.000000000000000000e+00 -1.000000000000000000e+00 -1.000000000000000000e+00 -1.000000000000000000e+00 1.928015000000000100e+03 8.981449999999999818e+02 1.715000000000000080e+00 1.225000000000000089e+00 4.296499999999999986e+00 1.502999999999999892e+00
1.500000000000000000e+01 3.116000000000000000e+03 -1.000000000000000000e+00 -1.000000000000000000e+00 -1.000000000000000000e+00 -1.000000000000000000e+00 -1.000000000000000000e+00 1.969190000000000055e+03 8.706950000000000500e+02 2.200000000000000178e+00 1.398500000000000076e+00 5.606499999999999595e+00 1.725000000000000089e+00
1.500000000000000000e+01 3.117000000000000000e+03 -1.000000000000000000e+00 -1.000000000000000000e+00 -1.000000000000000000e+00 -1.000000000000000000e+00 -1.000000000000000000e+00 1.906267000000000053e+03 8.642210000000000036e+02 2.020999999999999908e+00 1.386500000000000066e+00 6.299999999999999822e+00 1.627999999999999892e+00
1.500000000000000000e+01 3.133000000000000000e+03 -1.000000000000000000e+00 -1.000000000000000000e+00 -1.000000000000000000e+00 -1.000000000000000000e+00 -1.000000000000000000e+00 1.919441000000000031e+03 9.029940000000000282e+02 1.818000000000000060e+00 1.235999999999999988e+00 4.288999999999999702e+00 1.505500000000000060e+00
1.500000000000000000e+01 3.123000000000000000e+03 -1.000000000000000000e+00 -1.000000000000000000e+00 -1.000000000000000000e+00 -1.000000000000000000e+00 -1.000000000000000000e+00 1.960046000000000049e+03 8.705190000000000055e+02 1.999000000000000110e+00 1.401000000000000023e+00 3.787500000000000089e+00 1.716499999999999915e+00
1.600000000000000000e+01 3.110000000000000000e+03 -1.000000000000000000e+00 -1.000000000000000000e+00 -1.000000000000000000e+00 -1.000000000000000000e+00 -1.000000000000000000e+00 1.928007000000000062e+03 8.981340000000000146e+02 1.707000000000000073e+00 1.225000000000000089e+00 4.296499999999999986e+00 1.502999999999999892e+00
1.600000000000000000e+01 3.116000000000000000e+03 -1.000000000000000000e+00 -1.000000000000000000e+00 -1.000000000000000000e+00 -1.000000000000000000e+00 -1.000000000000000000e+00 1.972651000000000067e+03 8.706580000000000155e+02 2.213000000000000078e+00 1.398500000000000076e+00 5.606499999999999595e+00 1.725000000000000089e+00
1.600000000000000000e+01 3.117000000000000000e+03 -1.000000000000000000e+00 -1.000000000000000000e+00 -1.000000000000000000e+00 -1.000000000000000000e+00 -1.000000000000000000e+00 1.906375999999999976e+03 8.642250000000000227e+02 2.045999999999999819e+00 1.386500000000000066e+00 6.299999999999999822e+00 1.627999999999999892e+00
1.600000000000000000e+01 3.133000000000000000e+03 -1.000000000000000000e+00 -1.000000000000000000e+00 -1.000000000000000000e+00 -1.000000000000000000e+00 -1.000000000000000000e+00 1.919502999999999929e+03 9.030059999999999718e+02 1.808999999999999941e+00 1.235999999999999988e+00 4.288999999999999702e+00 1.505500000000000060e+00
1.600000000000000000e+01 3.123000000000000000e+03 -1.000000000000000000e+00 -1.000000000000000000e+00 -1.000000000000000000e+00 -1.000000000000000000e+00 -1.000000000000000000e+00 1.963209000000000060e+03 8.704589999999999463e+02 1.997000000000000108e+00 1.401000000000000023e+00 3.787500000000000089e+00 1.716499999999999915e+00
1.700000000000000000e+01 3.110000000000000000e+03 -1.000000000000000000e+00 -1.000000000000000000e+00 -1.000000000000000000e+00 -1.000000000000000000e+00 -1.000000000000000000e+00 1.927998000000000047e+03 8.981230000000000473e+02 1.697999999999999954e+00 1.225000000000000089e+00 4.296499999999999986e+00 1.502999999999999892e+00
1.700000000000000000e+01 3.116000000000000000e+03 -1.000000000000000000e+00 -1.000000000000000000e+00 -1.000000000000000000e+00 -1.000000000000000000e+00 -1.000000000000000000e+00 1.975982999999999947e+03 8.707440000000000282e+02 2.225999999999999979e+00 1.398500000000000076e+00 5.606499999999999595e+00 1.725000000000000089e+00
1.700000000000000000e+01 3.117000000000000000e+03 -1.000000000000000000e+00 -1.000000000000000000e+00 -1.000000000000000000e+00 -1.000000000000000000e+00 -1.000000000000000000e+00 1.906483999999999924e+03 8.642300000000000182e+02 2.071000000000000174e+00 1.386500000000000066e+00 6.299999999999999822e+00 1.627999999999999892e+00
1.700000000000000000e+01 3.133000000000000000e+03 -1.000000000000000000e+00 -1.000000000000000000e+00 -1.000000000000000000e+00 -1.000000000000000000e+00 -1.000000000000000000e+00 1.919565000000000055e+03 9.030190000000000055e+02 1.800000000000000044e+00 1.235999999999999988e+00 4.288999999999999702e+00 1.505500000000000060e+00
1.700000000000000000e+01 3.123000000000000000e+03 -1.000000000000000000e+00 -1.000000000000000000e+00 -1.000000000000000000e+00 -1.000000000000000000e+00 -1.000000000000000000e+00 1.966372000000000071e+03 8.703990000000000009e+02 1.995999999999999996e+00 1.401000000000000023e+00 3.787500000000000089e+00 1.716499999999999915e+00
1.800000000000000000e+01 3.110000000000000000e+03 -1.000000000000000000e+00 -1.000000000000000000e+00 -1.000000000000000000e+00 -1.000000000000000000e+00 -1.000000000000000000e+00 1.927990000000000009e+03 8.981119999999999663e+02 1.689000000000000057e+00 1.225000000000000089e+00 4.296499999999999986e+00 1.502999999999999892e+00
1.800000000000000000e+01 3.116000000000000000e+03 -1.000000000000000000e+00 -1.000000000000000000e+00 -1.000000000000000000e+00 -1.000000000000000000e+00 -1.000000000000000000e+00 1.978757000000000062e+03 8.705130000000000337e+02 2.238999999999999879e+00 1.398500000000000076e+00 5.606499999999999595e+00 1.725000000000000089e+00
1.800000000000000000e+01 3.117000000000000000e+03 -1.000000000000000000e+00 -1.000000000000000000e+00 -1.000000000000000000e+00 -1.000000000000000000e+00 -1.000000000000000000e+00 1.906288999999999987e+03 8.642340000000000373e+02 2.045999999999999819e+00 1.386500000000000066e+00 6.299999999999999822e+00 1.627999999999999892e+00
1.800000000000000000e+01 3.133000000000000000e+03 -1.000000000000000000e+00 -1.000000000000000000e+00 -1.000000000000000000e+00 -1.000000000000000000e+00 -1.000000000000000000e+00 1.919511999999999944e+03 9.029299999999999500e+02 1.792000000000000037e+00 1.235999999999999988e+00 4.288999999999999702e+00 1.505500000000000060e+00
1.800000000000000000e+01 3.123000000000000000e+03 -1.000000000000000000e+00 -1.000000000000000000e+00 -1.000000000000000000e+00 -1.000000000000000000e+00 -1.000000000000000000e+00 1.969538999999999987e+03 8.703390000000000555e+02 1.993999999999999995e+00 1.401000000000000023e+00 3.787500000000000089e+00 1.716499999999999915e+00
1.900000000000000000e+01 3.110000000000000000e+03 -1.000000000000000000e+00 -1.000000000000000000e+00 -1.000000000000000000e+00 -1.000000000000000000e+00 -1.000000000000000000e+00 1.927963999999999942e+03 8.980539999999999736e+02 1.693999999999999950e+00 1.225000000000000089e+00 4.296499999999999986e+00 1.502999999999999892e+00
1.900000000000000000e+01 3.116000000000000000e+03 -1.000000000000000000e+00 -1.000000000000000000e+00 -1.000000000000000000e+00 -1.000000000000000000e+00 -1.000000000000000000e+00 1.979708000000000084e+03 8.701910000000000309e+02 2.152000000000000135e+00 1.398500000000000076e+00 5.606499999999999595e+00 1.725000000000000089e+00
1.900000000000000000e+01 3.117000000000000000e+03 -1.000000000000000000e+00 -1.000000000000000000e+00 -1.000000000000000000e+00 -1.000000000000000000e+00 -1.000000000000000000e+00 1.906007000000000062e+03 8.642390000000000327e+02 1.971000000000000085e+00 1.386500000000000066e+00 6.299999999999999822e+00 1.627999999999999892e+00
1.900000000000000000e+01 3.133000000000000000e+03 -1.000000000000000000e+00 -1.000000000000000000e+00 -1.000000000000000000e+00 -1.000000000000000000e+00 -1.000000000000000000e+00 1.919459000000000060e+03 9.028410000000000082e+02 1.782999999999999918e+00 1.235999999999999988e+00 4.288999999999999702e+00 1.505500000000000060e+00
1.900000000000000000e+01 3.123000000000000000e+03 -1.000000000000000000e+00 -1.000000000000000000e+00 -1.000000000000000000e+00 -1.000000000000000000e+00 -1.000000000000000000e+00 1.972050704718258658e+03 8.702510453580555350e+02 2.005494072526849969e+00 1.401000000000000245e+00 3.787500000000000533e+00 1.716499999999999915e+00
2.000000000000000000e+01 3.110000000000000000e+03 -1.000000000000000000e+00 -1.000000000000000000e+00 -1.000000000000000000e+00 -1.000000000000000000e+00 -1.000000000000000000e+00 1.927943999999999960e+03 8.980059999999999718e+02 1.699000000000000066e+00 1.225000000000000089e+00 4.296499999999999986e+00 1.502999999999999892e+00
2.000000000000000000e+01 3.116000000000000000e+03 -1.000000000000000000e+00 -1.000000000000000000e+00 -1.000000000000000000e+00 -1.000000000000000000e+00 -1.000000000000000000e+00 1.983816000000000031e+03 8.702530000000000427e+02 2.141000000000000014e+00 1.398500000000000076e+00 5.606499999999999595e+00 1.725000000000000089e+00
2.000000000000000000e+01 3.117000000000000000e+03 -1.000000000000000000e+00 -1.000000000000000000e+00 -1.000000000000000000e+00 -1.000000000000000000e+00 -1.000000000000000000e+00 1.905553000000000111e+03 8.642450000000000045e+02 1.846000000000000085e+00 1.386500000000000066e+00 6.299999999999999822e+00 1.627999999999999892e+00
2.000000000000000000e+01 3.133000000000000000e+03 -1.000000000000000000e+00 -1.000000000000000000e+00 -1.000000000000000000e+00 -1.000000000000000000e+00 -1.000000000000000000e+00 1.919405999999999949e+03 9.027519999999999527e+02 1.774000000000000021e+00 1.235999999999999988e+00 4.288999999999999702e+00 1.505500000000000060e+00
2.000000000000000000e+01 3.123000000000000000e+03 -1.000000000000000000e+00 -1.000000000000000000e+00 -1.000000000000000000e+00 -1.000000000000000000e+00 -1.000000000000000000e+00 1.974565000000000055e+03 8.701630000000000109e+02 2.016999999999999904e+00 1.401000000000000023e+00 3.787500000000000089e+00 1.716499999999999915e+00
2.100000000000000000e+01 3.110000000000000000e+03 -1.000000000000000000e+00 -1.000000000000000000e+00 -1.000000000000000000e+00 -1.000000000000000000e+00 -1.000000000000000000e+00 1.927932000000000016e+03 8.979719999999999800e+02 1.703999999999999959e+00 1.225000000000000089e+00 4.296499999999999986e+00 1.502999999999999892e+00
2.100000000000000000e+01 3.117000000000000000e+03 -1.000000000000000000e+00 -1.000000000000000000e+00 -1.000000000000000000e+00 -1.000000000000000000e+00 -1.000000000000000000e+00 1.905010999999999967e+03 8.642500000000000000e+02 1.820999999999999952e+00 1.386500000000000066e+00 6.299999999999999822e+00 1.627999999999999892e+00
2.100000000000000000e+01 3.133000000000000000e+03 -1.000000000000000000e+00 -1.000000000000000000e+00 -1.000000000000000000e+00 -1.000000000000000000e+00 -1.000000000000000000e+00 1.919354000000000042e+03 9.026630000000000109e+02 1.764999999999999902e+00 1.235999999999999988e+00 4.288999999999999702e+00 1.505500000000000060e+00
2.100000000000000000e+01 3.123000000000000000e+03 -1.000000000000000000e+00 -1.000000000000000000e+00 -1.000000000000000000e+00 -1.000000000000000000e+00 -1.000000000000000000e+00 1.978704999999999927e+03 8.702970000000000255e+02 2.040000000000000036e+00 1.401000000000000023e+00 3.787500000000000089e+00 1.716499999999999915e+00
2.200000000000000000e+01 3.110000000000000000e+03 -1.000000000000000000e+00 -1.000000000000000000e+00 -1.000000000000000000e+00 -1.000000000000000000e+00 -1.000000000000000000e+00 1.927919000000000096e+03 8.979370000000000118e+02 1.709000000000000075e+00 1.225000000000000089e+00 4.296499999999999986e+00 1.502999999999999892e+00
2.200000000000000000e+01 3.117000000000000000e+03 -1.000000000000000000e+00 -1.000000000000000000e+00 -1.000000000000000000e+00 -1.000000000000000000e+00 -1.000000000000000000e+00 1.904816000000000031e+03 8.642549999999999955e+02 1.695999999999999952e+00 1.386500000000000066e+00 6.299999999999999822e+00 1.627999999999999892e+00
2.200000000000000000e+01 3.133000000000000000e+03 -1.000000000000000000e+00 -1.000000000000000000e+00 -1.000000000000000000e+00 -1.000000000000000000e+00 -1.000000000000000000e+00 1.919428000000000111e+03 9.027319999999999709e+02 1.756999999999999895e+00 1.235999999999999988e+00 4.288999999999999702e+00 1.505500000000000060e+00
2.200000000000000000e+01 3.123000000000000000e+03 -1.000000000000000000e+00 -1.000000000000000000e+00 -1.000000000000000000e+00 -1.000000000000000000e+00 -1.000000000000000000e+00 1.982844000000000051e+03 8.704320000000000164e+02 2.064000000000000057e+00 1.401000000000000023e+00 3.787500000000000089e+00 1.716499999999999915e+00
2.300000000000000000e+01 3.110000000000000000e+03 -1.000000000000000000e+00 -1.000000000000000000e+00 -1.000000000000000000e+00 -1.000000000000000000e+00 -1.000000000000000000e+00 1.927965999999999894e+03 8.980049999999999955e+02 1.713999999999999968e+00 1.225000000000000089e+00 4.296499999999999986e+00 1.502999999999999892e+00
2.300000000000000000e+01 3.117000000000000000e+03 -1.000000000000000000e+00 -1.000000000000000000e+00 -1.000000000000000000e+00 -1.000000000000000000e+00 -1.000000000000000000e+00 1.905488000000000056e+03 8.642580000000000382e+02 1.645999999999999908e+00 1.386500000000000066e+00 6.299999999999999822e+00 1.627999999999999892e+00
2.300000000000000000e+01 3.133000000000000000e+03 -1.000000000000000000e+00 -1.000000000000000000e+00 -1.000000000000000000e+00 -1.000000000000000000e+00 -1.000000000000000000e+00 1.919501999999999953e+03 9.028010000000000446e+02 1.747999999999999998e+00 1.235999999999999988e+00 4.288999999999999702e+00 1.505500000000000060e+00
2.400000000000000000e+01 3.110000000000000000e+03 -1.000000000000000000e+00 -1.000000000000000000e+00 -1.000000000000000000e+00 -1.000000000000000000e+00 -1.000000000000000000e+00 1.928011999999999944e+03 8.980720000000000027e+02 1.719000000000000083e+00 1.225000000000000089e+00 4.296499999999999986e+00 1.502999999999999892e+00
2.400000000000000000e+01 3.117000000000000000e+03 -1.000000000000000000e+00 -1.000000000000000000e+00 -1.000000000000000000e+00 -1.000000000000000000e+00 -1.000000000000000000e+00 1.906160000000000082e+03 8.642609999999999673e+02 1.596000000000000085e+00 1.386500000000000066e+00 6.299999999999999822e+00 1.627999999999999892e+00
2.400000000000000000e+01 3.133000000000000000e+03 -1.000000000000000000e+00 -1.000000000000000000e+00 -1.000000000000000000e+00 -1.000000000000000000e+00 -1.000000000000000000e+00 1.919576999999999998e+03 9.028700000000000045e+02 1.739000000000000101e+00 1.235999999999999988e+00 4.288999999999999702e+00 1.505500000000000060e+00
2.500000000000000000e+01 3.110000000000000000e+03 -1.000000000000000000e+00 -1.000000000000000000e+00 -1.000000000000000000e+00 -1.000000000000000000e+00 -1.000000000000000000e+00 1.928049999999999955e+03 8.981240000000000236e+02 1.723999999999999977e+00 1.225000000000000089e+00 4.296499999999999986e+00 1.502999999999999892e+00
2.500000000000000000e+01 3.117000000000000000e+03 -1.000000000000000000e+00 -1.000000000000000000e+00 -1.000000000000000000e+00 -1.000000000000000000e+00 -1.000000000000000000e+00 1.905790999999999940e+03 8.642659999999999627e+02 1.596000000000000085e+00 1.386500000000000066e+00 6.299999999999999822e+00 1.627999999999999892e+00
2.500000000000000000e+01 3.133000000000000000e+03 -1.000000000000000000e+00 -1.000000000000000000e+00 -1.000000000000000000e+00 -1.000000000000000000e+00 -1.000000000000000000e+00 1.919651000000000067e+03 9.029389999999999645e+02 1.729999999999999982e+00 1.235999999999999988e+00 4.288999999999999702e+00 1.505500000000000060e+00
2.600000000000000000e+01 3.110000000000000000e+03 -1.000000000000000000e+00 -1.000000000000000000e+00 -1.000000000000000000e+00 -1.000000000000000000e+00 -1.000000000000000000e+00 1.927994999999999891e+03 8.981499999999999773e+02 1.159999999999999920e+00 1.225000000000000089e+00 4.296499999999999986e+00 1.502999999999999892e+00
2.600000000000000000e+01 3.117000000000000000e+03 -1.000000000000000000e+00 -1.000000000000000000e+00 -1.000000000000000000e+00 -1.000000000000000000e+00 -1.000000000000000000e+00 1.905423000000000002e+03 8.642720000000000482e+02 1.596000000000000085e+00 1.386500000000000066e+00 6.299999999999999822e+00 1.627999999999999892e+00
2.600000000000000000e+01 3.133000000000000000e+03 -1.000000000000000000e+00 -1.000000000000000000e+00 -1.000000000000000000e+00 -1.000000000000000000e+00 -1.000000000000000000e+00 1.919724999999999909e+03 9.030080000000000382e+02 1.721999999999999975e+00 1.235999999999999988e+00 4.288999999999999702e+00 1.505500000000000060e+00
2.700000000000000000e+01 3.110000000000000000e+03 -1.000000000000000000e+00 -1.000000000000000000e+00 -1.000000000000000000e+00 -1.000000000000000000e+00 -1.000000000000000000e+00 1.928009999999999991e+03 8.981359999999999673e+02 1.278999999999999915e+00 1.225000000000000089e+00 4.296499999999999986e+00 1.502999999999999892e+00
2.700000000000000000e+01 3.133000000000000000e+03 -1.000000000000000000e+00 -1.000000000000000000e+00 -1.000000000000000000e+00 -1.000000000000000000e+00 -1.000000000000000000e+00 1.919798999999999978e+03 9.030779999999999745e+02 1.713000000000000078e+00 1.235999999999999988e+00 4.288999999999999702e+00 1.505500000000000060e+00
2.700000000000000000e+01 3.117000000000000000e+03 -1.000000000000000000e+00 -1.000000000000000000e+00 -1.000000000000000000e+00 -1.000000000000000000e+00 -1.000000000000000000e+00 1.905054302547579709e+03 8.642770026791373539e+02 1.596000000000000085e+00 1.386500000000000066e+00 6.299999999999999822e+00 1.627999999999999892e+00
2.800000000000000000e+01 3.110000000000000000e+03 -1.000000000000000000e+00 -1.000000000000000000e+00 -1.000000000000000000e+00 -1.000000000000000000e+00 -1.000000000000000000e+00 1.928023999999999887e+03 8.981209999999999809e+02 1.397999999999999909e+00 1.225000000000000089e+00 4.296499999999999986e+00 1.502999999999999892e+00
2.800000000000000000e+01 3.117000000000000000e+03 -1.000000000000000000e+00 -1.000000000000000000e+00 -1.000000000000000000e+00 -1.000000000000000000e+00 -1.000000000000000000e+00 1.904685999999999922e+03 8.642820000000000391e+02 1.596000000000000085e+00 1.386500000000000066e+00 6.299999999999999822e+00 1.627999999999999892e+00
2.800000000000000000e+01 3.133000000000000000e+03 -1.000000000000000000e+00 -1.000000000000000000e+00 -1.000000000000000000e+00 -1.000000000000000000e+00 -1.000000000000000000e+00 1.919759000000000015e+03 9.029289999999999736e+02 1.745000000000000107e+00 1.235999999999999988e+00 4.288999999999999702e+00 1.505500000000000060e+00
2.900000000000000000e+01 3.110000000000000000e+03 -1.000000000000000000e+00 -1.000000000000000000e+00 -1.000000000000000000e+00 -1.000000000000000000e+00 -1.000000000000000000e+00 1.928038999999999987e+03 8.981069999999999709e+02 1.516000000000000014e+00 1.225000000000000089e+00 4.296499999999999986e+00 1.502999999999999892e+00
2.900000000000000000e+01 3.117000000000000000e+03 -1.000000000000000000e+00 -1.000000000000000000e+00 -1.000000000000000000e+00 -1.000000000000000000e+00 -1.000000000000000000e+00 1.905253999999999905e+03 8.642849999999999682e+02 1.596000000000000085e+00 1.386500000000000066e+00 6.299999999999999822e+00 1.627999999999999892e+00
2.900000000000000000e+01 3.133000000000000000e+03 -1.000000000000000000e+00 -1.000000000000000000e+00 -1.000000000000000000e+00 -1.000000000000000000e+00 -1.000000000000000000e+00 1.919718000000000075e+03 9.027799999999999727e+02 1.776000000000000023e+00 1.235999999999999988e+00 4.288999999999999702e+00 1.505500000000000060e+00
3.000000000000000000e+01 3.110000000000000000e+03 -1.000000000000000000e+00 -1.000000000000000000e+00 -1.000000000000000000e+00 -1.000000000000000000e+00 -1.000000000000000000e+00 1.928054000000000087e+03 8.980919999999999845e+02 1.635000000000000009e+00 1.225000000000000089e+00 4.296499999999999986e+00 1.502999999999999892e+00
3.000000000000000000e+01 3.117000000000000000e+03 -1.000000000000000000e+00 -1.000000000000000000e+00 -1.000000000000000000e+00 -1.000000000000000000e+00 -1.000000000000000000e+00 1.905821999999999889e+03 8.642880000000000109e+02 1.596000000000000085e+00 1.386500000000000066e+00 6.299999999999999822e+00 1.627999999999999892e+00
3.000000000000000000e+01 3.133000000000000000e+03 -1.000000000000000000e+00 -1.000000000000000000e+00 -1.000000000000000000e+00 -1.000000000000000000e+00 -1.000000000000000000e+00 1.919676999999999907e+03 9.026309999999999718e+02 1.808000000000000052e+00 1.235999999999999988e+00 4.288999999999999702e+00 1.505500000000000060e+00
3.100000000000000000e+01 3.110000000000000000e+03 -1.000000000000000000e+00 -1.000000000000000000e+00 -1.000000000000000000e+00 -1.000000000000000000e+00 -1.000000000000000000e+00 1.928067999999999984e+03 8.980779999999999745e+02 1.754000000000000004e+00 1.225000000000000089e+00 4.296499999999999986e+00 1.502999999999999892e+00
3.100000000000000000e+01 3.117000000000000000e+03 -1.000000000000000000e+00 -1.000000000000000000e+00 -1.000000000000000000e+00 -1.000000000000000000e+00 -1.000000000000000000e+00 1.906391000000000076e+03 8.642920000000000300e+02 1.596000000000000085e+00 1.386500000000000066e+00 6.299999999999999822e+00 1.627999999999999892e+00
3.100000000000000000e+01 3.133000000000000000e+03 -1.000000000000000000e+00 -1.000000000000000000e+00 -1.000000000000000000e+00 -1.000000000000000000e+00 -1.000000000000000000e+00 1.919778999999999996e+03 9.027780000000000200e+02 1.840000000000000080e+00 1.235999999999999988e+00 4.288999999999999702e+00 1.505500000000000060e+00
3.200000000000000000e+01 3.110000000000000000e+03 -1.000000000000000000e+00 -1.000000000000000000e+00 -1.000000000000000000e+00 -1.000000000000000000e+00 -1.000000000000000000e+00 1.927997000000000071e+03 8.979550000000000409e+02 1.812999999999999945e+00 1.225000000000000089e+00 4.296499999999999986e+00 1.502999999999999892e+00
3.200000000000000000e+01 3.117000000000000000e+03 -1.000000000000000000e+00 -1.000000000000000000e+00 -1.000000000000000000e+00 -1.000000000000000000e+00 -1.000000000000000000e+00 1.906352000000000089e+03 8.642960000000000491e+02 1.596000000000000085e+00 1.386500000000000066e+00 6.299999999999999822e+00 1.627999999999999892e+00
3.200000000000000000e+01 3.133000000000000000e+03 -1.000000000000000000e+00 -1.000000000000000000e+00 -1.000000000000000000e+00 -1.000000000000000000e+00 -1.000000000000000000e+00 1.919782999999999902e+03 9.027569999999999482e+02 1.870999999999999996e+00 1.235999999999999988e+00 4.288999999999999702e+00 1.505500000000000060e+00
3.300000000000000000e+01 3.110000000000000000e+03 -1.000000000000000000e+00 -1.000000000000000000e+00 -1.000000000000000000e+00 -1.000000000000000000e+00 -1.000000000000000000e+00 1.927925999999999931e+03 8.978319999999999936e+02 1.872999999999999998e+00 1.225000000000000089e+00 4.296499999999999986e+00 1.502999999999999892e+00
3.300000000000000000e+01 3.117000000000000000e+03 -1.000000000000000000e+00 -1.000000000000000000e+00 -1.000000000000000000e+00 -1.000000000000000000e+00 -1.000000000000000000e+00 1.906314000000000078e+03 8.643010000000000446e+02 1.596000000000000085e+00 1.386500000000000066e+00 6.299999999999999822e+00 1.627999999999999892e+00
3.300000000000000000e+01 3.133000000000000000e+03 -1.000000000000000000e+00 -1.000000000000000000e+00 -1.000000000000000000e+00 -1.000000000000000000e+00 -1.000000000000000000e+00 1.919787000000000035e+03 9.027350000000000136e+02 1.903000000000000025e+00 1.235999999999999988e+00 4.288999999999999702e+00 1.505500000000000060e+00
3.400000000000000000e+01 3.110000000000000000e+03 -1.000000000000000000e+00 -1.000000000000000000e+00 -1.000000000000000000e+00 -1.000000000000000000e+00 -1.000000000000000000e+00 1.927943999999999960e+03 8.978630000000000564e+02 2.081999999999999851e+00 1.225000000000000089e+00 4.296499999999999986e+00 1.502999999999999892e+00
3.400000000000000000e+01 3.117000000000000000e+03 -1.000000000000000000e+00 -1.000000000000000000e+00 -1.000000000000000000e+00 -1.000000000000000000e+00 -1.000000000000000000e+00 1.906275000000000091e+03 8.643049999999999500e+02 1.596000000000000085e+00 1.386500000000000066e+00 6.299999999999999822e+00 1.627999999999999892e+00
3.400000000000000000e+01 3.133000000000000000e+03 -1.000000000000000000e+00 -1.000000000000000000e+00 -1.000000000000000000e+00 -1.000000000000000000e+00 -1.000000000000000000e+00 1.919791999999999916e+03 9.027140000000000555e+02 1.935000000000000053e+00 1.235999999999999988e+00 4.288999999999999702e+00 1.505500000000000060e+00
3.500000000000000000e+01 3.110000000000000000e+03 -1.000000000000000000e+00 -1.000000000000000000e+00 -1.000000000000000000e+00 -1.000000000000000000e+00 -1.000000000000000000e+00 1.927961999999999989e+03 8.978930000000000291e+02 2.065999999999999837e+00 1.225000000000000089e+00 4.296499999999999986e+00 1.502999999999999892e+00
3.500000000000000000e+01 3.117000000000000000e+03 -1.000000000000000000e+00 -1.000000000000000000e+00 -1.000000000000000000e+00 -1.000000000000000000e+00 -1.000000000000000000e+00 1.906237000000000080e+03 8.643099999999999454e+02 1.596000000000000085e+00 1.386500000000000066e+00 6.299999999999999822e+00 1.627999999999999892e+00
3.500000000000000000e+01 3.133000000000000000e+03 -1.000000000000000000e+00 -1.000000000000000000e+00 -1.000000000000000000e+00 -1.000000000000000000e+00 -1.000000000000000000e+00 1.919796000000000049e+03 9.026920000000000073e+02 1.965999999999999970e+00 1.235999999999999988e+00 4.288999999999999702e+00 1.505500000000000060e+00
3.600000000000000000e+01 3.110000000000000000e+03 -1.000000000000000000e+00 -1.000000000000000000e+00 -1.000000000000000000e+00 -1.000000000000000000e+00 -1.000000000000000000e+00 1.927979000000000042e+03 8.979239999999999782e+02 2.049999999999999822e+00 1.225000000000000089e+00 4.296499999999999986e+00 1.502999999999999892e+00
3.600000000000000000e+01 3.117000000000000000e+03 -1.000000000000000000e+00 -1.000000000000000000e+00 -1.000000000000000000e+00 -1.000000000000000000e+00 -1.000000000000000000e+00 1.906198000000000093e+03 8.643139999999999645e+02 1.596000000000000085e+00 1.386500000000000066e+00 6.299999999999999822e+00 1.627999999999999892e+00
3.600000000000000000e+01 3.133000000000000000e+03 -1.000000000000000000e+00 -1.000000000000000000e+00 -1.000000000000000000e+00 -1.000000000000000000e+00 -1.000000000000000000e+00 1.919799999999999955e+03 9.026710000000000491e+02 1.997999999999999998e+00 1.235999999999999988e+00 4.288999999999999702e+00 1.505500000000000060e+00
3.700000000000000000e+01 3.110000000000000000e+03 -1.000000000000000000e+00 -1.000000000000000000e+00 -1.000000000000000000e+00 -1.000000000000000000e+00 -1.000000000000000000e+00 1.927967000000000098e+03 8.979030000000000200e+02 2.029999999999999805e+00 1.225000000000000089e+00 4.296499999999999986e+00 1.502999999999999892e+00
3.700000000000000000e+01 3.117000000000000000e+03 -1.000000000000000000e+00 -1.000000000000000000e+00 -1.000000000000000000e+00 -1.000000000000000000e+00 -1.000000000000000000e+00 1.906160000000000082e+03 8.643189999999999600e+02 1.596000000000000085e+00 1.386500000000000066e+00 6.299999999999999822e+00 1.627999999999999892e+00
3.700000000000000000e+01 3.133000000000000000e+03 -1.000000000000000000e+00 -1.000000000000000000e+00 -1.000000000000000000e+00 -1.000000000000000000e+00 -1.000000000000000000e+00 1.919804000000000087e+03 9.026499999999999773e+02 2.028999999999999915e+00 1.235999999999999988e+00 4.288999999999999702e+00 1.505500000000000060e+00
3.800000000000000000e+01 3.110000000000000000e+03 -1.000000000000000000e+00 -1.000000000000000000e+00 -1.000000000000000000e+00 -1.000000000000000000e+00 -1.000000000000000000e+00 1.927954999999999927e+03 8.978819999999999482e+02 2.011000000000000121e+00 1.225000000000000089e+00 4.296499999999999986e+00 1.502999999999999892e+00
3.800000000000000000e+01 3.117000000000000000e+03 -1.000000000000000000e+00 -1.000000000000000000e+00 -1.000000000000000000e+00 -1.000000000000000000e+00 -1.000000000000000000e+00 1.906160000000000082e+03 8.642960000000000491e+02 1.596000000000000085e+00 1.386500000000000066e+00 6.299999999999999822e+00 1.627999999999999892e+00
3.800000000000000000e+01 3.133000000000000000e+03 -1.000000000000000000e+00 -1.000000000000000000e+00 -1.000000000000000000e+00 -1.000000000000000000e+00 -1.000000000000000000e+00 1.919807999999999993e+03 9.026280000000000427e+02 2.060999999999999943e+00 1.235999999999999988e+00 4.288999999999999702e+00 1.505500000000000060e+00
3.900000000000000000e+01 3.110000000000000000e+03 -1.000000000000000000e+00 -1.000000000000000000e+00 -1.000000000000000000e+00 -1.000000000000000000e+00 -1.000000000000000000e+00 1.927943999999999960e+03 8.978640000000000327e+02 1.993000000000000105e+00 1.225000000000000089e+00 4.296499999999999986e+00 1.502999999999999892e+00
3.900000000000000000e+01 3.117000000000000000e+03 -1.000000000000000000e+00 -1.000000000000000000e+00 -1.000000000000000000e+00 -1.000000000000000000e+00 -1.000000000000000000e+00 1.906160000000000082e+03 8.642759999999999536e+02 1.596000000000000085e+00 1.386500000000000066e+00 6.299999999999999822e+00 1.627999999999999892e+00
3.900000000000000000e+01 3.133000000000000000e+03 -1.000000000000000000e+00 -1.000000000000000000e+00 -1.000000000000000000e+00 -1.000000000000000000e+00 -1.000000000000000000e+00 1.919811999999999898e+03 9.026090000000000373e+02 2.088999999999999968e+00 1.235999999999999988e+00 4.288999999999999702e+00 1.505500000000000060e+00
4.000000000000000000e+01 3.110000000000000000e+03 -1.000000000000000000e+00 -1.000000000000000000e+00 -1.000000000000000000e+00 -1.000000000000000000e+00 -1.000000000000000000e+00 1.927932000000000016e+03 8.978429999999999609e+02 1.973999999999999977e+00 1.225000000000000089e+00 4.296499999999999986e+00 1.502999999999999892e+00
4.000000000000000000e+01 3.117000000000000000e+03 -1.000000000000000000e+00 -1.000000000000000000e+00 -1.000000000000000000e+00 -1.000000000000000000e+00 -1.000000000000000000e+00 1.906160000000000082e+03 8.642540000000000191e+02 1.596000000000000085e+00 1.386500000000000066e+00 6.299999999999999822e+00 1.627999999999999892e+00
4.000000000000000000e+01 3.133000000000000000e+03 -1.000000000000000000e+00 -1.000000000000000000e+00 -1.000000000000000000e+00 -1.000000000000000000e+00 -1.000000000000000000e+00 1.919816000000000031e+03 9.025869999999999891e+02 2.120999999999999996e+00 1.235999999999999988e+00 4.288999999999999702e+00 1.505500000000000060e+00
4.100000000000000000e+01 3.110000000000000000e+03 -1.000000000000000000e+00 -1.000000000000000000e+00 -1.000000000000000000e+00 -1.000000000000000000e+00 -1.000000000000000000e+00 1.927920000000000073e+03 8.978220000000000027e+02 1.953999999999999959e+00 1.225000000000000089e+00 4.296499999999999986e+00 1.502999999999999892e+00
4.100000000000000000e+01 3.117000000000000000e+03 -1.000000000000000000e+00 -1.000000000000000000e+00 -1.000000000000000000e+00 -1.000000000000000000e+00 -1.000000000000000000e+00 1.906160000000000082e+03 8.642319999999999709e+02 1.596000000000000085e+00 1.386500000000000066e+00 6.299999999999999822e+00 1.627999999999999892e+00
4.100000000000000000e+01 3.133000000000000000e+03 -1.000000000000000000e+00 -1.000000000000000000e+00 -1.000000000000000000e+00 -1.000000000000000000e+00 -1.000000000000000000e+00 1.919819999999999936e+03 9.025660000000000309e+02 2.153000000000000025e+00 1.235999999999999988e+00 4.288999999999999702e+00 1.505500000000000060e+00
