1.000000000000000000e+01 2.844000000000000000e+03 -1.000000000000000000e+00 -1.000000000000000000e+00 -1.000000000000000000e+00 -1.000000000000000000e+00 -1.000000000000000000e+00 1.544896999999999935e+03 1.319451999999999998e+03 9.200000000000000400e-01 2.195000000000000007e-01 1.167499999999999982e+00 5.154999999999999583e-01
1.100000000000000000e+01 2.844000000000000000e+03 -1.000000000000000000e+00 -1.000000000000000000e+00 -1.000000000000000000e+00 -1.000000000000000000e+00 -1.000000000000000000e+00 1.544960534723423052e+03 1.319310422624183047e+03 9.420120301623782222e-01 2.195000000000000007e-01 1.167499999999999982e+00 5.154999999999999583e-01
1.200000000000000000e+01 2.844000000000000000e+03 -1.000000000000000000e+00 -1.000000000000000000e+00 -1.000000000000000000e+00 -1.000000000000000000e+00 -1.000000000000000000e+00 1.545023999999999887e+03 1.319169000000000096e+03 9.639999999999999680e-01 2.195000000000000007e-01 1.167499999999999982e+00 5.154999999999999583e-01
1.300000000000000000e+01 2.844000000000000000e+03 -1.000000000000000000e+00 -1.000000000000000000e+00 -1.000000000000000000e+00 -1.000000000000000000e+00 -1.000000000000000000e+00 1.545085000000000036e+03 1.319028000000000020e+03 9.100000000000000311e-01 2.195000000000000007e-01 1.167499999999999982e+00 5.154999999999999583e-01
1.400000000000000000e+01 2.844000000000000000e+03 -1.000000000000000000e+00 -1.000000000000000000e+00 -1.000000000000000000e+00 -1.000000000000000000e+00 -1.000000000000000000e+00 1.544981999999999971e+03 1.319340999999999894e+03 8.569999999999999840e-01 2.195000000000000007e-01 1.167499999999999982e+00 5.154999999999999583e-01
1.500000000000000000e+01 2.850000000000000000e+03 -1.000000000000000000e+00 -1.000000000000000000e+00 -1.000000000000000000e+00 -1.000000000000000000e+00 -1.000000000000000000e+00 1.568311999999999898e+03 1.318521999999999935e+03 9.519999999999999574e-01 1.625000000000000056e-01 9.995000000000000551e-01 5.420000000000000373e-01
1.500000000000000000e+01 2.844000000000000000e+03 -1.000000000000000000e+00 -1.000000000000000000e+00 -1.000000000000000000e+00 -1.000000000000000000e+00 -1.000000000000000000e+00 1.544662000000000035e+03 1.318907999999999902e+03 9.060000000000000275e-01 2.195000000000000007e-01 1.167499999999999982e+00 5.154999999999999583e-01
1.600000000000000000e+01 2.850000000000000000e+03 -1.000000000000000000e+00 -1.000000000000000000e+00 -1.000000000000000000e+00 -1.000000000000000000e+00 -1.000000000000000000e+00 1.568201999999999998e+03 1.318578999999999951e+03 9.020000000000000240e-01 1.625000000000000056e-01 9.995000000000000551e-01 5.420000000000000373e-01
1.600000000000000000e+01 2.844000000000000000e+03 -1.000000000000000000e+00 -1.000000000000000000e+00 -1.000000000000000000e+00 -1.000000000000000000e+00 -1.000000000000000000e+00 1.544802344286448715e+03 1.319125258948773080e+03 9.554451400655765703e-01 2.194999999999999729e-01 1.167499999999999982e+00 5.154999999999999583e-01
1.700000000000000000e+01 2.850000000000000000e+03 -1.000000000000000000e+00 -1.000000000000000000e+00 -1.000000000000000000e+00 -1.000000000000000000e+00 -1.000000000000000000e+00 1.568190000000000055e+03 1.318586000000000013e+03 9.020000000000000240e-01 1.625000000000000056e-01 9.995000000000000551e-01 5.420000000000000373e-01
1.700000000000000000e+01 2.844000000000000000e+03 -1.000000000000000000e+00 -1.000000000000000000e+00 -1.000000000000000000e+00 -1.000000000000000000e+00 -1.000000000000000000e+00 1.544942999999999984e+03 1.319343000000000075e+03 1.004999999999999893e+00 2.195000000000000007e-01 1.167499999999999982e+00 5.154999999999999583e-01
1.800000000000000000e+01 2.850000000000000000e+03 -1.000000000000000000e+00 -1.000000000000000000e+00 -1.000000000000000000e+00 -1.000000000000000000e+00 -1.000000000000000000e+00 1.568276000000000067e+03 1.318540999999999940e+03 9.020000000000000240e-01 1.625000000000000056e-01 9.995000000000000551e-01 5.420000000000000373e-01
1.800000000000000000e+01 2.844000000000000000e+03 -1.000000000000000000e+00 -1.000000000000000000e+00 -1.000000000000000000e+00 -1.000000000000000000e+00 -1.000000000000000000e+00 1.545278000000000020e+03 1.319741999999999962e+03 1.098999999999999977e+00 2.195000000000000007e-01 1.167499999999999982e+00 5.154999999999999583e-01
1.900000000000000000e+01 2.844000000000000000e+03 -1.000000000000000000e+00 -1.000000000000000000e+00 -1.000000000000000000e+00 -1.000000000000000000e+00 -1.000000000000000000e+00 1.545348999999999933e+03 1.319818999999999960e+03 1.042999999999999927e+00 2.195000000000000007e-01 1.167499999999999982e+00 5.154999999999999583e-01
2.200000000000000000e+01 2.859000000000000000e+03 -1.000000000000000000e+00 -1.000000000000000000e+00 -1.000000000000000000e+00 -1.000000000000000000e+00 -1.000000000000000000e+00 1.571298999999999978e+03 1.317349999999999909e+03 3.810000000000000053e-01 7.495000000000000551e-01 7.145000000000000240e-01 1.744999999999999885e-01
2.300000000000000000e+01 2.859000000000000000e+03 -1.000000000000000000e+00 -1.000000000000000000e+00 -1.000000000000000000e+00 -1.000000000000000000e+00 -1.000000000000000000e+00 1.571204999999999927e+03 1.317241999999999962e+03 3.130000000000000004e-01 7.495000000000000551e-01 7.145000000000000240e-01 1.744999999999999885e-01
2.400000000000000000e+01 2.859000000000000000e+03 -1.000000000000000000e+00 -1.000000000000000000e+00 -1.000000000000000000e+00 -1.000000000000000000e+00 -1.000000000000000000e+00 1.571075000000000045e+03 1.317353000000000065e+03 3.629999999999999893e-01 7.495000000000000551e-01 7.145000000000000240e-01 1.744999999999999885e-01
2.500000000000000000e+01 2.864000000000000000e+03 -1.000000000000000000e+00 -1.000000000000000000e+00 -1.000000000000000000e+00 -1.000000000000000000e+00 -1.000000000000000000e+00 1.582403000000000020e+03 1.311563000000000102e+03 6.780000000000000471e-01 1.749999999999999889e-01 8.339999999999999636e-01 5.514999999999999902e-01
2.500000000000000000e+01 2.859000000000000000e+03 -1.000000000000000000e+00 -1.000000000000000000e+00 -1.000000000000000000e+00 -1.000000000000000000e+00 -1.000000000000000000e+00 1.571115221191558021e+03 1.317425398144804603e+03 3.629999999999999893e-01 7.495000000000000551e-01 7.144999999999999130e-01 1.744999999999999885e-01
2.600000000000000000e+01 2.864000000000000000e+03 -1.000000000000000000e+00 -1.000000000000000000e+00 -1.000000000000000000e+00 -1.000000000000000000e+00 -1.000000000000000000e+00 1.582403000000000020e+03 1.311563000000000102e+03 6.780000000000000471e-01 1.749999999999999889e-01 8.339999999999999636e-01 5.514999999999999902e-01
2.600000000000000000e+01 2.859000000000000000e+03 -1.000000000000000000e+00 -1.000000000000000000e+00 -1.000000000000000000e+00 -1.000000000000000000e+00 -1.000000000000000000e+00 1.571104457207506584e+03 1.317406022973511881e+03 3.629999999999999893e-01 7.495000000000000551e-01 7.145000000000000240e-01 1.744999999999999885e-01
2.700000000000000000e+01 2.864000000000000000e+03 -1.000000000000000000e+00 -1.000000000000000000e+00 -1.000000000000000000e+00 -1.000000000000000000e+00 -1.000000000000000000e+00 1.582403000000000020e+03 1.311563000000000102e+03 7.279999999999999805e-01 1.749999999999999889e-01 8.339999999999999636e-01 5.514999999999999902e-01
2.700000000000000000e+01 2.859000000000000000e+03 -1.000000000000000000e+00 -1.000000000000000000e+00 -1.000000000000000000e+00 -1.000000000000000000e+00 -1.000000000000000000e+00 1.571094657344031020e+03 1.317388383219255957e+03 3.629999999999999893e-01 7.495000000000000551e-01 7.145000000000000240e-01 1.744999999999999885e-01
2.800000000000000000e+01 2.864000000000000000e+03 -1.000000000000000000e+00 -1.000000000000000000e+00 -1.000000000000000000e+00 -1.000000000000000000e+00 -1.000000000000000000e+00 1.582403000000000020e+03 1.311563000000000102e+03 7.279999999999999805e-01 1.749999999999999889e-01 8.339999999999999636e-01 5.514999999999999902e-01
2.800000000000000000e+01 2.859000000000000000e+03 -1.000000000000000000e+00 -1.000000000000000000e+00 -1.000000000000000000e+00 -1.000000000000000000e+00 -1.000000000000000000e+00 1.571084846364909254e+03 1.317370723456836686e+03 3.629999999999999893e-01 7.495000000000000551e-01 7.145000000000000240e-01 1.744999999999999885e-01
2.900000000000000000e+01 2.859000000000000000e+03 -1.000000000000000000e+00 -1.000000000000000000e+00 -1.000000000000000000e+00 -1.000000000000000000e+00 -1.000000000000000000e+00 1.571125000000000000e+03 1.317442999999999984e+03 3.629999999999999893e-01 7.495000000000000551e-01 7.145000000000000240e-01 1.744999999999999885e-01
2.900000000000000000e+01 2.864000000000000000e+03 -1.000000000000000000e+00 -1.000000000000000000e+00 -1.000000000000000000e+00 -1.000000000000000000e+00 -1.000000000000000000e+00 1.582403000000000020e+03 1.311563000000000102e+03 7.279999999999999805e-01 1.749999999999999889e-01 8.339999999999999636e-01 5.514999999999999902e-01
3.000000000000000000e+01 2.869000000000000000e+03 -1.000000000000000000e+00 -1.000000000000000000e+00 -1.000000000000000000e+00 -1.000000000000000000e+00 -1.000000000000000000e+00 1.597832000000000107e+03 1.302972999999999956e+03 6.330000000000000071e-01 1.464999999999999913e-01 8.369999999999999662e-01 4.445000000000000062e-01
3.000000000000000000e+01 2.864000000000000000e+03 -1.000000000000000000e+00 -1.000000000000000000e+00 -1.000000000000000000e+00 -1.000000000000000000e+00 -1.000000000000000000e+00 1.582403000000000020e+03 1.311563000000000102e+03 7.279999999999999805e-01 1.749999999999999889e-01 8.339999999999999636e-01 5.514999999999999902e-01
3.100000000000000000e+01 2.869000000000000000e+03 -1.000000000000000000e+00 -1.000000000000000000e+00 -1.000000000000000000e+00 -1.000000000000000000e+00 -1.000000000000000000e+00 1.597832000000000107e+03 1.302972999999999956e+03 6.330000000000000071e-01 1.464999999999999913e-01 8.369999999999999662e-01 4.445000000000000062e-01
3.100000000000000000e+01 2.864000000000000000e+03 -1.000000000000000000e+00 -1.000000000000000000e+00 -1.000000000000000000e+00 -1.000000000000000000e+00 -1.000000000000000000e+00 1.582403000000000020e+03 1.311563000000000102e+03 7.279999999999999805e-01 1.749999999999999889e-01 8.339999999999999636e-01 5.514999999999999902e-01
3.200000000000000000e+01 2.869000000000000000e+03 -1.000000000000000000e+00 -1.000000000000000000e+00 -1.000000000000000000e+00 -1.000000000000000000e+00 -1.000000000000000000e+00 1.597832000000000107e+03 1.302972999999999956e+03 6.330000000000000071e-01 1.464999999999999913e-01 8.369999999999999662e-01 4.445000000000000062e-01
3.300000000000000000e+01 2.869000000000000000e+03 -1.000000000000000000e+00 -1.000000000000000000e+00 -1.000000000000000000e+00 -1.000000000000000000e+00 -1.000000000000000000e+00 1.597832000000000107e+03 1.302972999999999956e+03 5.829999999999999627e-01 1.464999999999999913e-01 8.369999999999999662e-01 4.445000000000000062e-01
3.300000000000000000e+01 2.873000000000000000e+03 -1.000000000000000000e+00 -1.000000000000000000e+00 -1.000000000000000000e+00 -1.000000000000000000e+00 -1.000000000000000000e+00 1.597131000000000085e+03 1.302338999999999942e+03 5.330000000000000293e-01 1.534999999999999976e-01 7.884999999999999787e-01 5.140000000000000124e-01
3.400000000000000000e+01 2.869000000000000000e+03 -1.000000000000000000e+00 -1.000000000000000000e+00 -1.000000000000000000e+00 -1.000000000000000000e+00 -1.000000000000000000e+00 1.597832000000000107e+03 1.302972999999999956e+03 5.829999999999999627e-01 1.464999999999999913e-01 8.369999999999999662e-01 4.445000000000000062e-01
3.400000000000000000e+01 2.873000000000000000e+03 -1.000000000000000000e+00 -1.000000000000000000e+00 -1.000000000000000000e+00 -1.000000000000000000e+00 -1.000000000000000000e+00 1.597347999999999956e+03 1.302055000000000064e+03 5.330000000000000293e-01 1.534999999999999976e-01 7.884999999999999787e-01 5.140000000000000124e-01
3.500000000000000000e+01 2.869000000000000000e+03 -1.000000000000000000e+00 -1.000000000000000000e+00 -1.000000000000000000e+00 -1.000000000000000000e+00 -1.000000000000000000e+00 1.597832000000000107e+03 1.302972999999999956e+03 5.829999999999999627e-01 1.464999999999999913e-01 8.369999999999999662e-01 4.445000000000000062e-01
3.500000000000000000e+01 2.873000000000000000e+03 -1.000000000000000000e+00 -1.000000000000000000e+00 -1.000000000000000000e+00 -1.000000000000000000e+00 -1.000000000000000000e+00 1.597335000000000036e+03 1.302071999999999889e+03 5.330000000000000293e-01 1.534999999999999976e-01 7.884999999999999787e-01 5.140000000000000124e-01
3.600000000000000000e+01 2.869000000000000000e+03 -1.000000000000000000e+00 -1.000000000000000000e+00 -1.000000000000000000e+00 -1.000000000000000000e+00 -1.000000000000000000e+00 1.597832000000000107e+03 1.302972999999999956e+03 5.829999999999999627e-01 1.464999999999999913e-01 8.369999999999999662e-01 4.445000000000000062e-01
3.600000000000000000e+01 2.873000000000000000e+03 -1.000000000000000000e+00 -1.000000000000000000e+00 -1.000000000000000000e+00 -1.000000000000000000e+00 -1.000000000000000000e+00 1.597269000000000005e+03 1.302157999999999902e+03 6.330000000000000071e-01 1.534999999999999976e-01 7.884999999999999787e-01 5.140000000000000124e-01
3.700000000000000000e+01 2.869000000000000000e+03 -1.000000000000000000e+00 -1.000000000000000000e+00 -1.000000000000000000e+00 -1.000000000000000000e+00 -1.000000000000000000e+00 1.597832000000000107e+03 1.302972999999999956e+03 7.329999999999999849e-01 1.464999999999999913e-01 8.369999999999999662e-01 4.445000000000000062e-01
3.700000000000000000e+01 2.873000000000000000e+03 -1.000000000000000000e+00 -1.000000000000000000e+00 -1.000000000000000000e+00 -1.000000000000000000e+00 -1.000000000000000000e+00 1.597242999999999938e+03 1.302192999999999984e+03 6.330000000000000071e-01 1.534999999999999976e-01 7.884999999999999787e-01 5.140000000000000124e-01
3.800000000000000000e+01 2.869000000000000000e+03 -1.000000000000000000e+00 -1.000000000000000000e+00 -1.000000000000000000e+00 -1.000000000000000000e+00 -1.000000000000000000e+00 1.597832000000000107e+03 1.302972999999999956e+03 7.329999999999999849e-01 1.464999999999999913e-01 8.369999999999999662e-01 4.445000000000000062e-01
3.800000000000000000e+01 2.873000000000000000e+03 -1.000000000000000000e+00 -1.000000000000000000e+00 -1.000000000000000000e+00 -1.000000000000000000e+00 -1.000000000000000000e+00 1.597202999999999975e+03 1.302244999999999891e+03 6.330000000000000071e-01 1.534999999999999976e-01 7.884999999999999787e-01 5.140000000000000124e-01
3.900000000000000000e+01 2.869000000000000000e+03 -1.000000000000000000e+00 -1.000000000000000000e+00 -1.000000000000000000e+00 -1.000000000000000000e+00 -1.000000000000000000e+00 1.597832000000000107e+03 1.302972999999999956e+03 7.329999999999999849e-01 1.464999999999999913e-01 8.369999999999999662e-01 4.445000000000000062e-01
3.900000000000000000e+01 2.873000000000000000e+03 -1.000000000000000000e+00 -1.000000000000000000e+00 -1.000000000000000000e+00 -1.000000000000000000e+00 -1.000000000000000000e+00 1.597131000000000085e+03 1.302338999999999942e+03 6.330000000000000071e-01 1.534999999999999976e-01 7.884999999999999787e-01 5.140000000000000124e-01
4.000000000000000000e+01 2.869000000000000000e+03 -1.000000000000000000e+00 -1.000000000000000000e+00 -1.000000000000000000e+00 -1.000000000000000000e+00 -1.000000000000000000e+00 1.597832000000000107e+03 1.302972999999999956e+03 6.830000000000000515e-01 1.464999999999999913e-01 8.369999999999999662e-01 4.445000000000000062e-01
4.000000000000000000e+01 2.873000000000000000e+03 -1.000000000000000000e+00 -1.000000000000000000e+00 -1.000000000000000000e+00 -1.000000000000000000e+00 -1.000000000000000000e+00 1.597131000000000085e+03 1.302338999999999942e+03 6.330000000000000071e-01 1.534999999999999976e-01 7.884999999999999787e-01 5.140000000000000124e-01
