1.000000000000000000e+00 3.960000000000000000e+02 -1.000000000000000000e+00 -1.000000000000000000e+00 -1.000000000000000000e+00 -1.000000000000000000e+00 -1.000000000000000000e+00 3.865690000000000168e+02 1.134473999999999933e+03 2.564999999999999947e+00 1.044999999999999929e+00 2.568000000000000060e+00 1.370999999999999996e+00
2.000000000000000000e+00 3.960000000000000000e+02 -1.000000000000000000e+00 -1.000000000000000000e+00 -1.000000000000000000e+00 -1.000000000000000000e+00 -1.000000000000000000e+00 3.865819999999999936e+02 1.134460000000000036e+03 2.714999999999999858e+00 1.044999999999999929e+00 2.568000000000000060e+00 1.370999999999999996e+00
3.000000000000000000e+00 3.960000000000000000e+02 -1.000000000000000000e+00 -1.000000000000000000e+00 -1.000000000000000000e+00 -1.000000000000000000e+00 -1.000000000000000000e+00 3.865819999999999936e+02 1.134460000000000036e+03 2.665000000000000036e+00 1.044999999999999929e+00 2.568000000000000060e+00 1.370999999999999996e+00
1.100000000000000000e+01 4.290000000000000000e+02 -1.000000000000000000e+00 -1.000000000000000000e+00 -1.000000000000000000e+00 -1.000000000000000000e+00 -1.000000000000000000e+00 4.995439999999999827e+02 1.066970000000000027e+03 8.870000000000000107e-01 1.465999999999999970e+00 3.916500000000000092e+00 1.814500000000000002e+00
1.200000000000000000e+01 4.290000000000000000e+02 -1.000000000000000000e+00 -1.000000000000000000e+00 -1.000000000000000000e+00 -1.000000000000000000e+00 -1.000000000000000000e+00 4.995439999999999827e+02 1.066970000000000027e+03 9.919999999999999929e-01 1.465999999999999970e+00 3.916500000000000092e+00 1.814500000000000002e+00
1.300000000000000000e+01 4.290000000000000000e+02 -1.000000000000000000e+00 -1.000000000000000000e+00 -1.000000000000000000e+00 -1.000000000000000000e+00 -1.000000000000000000e+00 4.995439999999999827e+02 1.066970000000000027e+03 1.096999999999999975e+00 1.465999999999999970e+00 3.916500000000000092e+00 1.814500000000000002e+00
1.400000000000000000e+01 4.290000000000000000e+02 -1.000000000000000000e+00 -1.000000000000000000e+00 -1.000000000000000000e+00 -1.000000000000000000e+00 -1.000000000000000000e+00 4.995439999999999827e+02 1.066970000000000027e+03 1.201999999999999957e+00 1.465999999999999970e+00 3.916500000000000092e+00 1.814500000000000002e+00
1.500000000000000000e+01 4.290000000000000000e+02 -1.000000000000000000e+00 -1.000000000000000000e+00 -1.000000000000000000e+00 -1.000000000000000000e+00 -1.000000000000000000e+00 4.995439999999999827e+02 1.066970000000000027e+03 1.306999999999999940e+00 1.465999999999999970e+00 3.916500000000000092e+00 1.814500000000000002e+00
1.600000000000000000e+01 4.290000000000000000e+02 -1.000000000000000000e+00 -1.000000000000000000e+00 -1.000000000000000000e+00 -1.000000000000000000e+00 -1.000000000000000000e+00 4.995439999999999827e+02 1.066970000000000027e+03 1.411999999999999922e+00 1.465999999999999970e+00 3.916500000000000092e+00 1.814500000000000002e+00
1.700000000000000000e+01 4.290000000000000000e+02 -1.000000000000000000e+00 -1.000000000000000000e+00 -1.000000000000000000e+00 -1.000000000000000000e+00 -1.000000000000000000e+00 4.995439999999999827e+02 1.066970000000000027e+03 1.516999999999999904e+00 1.465999999999999970e+00 3.916500000000000092e+00 1.814500000000000002e+00
1.800000000000000000e+01 4.290000000000000000e+02 -1.000000000000000000e+00 -1.000000000000000000e+00 -1.000000000000000000e+00 -1.000000000000000000e+00 -1.000000000000000000e+00 4.995439999999999827e+02 1.066970000000000027e+03 1.622000000000000108e+00 1.465999999999999970e+00 3.916500000000000092e+00 1.814500000000000002e+00
1.900000000000000000e+01 4.290000000000000000e+02 -1.000000000000000000e+00 -1.000000000000000000e+00 -1.000000000000000000e+00 -1.000000000000000000e+00 -1.000000000000000000e+00 4.995439999999999827e+02 1.066970000000000027e+03 1.727000000000000091e+00 1.465999999999999970e+00 3.916500000000000092e+00 1.814500000000000002e+00
2.000000000000000000e+01 4.290000000000000000e+02 -1.000000000000000000e+00 -1.000000000000000000e+00 -1.000000000000000000e+00 -1.000000000000000000e+00 -1.000000000000000000e+00 4.995439999999999827e+02 1.066970000000000027e+03 1.832000000000000073e+00 1.465999999999999970e+00 3.916500000000000092e+00 1.814500000000000002e+00
2.100000000000000000e+01 4.290000000000000000e+02 -1.000000000000000000e+00 -1.000000000000000000e+00 -1.000000000000000000e+00 -1.000000000000000000e+00 -1.000000000000000000e+00 4.995439999999999827e+02 1.066970000000000027e+03 1.937000000000000055e+00 1.465999999999999970e+00 3.916500000000000092e+00 1.814500000000000002e+00
2.200000000000000000e+01 4.290000000000000000e+02 -1.000000000000000000e+00 -1.000000000000000000e+00 -1.000000000000000000e+00 -1.000000000000000000e+00 -1.000000000000000000e+00 4.995439999999999827e+02 1.066970000000000027e+03 2.041999999999999815e+00 1.465999999999999970e+00 3.916500000000000092e+00 1.814500000000000002e+00
2.300000000000000000e+01 4.290000000000000000e+02 -1.000000000000000000e+00 -1.000000000000000000e+00 -1.000000000000000000e+00 -1.000000000000000000e+00 -1.000000000000000000e+00 4.995439999999999827e+02 1.066970000000000027e+03 2.043000000000000149e+00 1.465999999999999970e+00 3.916500000000000092e+00 1.814500000000000002e+00
2.400000000000000000e+01 4.290000000000000000e+02 -1.000000000000000000e+00 -1.000000000000000000e+00 -1.000000000000000000e+00 -1.000000000000000000e+00 -1.000000000000000000e+00 4.995439999999999827e+02 1.066970000000000027e+03 2.044000000000000039e+00 1.465999999999999970e+00 3.916500000000000092e+00 1.814500000000000002e+00
2.500000000000000000e+01 4.290000000000000000e+02 -1.000000000000000000e+00 -1.000000000000000000e+00 -1.000000000000000000e+00 -1.000000000000000000e+00 -1.000000000000000000e+00 4.995439999999999827e+02 1.066970000000000027e+03 2.266999999999999904e+00 1.465999999999999970e+00 3.916500000000000092e+00 1.814500000000000002e+00
2.600000000000000000e+01 4.290000000000000000e+02 -1.000000000000000000e+00 -1.000000000000000000e+00 -1.000000000000000000e+00 -1.000000000000000000e+00 -1.000000000000000000e+00 4.995509999999999877e+02 1.066986000000000104e+03 2.358999999999999986e+00 1.465999999999999970e+00 3.916500000000000092e+00 1.814500000000000002e+00
2.700000000000000000e+01 4.290000000000000000e+02 -1.000000000000000000e+00 -1.000000000000000000e+00 -1.000000000000000000e+00 -1.000000000000000000e+00 -1.000000000000000000e+00 4.995590000000000259e+02 1.067002999999999929e+03 2.451999999999999957e+00 1.465999999999999970e+00 3.916500000000000092e+00 1.814500000000000002e+00
2.800000000000000000e+01 4.290000000000000000e+02 -1.000000000000000000e+00 -1.000000000000000000e+00 -1.000000000000000000e+00 -1.000000000000000000e+00 -1.000000000000000000e+00 4.995659999999999741e+02 1.067019000000000005e+03 2.544999999999999929e+00 1.465999999999999970e+00 3.916500000000000092e+00 1.814500000000000002e+00
2.900000000000000000e+01 4.290000000000000000e+02 -1.000000000000000000e+00 -1.000000000000000000e+00 -1.000000000000000000e+00 -1.000000000000000000e+00 -1.000000000000000000e+00 4.995729999999999791e+02 1.067035000000000082e+03 2.637999999999999901e+00 1.465999999999999970e+00 3.916500000000000092e+00 1.814500000000000002e+00
3.800000000000000000e+01 4.470000000000000000e+02 -1.000000000000000000e+00 -1.000000000000000000e+00 -1.000000000000000000e+00 -1.000000000000000000e+00 -1.000000000000000000e+00 6.190180000000000291e+02 1.006355000000000018e+03 1.010999999999999899e+00 1.219999999999999973e+00 2.762999999999999901e+00 1.353499999999999925e+00
3.900000000000000000e+01 4.470000000000000000e+02 -1.000000000000000000e+00 -1.000000000000000000e+00 -1.000000000000000000e+00 -1.000000000000000000e+00 -1.000000000000000000e+00 6.150860000000000127e+02 1.008195000000000050e+03 1.068000000000000060e+00 1.219999999999999973e+00 2.762999999999999901e+00 1.353499999999999925e+00
4.000000000000000000e+01 4.470000000000000000e+02 -1.000000000000000000e+00 -1.000000000000000000e+00 -1.000000000000000000e+00 -1.000000000000000000e+00 -1.000000000000000000e+00 6.111549999999999727e+02 1.010034999999999968e+03 1.125999999999999890e+00 1.219999999999999973e+00 2.762999999999999901e+00 1.353499999999999925e+00
