2.500000000000000000e+01 4.987000000000000000e+03 -1.000000000000000000e+00 -1.000000000000000000e+00 -1.000000000000000000e+00 -1.000000000000000000e+00 -1.000000000000000000e+00 1.423339999999999918e+03 1.269750000000000000e+03 6.730000000000000426e-01 3.900000000000000133e-01 9.985000000000000542e-01 6.250000000000000000e-01
2.600000000000000000e+01 4.987000000000000000e+03 -1.000000000000000000e+00 -1.000000000000000000e+00 -1.000000000000000000e+00 -1.000000000000000000e+00 -1.000000000000000000e+00 1.423339999999999918e+03 1.269750000000000000e+03 6.049999999999999822e-01 3.900000000000000133e-01 9.985000000000000542e-01 6.250000000000000000e-01
2.700000000000000000e+01 4.987000000000000000e+03 -1.000000000000000000e+00 -1.000000000000000000e+00 -1.000000000000000000e+00 -1.000000000000000000e+00 -1.000000000000000000e+00 1.423339999999999918e+03 1.269750000000000000e+03 6.330000000000000071e-01 3.900000000000000133e-01 9.985000000000000542e-01 6.250000000000000000e-01
2.800000000000000000e+01 4.987000000000000000e+03 -1.000000000000000000e+00 -1.000000000000000000e+00 -1.000000000000000000e+00 -1.000000000000000000e+00 -1.000000000000000000e+00 1.423339999999999918e+03 1.269750000000000000e+03 6.159999999999999920e-01 3.900000000000000133e-01 9.985000000000000542e-01 6.250000000000000000e-01
2.900000000000000000e+01 4.987000000000000000e+03 -1.000000000000000000e+00 -1.000000000000000000e+00 -1.000000000000000000e+00 -1.000000000000000000e+00 -1.000000000000000000e+00 1.423339999999999918e+03 1.269750000000000000e+03 6.129999999999999893e-01 3.900000000000000133e-01 9.985000000000000542e-01 6.250000000000000000e-01
3.000000000000000000e+01 4.987000000000000000e+03 -1.000000000000000000e+00 -1.000000000000000000e+00 -1.000000000000000000e+00 -1.000000000000000000e+00 -1.000000000000000000e+00 1.423376999999999953e+03 1.269790999999999940e+03 5.300000000000000266e-01 3.900000000000000133e-01 9.985000000000000542e-01 6.250000000000000000e-01
3.100000000000000000e+01 4.987000000000000000e+03 -1.000000000000000000e+00 -1.000000000000000000e+00 -1.000000000000000000e+00 -1.000000000000000000e+00 -1.000000000000000000e+00 1.423311999999999898e+03 1.269720000000000027e+03 7.710000000000000187e-01 3.900000000000000133e-01 9.985000000000000542e-01 6.250000000000000000e-01
3.200000000000000000e+01 4.987000000000000000e+03 -1.000000000000000000e+00 -1.000000000000000000e+00 -1.000000000000000000e+00 -1.000000000000000000e+00 -1.000000000000000000e+00 1.423339999999999918e+03 1.269750000000000000e+03 8.129999999999999449e-01 3.900000000000000133e-01 9.985000000000000542e-01 6.250000000000000000e-01
3.300000000000000000e+01 4.987000000000000000e+03 -1.000000000000000000e+00 -1.000000000000000000e+00 -1.000000000000000000e+00 -1.000000000000000000e+00 -1.000000000000000000e+00 1.423317000000000007e+03 1.269715999999999894e+03 7.459999999999999964e-01 3.900000000000000133e-01 9.985000000000000542e-01 6.250000000000000000e-01
3.400000000000000000e+01 4.987000000000000000e+03 -1.000000000000000000e+00 -1.000000000000000000e+00 -1.000000000000000000e+00 -1.000000000000000000e+00 -1.000000000000000000e+00 1.423349999999999909e+03 1.269740999999999985e+03 7.800000000000000266e-01 3.900000000000000133e-01 9.985000000000000542e-01 6.250000000000000000e-01
3.500000000000000000e+01 4.987000000000000000e+03 -1.000000000000000000e+00 -1.000000000000000000e+00 -1.000000000000000000e+00 -1.000000000000000000e+00 -1.000000000000000000e+00 1.423339999999999918e+03 1.269750000000000000e+03 7.630000000000000115e-01 3.900000000000000133e-01 9.985000000000000542e-01 6.250000000000000000e-01
3.600000000000000000e+01 4.987000000000000000e+03 -1.000000000000000000e+00 -1.000000000000000000e+00 -1.000000000000000000e+00 -1.000000000000000000e+00 -1.000000000000000000e+00 1.423186999999999898e+03 1.269666999999999916e+03 7.630000000000000115e-01 3.900000000000000133e-01 9.985000000000000542e-01 6.250000000000000000e-01
3.700000000000000000e+01 4.987000000000000000e+03 -1.000000000000000000e+00 -1.000000000000000000e+00 -1.000000000000000000e+00 -1.000000000000000000e+00 -1.000000000000000000e+00 1.423115999999999985e+03 1.269509000000000015e+03 7.630000000000000115e-01 3.900000000000000133e-01 9.985000000000000542e-01 6.250000000000000000e-01
