1.300000000000000000e+01 2.597000000000000000e+03 -1.000000000000000000e+00 -1.000000000000000000e+00 -1.000000000000000000e+00 -1.000000000000000000e+00 -1.000000000000000000e+00 4.183559999999999945e+02 1.105589999999999918e+03 1.139999999999999902e+00 1.575499999999999901e+00 5.764999999999999680e+00 1.841499999999999915e+00
1.400000000000000000e+01 2.597000000000000000e+03 -1.000000000000000000e+00 -1.000000000000000000e+00 -1.000000000000000000e+00 -1.000000000000000000e+00 -1.000000000000000000e+00 4.183589999999999804e+02 1.105553000000000111e+03 1.127000000000000002e+00 1.575499999999999901e+00 5.764999999999999680e+00 1.841499999999999915e+00
1.500000000000000000e+01 2.597000000000000000e+03 -1.000000000000000000e+00 -1.000000000000000000e+00 -1.000000000000000000e+00 -1.000000000000000000e+00 -1.000000000000000000e+00 4.183620000000000232e+02 1.105516000000000076e+03 1.114999999999999991e+00 1.575499999999999901e+00 5.764999999999999680e+00 1.841499999999999915e+00
1.600000000000000000e+01 2.597000000000000000e+03 -1.000000000000000000e+00 -1.000000000000000000e+00 -1.000000000000000000e+00 -1.000000000000000000e+00 -1.000000000000000000e+00 4.183650000000000091e+02 1.105479000000000042e+03 1.102999999999999980e+00 1.575499999999999901e+00 5.764999999999999680e+00 1.841499999999999915e+00
1.700000000000000000e+01 2.597000000000000000e+03 -1.000000000000000000e+00 -1.000000000000000000e+00 -1.000000000000000000e+00 -1.000000000000000000e+00 -1.000000000000000000e+00 4.183670000000000186e+02 1.105442000000000007e+03 1.090000000000000080e+00 1.575499999999999901e+00 5.764999999999999680e+00 1.841499999999999915e+00
1.800000000000000000e+01 2.597000000000000000e+03 -1.000000000000000000e+00 -1.000000000000000000e+00 -1.000000000000000000e+00 -1.000000000000000000e+00 -1.000000000000000000e+00 4.183700000000000045e+02 1.105404999999999973e+03 1.078000000000000069e+00 1.575499999999999901e+00 5.764999999999999680e+00 1.841499999999999915e+00
1.900000000000000000e+01 2.597000000000000000e+03 -1.000000000000000000e+00 -1.000000000000000000e+00 -1.000000000000000000e+00 -1.000000000000000000e+00 -1.000000000000000000e+00 4.183729999999999905e+02 1.105367999999999938e+03 1.066000000000000059e+00 1.575499999999999901e+00 5.764999999999999680e+00 1.841499999999999915e+00
2.000000000000000000e+01 2.597000000000000000e+03 -1.000000000000000000e+00 -1.000000000000000000e+00 -1.000000000000000000e+00 -1.000000000000000000e+00 -1.000000000000000000e+00 4.183759999999999764e+02 1.105332000000000107e+03 1.052999999999999936e+00 1.575499999999999901e+00 5.764999999999999680e+00 1.841499999999999915e+00
2.100000000000000000e+01 2.597000000000000000e+03 -1.000000000000000000e+00 -1.000000000000000000e+00 -1.000000000000000000e+00 -1.000000000000000000e+00 -1.000000000000000000e+00 4.183910000000000196e+02 1.105326000000000022e+03 1.088000000000000078e+00 1.575499999999999901e+00 5.764999999999999680e+00 1.841499999999999915e+00
2.200000000000000000e+01 2.597000000000000000e+03 -1.000000000000000000e+00 -1.000000000000000000e+00 -1.000000000000000000e+00 -1.000000000000000000e+00 -1.000000000000000000e+00 4.184060000000000059e+02 1.105319999999999936e+03 1.122999999999999998e+00 1.575499999999999901e+00 5.764999999999999680e+00 1.841499999999999915e+00
2.300000000000000000e+01 2.597000000000000000e+03 -1.000000000000000000e+00 -1.000000000000000000e+00 -1.000000000000000000e+00 -1.000000000000000000e+00 -1.000000000000000000e+00 4.184209999999999923e+02 1.105315000000000055e+03 1.157999999999999918e+00 1.575499999999999901e+00 5.764999999999999680e+00 1.841499999999999915e+00
2.400000000000000000e+01 2.597000000000000000e+03 -1.000000000000000000e+00 -1.000000000000000000e+00 -1.000000000000000000e+00 -1.000000000000000000e+00 -1.000000000000000000e+00 4.184359999999999786e+02 1.105308999999999969e+03 1.193000000000000060e+00 1.575499999999999901e+00 5.764999999999999680e+00 1.841499999999999915e+00
2.500000000000000000e+01 2.597000000000000000e+03 -1.000000000000000000e+00 -1.000000000000000000e+00 -1.000000000000000000e+00 -1.000000000000000000e+00 -1.000000000000000000e+00 4.184499999999999886e+02 1.105303000000000111e+03 1.227999999999999980e+00 1.575499999999999901e+00 5.764999999999999680e+00 1.841499999999999915e+00
2.600000000000000000e+01 2.597000000000000000e+03 -1.000000000000000000e+00 -1.000000000000000000e+00 -1.000000000000000000e+00 -1.000000000000000000e+00 -1.000000000000000000e+00 4.184580000000000268e+02 1.105367999999999938e+03 1.302999999999999936e+00 1.575499999999999901e+00 5.764999999999999680e+00 1.841499999999999915e+00
2.700000000000000000e+01 2.597000000000000000e+03 -1.000000000000000000e+00 -1.000000000000000000e+00 -1.000000000000000000e+00 -1.000000000000000000e+00 -1.000000000000000000e+00 4.184660000000000082e+02 1.105432999999999993e+03 1.377999999999999892e+00 1.575499999999999901e+00 5.764999999999999680e+00 1.841499999999999915e+00
2.800000000000000000e+01 2.597000000000000000e+03 -1.000000000000000000e+00 -1.000000000000000000e+00 -1.000000000000000000e+00 -1.000000000000000000e+00 -1.000000000000000000e+00 4.184739999999999895e+02 1.105498000000000047e+03 1.453000000000000069e+00 1.575499999999999901e+00 5.764999999999999680e+00 1.841499999999999915e+00
2.900000000000000000e+01 2.597000000000000000e+03 -1.000000000000000000e+00 -1.000000000000000000e+00 -1.000000000000000000e+00 -1.000000000000000000e+00 -1.000000000000000000e+00 4.184820000000000277e+02 1.105563000000000102e+03 1.528000000000000025e+00 1.575499999999999901e+00 5.764999999999999680e+00 1.841499999999999915e+00
3.000000000000000000e+01 2.597000000000000000e+03 -1.000000000000000000e+00 -1.000000000000000000e+00 -1.000000000000000000e+00 -1.000000000000000000e+00 -1.000000000000000000e+00 4.184889999999999759e+02 1.105627999999999929e+03 1.602999999999999980e+00 1.575499999999999901e+00 5.764999999999999680e+00 1.841499999999999915e+00
3.000000000000000000e+01 2.612000000000000000e+03 -1.000000000000000000e+00 -1.000000000000000000e+00 -1.000000000000000000e+00 -1.000000000000000000e+00 -1.000000000000000000e+00 4.582180000000000177e+02 1.089189000000000078e+03 1.342000000000000082e+00 1.633000000000000007e+00 6.283999999999999808e+00 2.010499999999999954e+00
3.100000000000000000e+01 2.597000000000000000e+03 -1.000000000000000000e+00 -1.000000000000000000e+00 -1.000000000000000000e+00 -1.000000000000000000e+00 -1.000000000000000000e+00 4.185980000000000132e+02 1.105615000000000009e+03 1.677000000000000046e+00 1.575499999999999901e+00 5.764999999999999680e+00 1.841499999999999915e+00
3.100000000000000000e+01 2.612000000000000000e+03 -1.000000000000000000e+00 -1.000000000000000000e+00 -1.000000000000000000e+00 -1.000000000000000000e+00 -1.000000000000000000e+00 4.582490000000000236e+02 1.089166999999999916e+03 1.377999999999999892e+00 1.633000000000000007e+00 6.283999999999999808e+00 2.010499999999999954e+00
3.200000000000000000e+01 2.597000000000000000e+03 -1.000000000000000000e+00 -1.000000000000000000e+00 -1.000000000000000000e+00 -1.000000000000000000e+00 -1.000000000000000000e+00 4.187060000000000173e+02 1.105602000000000089e+03 1.750000000000000000e+00 1.575499999999999901e+00 5.764999999999999680e+00 1.841499999999999915e+00
3.200000000000000000e+01 2.612000000000000000e+03 -1.000000000000000000e+00 -1.000000000000000000e+00 -1.000000000000000000e+00 -1.000000000000000000e+00 -1.000000000000000000e+00 4.582810000000000059e+02 1.089145999999999958e+03 1.415000000000000036e+00 1.633000000000000007e+00 6.283999999999999808e+00 2.010499999999999954e+00
3.300000000000000000e+01 2.597000000000000000e+03 -1.000000000000000000e+00 -1.000000000000000000e+00 -1.000000000000000000e+00 -1.000000000000000000e+00 -1.000000000000000000e+00 4.188140000000000214e+02 1.105588999999999942e+03 1.822999999999999954e+00 1.575499999999999901e+00 5.764999999999999680e+00 1.841499999999999915e+00
3.300000000000000000e+01 2.612000000000000000e+03 -1.000000000000000000e+00 -1.000000000000000000e+00 -1.000000000000000000e+00 -1.000000000000000000e+00 -1.000000000000000000e+00 4.583120000000000118e+02 1.089125000000000000e+03 1.451000000000000068e+00 1.633000000000000007e+00 6.283999999999999808e+00 2.010499999999999954e+00
3.400000000000000000e+01 2.597000000000000000e+03 -1.000000000000000000e+00 -1.000000000000000000e+00 -1.000000000000000000e+00 -1.000000000000000000e+00 -1.000000000000000000e+00 4.188369999999999891e+02 1.105538000000000011e+03 1.812999999999999945e+00 1.575499999999999901e+00 5.764999999999999680e+00 1.841499999999999915e+00
3.400000000000000000e+01 2.612000000000000000e+03 -1.000000000000000000e+00 -1.000000000000000000e+00 -1.000000000000000000e+00 -1.000000000000000000e+00 -1.000000000000000000e+00 4.583360000000000127e+02 1.089106999999999971e+03 1.487000000000000099e+00 1.633000000000000007e+00 6.283999999999999808e+00 2.010499999999999954e+00
3.500000000000000000e+01 2.597000000000000000e+03 -1.000000000000000000e+00 -1.000000000000000000e+00 -1.000000000000000000e+00 -1.000000000000000000e+00 -1.000000000000000000e+00 4.188600000000000136e+02 1.105487000000000080e+03 1.802999999999999936e+00 1.575499999999999901e+00 5.764999999999999680e+00 1.841499999999999915e+00
3.500000000000000000e+01 2.612000000000000000e+03 -1.000000000000000000e+00 -1.000000000000000000e+00 -1.000000000000000000e+00 -1.000000000000000000e+00 -1.000000000000000000e+00 4.583600000000000136e+02 1.089088999999999942e+03 1.522999999999999909e+00 1.633000000000000007e+00 6.283999999999999808e+00 2.010499999999999954e+00
3.600000000000000000e+01 2.597000000000000000e+03 -1.000000000000000000e+00 -1.000000000000000000e+00 -1.000000000000000000e+00 -1.000000000000000000e+00 -1.000000000000000000e+00 4.188969999999999914e+02 1.105472999999999956e+03 1.931000000000000050e+00 1.575499999999999901e+00 5.764999999999999680e+00 1.841499999999999915e+00
3.600000000000000000e+01 2.612000000000000000e+03 -1.000000000000000000e+00 -1.000000000000000000e+00 -1.000000000000000000e+00 -1.000000000000000000e+00 -1.000000000000000000e+00 4.583840000000000146e+02 1.089070999999999913e+03 1.560000000000000053e+00 1.633000000000000007e+00 6.283999999999999808e+00 2.010499999999999954e+00
3.700000000000000000e+01 2.597000000000000000e+03 -1.000000000000000000e+00 -1.000000000000000000e+00 -1.000000000000000000e+00 -1.000000000000000000e+00 -1.000000000000000000e+00 4.189340000000000259e+02 1.105458000000000084e+03 2.057999999999999829e+00 1.575499999999999901e+00 5.764999999999999680e+00 1.841499999999999915e+00
3.700000000000000000e+01 2.612000000000000000e+03 -1.000000000000000000e+00 -1.000000000000000000e+00 -1.000000000000000000e+00 -1.000000000000000000e+00 -1.000000000000000000e+00 4.584080000000000155e+02 1.089053000000000111e+03 1.596000000000000085e+00 1.633000000000000007e+00 6.283999999999999808e+00 2.010499999999999954e+00
3.800000000000000000e+01 2.597000000000000000e+03 -1.000000000000000000e+00 -1.000000000000000000e+00 -1.000000000000000000e+00 -1.000000000000000000e+00 -1.000000000000000000e+00 4.189710000000000036e+02 1.105443999999999960e+03 2.185999999999999943e+00 1.575499999999999901e+00 5.764999999999999680e+00 1.841499999999999915e+00
3.800000000000000000e+01 2.612000000000000000e+03 -1.000000000000000000e+00 -1.000000000000000000e+00 -1.000000000000000000e+00 -1.000000000000000000e+00 -1.000000000000000000e+00 4.584309999999999832e+02 1.089035000000000082e+03 1.631999999999999895e+00 1.633000000000000007e+00 6.283999999999999808e+00 2.010499999999999954e+00
3.900000000000000000e+01 2.597000000000000000e+03 -1.000000000000000000e+00 -1.000000000000000000e+00 -1.000000000000000000e+00 -1.000000000000000000e+00 -1.000000000000000000e+00 4.190079999999999814e+02 1.105430000000000064e+03 2.313000000000000167e+00 1.575499999999999901e+00 5.764999999999999680e+00 1.841499999999999915e+00
3.900000000000000000e+01 2.612000000000000000e+03 -1.000000000000000000e+00 -1.000000000000000000e+00 -1.000000000000000000e+00 -1.000000000000000000e+00 -1.000000000000000000e+00 4.584549999999999841e+02 1.089017000000000053e+03 1.667999999999999927e+00 1.633000000000000007e+00 6.283999999999999808e+00 2.010499999999999954e+00
