1.000000000000000000e+00 9.680000000000000000e+02 -1.000000000000000000e+00 -1.000000000000000000e+00 -1.000000000000000000e+00 -1.000000000000000000e+00 -1.000000000000000000e+00 4.429780000000000086e+02 1.746538000000000011e+03 1.534999999999999920e+00 1.389999999999999902e+00 5.142500000000000071e+00 1.531500000000000083e+00
1.000000000000000000e+00 9.910000000000000000e+02 -1.000000000000000000e+00 -1.000000000000000000e+00 -1.000000000000000000e+00 -1.000000000000000000e+00 -1.000000000000000000e+00 4.390950000000000273e+02 1.695996000000000095e+03 1.897999999999999909e+00 1.332500000000000018e+00 4.392500000000000071e+00 1.599499999999999922e+00
2.000000000000000000e+00 9.680000000000000000e+02 -1.000000000000000000e+00 -1.000000000000000000e+00 -1.000000000000000000e+00 -1.000000000000000000e+00 -1.000000000000000000e+00 4.432819999999999823e+02 1.745767000000000053e+03 1.584999999999999964e+00 1.389999999999999902e+00 5.142500000000000071e+00 1.531500000000000083e+00
2.000000000000000000e+00 9.910000000000000000e+02 -1.000000000000000000e+00 -1.000000000000000000e+00 -1.000000000000000000e+00 -1.000000000000000000e+00 -1.000000000000000000e+00 4.390910000000000082e+02 1.696013999999999896e+03 1.953999999999999959e+00 1.332500000000000018e+00 4.392500000000000071e+00 1.599499999999999922e+00
3.000000000000000000e+00 9.680000000000000000e+02 -1.000000000000000000e+00 -1.000000000000000000e+00 -1.000000000000000000e+00 -1.000000000000000000e+00 -1.000000000000000000e+00 4.428940000000000055e+02 1.745990999999999985e+03 1.584999999999999964e+00 1.389999999999999902e+00 5.142500000000000071e+00 1.531500000000000083e+00
3.000000000000000000e+00 9.910000000000000000e+02 -1.000000000000000000e+00 -1.000000000000000000e+00 -1.000000000000000000e+00 -1.000000000000000000e+00 -1.000000000000000000e+00 4.390869999999999891e+02 1.696030999999999949e+03 2.008999999999999897e+00 1.332500000000000018e+00 4.392500000000000071e+00 1.599499999999999922e+00
4.000000000000000000e+00 9.680000000000000000e+02 -1.000000000000000000e+00 -1.000000000000000000e+00 -1.000000000000000000e+00 -1.000000000000000000e+00 -1.000000000000000000e+00 4.431179999999999950e+02 1.745634000000000015e+03 1.584999999999999964e+00 1.389999999999999902e+00 5.142500000000000071e+00 1.531500000000000083e+00
4.000000000000000000e+00 9.910000000000000000e+02 -1.000000000000000000e+00 -1.000000000000000000e+00 -1.000000000000000000e+00 -1.000000000000000000e+00 -1.000000000000000000e+00 4.390830000000000268e+02 1.696048999999999978e+03 2.064000000000000057e+00 1.332500000000000018e+00 4.392500000000000071e+00 1.599499999999999922e+00
5.000000000000000000e+00 9.680000000000000000e+02 -1.000000000000000000e+00 -1.000000000000000000e+00 -1.000000000000000000e+00 -1.000000000000000000e+00 -1.000000000000000000e+00 4.430400000000000205e+02 1.746676999999999907e+03 1.635000000000000009e+00 1.389999999999999902e+00 5.142500000000000071e+00 1.531500000000000083e+00
5.000000000000000000e+00 9.910000000000000000e+02 -1.000000000000000000e+00 -1.000000000000000000e+00 -1.000000000000000000e+00 -1.000000000000000000e+00 -1.000000000000000000e+00 4.390790000000000077e+02 1.696066000000000031e+03 2.119000000000000217e+00 1.332500000000000018e+00 4.392500000000000071e+00 1.599499999999999922e+00
6.000000000000000000e+00 9.680000000000000000e+02 -1.000000000000000000e+00 -1.000000000000000000e+00 -1.000000000000000000e+00 -1.000000000000000000e+00 -1.000000000000000000e+00 4.437080000000000268e+02 1.746031999999999925e+03 1.685000000000000053e+00 1.389999999999999902e+00 5.142500000000000071e+00 1.531500000000000083e+00
6.000000000000000000e+00 9.910000000000000000e+02 -1.000000000000000000e+00 -1.000000000000000000e+00 -1.000000000000000000e+00 -1.000000000000000000e+00 -1.000000000000000000e+00 4.390740000000000123e+02 1.696083000000000084e+03 2.174999999999999822e+00 1.332500000000000018e+00 4.392500000000000071e+00 1.599499999999999922e+00
7.000000000000000000e+00 9.680000000000000000e+02 -1.000000000000000000e+00 -1.000000000000000000e+00 -1.000000000000000000e+00 -1.000000000000000000e+00 -1.000000000000000000e+00 4.437540000000000191e+02 1.745978000000000065e+03 1.584999999999999964e+00 1.389999999999999902e+00 5.142500000000000071e+00 1.531500000000000083e+00
7.000000000000000000e+00 9.910000000000000000e+02 -1.000000000000000000e+00 -1.000000000000000000e+00 -1.000000000000000000e+00 -1.000000000000000000e+00 -1.000000000000000000e+00 4.390699999999999932e+02 1.696101000000000113e+03 2.229999999999999982e+00 1.332500000000000018e+00 4.392500000000000071e+00 1.599499999999999922e+00
8.000000000000000000e+00 9.680000000000000000e+02 -1.000000000000000000e+00 -1.000000000000000000e+00 -1.000000000000000000e+00 -1.000000000000000000e+00 -1.000000000000000000e+00 4.437540000000000191e+02 1.745978000000000065e+03 1.735000000000000098e+00 1.389999999999999902e+00 5.142500000000000071e+00 1.531500000000000083e+00
8.000000000000000000e+00 9.910000000000000000e+02 -1.000000000000000000e+00 -1.000000000000000000e+00 -1.000000000000000000e+00 -1.000000000000000000e+00 -1.000000000000000000e+00 4.390659999999999741e+02 1.696117999999999938e+03 2.285000000000000142e+00 1.332500000000000018e+00 4.392500000000000071e+00 1.599499999999999922e+00
9.000000000000000000e+00 9.680000000000000000e+02 -1.000000000000000000e+00 -1.000000000000000000e+00 -1.000000000000000000e+00 -1.000000000000000000e+00 -1.000000000000000000e+00 4.436929999999999836e+02 1.745832000000000107e+03 1.735000000000000098e+00 1.389999999999999902e+00 5.142500000000000071e+00 1.531500000000000083e+00
9.000000000000000000e+00 9.910000000000000000e+02 -1.000000000000000000e+00 -1.000000000000000000e+00 -1.000000000000000000e+00 -1.000000000000000000e+00 -1.000000000000000000e+00 4.390620000000000118e+02 1.696135999999999967e+03 2.339999999999999858e+00 1.332500000000000018e+00 4.392500000000000071e+00 1.599499999999999922e+00
1.000000000000000000e+01 9.680000000000000000e+02 -1.000000000000000000e+00 -1.000000000000000000e+00 -1.000000000000000000e+00 -1.000000000000000000e+00 -1.000000000000000000e+00 4.437389999999999759e+02 1.745778000000000020e+03 1.784999999999999920e+00 1.389999999999999902e+00 5.142500000000000071e+00 1.531500000000000083e+00
1.000000000000000000e+01 9.910000000000000000e+02 -1.000000000000000000e+00 -1.000000000000000000e+00 -1.000000000000000000e+00 -1.000000000000000000e+00 -1.000000000000000000e+00 4.390570000000000164e+02 1.696153000000000020e+03 2.395000000000000018e+00 1.332500000000000018e+00 4.392500000000000071e+00 1.599499999999999922e+00
1.100000000000000000e+01 9.680000000000000000e+02 -1.000000000000000000e+00 -1.000000000000000000e+00 -1.000000000000000000e+00 -1.000000000000000000e+00 -1.000000000000000000e+00 4.437850000000000250e+02 1.745724999999999909e+03 1.685000000000000053e+00 1.389999999999999902e+00 5.142500000000000071e+00 1.531500000000000083e+00
1.100000000000000000e+01 9.910000000000000000e+02 -1.000000000000000000e+00 -1.000000000000000000e+00 -1.000000000000000000e+00 -1.000000000000000000e+00 -1.000000000000000000e+00 4.390529999999999973e+02 1.696170000000000073e+03 2.451000000000000068e+00 1.332500000000000018e+00 4.392500000000000071e+00 1.599499999999999922e+00
1.200000000000000000e+01 9.680000000000000000e+02 -1.000000000000000000e+00 -1.000000000000000000e+00 -1.000000000000000000e+00 -1.000000000000000000e+00 -1.000000000000000000e+00 4.437579999999999814e+02 1.745701999999999998e+03 1.467000000000000082e+00 1.389999999999999902e+00 5.142500000000000071e+00 1.531500000000000083e+00
1.200000000000000000e+01 9.910000000000000000e+02 -1.000000000000000000e+00 -1.000000000000000000e+00 -1.000000000000000000e+00 -1.000000000000000000e+00 -1.000000000000000000e+00 4.390760000000000218e+02 1.696173999999999978e+03 2.474000000000000199e+00 1.332500000000000018e+00 4.392500000000000071e+00 1.599499999999999922e+00
1.300000000000000000e+01 9.680000000000000000e+02 -1.000000000000000000e+00 -1.000000000000000000e+00 -1.000000000000000000e+00 -1.000000000000000000e+00 -1.000000000000000000e+00 4.438380000000000223e+02 1.745769999999999982e+03 1.485000000000000098e+00 1.389999999999999902e+00 5.142500000000000071e+00 1.531500000000000083e+00
1.300000000000000000e+01 9.910000000000000000e+02 -1.000000000000000000e+00 -1.000000000000000000e+00 -1.000000000000000000e+00 -1.000000000000000000e+00 -1.000000000000000000e+00 4.390989999999999895e+02 1.696178000000000111e+03 2.498000000000000220e+00 1.332500000000000018e+00 4.392500000000000071e+00 1.599499999999999922e+00
1.400000000000000000e+01 9.680000000000000000e+02 -1.000000000000000000e+00 -1.000000000000000000e+00 -1.000000000000000000e+00 -1.000000000000000000e+00 -1.000000000000000000e+00 4.440020000000000095e+02 1.745905999999999949e+03 1.435000000000000053e+00 1.389999999999999902e+00 5.142500000000000071e+00 1.531500000000000083e+00
1.400000000000000000e+01 9.910000000000000000e+02 -1.000000000000000000e+00 -1.000000000000000000e+00 -1.000000000000000000e+00 -1.000000000000000000e+00 -1.000000000000000000e+00 4.391209999999999809e+02 1.696181000000000040e+03 2.520999999999999908e+00 1.332500000000000018e+00 4.392500000000000071e+00 1.599499999999999922e+00
1.500000000000000000e+01 9.680000000000000000e+02 -1.000000000000000000e+00 -1.000000000000000000e+00 -1.000000000000000000e+00 -1.000000000000000000e+00 -1.000000000000000000e+00 4.438919999999999959e+02 1.745816000000000031e+03 1.385000000000000009e+00 1.389999999999999902e+00 5.142500000000000071e+00 1.531500000000000083e+00
1.500000000000000000e+01 9.910000000000000000e+02 -1.000000000000000000e+00 -1.000000000000000000e+00 -1.000000000000000000e+00 -1.000000000000000000e+00 -1.000000000000000000e+00 4.391440000000000055e+02 1.696184999999999945e+03 2.544999999999999929e+00 1.332500000000000018e+00 4.392500000000000071e+00 1.599499999999999922e+00
1.600000000000000000e+01 9.680000000000000000e+02 -1.000000000000000000e+00 -1.000000000000000000e+00 -1.000000000000000000e+00 -1.000000000000000000e+00 -1.000000000000000000e+00 4.439350000000000023e+02 1.745759999999999991e+03 1.485000000000000098e+00 1.389999999999999902e+00 5.142500000000000071e+00 1.531500000000000083e+00
1.600000000000000000e+01 9.910000000000000000e+02 -1.000000000000000000e+00 -1.000000000000000000e+00 -1.000000000000000000e+00 -1.000000000000000000e+00 -1.000000000000000000e+00 4.391669999999999732e+02 1.696189000000000078e+03 2.568999999999999950e+00 1.332500000000000018e+00 4.392500000000000071e+00 1.599499999999999922e+00
1.700000000000000000e+01 9.680000000000000000e+02 -1.000000000000000000e+00 -1.000000000000000000e+00 -1.000000000000000000e+00 -1.000000000000000000e+00 -1.000000000000000000e+00 4.439350000000000023e+02 1.745759999999999991e+03 1.485000000000000098e+00 1.389999999999999902e+00 5.142500000000000071e+00 1.531500000000000083e+00
1.700000000000000000e+01 9.910000000000000000e+02 -1.000000000000000000e+00 -1.000000000000000000e+00 -1.000000000000000000e+00 -1.000000000000000000e+00 -1.000000000000000000e+00 4.391890000000000214e+02 1.696192999999999984e+03 2.592000000000000082e+00 1.332500000000000018e+00 4.392500000000000071e+00 1.599499999999999922e+00
1.800000000000000000e+01 9.910000000000000000e+02 -1.000000000000000000e+00 -1.000000000000000000e+00 -1.000000000000000000e+00 -1.000000000000000000e+00 -1.000000000000000000e+00 4.390830000000000268e+02 1.696084000000000060e+03 2.430000000000000160e+00 1.332500000000000018e+00 4.392500000000000071e+00 1.599499999999999922e+00
1.900000000000000000e+01 9.910000000000000000e+02 -1.000000000000000000e+00 -1.000000000000000000e+00 -1.000000000000000000e+00 -1.000000000000000000e+00 -1.000000000000000000e+00 4.389824552154798880e+02 1.695980609608370742e+03 2.275862948259291141e+00 1.332500000000000018e+00 4.392500000000000071e+00 1.599499999999999922e+00
2.000000000000000000e+01 9.910000000000000000e+02 -1.000000000000000000e+00 -1.000000000000000000e+00 -1.000000000000000000e+00 -1.000000000000000000e+00 -1.000000000000000000e+00 4.388709999999999809e+02 1.695865999999999985e+03 2.104999999999999982e+00 1.332500000000000018e+00 4.392500000000000071e+00 1.599499999999999922e+00
