1.000000000000000000e+00 6.243000000000000000e+03 -1.000000000000000000e+00 -1.000000000000000000e+00 -1.000000000000000000e+00 -1.000000000000000000e+00 -1.000000000000000000e+00 2.457072999999999865e+03 2.031335000000000036e+03 7.289999999999999813e-01 9.054999999999999716e-01 2.233499999999999819e+00 7.830000000000000293e-01
1.000000000000000000e+00 6.244000000000000000e+03 -1.000000000000000000e+00 -1.000000000000000000e+00 -1.000000000000000000e+00 -1.000000000000000000e+00 -1.000000000000000000e+00 2.445106000000000222e+03 2.054251000000000204e+03 1.520999999999999908e+00 9.459999999999999520e-01 2.516000000000000014e+00 9.569999999999999618e-01
1.000000000000000000e+00 6.245000000000000000e+03 -1.000000000000000000e+00 -1.000000000000000000e+00 -1.000000000000000000e+00 -1.000000000000000000e+00 -1.000000000000000000e+00 2.461416000000000167e+03 2.015738000000000056e+03 6.290000000000000036e-01 9.054999999999999716e-01 2.233499999999999819e+00 7.830000000000000293e-01
2.000000000000000000e+00 6.243000000000000000e+03 -1.000000000000000000e+00 -1.000000000000000000e+00 -1.000000000000000000e+00 -1.000000000000000000e+00 -1.000000000000000000e+00 2.458751999999999953e+03 2.028086000000000013e+03 7.289999999999999813e-01 9.054999999999999716e-01 2.233499999999999819e+00 7.830000000000000293e-01
2.000000000000000000e+00 6.244000000000000000e+03 -1.000000000000000000e+00 -1.000000000000000000e+00 -1.000000000000000000e+00 -1.000000000000000000e+00 -1.000000000000000000e+00 2.445188000000000102e+03 2.055045999999999822e+03 1.540000000000000036e+00 9.459999999999999520e-01 2.516000000000000014e+00 9.569999999999999618e-01
2.000000000000000000e+00 6.245000000000000000e+03 -1.000000000000000000e+00 -1.000000000000000000e+00 -1.000000000000000000e+00 -1.000000000000000000e+00 -1.000000000000000000e+00 2.460284999999999854e+03 2.018066000000000031e+03 6.390000000000000124e-01 9.054999999999999716e-01 2.233499999999999819e+00 7.830000000000000293e-01
3.000000000000000000e+00 6.243000000000000000e+03 -1.000000000000000000e+00 -1.000000000000000000e+00 -1.000000000000000000e+00 -1.000000000000000000e+00 -1.000000000000000000e+00 2.460461999999999989e+03 2.024576000000000022e+03 6.290000000000000036e-01 9.054999999999999716e-01 2.233499999999999819e+00 7.830000000000000293e-01
3.000000000000000000e+00 6.244000000000000000e+03 -1.000000000000000000e+00 -1.000000000000000000e+00 -1.000000000000000000e+00 -1.000000000000000000e+00 -1.000000000000000000e+00 2.445297000000000025e+03 2.055838000000000193e+03 1.560000000000000053e+00 9.459999999999999520e-01 2.516000000000000014e+00 9.569999999999999618e-01
3.000000000000000000e+00 6.245000000000000000e+03 -1.000000000000000000e+00 -1.000000000000000000e+00 -1.000000000000000000e+00 -1.000000000000000000e+00 -1.000000000000000000e+00 2.459152999999999793e+03 2.020393000000000029e+03 6.490000000000000213e-01 9.054999999999999716e-01 2.233499999999999819e+00 7.830000000000000293e-01
4.000000000000000000e+00 6.243000000000000000e+03 -1.000000000000000000e+00 -1.000000000000000000e+00 -1.000000000000000000e+00 -1.000000000000000000e+00 -1.000000000000000000e+00 2.462264999999999873e+03 2.020871000000000095e+03 4.289999999999999925e-01 9.054999999999999716e-01 2.233499999999999819e+00 7.830000000000000293e-01
4.000000000000000000e+00 6.244000000000000000e+03 -1.000000000000000000e+00 -1.000000000000000000e+00 -1.000000000000000000e+00 -1.000000000000000000e+00 -1.000000000000000000e+00 2.445434000000000196e+03 2.056626000000000204e+03 1.578999999999999959e+00 9.459999999999999520e-01 2.516000000000000014e+00 9.569999999999999618e-01
4.000000000000000000e+00 6.245000000000000000e+03 -1.000000000000000000e+00 -1.000000000000000000e+00 -1.000000000000000000e+00 -1.000000000000000000e+00 -1.000000000000000000e+00 2.458021999999999935e+03 2.022721000000000004e+03 6.590000000000000302e-01 9.054999999999999716e-01 2.233499999999999819e+00 7.830000000000000293e-01
5.000000000000000000e+00 6.243000000000000000e+03 -1.000000000000000000e+00 -1.000000000000000000e+00 -1.000000000000000000e+00 -1.000000000000000000e+00 -1.000000000000000000e+00 2.464023999999999887e+03 2.017112000000000080e+03 2.790000000000000258e-01 9.054999999999999716e-01 2.233499999999999819e+00 7.830000000000000293e-01
5.000000000000000000e+00 6.244000000000000000e+03 -1.000000000000000000e+00 -1.000000000000000000e+00 -1.000000000000000000e+00 -1.000000000000000000e+00 -1.000000000000000000e+00 2.445690000000000055e+03 2.057393000000000029e+03 1.598999999999999977e+00 9.459999999999999520e-01 2.516000000000000014e+00 9.569999999999999618e-01
5.000000000000000000e+00 6.245000000000000000e+03 -1.000000000000000000e+00 -1.000000000000000000e+00 -1.000000000000000000e+00 -1.000000000000000000e+00 -1.000000000000000000e+00 2.456891000000000076e+03 2.025048999999999978e+03 6.690000000000000391e-01 9.054999999999999716e-01 2.233499999999999819e+00 7.830000000000000293e-01
6.000000000000000000e+00 6.243000000000000000e+03 -1.000000000000000000e+00 -1.000000000000000000e+00 -1.000000000000000000e+00 -1.000000000000000000e+00 -1.000000000000000000e+00 2.466025000000000091e+03 2.013060999999999922e+03 2.290000000000000091e-01 9.054999999999999716e-01 2.233499999999999819e+00 7.830000000000000293e-01
6.000000000000000000e+00 6.244000000000000000e+03 -1.000000000000000000e+00 -1.000000000000000000e+00 -1.000000000000000000e+00 -1.000000000000000000e+00 -1.000000000000000000e+00 2.446016000000000076e+03 2.058132000000000062e+03 1.618000000000000105e+00 9.459999999999999520e-01 2.516000000000000014e+00 9.569999999999999618e-01
6.000000000000000000e+00 6.245000000000000000e+03 -1.000000000000000000e+00 -1.000000000000000000e+00 -1.000000000000000000e+00 -1.000000000000000000e+00 -1.000000000000000000e+00 2.455760000000000218e+03 2.027375999999999976e+03 6.790000000000000480e-01 9.054999999999999716e-01 2.233499999999999819e+00 7.830000000000000293e-01
7.000000000000000000e+00 6.246000000000000000e+03 -1.000000000000000000e+00 -1.000000000000000000e+00 -1.000000000000000000e+00 -1.000000000000000000e+00 -1.000000000000000000e+00 2.468588999999999942e+03 2.001491999999999962e+03 3.860000000000000098e-01 9.595000000000000195e-01 2.043499999999999872e+00 8.379999999999999671e-01
7.000000000000000000e+00 6.243000000000000000e+03 -1.000000000000000000e+00 -1.000000000000000000e+00 -1.000000000000000000e+00 -1.000000000000000000e+00 -1.000000000000000000e+00 2.467947999999999865e+03 2.009136999999999944e+03 1.300000000000000044e-01 9.054999999999999716e-01 2.233499999999999819e+00 7.830000000000000293e-01
7.000000000000000000e+00 6.244000000000000000e+03 -1.000000000000000000e+00 -1.000000000000000000e+00 -1.000000000000000000e+00 -1.000000000000000000e+00 -1.000000000000000000e+00 2.446409000000000106e+03 2.058838000000000193e+03 1.637999999999999901e+00 9.459999999999999520e-01 2.516000000000000014e+00 9.569999999999999618e-01
7.000000000000000000e+00 6.245000000000000000e+03 -1.000000000000000000e+00 -1.000000000000000000e+00 -1.000000000000000000e+00 -1.000000000000000000e+00 -1.000000000000000000e+00 2.455054999999999836e+03 2.028843000000000075e+03 7.039999999999999591e-01 9.054999999999999716e-01 2.233499999999999819e+00 7.830000000000000293e-01
8.000000000000000000e+00 6.243000000000000000e+03 -1.000000000000000000e+00 -1.000000000000000000e+00 -1.000000000000000000e+00 -1.000000000000000000e+00 -1.000000000000000000e+00 2.469981999999999971e+03 2.004888999999999896e+03 9.299999999999999933e-02 9.054999999999999716e-01 2.233499999999999819e+00 7.830000000000000293e-01
8.000000000000000000e+00 6.244000000000000000e+03 -1.000000000000000000e+00 -1.000000000000000000e+00 -1.000000000000000000e+00 -1.000000000000000000e+00 -1.000000000000000000e+00 2.447117000000000189e+03 2.060034000000000106e+03 1.677999999999999936e+00 9.459999999999999520e-01 2.516000000000000014e+00 9.569999999999999618e-01
8.000000000000000000e+00 6.245000000000000000e+03 -1.000000000000000000e+00 -1.000000000000000000e+00 -1.000000000000000000e+00 -1.000000000000000000e+00 -1.000000000000000000e+00 2.454405999999999949e+03 2.030334000000000060e+03 7.289999999999999813e-01 9.054999999999999716e-01 2.233499999999999819e+00 7.830000000000000293e-01
8.000000000000000000e+00 6.246000000000000000e+03 -1.000000000000000000e+00 -1.000000000000000000e+00 -1.000000000000000000e+00 -1.000000000000000000e+00 -1.000000000000000000e+00 2.467128376545839274e+03 2.004378682136728457e+03 3.807629133949048672e-01 9.595000000000000195e-01 2.043499999999999872e+00 8.379999999999999671e-01
9.000000000000000000e+00 6.246000000000000000e+03 -1.000000000000000000e+00 -1.000000000000000000e+00 -1.000000000000000000e+00 -1.000000000000000000e+00 -1.000000000000000000e+00 2.465800000000000182e+03 2.007003999999999905e+03 3.760000000000000009e-01 9.595000000000000195e-01 2.043499999999999872e+00 8.379999999999999671e-01
9.000000000000000000e+00 6.243000000000000000e+03 -1.000000000000000000e+00 -1.000000000000000000e+00 -1.000000000000000000e+00 -1.000000000000000000e+00 -1.000000000000000000e+00 2.472001999999999953e+03 2.000508000000000038e+03 5.299999999999999850e-02 9.054999999999999716e-01 2.233499999999999819e+00 7.830000000000000293e-01
9.000000000000000000e+00 6.244000000000000000e+03 -1.000000000000000000e+00 -1.000000000000000000e+00 -1.000000000000000000e+00 -1.000000000000000000e+00 -1.000000000000000000e+00 2.447981000000000222e+03 2.061293999999999869e+03 1.723000000000000087e+00 9.459999999999999520e-01 2.516000000000000014e+00 9.569999999999999618e-01
9.000000000000000000e+00 6.245000000000000000e+03 -1.000000000000000000e+00 -1.000000000000000000e+00 -1.000000000000000000e+00 -1.000000000000000000e+00 -1.000000000000000000e+00 2.454014999999999873e+03 2.031523999999999887e+03 7.109999999999999654e-01 9.054999999999999716e-01 2.233499999999999819e+00 7.830000000000000293e-01
1.000000000000000000e+01 6.246000000000000000e+03 -1.000000000000000000e+00 -1.000000000000000000e+00 -1.000000000000000000e+00 -1.000000000000000000e+00 -1.000000000000000000e+00 2.464471000000000004e+03 2.009630000000000109e+03 3.719999999999999973e-01 9.595000000000000195e-01 2.043499999999999872e+00 8.379999999999999671e-01
1.000000000000000000e+01 6.243000000000000000e+03 -1.000000000000000000e+00 -1.000000000000000000e+00 -1.000000000000000000e+00 -1.000000000000000000e+00 -1.000000000000000000e+00 2.473840000000000146e+03 1.996522999999999911e+03 1.600000000000000033e-02 9.054999999999999716e-01 2.233499999999999819e+00 7.830000000000000293e-01
1.000000000000000000e+01 6.244000000000000000e+03 -1.000000000000000000e+00 -1.000000000000000000e+00 -1.000000000000000000e+00 -1.000000000000000000e+00 -1.000000000000000000e+00 2.448599000000000160e+03 2.062307999999999993e+03 1.768999999999999906e+00 9.459999999999999520e-01 2.516000000000000014e+00 9.569999999999999618e-01
1.000000000000000000e+01 6.245000000000000000e+03 -1.000000000000000000e+00 -1.000000000000000000e+00 -1.000000000000000000e+00 -1.000000000000000000e+00 -1.000000000000000000e+00 2.453690000000000055e+03 2.032615000000000009e+03 6.949999999999999512e-01 9.054999999999999716e-01 2.233499999999999819e+00 7.830000000000000293e-01
1.100000000000000000e+01 6.246000000000000000e+03 -1.000000000000000000e+00 -1.000000000000000000e+00 -1.000000000000000000e+00 -1.000000000000000000e+00 -1.000000000000000000e+00 2.463141000000000076e+03 2.012258000000000038e+03 3.679999999999999938e-01 9.595000000000000195e-01 2.043499999999999872e+00 8.379999999999999671e-01
1.100000000000000000e+01 6.244000000000000000e+03 -1.000000000000000000e+00 -1.000000000000000000e+00 -1.000000000000000000e+00 -1.000000000000000000e+00 -1.000000000000000000e+00 2.449175999999999931e+03 2.063347999999999956e+03 1.814999999999999947e+00 9.459999999999999520e-01 2.516000000000000014e+00 9.569999999999999618e-01
1.100000000000000000e+01 6.245000000000000000e+03 -1.000000000000000000e+00 -1.000000000000000000e+00 -1.000000000000000000e+00 -1.000000000000000000e+00 -1.000000000000000000e+00 2.453393000000000029e+03 2.033715999999999894e+03 6.790000000000000480e-01 9.054999999999999716e-01 2.233499999999999819e+00 7.830000000000000293e-01
1.200000000000000000e+01 6.246000000000000000e+03 -1.000000000000000000e+00 -1.000000000000000000e+00 -1.000000000000000000e+00 -1.000000000000000000e+00 -1.000000000000000000e+00 2.462289999999999964e+03 2.013977000000000089e+03 3.589999999999999858e-01 9.595000000000000195e-01 2.043499999999999872e+00 8.379999999999999671e-01
1.200000000000000000e+01 6.244000000000000000e+03 -1.000000000000000000e+00 -1.000000000000000000e+00 -1.000000000000000000e+00 -1.000000000000000000e+00 -1.000000000000000000e+00 2.449570999999999913e+03 2.064454000000000178e+03 1.858999999999999986e+00 9.459999999999999520e-01 2.516000000000000014e+00 9.569999999999999618e-01
1.200000000000000000e+01 6.245000000000000000e+03 -1.000000000000000000e+00 -1.000000000000000000e+00 -1.000000000000000000e+00 -1.000000000000000000e+00 -1.000000000000000000e+00 2.453074999999999818e+03 2.034531999999999925e+03 6.540000000000000258e-01 9.054999999999999716e-01 2.233499999999999819e+00 7.830000000000000293e-01
1.300000000000000000e+01 6.246000000000000000e+03 -1.000000000000000000e+00 -1.000000000000000000e+00 -1.000000000000000000e+00 -1.000000000000000000e+00 -1.000000000000000000e+00 2.461440000000000055e+03 2.015692999999999984e+03 3.509999999999999787e-01 9.595000000000000195e-01 2.043499999999999872e+00 8.379999999999999671e-01
1.300000000000000000e+01 6.244000000000000000e+03 -1.000000000000000000e+00 -1.000000000000000000e+00 -1.000000000000000000e+00 -1.000000000000000000e+00 -1.000000000000000000e+00 2.449806999999999789e+03 2.065603000000000065e+03 1.903999999999999915e+00 9.459999999999999520e-01 2.516000000000000014e+00 9.569999999999999618e-01
1.300000000000000000e+01 6.245000000000000000e+03 -1.000000000000000000e+00 -1.000000000000000000e+00 -1.000000000000000000e+00 -1.000000000000000000e+00 -1.000000000000000000e+00 2.452759000000000015e+03 2.035346999999999980e+03 6.290000000000000036e-01 9.054999999999999716e-01 2.233499999999999819e+00 7.830000000000000293e-01
1.400000000000000000e+01 6.246000000000000000e+03 -1.000000000000000000e+00 -1.000000000000000000e+00 -1.000000000000000000e+00 -1.000000000000000000e+00 -1.000000000000000000e+00 2.460588999999999942e+03 2.017412000000000035e+03 3.430000000000000271e-01 9.595000000000000195e-01 2.043499999999999872e+00 8.379999999999999671e-01
1.400000000000000000e+01 6.244000000000000000e+03 -1.000000000000000000e+00 -1.000000000000000000e+00 -1.000000000000000000e+00 -1.000000000000000000e+00 -1.000000000000000000e+00 2.449637000000000171e+03 2.066492999999999938e+03 1.947999999999999954e+00 9.459999999999999520e-01 2.516000000000000014e+00 9.569999999999999618e-01
1.400000000000000000e+01 6.245000000000000000e+03 -1.000000000000000000e+00 -1.000000000000000000e+00 -1.000000000000000000e+00 -1.000000000000000000e+00 -1.000000000000000000e+00 2.452362999999999829e+03 2.036344000000000051e+03 6.219999999999999973e-01 9.054999999999999716e-01 2.233499999999999819e+00 7.830000000000000293e-01
1.500000000000000000e+01 6.246000000000000000e+03 -1.000000000000000000e+00 -1.000000000000000000e+00 -1.000000000000000000e+00 -1.000000000000000000e+00 -1.000000000000000000e+00 2.459737000000000080e+03 2.019131000000000085e+03 3.340000000000000191e-01 9.595000000000000195e-01 2.043499999999999872e+00 8.379999999999999671e-01
1.500000000000000000e+01 6.244000000000000000e+03 -1.000000000000000000e+00 -1.000000000000000000e+00 -1.000000000000000000e+00 -1.000000000000000000e+00 -1.000000000000000000e+00 2.449344999999999800e+03 2.067351000000000113e+03 1.991999999999999993e+00 9.459999999999999520e-01 2.516000000000000014e+00 9.569999999999999618e-01
1.500000000000000000e+01 6.245000000000000000e+03 -1.000000000000000000e+00 -1.000000000000000000e+00 -1.000000000000000000e+00 -1.000000000000000000e+00 -1.000000000000000000e+00 2.451931000000000040e+03 2.037326000000000022e+03 6.149999999999999911e-01 9.054999999999999716e-01 2.233499999999999819e+00 7.830000000000000293e-01
1.600000000000000000e+01 6.246000000000000000e+03 -1.000000000000000000e+00 -1.000000000000000000e+00 -1.000000000000000000e+00 -1.000000000000000000e+00 -1.000000000000000000e+00 2.459119000000000142e+03 2.020386999999999944e+03 3.539999999999999813e-01 9.595000000000000195e-01 2.043499999999999872e+00 8.379999999999999671e-01
1.600000000000000000e+01 6.244000000000000000e+03 -1.000000000000000000e+00 -1.000000000000000000e+00 -1.000000000000000000e+00 -1.000000000000000000e+00 -1.000000000000000000e+00 2.449309000000000196e+03 2.067550999999999931e+03 1.937000000000000055e+00 9.459999999999999520e-01 2.516000000000000014e+00 9.569999999999999618e-01
1.600000000000000000e+01 6.245000000000000000e+03 -1.000000000000000000e+00 -1.000000000000000000e+00 -1.000000000000000000e+00 -1.000000000000000000e+00 -1.000000000000000000e+00 2.451461999999999989e+03 2.038290999999999940e+03 6.079999999999999849e-01 9.054999999999999716e-01 2.233499999999999819e+00 7.830000000000000293e-01
1.700000000000000000e+01 6.246000000000000000e+03 -1.000000000000000000e+00 -1.000000000000000000e+00 -1.000000000000000000e+00 -1.000000000000000000e+00 -1.000000000000000000e+00 2.458500000000000000e+03 2.021644999999999982e+03 3.729999999999999982e-01 9.595000000000000195e-01 2.043499999999999872e+00 8.379999999999999671e-01
1.700000000000000000e+01 6.244000000000000000e+03 -1.000000000000000000e+00 -1.000000000000000000e+00 -1.000000000000000000e+00 -1.000000000000000000e+00 -1.000000000000000000e+00 2.449273999999999887e+03 2.067751999999999953e+03 1.881000000000000005e+00 9.459999999999999520e-01 2.516000000000000014e+00 9.569999999999999618e-01
1.700000000000000000e+01 6.245000000000000000e+03 -1.000000000000000000e+00 -1.000000000000000000e+00 -1.000000000000000000e+00 -1.000000000000000000e+00 -1.000000000000000000e+00 2.450958000000000084e+03 2.039238000000000056e+03 6.009999999999999787e-01 9.054999999999999716e-01 2.233499999999999819e+00 7.830000000000000293e-01
1.800000000000000000e+01 6.246000000000000000e+03 -1.000000000000000000e+00 -1.000000000000000000e+00 -1.000000000000000000e+00 -1.000000000000000000e+00 -1.000000000000000000e+00 2.457882000000000062e+03 2.022901000000000067e+03 3.920000000000000151e-01 9.595000000000000195e-01 2.043499999999999872e+00 8.379999999999999671e-01
1.800000000000000000e+01 6.244000000000000000e+03 -1.000000000000000000e+00 -1.000000000000000000e+00 -1.000000000000000000e+00 -1.000000000000000000e+00 -1.000000000000000000e+00 2.449237999999999829e+03 2.067952000000000226e+03 1.826000000000000068e+00 9.459999999999999520e-01 2.516000000000000014e+00 9.569999999999999618e-01
1.800000000000000000e+01 6.245000000000000000e+03 -1.000000000000000000e+00 -1.000000000000000000e+00 -1.000000000000000000e+00 -1.000000000000000000e+00 -1.000000000000000000e+00 2.450416999999999916e+03 2.040286000000000058e+03 5.929999999999999716e-01 9.054999999999999716e-01 2.233499999999999819e+00 7.830000000000000293e-01
1.900000000000000000e+01 6.246000000000000000e+03 -1.000000000000000000e+00 -1.000000000000000000e+00 -1.000000000000000000e+00 -1.000000000000000000e+00 -1.000000000000000000e+00 2.457405999999999949e+03 2.024085000000000036e+03 4.119999999999999774e-01 9.595000000000000195e-01 2.043499999999999872e+00 8.379999999999999671e-01
1.900000000000000000e+01 6.244000000000000000e+03 -1.000000000000000000e+00 -1.000000000000000000e+00 -1.000000000000000000e+00 -1.000000000000000000e+00 -1.000000000000000000e+00 2.449202000000000226e+03 2.068152999999999793e+03 1.770000000000000018e+00 9.459999999999999520e-01 2.516000000000000014e+00 9.569999999999999618e-01
1.900000000000000000e+01 6.245000000000000000e+03 -1.000000000000000000e+00 -1.000000000000000000e+00 -1.000000000000000000e+00 -1.000000000000000000e+00 -1.000000000000000000e+00 2.449876000000000204e+03 2.041336000000000013e+03 5.859999999999999654e-01 9.054999999999999716e-01 2.233499999999999819e+00 7.830000000000000293e-01
2.000000000000000000e+01 6.246000000000000000e+03 -1.000000000000000000e+00 -1.000000000000000000e+00 -1.000000000000000000e+00 -1.000000000000000000e+00 -1.000000000000000000e+00 2.456931000000000040e+03 2.025269000000000005e+03 4.309999999999999942e-01 9.595000000000000195e-01 2.043499999999999872e+00 8.379999999999999671e-01
2.000000000000000000e+01 6.244000000000000000e+03 -1.000000000000000000e+00 -1.000000000000000000e+00 -1.000000000000000000e+00 -1.000000000000000000e+00 -1.000000000000000000e+00 2.449188000000000102e+03 2.067835999999999785e+03 1.701999999999999957e+00 9.459999999999999520e-01 2.516000000000000014e+00 9.569999999999999618e-01
2.000000000000000000e+01 6.245000000000000000e+03 -1.000000000000000000e+00 -1.000000000000000000e+00 -1.000000000000000000e+00 -1.000000000000000000e+00 -1.000000000000000000e+00 2.449335000000000036e+03 2.042384999999999991e+03 5.789999999999999591e-01 9.054999999999999716e-01 2.233499999999999819e+00 7.830000000000000293e-01
2.100000000000000000e+01 6.246000000000000000e+03 -1.000000000000000000e+00 -1.000000000000000000e+00 -1.000000000000000000e+00 -1.000000000000000000e+00 -1.000000000000000000e+00 2.456454999999999927e+03 2.026451000000000022e+03 4.500000000000000111e-01 9.595000000000000195e-01 2.043499999999999872e+00 8.379999999999999671e-01
2.100000000000000000e+01 6.247000000000000000e+03 -1.000000000000000000e+00 -1.000000000000000000e+00 -1.000000000000000000e+00 -1.000000000000000000e+00 -1.000000000000000000e+00 2.411512999999999920e+03 2.047672000000000025e+03 1.058000000000000052e+00 9.204999999999999849e-01 2.192499999999999893e+00 9.120000000000000329e-01
2.100000000000000000e+01 6.244000000000000000e+03 -1.000000000000000000e+00 -1.000000000000000000e+00 -1.000000000000000000e+00 -1.000000000000000000e+00 -1.000000000000000000e+00 2.449186000000000149e+03 2.067518000000000029e+03 1.633999999999999897e+00 9.459999999999999520e-01 2.516000000000000014e+00 9.569999999999999618e-01
2.100000000000000000e+01 6.245000000000000000e+03 -1.000000000000000000e+00 -1.000000000000000000e+00 -1.000000000000000000e+00 -1.000000000000000000e+00 -1.000000000000000000e+00 2.448675000000000182e+03 2.043680000000000064e+03 5.919999999999999707e-01 9.054999999999999716e-01 2.233499999999999819e+00 7.830000000000000293e-01
2.200000000000000000e+01 6.246000000000000000e+03 -1.000000000000000000e+00 -1.000000000000000000e+00 -1.000000000000000000e+00 -1.000000000000000000e+00 -1.000000000000000000e+00 2.455980000000000018e+03 2.027633000000000038e+03 4.699999999999999734e-01 9.595000000000000195e-01 2.043499999999999872e+00 8.379999999999999671e-01
2.200000000000000000e+01 6.247000000000000000e+03 -1.000000000000000000e+00 -1.000000000000000000e+00 -1.000000000000000000e+00 -1.000000000000000000e+00 -1.000000000000000000e+00 2.411630000000000109e+03 2.047730999999999995e+03 1.058000000000000052e+00 9.204999999999999849e-01 2.192499999999999893e+00 9.120000000000000329e-01
2.200000000000000000e+01 6.244000000000000000e+03 -1.000000000000000000e+00 -1.000000000000000000e+00 -1.000000000000000000e+00 -1.000000000000000000e+00 -1.000000000000000000e+00 2.449193999999999960e+03 2.067201000000000022e+03 1.566000000000000059e+00 9.459999999999999520e-01 2.516000000000000014e+00 9.569999999999999618e-01
2.200000000000000000e+01 6.245000000000000000e+03 -1.000000000000000000e+00 -1.000000000000000000e+00 -1.000000000000000000e+00 -1.000000000000000000e+00 -1.000000000000000000e+00 2.448014999999999873e+03 2.044973999999999933e+03 6.049999999999999822e-01 9.054999999999999716e-01 2.233499999999999819e+00 7.830000000000000293e-01
2.300000000000000000e+01 6.246000000000000000e+03 -1.000000000000000000e+00 -1.000000000000000000e+00 -1.000000000000000000e+00 -1.000000000000000000e+00 -1.000000000000000000e+00 2.455481000000000222e+03 2.028588999999999942e+03 4.879999999999999893e-01 9.595000000000000195e-01 2.043499999999999872e+00 8.379999999999999671e-01
2.300000000000000000e+01 6.247000000000000000e+03 -1.000000000000000000e+00 -1.000000000000000000e+00 -1.000000000000000000e+00 -1.000000000000000000e+00 -1.000000000000000000e+00 2.411610000000000127e+03 2.047747000000000071e+03 1.096000000000000085e+00 9.204999999999999849e-01 2.192499999999999893e+00 9.120000000000000329e-01
2.300000000000000000e+01 6.244000000000000000e+03 -1.000000000000000000e+00 -1.000000000000000000e+00 -1.000000000000000000e+00 -1.000000000000000000e+00 -1.000000000000000000e+00 2.449213999999999942e+03 2.066885000000000218e+03 1.497999999999999998e+00 9.459999999999999520e-01 2.516000000000000014e+00 9.569999999999999618e-01
2.300000000000000000e+01 6.245000000000000000e+03 -1.000000000000000000e+00 -1.000000000000000000e+00 -1.000000000000000000e+00 -1.000000000000000000e+00 -1.000000000000000000e+00 2.447576000000000022e+03 2.045834000000000060e+03 6.179999999999999938e-01 9.054999999999999716e-01 2.233499999999999819e+00 7.830000000000000293e-01
2.400000000000000000e+01 6.246000000000000000e+03 -1.000000000000000000e+00 -1.000000000000000000e+00 -1.000000000000000000e+00 -1.000000000000000000e+00 -1.000000000000000000e+00 2.454927999999999884e+03 2.029515000000000100e+03 5.060000000000000053e-01 9.595000000000000195e-01 2.043499999999999872e+00 8.379999999999999671e-01
2.400000000000000000e+01 6.247000000000000000e+03 -1.000000000000000000e+00 -1.000000000000000000e+00 -1.000000000000000000e+00 -1.000000000000000000e+00 -1.000000000000000000e+00 2.411588999999999942e+03 2.047763999999999896e+03 1.135000000000000009e+00 9.204999999999999849e-01 2.192499999999999893e+00 9.120000000000000329e-01
2.400000000000000000e+01 6.244000000000000000e+03 -1.000000000000000000e+00 -1.000000000000000000e+00 -1.000000000000000000e+00 -1.000000000000000000e+00 -1.000000000000000000e+00 2.449242000000000189e+03 2.066353999999999814e+03 1.467000000000000082e+00 9.459999999999999520e-01 2.516000000000000014e+00 9.569999999999999618e-01
2.400000000000000000e+01 6.245000000000000000e+03 -1.000000000000000000e+00 -1.000000000000000000e+00 -1.000000000000000000e+00 -1.000000000000000000e+00 -1.000000000000000000e+00 2.447135999999999967e+03 2.046693999999999960e+03 6.310000000000000053e-01 9.054999999999999716e-01 2.233499999999999819e+00 7.830000000000000293e-01
2.500000000000000000e+01 6.246000000000000000e+03 -1.000000000000000000e+00 -1.000000000000000000e+00 -1.000000000000000000e+00 -1.000000000000000000e+00 -1.000000000000000000e+00 2.454400000000000091e+03 2.030294000000000096e+03 5.240000000000000213e-01 9.595000000000000195e-01 2.043499999999999872e+00 8.379999999999999671e-01
2.500000000000000000e+01 6.247000000000000000e+03 -1.000000000000000000e+00 -1.000000000000000000e+00 -1.000000000000000000e+00 -1.000000000000000000e+00 -1.000000000000000000e+00 2.411568000000000211e+03 2.047779999999999973e+03 1.173000000000000043e+00 9.204999999999999849e-01 2.192499999999999893e+00 9.120000000000000329e-01
2.500000000000000000e+01 6.244000000000000000e+03 -1.000000000000000000e+00 -1.000000000000000000e+00 -1.000000000000000000e+00 -1.000000000000000000e+00 -1.000000000000000000e+00 2.449329000000000178e+03 2.065829000000000178e+03 1.437000000000000055e+00 9.459999999999999520e-01 2.516000000000000014e+00 9.569999999999999618e-01
2.500000000000000000e+01 6.245000000000000000e+03 -1.000000000000000000e+00 -1.000000000000000000e+00 -1.000000000000000000e+00 -1.000000000000000000e+00 -1.000000000000000000e+00 2.446695999999999913e+03 2.047554000000000087e+03 6.430000000000000160e-01 9.054999999999999716e-01 2.233499999999999819e+00 7.830000000000000293e-01
2.600000000000000000e+01 6.246000000000000000e+03 -1.000000000000000000e+00 -1.000000000000000000e+00 -1.000000000000000000e+00 -1.000000000000000000e+00 -1.000000000000000000e+00 2.453925000000000182e+03 2.030994999999999891e+03 5.400000000000000355e-01 9.595000000000000195e-01 2.043499999999999872e+00 8.379999999999999671e-01
2.600000000000000000e+01 6.247000000000000000e+03 -1.000000000000000000e+00 -1.000000000000000000e+00 -1.000000000000000000e+00 -1.000000000000000000e+00 -1.000000000000000000e+00 2.411545000000000073e+03 2.047811999999999898e+03 1.207999999999999963e+00 9.204999999999999849e-01 2.192499999999999893e+00 9.120000000000000329e-01
2.600000000000000000e+01 6.244000000000000000e+03 -1.000000000000000000e+00 -1.000000000000000000e+00 -1.000000000000000000e+00 -1.000000000000000000e+00 -1.000000000000000000e+00 2.449454999999999927e+03 2.065367999999999938e+03 1.409000000000000030e+00 9.459999999999999520e-01 2.516000000000000014e+00 9.569999999999999618e-01
2.600000000000000000e+01 6.245000000000000000e+03 -1.000000000000000000e+00 -1.000000000000000000e+00 -1.000000000000000000e+00 -1.000000000000000000e+00 -1.000000000000000000e+00 2.446534000000000106e+03 2.047970000000000027e+03 6.480000000000000204e-01 9.054999999999999716e-01 2.233499999999999819e+00 7.830000000000000293e-01
2.700000000000000000e+01 6.246000000000000000e+03 -1.000000000000000000e+00 -1.000000000000000000e+00 -1.000000000000000000e+00 -1.000000000000000000e+00 -1.000000000000000000e+00 2.453344000000000051e+03 2.031853000000000065e+03 5.600000000000000533e-01 9.595000000000000195e-01 2.043499999999999872e+00 8.379999999999999671e-01
2.700000000000000000e+01 6.247000000000000000e+03 -1.000000000000000000e+00 -1.000000000000000000e+00 -1.000000000000000000e+00 -1.000000000000000000e+00 -1.000000000000000000e+00 2.411545999999999822e+03 2.047833000000000084e+03 1.250000000000000000e+00 9.204999999999999849e-01 2.192499999999999893e+00 9.120000000000000329e-01
2.700000000000000000e+01 6.244000000000000000e+03 -1.000000000000000000e+00 -1.000000000000000000e+00 -1.000000000000000000e+00 -1.000000000000000000e+00 -1.000000000000000000e+00 2.449570999999999913e+03 2.064960999999999785e+03 1.375000000000000000e+00 9.459999999999999520e-01 2.516000000000000014e+00 9.569999999999999618e-01
2.700000000000000000e+01 6.245000000000000000e+03 -1.000000000000000000e+00 -1.000000000000000000e+00 -1.000000000000000000e+00 -1.000000000000000000e+00 -1.000000000000000000e+00 2.446335000000000036e+03 2.048478999999999814e+03 6.530000000000000249e-01 9.054999999999999716e-01 2.233499999999999819e+00 7.830000000000000293e-01
2.800000000000000000e+01 6.246000000000000000e+03 -1.000000000000000000e+00 -1.000000000000000000e+00 -1.000000000000000000e+00 -1.000000000000000000e+00 -1.000000000000000000e+00 2.452867000000000189e+03 2.032728000000000065e+03 5.809999999999999609e-01 9.595000000000000195e-01 2.043499999999999872e+00 8.379999999999999671e-01
2.800000000000000000e+01 6.247000000000000000e+03 -1.000000000000000000e+00 -1.000000000000000000e+00 -1.000000000000000000e+00 -1.000000000000000000e+00 -1.000000000000000000e+00 2.411545999999999822e+03 2.047852000000000089e+03 1.288999999999999924e+00 9.204999999999999849e-01 2.192499999999999893e+00 9.120000000000000329e-01
2.800000000000000000e+01 6.244000000000000000e+03 -1.000000000000000000e+00 -1.000000000000000000e+00 -1.000000000000000000e+00 -1.000000000000000000e+00 -1.000000000000000000e+00 2.449840999999999894e+03 2.064550999999999931e+03 1.356999999999999984e+00 9.459999999999999520e-01 2.516000000000000014e+00 9.569999999999999618e-01
2.800000000000000000e+01 6.245000000000000000e+03 -1.000000000000000000e+00 -1.000000000000000000e+00 -1.000000000000000000e+00 -1.000000000000000000e+00 -1.000000000000000000e+00 2.446155000000000200e+03 2.048940999999999804e+03 6.570000000000000284e-01 9.054999999999999716e-01 2.233499999999999819e+00 7.830000000000000293e-01
2.900000000000000000e+01 6.246000000000000000e+03 -1.000000000000000000e+00 -1.000000000000000000e+00 -1.000000000000000000e+00 -1.000000000000000000e+00 -1.000000000000000000e+00 2.452418000000000120e+03 2.033617999999999938e+03 6.019999999999999796e-01 9.595000000000000195e-01 2.043499999999999872e+00 8.379999999999999671e-01
2.900000000000000000e+01 6.247000000000000000e+03 -1.000000000000000000e+00 -1.000000000000000000e+00 -1.000000000000000000e+00 -1.000000000000000000e+00 -1.000000000000000000e+00 2.411547000000000025e+03 2.047871000000000095e+03 1.326999999999999957e+00 9.204999999999999849e-01 2.192499999999999893e+00 9.120000000000000329e-01
2.900000000000000000e+01 6.244000000000000000e+03 -1.000000000000000000e+00 -1.000000000000000000e+00 -1.000000000000000000e+00 -1.000000000000000000e+00 -1.000000000000000000e+00 2.450135000000000218e+03 2.064157999999999902e+03 1.338999999999999968e+00 9.459999999999999520e-01 2.516000000000000014e+00 9.569999999999999618e-01
2.900000000000000000e+01 6.245000000000000000e+03 -1.000000000000000000e+00 -1.000000000000000000e+00 -1.000000000000000000e+00 -1.000000000000000000e+00 -1.000000000000000000e+00 2.446059000000000196e+03 2.049215999999999894e+03 6.620000000000000329e-01 9.054999999999999716e-01 2.233499999999999819e+00 7.830000000000000293e-01
3.000000000000000000e+01 6.246000000000000000e+03 -1.000000000000000000e+00 -1.000000000000000000e+00 -1.000000000000000000e+00 -1.000000000000000000e+00 -1.000000000000000000e+00 2.451996000000000095e+03 2.034521999999999935e+03 6.219999999999999973e-01 9.595000000000000195e-01 2.043499999999999872e+00 8.379999999999999671e-01
3.000000000000000000e+01 6.247000000000000000e+03 -1.000000000000000000e+00 -1.000000000000000000e+00 -1.000000000000000000e+00 -1.000000000000000000e+00 -1.000000000000000000e+00 2.411547999999999774e+03 2.047890000000000100e+03 1.366000000000000103e+00 9.204999999999999849e-01 2.192499999999999893e+00 9.120000000000000329e-01
3.000000000000000000e+01 6.244000000000000000e+03 -1.000000000000000000e+00 -1.000000000000000000e+00 -1.000000000000000000e+00 -1.000000000000000000e+00 -1.000000000000000000e+00 2.450449999999999818e+03 2.063782000000000153e+03 1.320999999999999952e+00 9.459999999999999520e-01 2.516000000000000014e+00 9.569999999999999618e-01
3.000000000000000000e+01 6.245000000000000000e+03 -1.000000000000000000e+00 -1.000000000000000000e+00 -1.000000000000000000e+00 -1.000000000000000000e+00 -1.000000000000000000e+00 2.445963000000000193e+03 2.049492000000000189e+03 6.660000000000000364e-01 9.054999999999999716e-01 2.233499999999999819e+00 7.830000000000000293e-01
3.100000000000000000e+01 6.246000000000000000e+03 -1.000000000000000000e+00 -1.000000000000000000e+00 -1.000000000000000000e+00 -1.000000000000000000e+00 -1.000000000000000000e+00 2.451603000000000065e+03 2.035438000000000102e+03 6.430000000000000160e-01 9.595000000000000195e-01 2.043499999999999872e+00 8.379999999999999671e-01
3.100000000000000000e+01 6.247000000000000000e+03 -1.000000000000000000e+00 -1.000000000000000000e+00 -1.000000000000000000e+00 -1.000000000000000000e+00 -1.000000000000000000e+00 2.411561999999999898e+03 2.047893000000000029e+03 1.366000000000000103e+00 9.204999999999999849e-01 2.192499999999999893e+00 9.120000000000000329e-01
3.100000000000000000e+01 6.244000000000000000e+03 -1.000000000000000000e+00 -1.000000000000000000e+00 -1.000000000000000000e+00 -1.000000000000000000e+00 -1.000000000000000000e+00 2.450784999999999854e+03 2.063423999999999978e+03 1.302999999999999936e+00 9.459999999999999520e-01 2.516000000000000014e+00 9.569999999999999618e-01
3.100000000000000000e+01 6.245000000000000000e+03 -1.000000000000000000e+00 -1.000000000000000000e+00 -1.000000000000000000e+00 -1.000000000000000000e+00 -1.000000000000000000e+00 2.445867000000000189e+03 2.049766999999999825e+03 6.710000000000000409e-01 9.054999999999999716e-01 2.233499999999999819e+00 7.830000000000000293e-01
3.200000000000000000e+01 6.246000000000000000e+03 -1.000000000000000000e+00 -1.000000000000000000e+00 -1.000000000000000000e+00 -1.000000000000000000e+00 -1.000000000000000000e+00 2.451418000000000120e+03 2.035839999999999918e+03 6.440000000000000169e-01 9.595000000000000195e-01 2.043499999999999872e+00 8.379999999999999671e-01
3.200000000000000000e+01 6.247000000000000000e+03 -1.000000000000000000e+00 -1.000000000000000000e+00 -1.000000000000000000e+00 -1.000000000000000000e+00 -1.000000000000000000e+00 2.411577000000000226e+03 2.047895999999999958e+03 1.366000000000000103e+00 9.204999999999999849e-01 2.192499999999999893e+00 9.120000000000000329e-01
3.200000000000000000e+01 6.244000000000000000e+03 -1.000000000000000000e+00 -1.000000000000000000e+00 -1.000000000000000000e+00 -1.000000000000000000e+00 -1.000000000000000000e+00 2.451222000000000207e+03 2.063010000000000218e+03 1.298000000000000043e+00 9.459999999999999520e-01 2.516000000000000014e+00 9.569999999999999618e-01
3.200000000000000000e+01 6.245000000000000000e+03 -1.000000000000000000e+00 -1.000000000000000000e+00 -1.000000000000000000e+00 -1.000000000000000000e+00 -1.000000000000000000e+00 2.445889000000000124e+03 2.049641999999999825e+03 6.730000000000000426e-01 9.054999999999999716e-01 2.233499999999999819e+00 7.830000000000000293e-01
3.300000000000000000e+01 6.246000000000000000e+03 -1.000000000000000000e+00 -1.000000000000000000e+00 -1.000000000000000000e+00 -1.000000000000000000e+00 -1.000000000000000000e+00 2.451228000000000065e+03 2.036239000000000033e+03 6.460000000000000187e-01 9.595000000000000195e-01 2.043499999999999872e+00 8.379999999999999671e-01
3.300000000000000000e+01 6.244000000000000000e+03 -1.000000000000000000e+00 -1.000000000000000000e+00 -1.000000000000000000e+00 -1.000000000000000000e+00 -1.000000000000000000e+00 2.451657999999999902e+03 2.062597000000000207e+03 1.292000000000000037e+00 9.459999999999999520e-01 2.516000000000000014e+00 9.569999999999999618e-01
3.300000000000000000e+01 6.245000000000000000e+03 -1.000000000000000000e+00 -1.000000000000000000e+00 -1.000000000000000000e+00 -1.000000000000000000e+00 -1.000000000000000000e+00 2.445911000000000058e+03 2.049516000000000076e+03 6.750000000000000444e-01 9.054999999999999716e-01 2.233499999999999819e+00 7.830000000000000293e-01
3.400000000000000000e+01 6.246000000000000000e+03 -1.000000000000000000e+00 -1.000000000000000000e+00 -1.000000000000000000e+00 -1.000000000000000000e+00 -1.000000000000000000e+00 2.451023999999999887e+03 2.036631000000000085e+03 6.470000000000000195e-01 9.595000000000000195e-01 2.043499999999999872e+00 8.379999999999999671e-01
3.400000000000000000e+01 6.244000000000000000e+03 -1.000000000000000000e+00 -1.000000000000000000e+00 -1.000000000000000000e+00 -1.000000000000000000e+00 -1.000000000000000000e+00 2.452094000000000051e+03 2.062184000000000196e+03 1.286000000000000032e+00 9.459999999999999520e-01 2.516000000000000014e+00 9.569999999999999618e-01
3.400000000000000000e+01 6.245000000000000000e+03 -1.000000000000000000e+00 -1.000000000000000000e+00 -1.000000000000000000e+00 -1.000000000000000000e+00 -1.000000000000000000e+00 2.445913000000000011e+03 2.049516000000000076e+03 6.770000000000000462e-01 9.054999999999999716e-01 2.233499999999999819e+00 7.830000000000000293e-01
3.500000000000000000e+01 6.246000000000000000e+03 -1.000000000000000000e+00 -1.000000000000000000e+00 -1.000000000000000000e+00 -1.000000000000000000e+00 -1.000000000000000000e+00 2.450820000000000164e+03 2.037022999999999911e+03 6.490000000000000213e-01 9.595000000000000195e-01 2.043499999999999872e+00 8.379999999999999671e-01
3.500000000000000000e+01 6.244000000000000000e+03 -1.000000000000000000e+00 -1.000000000000000000e+00 -1.000000000000000000e+00 -1.000000000000000000e+00 -1.000000000000000000e+00 2.452431000000000040e+03 2.061990999999999985e+03 1.280999999999999917e+00 9.459999999999999520e-01 2.516000000000000014e+00 9.569999999999999618e-01
3.500000000000000000e+01 6.245000000000000000e+03 -1.000000000000000000e+00 -1.000000000000000000e+00 -1.000000000000000000e+00 -1.000000000000000000e+00 -1.000000000000000000e+00 2.445914999999999964e+03 2.049516000000000076e+03 6.800000000000000488e-01 9.054999999999999716e-01 2.233499999999999819e+00 7.830000000000000293e-01
3.600000000000000000e+01 6.246000000000000000e+03 -1.000000000000000000e+00 -1.000000000000000000e+00 -1.000000000000000000e+00 -1.000000000000000000e+00 -1.000000000000000000e+00 2.450617000000000189e+03 2.037414999999999964e+03 6.500000000000000222e-01 9.595000000000000195e-01 2.043499999999999872e+00 8.379999999999999671e-01
3.600000000000000000e+01 6.244000000000000000e+03 -1.000000000000000000e+00 -1.000000000000000000e+00 -1.000000000000000000e+00 -1.000000000000000000e+00 -1.000000000000000000e+00 2.452784999999999854e+03 2.061764000000000124e+03 1.274999999999999911e+00 9.459999999999999520e-01 2.516000000000000014e+00 9.569999999999999618e-01
3.600000000000000000e+01 6.245000000000000000e+03 -1.000000000000000000e+00 -1.000000000000000000e+00 -1.000000000000000000e+00 -1.000000000000000000e+00 -1.000000000000000000e+00 2.445797999999999774e+03 2.049791999999999916e+03 5.899999999999999689e-01 9.054999999999999716e-01 2.233499999999999819e+00 7.830000000000000293e-01
3.700000000000000000e+01 6.246000000000000000e+03 -1.000000000000000000e+00 -1.000000000000000000e+00 -1.000000000000000000e+00 -1.000000000000000000e+00 -1.000000000000000000e+00 2.450420000000000073e+03 2.037811999999999898e+03 5.290000000000000258e-01 9.595000000000000195e-01 2.043499999999999872e+00 8.379999999999999671e-01
3.700000000000000000e+01 6.244000000000000000e+03 -1.000000000000000000e+00 -1.000000000000000000e+00 -1.000000000000000000e+00 -1.000000000000000000e+00 -1.000000000000000000e+00 2.453139000000000124e+03 2.061536999999999807e+03 1.270000000000000018e+00 9.459999999999999520e-01 2.516000000000000014e+00 9.569999999999999618e-01
3.700000000000000000e+01 6.245000000000000000e+03 -1.000000000000000000e+00 -1.000000000000000000e+00 -1.000000000000000000e+00 -1.000000000000000000e+00 -1.000000000000000000e+00 2.445679999999999836e+03 2.050068000000000211e+03 5.000000000000000000e-01 9.054999999999999716e-01 2.233499999999999819e+00 7.830000000000000293e-01
3.800000000000000000e+01 6.246000000000000000e+03 -1.000000000000000000e+00 -1.000000000000000000e+00 -1.000000000000000000e+00 -1.000000000000000000e+00 -1.000000000000000000e+00 2.450222999999999956e+03 2.038209000000000060e+03 4.079999999999999738e-01 9.595000000000000195e-01 2.043499999999999872e+00 8.379999999999999671e-01
3.800000000000000000e+01 6.244000000000000000e+03 -1.000000000000000000e+00 -1.000000000000000000e+00 -1.000000000000000000e+00 -1.000000000000000000e+00 -1.000000000000000000e+00 2.453467999999999847e+03 2.061382000000000062e+03 1.163999999999999924e+00 9.459999999999999520e-01 2.516000000000000014e+00 9.569999999999999618e-01
3.800000000000000000e+01 6.245000000000000000e+03 -1.000000000000000000e+00 -1.000000000000000000e+00 -1.000000000000000000e+00 -1.000000000000000000e+00 -1.000000000000000000e+00 2.445563000000000102e+03 2.050344000000000051e+03 4.099999999999999756e-01 9.054999999999999716e-01 2.233499999999999819e+00 7.830000000000000293e-01
3.900000000000000000e+01 6.246000000000000000e+03 -1.000000000000000000e+00 -1.000000000000000000e+00 -1.000000000000000000e+00 -1.000000000000000000e+00 -1.000000000000000000e+00 2.450025999999999840e+03 2.038605999999999995e+03 2.869999999999999774e-01 9.595000000000000195e-01 2.043499999999999872e+00 8.379999999999999671e-01
3.900000000000000000e+01 6.244000000000000000e+03 -1.000000000000000000e+00 -1.000000000000000000e+00 -1.000000000000000000e+00 -1.000000000000000000e+00 -1.000000000000000000e+00 2.453641999999999825e+03 2.061322999999999865e+03 1.034000000000000030e+00 9.459999999999999520e-01 2.516000000000000014e+00 9.569999999999999618e-01
3.900000000000000000e+01 6.245000000000000000e+03 -1.000000000000000000e+00 -1.000000000000000000e+00 -1.000000000000000000e+00 -1.000000000000000000e+00 -1.000000000000000000e+00 2.445402999999999793e+03 2.051614999999999782e+03 3.200000000000000067e-01 9.054999999999999716e-01 2.233499999999999819e+00 7.830000000000000293e-01
4.000000000000000000e+01 6.246000000000000000e+03 -1.000000000000000000e+00 -1.000000000000000000e+00 -1.000000000000000000e+00 -1.000000000000000000e+00 -1.000000000000000000e+00 2.449829999999999927e+03 2.039002999999999929e+03 1.660000000000000087e-01 9.595000000000000195e-01 2.043499999999999872e+00 8.379999999999999671e-01
4.000000000000000000e+01 6.244000000000000000e+03 -1.000000000000000000e+00 -1.000000000000000000e+00 -1.000000000000000000e+00 -1.000000000000000000e+00 -1.000000000000000000e+00 2.453815000000000055e+03 2.061264000000000124e+03 9.030000000000000249e-01 9.459999999999999520e-01 2.516000000000000014e+00 9.569999999999999618e-01
4.000000000000000000e+01 6.245000000000000000e+03 -1.000000000000000000e+00 -1.000000000000000000e+00 -1.000000000000000000e+00 -1.000000000000000000e+00 -1.000000000000000000e+00 2.445202000000000226e+03 2.053353999999999814e+03 2.300000000000000100e-01 9.054999999999999716e-01 2.233499999999999819e+00 7.830000000000000293e-01
