1.000000000000000000e+00 4.685000000000000000e+03 -1.000000000000000000e+00 -1.000000000000000000e+00 -1.000000000000000000e+00 -1.000000000000000000e+00 -1.000000000000000000e+00 1.610070999999999913e+03 2.827108000000000175e+03 1.375999999999999890e+00 3.619999999999999885e-01 1.026499999999999968e+00 8.515000000000000346e-01
2.000000000000000000e+00 4.685000000000000000e+03 -1.000000000000000000e+00 -1.000000000000000000e+00 -1.000000000000000000e+00 -1.000000000000000000e+00 -1.000000000000000000e+00 1.605546000000000049e+03 2.834085000000000036e+03 1.348000000000000087e+00 3.619999999999999885e-01 1.026499999999999968e+00 8.515000000000000346e-01
3.000000000000000000e+00 4.685000000000000000e+03 -1.000000000000000000e+00 -1.000000000000000000e+00 -1.000000000000000000e+00 -1.000000000000000000e+00 -1.000000000000000000e+00 1.601830999999999904e+03 2.839954000000000178e+03 1.326000000000000068e+00 3.619999999999999885e-01 1.026499999999999968e+00 8.515000000000000346e-01
4.000000000000000000e+00 4.685000000000000000e+03 -1.000000000000000000e+00 -1.000000000000000000e+00 -1.000000000000000000e+00 -1.000000000000000000e+00 -1.000000000000000000e+00 1.598107999999999947e+03 2.845838999999999942e+03 1.375999999999999890e+00 3.619999999999999885e-01 1.026499999999999968e+00 8.515000000000000346e-01
5.000000000000000000e+00 4.685000000000000000e+03 -1.000000000000000000e+00 -1.000000000000000000e+00 -1.000000000000000000e+00 -1.000000000000000000e+00 -1.000000000000000000e+00 1.594240999999999985e+03 2.852121000000000095e+03 1.324000000000000066e+00 3.619999999999999885e-01 1.026499999999999968e+00 8.515000000000000346e-01
6.000000000000000000e+00 4.685000000000000000e+03 -1.000000000000000000e+00 -1.000000000000000000e+00 -1.000000000000000000e+00 -1.000000000000000000e+00 -1.000000000000000000e+00 1.590657999999999902e+03 2.858271000000000186e+03 1.221999999999999975e+00 3.619999999999999885e-01 1.026499999999999968e+00 8.515000000000000346e-01
7.000000000000000000e+00 4.685000000000000000e+03 -1.000000000000000000e+00 -1.000000000000000000e+00 -1.000000000000000000e+00 -1.000000000000000000e+00 -1.000000000000000000e+00 1.586911000000000058e+03 2.864690000000000055e+03 1.169999999999999929e+00 3.619999999999999885e-01 1.026499999999999968e+00 8.515000000000000346e-01
8.000000000000000000e+00 4.685000000000000000e+03 -1.000000000000000000e+00 -1.000000000000000000e+00 -1.000000000000000000e+00 -1.000000000000000000e+00 -1.000000000000000000e+00 1.583865999999999985e+03 2.869713000000000193e+03 1.127999999999999892e+00 3.619999999999999885e-01 1.026499999999999968e+00 8.515000000000000346e-01
9.000000000000000000e+00 4.685000000000000000e+03 -1.000000000000000000e+00 -1.000000000000000000e+00 -1.000000000000000000e+00 -1.000000000000000000e+00 -1.000000000000000000e+00 1.579789999999999964e+03 2.876182999999999993e+03 1.076000000000000068e+00 3.619999999999999885e-01 1.026499999999999968e+00 8.515000000000000346e-01
1.000000000000000000e+01 4.685000000000000000e+03 -1.000000000000000000e+00 -1.000000000000000000e+00 -1.000000000000000000e+00 -1.000000000000000000e+00 -1.000000000000000000e+00 1.575548999999999978e+03 2.882902999999999793e+03 1.024000000000000021e+00 3.619999999999999885e-01 1.026499999999999968e+00 8.515000000000000346e-01
1.100000000000000000e+01 4.685000000000000000e+03 -1.000000000000000000e+00 -1.000000000000000000e+00 -1.000000000000000000e+00 -1.000000000000000000e+00 -1.000000000000000000e+00 1.571272999999999911e+03 2.889485000000000127e+03 9.719999999999999751e-01 3.619999999999999885e-01 1.026499999999999968e+00 8.515000000000000346e-01
1.200000000000000000e+01 4.685000000000000000e+03 -1.000000000000000000e+00 -1.000000000000000000e+00 -1.000000000000000000e+00 -1.000000000000000000e+00 -1.000000000000000000e+00 1.566821999999999889e+03 2.896201000000000022e+03 9.200000000000000400e-01 3.619999999999999885e-01 1.026499999999999968e+00 8.515000000000000346e-01
1.300000000000000000e+01 4.685000000000000000e+03 -1.000000000000000000e+00 -1.000000000000000000e+00 -1.000000000000000000e+00 -1.000000000000000000e+00 -1.000000000000000000e+00 1.562325000000000045e+03 2.902978999999999814e+03 8.669999999999999929e-01 3.619999999999999885e-01 1.026499999999999968e+00 8.515000000000000346e-01
1.400000000000000000e+01 4.685000000000000000e+03 -1.000000000000000000e+00 -1.000000000000000000e+00 -1.000000000000000000e+00 -1.000000000000000000e+00 -1.000000000000000000e+00 1.557863000000000056e+03 2.909710000000000036e+03 8.149999999999999467e-01 3.619999999999999885e-01 1.026499999999999968e+00 8.515000000000000346e-01
1.500000000000000000e+01 4.685000000000000000e+03 -1.000000000000000000e+00 -1.000000000000000000e+00 -1.000000000000000000e+00 -1.000000000000000000e+00 -1.000000000000000000e+00 1.553382000000000062e+03 2.916550999999999931e+03 8.129999999999999449e-01 3.619999999999999885e-01 1.026499999999999968e+00 8.515000000000000346e-01
1.600000000000000000e+01 4.685000000000000000e+03 -1.000000000000000000e+00 -1.000000000000000000e+00 -1.000000000000000000e+00 -1.000000000000000000e+00 -1.000000000000000000e+00 1.548945999999999913e+03 2.923398000000000138e+03 8.110000000000000542e-01 3.619999999999999885e-01 1.026499999999999968e+00 8.515000000000000346e-01
1.700000000000000000e+01 4.685000000000000000e+03 -1.000000000000000000e+00 -1.000000000000000000e+00 -1.000000000000000000e+00 -1.000000000000000000e+00 -1.000000000000000000e+00 1.544398999999999887e+03 2.930373000000000047e+03 8.589999999999999858e-01 3.619999999999999885e-01 1.026499999999999968e+00 8.515000000000000346e-01
1.800000000000000000e+01 4.685000000000000000e+03 -1.000000000000000000e+00 -1.000000000000000000e+00 -1.000000000000000000e+00 -1.000000000000000000e+00 -1.000000000000000000e+00 1.539842000000000098e+03 2.937362999999999829e+03 9.070000000000000284e-01 3.619999999999999885e-01 1.026499999999999968e+00 8.515000000000000346e-01
1.900000000000000000e+01 4.685000000000000000e+03 -1.000000000000000000e+00 -1.000000000000000000e+00 -1.000000000000000000e+00 -1.000000000000000000e+00 -1.000000000000000000e+00 1.535295000000000073e+03 2.944338999999999942e+03 9.549999999999999600e-01 3.619999999999999885e-01 1.026499999999999968e+00 8.515000000000000346e-01
2.000000000000000000e+01 4.685000000000000000e+03 -1.000000000000000000e+00 -1.000000000000000000e+00 -1.000000000000000000e+00 -1.000000000000000000e+00 -1.000000000000000000e+00 1.530717000000000098e+03 2.951295000000000073e+03 1.052999999999999936e+00 3.619999999999999885e-01 1.026499999999999968e+00 8.515000000000000346e-01
2.100000000000000000e+01 4.685000000000000000e+03 -1.000000000000000000e+00 -1.000000000000000000e+00 -1.000000000000000000e+00 -1.000000000000000000e+00 -1.000000000000000000e+00 1.525999000000000024e+03 2.958530999999999949e+03 1.100999999999999979e+00 3.619999999999999885e-01 1.026499999999999968e+00 8.515000000000000346e-01
2.200000000000000000e+01 4.685000000000000000e+03 -1.000000000000000000e+00 -1.000000000000000000e+00 -1.000000000000000000e+00 -1.000000000000000000e+00 -1.000000000000000000e+00 1.521307000000000016e+03 2.965590000000000146e+03 1.197999999999999954e+00 3.619999999999999885e-01 1.026499999999999968e+00 8.515000000000000346e-01
2.300000000000000000e+01 4.685000000000000000e+03 -1.000000000000000000e+00 -1.000000000000000000e+00 -1.000000000000000000e+00 -1.000000000000000000e+00 -1.000000000000000000e+00 1.516759999999999991e+03 2.972222000000000207e+03 1.296000000000000041e+00 3.619999999999999885e-01 1.026499999999999968e+00 8.515000000000000346e-01
2.400000000000000000e+01 4.685000000000000000e+03 -1.000000000000000000e+00 -1.000000000000000000e+00 -1.000000000000000000e+00 -1.000000000000000000e+00 -1.000000000000000000e+00 1.512214999999999918e+03 2.978853000000000065e+03 1.443999999999999950e+00 3.619999999999999885e-01 1.026499999999999968e+00 8.515000000000000346e-01
2.500000000000000000e+01 4.685000000000000000e+03 -1.000000000000000000e+00 -1.000000000000000000e+00 -1.000000000000000000e+00 -1.000000000000000000e+00 -1.000000000000000000e+00 1.507675999999999931e+03 2.985500000000000000e+03 1.592999999999999972e+00 3.619999999999999885e-01 1.026499999999999968e+00 8.515000000000000346e-01
