4.000000000000000000e+00 4.390000000000000000e+03 -1.000000000000000000e+00 -1.000000000000000000e+00 -1.000000000000000000e+00 -1.000000000000000000e+00 -1.000000000000000000e+00 1.366352000000000089e+03 1.147201000000000022e+03 -9.419999999999999485e-01 9.819999999999999840e-01 3.181999999999999940e+00 1.072000000000000064e+00
4.000000000000000000e+00 4.391000000000000000e+03 -1.000000000000000000e+00 -1.000000000000000000e+00 -1.000000000000000000e+00 -1.000000000000000000e+00 -1.000000000000000000e+00 1.371536000000000058e+03 1.153557999999999993e+03 -8.719999999999999973e-01 9.685000000000000275e-01 3.128000000000000114e+00 1.036999999999999922e+00
5.000000000000000000e+00 4.390000000000000000e+03 -1.000000000000000000e+00 -1.000000000000000000e+00 -1.000000000000000000e+00 -1.000000000000000000e+00 -1.000000000000000000e+00 1.366373000000000047e+03 1.147182000000000016e+03 -6.500000000000000222e-01 9.819999999999999840e-01 3.181999999999999940e+00 1.072000000000000064e+00
5.000000000000000000e+00 4.391000000000000000e+03 -1.000000000000000000e+00 -1.000000000000000000e+00 -1.000000000000000000e+00 -1.000000000000000000e+00 -1.000000000000000000e+00 1.371435999999999922e+03 1.153337999999999965e+03 -7.550000000000000044e-01 9.685000000000000275e-01 3.128000000000000114e+00 1.036999999999999922e+00
6.000000000000000000e+00 4.390000000000000000e+03 -1.000000000000000000e+00 -1.000000000000000000e+00 -1.000000000000000000e+00 -1.000000000000000000e+00 -1.000000000000000000e+00 1.366393000000000029e+03 1.147163000000000011e+03 -5.090000000000000080e-01 9.819999999999999840e-01 3.181999999999999940e+00 1.072000000000000064e+00
6.000000000000000000e+00 4.391000000000000000e+03 -1.000000000000000000e+00 -1.000000000000000000e+00 -1.000000000000000000e+00 -1.000000000000000000e+00 -1.000000000000000000e+00 1.371336999999999989e+03 1.153118999999999915e+03 -6.390000000000000124e-01 9.685000000000000275e-01 3.128000000000000114e+00 1.036999999999999922e+00
7.000000000000000000e+00 4.390000000000000000e+03 -1.000000000000000000e+00 -1.000000000000000000e+00 -1.000000000000000000e+00 -1.000000000000000000e+00 -1.000000000000000000e+00 1.366413000000000011e+03 1.147144000000000005e+03 -4.430000000000000049e-01 9.819999999999999840e-01 3.181999999999999940e+00 1.072000000000000064e+00
7.000000000000000000e+00 4.391000000000000000e+03 -1.000000000000000000e+00 -1.000000000000000000e+00 -1.000000000000000000e+00 -1.000000000000000000e+00 -1.000000000000000000e+00 1.371237000000000080e+03 1.152900000000000091e+03 -5.220000000000000195e-01 9.685000000000000275e-01 3.128000000000000114e+00 1.036999999999999922e+00
8.000000000000000000e+00 4.390000000000000000e+03 -1.000000000000000000e+00 -1.000000000000000000e+00 -1.000000000000000000e+00 -1.000000000000000000e+00 -1.000000000000000000e+00 1.366433999999999969e+03 1.147125000000000000e+03 -2.260000000000000064e-01 9.819999999999999840e-01 3.181999999999999940e+00 1.072000000000000064e+00
8.000000000000000000e+00 4.391000000000000000e+03 -1.000000000000000000e+00 -1.000000000000000000e+00 -1.000000000000000000e+00 -1.000000000000000000e+00 -1.000000000000000000e+00 1.371211000000000013e+03 1.152826999999999998e+03 -4.060000000000000275e-01 9.685000000000000275e-01 3.128000000000000114e+00 1.036999999999999922e+00
9.000000000000000000e+00 4.390000000000000000e+03 -1.000000000000000000e+00 -1.000000000000000000e+00 -1.000000000000000000e+00 -1.000000000000000000e+00 -1.000000000000000000e+00 1.366453999999999951e+03 1.147105999999999995e+03 -1.000000000000000021e-02 9.819999999999999840e-01 3.181999999999999940e+00 1.072000000000000064e+00
9.000000000000000000e+00 4.391000000000000000e+03 -1.000000000000000000e+00 -1.000000000000000000e+00 -1.000000000000000000e+00 -1.000000000000000000e+00 -1.000000000000000000e+00 1.371184999999999945e+03 1.152752999999999929e+03 -2.889999999999999791e-01 9.685000000000000275e-01 3.128000000000000114e+00 1.036999999999999922e+00
1.000000000000000000e+01 4.390000000000000000e+03 -1.000000000000000000e+00 -1.000000000000000000e+00 -1.000000000000000000e+00 -1.000000000000000000e+00 -1.000000000000000000e+00 1.366473999999999933e+03 1.147086000000000013e+03 2.069999999999999896e-01 9.819999999999999840e-01 3.181999999999999940e+00 1.072000000000000064e+00
1.000000000000000000e+01 4.391000000000000000e+03 -1.000000000000000000e+00 -1.000000000000000000e+00 -1.000000000000000000e+00 -1.000000000000000000e+00 -1.000000000000000000e+00 1.371160000000000082e+03 1.152680000000000064e+03 -1.729999999999999871e-01 9.685000000000000275e-01 3.128000000000000114e+00 1.036999999999999922e+00
1.100000000000000000e+01 4.390000000000000000e+03 -1.000000000000000000e+00 -1.000000000000000000e+00 -1.000000000000000000e+00 -1.000000000000000000e+00 -1.000000000000000000e+00 1.366362000000000080e+03 1.146925999999999931e+03 3.990000000000000213e-01 9.819999999999999840e-01 3.181999999999999940e+00 1.072000000000000064e+00
1.100000000000000000e+01 4.391000000000000000e+03 -1.000000000000000000e+00 -1.000000000000000000e+00 -1.000000000000000000e+00 -1.000000000000000000e+00 -1.000000000000000000e+00 1.371103000000000065e+03 1.152615000000000009e+03 7.699999999999999900e-02 9.685000000000000275e-01 3.128000000000000114e+00 1.036999999999999922e+00
1.200000000000000000e+01 4.390000000000000000e+03 -1.000000000000000000e+00 -1.000000000000000000e+00 -1.000000000000000000e+00 -1.000000000000000000e+00 -1.000000000000000000e+00 1.366630000000000109e+03 1.147170000000000073e+03 5.899999999999999689e-01 9.819999999999999840e-01 3.181999999999999940e+00 1.072000000000000064e+00
1.200000000000000000e+01 4.391000000000000000e+03 -1.000000000000000000e+00 -1.000000000000000000e+00 -1.000000000000000000e+00 -1.000000000000000000e+00 -1.000000000000000000e+00 1.371046000000000049e+03 1.152549999999999955e+03 3.270000000000000129e-01 9.685000000000000275e-01 3.128000000000000114e+00 1.036999999999999922e+00
1.300000000000000000e+01 4.390000000000000000e+03 -1.000000000000000000e+00 -1.000000000000000000e+00 -1.000000000000000000e+00 -1.000000000000000000e+00 -1.000000000000000000e+00 1.366464999999999918e+03 1.146953999999999951e+03 8.569999999999999840e-01 9.819999999999999840e-01 3.181999999999999940e+00 1.072000000000000064e+00
1.300000000000000000e+01 4.391000000000000000e+03 -1.000000000000000000e+00 -1.000000000000000000e+00 -1.000000000000000000e+00 -1.000000000000000000e+00 -1.000000000000000000e+00 1.371074000000000069e+03 1.152583000000000084e+03 5.270000000000000240e-01 9.685000000000000275e-01 3.128000000000000114e+00 1.036999999999999922e+00
1.400000000000000000e+01 4.390000000000000000e+03 -1.000000000000000000e+00 -1.000000000000000000e+00 -1.000000000000000000e+00 -1.000000000000000000e+00 -1.000000000000000000e+00 1.366462999999999965e+03 1.147007000000000062e+03 1.094999999999999973e+00 9.819999999999999840e-01 3.181999999999999940e+00 1.072000000000000064e+00
1.400000000000000000e+01 4.391000000000000000e+03 -1.000000000000000000e+00 -1.000000000000000000e+00 -1.000000000000000000e+00 -1.000000000000000000e+00 -1.000000000000000000e+00 1.371102000000000089e+03 1.152615999999999985e+03 7.269999999999999796e-01 9.685000000000000275e-01 3.128000000000000114e+00 1.036999999999999922e+00
1.400000000000000000e+01 4.405000000000000000e+03 -1.000000000000000000e+00 -1.000000000000000000e+00 -1.000000000000000000e+00 -1.000000000000000000e+00 -1.000000000000000000e+00 1.398282999999999902e+03 1.183316000000000031e+03 -1.185000000000000053e+00 1.307500000000000107e+00 3.778500000000000192e+00 1.467000000000000082e+00
1.500000000000000000e+01 4.390000000000000000e+03 -1.000000000000000000e+00 -1.000000000000000000e+00 -1.000000000000000000e+00 -1.000000000000000000e+00 -1.000000000000000000e+00 1.366461000000000013e+03 1.147059999999999945e+03 1.334000000000000075e+00 9.819999999999999840e-01 3.181999999999999940e+00 1.072000000000000064e+00
1.500000000000000000e+01 4.391000000000000000e+03 -1.000000000000000000e+00 -1.000000000000000000e+00 -1.000000000000000000e+00 -1.000000000000000000e+00 -1.000000000000000000e+00 1.371132000000000062e+03 1.152704999999999927e+03 9.899999999999999911e-01 9.685000000000000275e-01 3.128000000000000114e+00 1.036999999999999922e+00
1.500000000000000000e+01 4.405000000000000000e+03 -1.000000000000000000e+00 -1.000000000000000000e+00 -1.000000000000000000e+00 -1.000000000000000000e+00 -1.000000000000000000e+00 1.397142000000000053e+03 1.181267000000000053e+03 -9.180000000000000382e-01 1.307500000000000107e+00 3.778500000000000192e+00 1.467000000000000082e+00
1.600000000000000000e+01 4.390000000000000000e+03 -1.000000000000000000e+00 -1.000000000000000000e+00 -1.000000000000000000e+00 -1.000000000000000000e+00 -1.000000000000000000e+00 1.366531999999999925e+03 1.147222999999999956e+03 1.596999999999999975e+00 9.819999999999999840e-01 3.181999999999999940e+00 1.072000000000000064e+00
1.600000000000000000e+01 4.391000000000000000e+03 -1.000000000000000000e+00 -1.000000000000000000e+00 -1.000000000000000000e+00 -1.000000000000000000e+00 -1.000000000000000000e+00 1.371161000000000058e+03 1.152792999999999893e+03 1.252000000000000002e+00 9.685000000000000275e-01 3.128000000000000114e+00 1.036999999999999922e+00
1.600000000000000000e+01 4.405000000000000000e+03 -1.000000000000000000e+00 -1.000000000000000000e+00 -1.000000000000000000e+00 -1.000000000000000000e+00 -1.000000000000000000e+00 1.396304000000000087e+03 1.179515000000000100e+03 -5.010000000000000009e-01 1.307500000000000107e+00 3.778500000000000192e+00 1.467000000000000082e+00
1.700000000000000000e+01 4.390000000000000000e+03 -1.000000000000000000e+00 -1.000000000000000000e+00 -1.000000000000000000e+00 -1.000000000000000000e+00 -1.000000000000000000e+00 1.366603000000000065e+03 1.147385999999999967e+03 1.711000000000000076e+00 9.819999999999999840e-01 3.181999999999999940e+00 1.072000000000000064e+00
1.700000000000000000e+01 4.391000000000000000e+03 -1.000000000000000000e+00 -1.000000000000000000e+00 -1.000000000000000000e+00 -1.000000000000000000e+00 -1.000000000000000000e+00 1.371191000000000031e+03 1.152882000000000062e+03 1.514999999999999902e+00 9.685000000000000275e-01 3.128000000000000114e+00 1.036999999999999922e+00
1.700000000000000000e+01 4.405000000000000000e+03 -1.000000000000000000e+00 -1.000000000000000000e+00 -1.000000000000000000e+00 -1.000000000000000000e+00 -1.000000000000000000e+00 1.395883000000000038e+03 1.179009999999999991e+03 6.500000000000000222e-02 1.307500000000000107e+00 3.778500000000000192e+00 1.467000000000000082e+00
1.800000000000000000e+01 4.390000000000000000e+03 -1.000000000000000000e+00 -1.000000000000000000e+00 -1.000000000000000000e+00 -1.000000000000000000e+00 -1.000000000000000000e+00 1.366627999999999929e+03 1.147393000000000029e+03 2.007000000000000117e+00 9.819999999999999840e-01 3.181999999999999940e+00 1.072000000000000064e+00
1.800000000000000000e+01 4.391000000000000000e+03 -1.000000000000000000e+00 -1.000000000000000000e+00 -1.000000000000000000e+00 -1.000000000000000000e+00 -1.000000000000000000e+00 1.371220000000000027e+03 1.152971000000000004e+03 1.776999999999999913e+00 9.685000000000000275e-01 3.128000000000000114e+00 1.036999999999999922e+00
1.800000000000000000e+01 4.405000000000000000e+03 -1.000000000000000000e+00 -1.000000000000000000e+00 -1.000000000000000000e+00 -1.000000000000000000e+00 -1.000000000000000000e+00 1.395616999999999962e+03 1.178538000000000011e+03 3.150000000000000022e-01 1.307500000000000107e+00 3.778500000000000192e+00 1.467000000000000082e+00
1.900000000000000000e+01 4.390000000000000000e+03 -1.000000000000000000e+00 -1.000000000000000000e+00 -1.000000000000000000e+00 -1.000000000000000000e+00 -1.000000000000000000e+00 1.366647999999999911e+03 1.147398999999999887e+03 2.245000000000000107e+00 9.819999999999999840e-01 3.181999999999999940e+00 1.072000000000000064e+00
1.900000000000000000e+01 4.391000000000000000e+03 -1.000000000000000000e+00 -1.000000000000000000e+00 -1.000000000000000000e+00 -1.000000000000000000e+00 -1.000000000000000000e+00 1.371247000000000071e+03 1.153038999999999987e+03 1.842000000000000082e+00 9.685000000000000275e-01 3.128000000000000114e+00 1.036999999999999922e+00
1.900000000000000000e+01 4.405000000000000000e+03 -1.000000000000000000e+00 -1.000000000000000000e+00 -1.000000000000000000e+00 -1.000000000000000000e+00 -1.000000000000000000e+00 1.395403999999999996e+03 1.178161000000000058e+03 5.150000000000000133e-01 1.307500000000000107e+00 3.778500000000000192e+00 1.467000000000000082e+00
2.000000000000000000e+01 4.390000000000000000e+03 -1.000000000000000000e+00 -1.000000000000000000e+00 -1.000000000000000000e+00 -1.000000000000000000e+00 -1.000000000000000000e+00 1.366676999999999907e+03 1.147430000000000064e+03 2.544000000000000039e+00 9.819999999999999840e-01 3.181999999999999940e+00 1.072000000000000064e+00
2.000000000000000000e+01 4.391000000000000000e+03 -1.000000000000000000e+00 -1.000000000000000000e+00 -1.000000000000000000e+00 -1.000000000000000000e+00 -1.000000000000000000e+00 1.371287000000000035e+03 1.153141000000000076e+03 2.103000000000000203e+00 9.685000000000000275e-01 3.128000000000000114e+00 1.036999999999999922e+00
2.000000000000000000e+01 4.405000000000000000e+03 -1.000000000000000000e+00 -1.000000000000000000e+00 -1.000000000000000000e+00 -1.000000000000000000e+00 -1.000000000000000000e+00 1.395085000000000036e+03 1.177594000000000051e+03 8.149999999999999467e-01 1.307500000000000107e+00 3.778500000000000192e+00 1.467000000000000082e+00
2.100000000000000000e+01 4.412000000000000000e+03 -1.000000000000000000e+00 -1.000000000000000000e+00 -1.000000000000000000e+00 -1.000000000000000000e+00 -1.000000000000000000e+00 1.417086999999999989e+03 1.210146999999999935e+03 6.969999999999999529e-01 1.282999999999999918e+00 2.811999999999999833e+00 1.855499999999999927e+00
2.100000000000000000e+01 4.390000000000000000e+03 -1.000000000000000000e+00 -1.000000000000000000e+00 -1.000000000000000000e+00 -1.000000000000000000e+00 -1.000000000000000000e+00 1.366701000000000022e+03 1.147457000000000107e+03 2.794000000000000039e+00 9.819999999999999840e-01 3.181999999999999940e+00 1.072000000000000064e+00
2.100000000000000000e+01 4.391000000000000000e+03 -1.000000000000000000e+00 -1.000000000000000000e+00 -1.000000000000000000e+00 -1.000000000000000000e+00 -1.000000000000000000e+00 1.371319999999999936e+03 1.153226000000000113e+03 2.322000000000000064e+00 9.685000000000000275e-01 3.128000000000000114e+00 1.036999999999999922e+00
2.100000000000000000e+01 4.405000000000000000e+03 -1.000000000000000000e+00 -1.000000000000000000e+00 -1.000000000000000000e+00 -1.000000000000000000e+00 -1.000000000000000000e+00 1.394737000000000080e+03 1.177039999999999964e+03 8.539999999999999813e-01 1.307500000000000107e+00 3.778500000000000192e+00 1.467000000000000082e+00
2.200000000000000000e+01 4.412000000000000000e+03 -1.000000000000000000e+00 -1.000000000000000000e+00 -1.000000000000000000e+00 -1.000000000000000000e+00 -1.000000000000000000e+00 1.417227000000000089e+03 1.210410000000000082e+03 8.639999999999999902e-01 1.282999999999999918e+00 2.811999999999999833e+00 1.855499999999999927e+00
2.200000000000000000e+01 4.390000000000000000e+03 -1.000000000000000000e+00 -1.000000000000000000e+00 -1.000000000000000000e+00 -1.000000000000000000e+00 -1.000000000000000000e+00 1.366724999999999909e+03 1.147482999999999947e+03 3.044000000000000039e+00 9.819999999999999840e-01 3.181999999999999940e+00 1.072000000000000064e+00
2.200000000000000000e+01 4.391000000000000000e+03 -1.000000000000000000e+00 -1.000000000000000000e+00 -1.000000000000000000e+00 -1.000000000000000000e+00 -1.000000000000000000e+00 1.371353000000000065e+03 1.153310999999999922e+03 2.540999999999999925e+00 9.685000000000000275e-01 3.128000000000000114e+00 1.036999999999999922e+00
2.200000000000000000e+01 4.405000000000000000e+03 -1.000000000000000000e+00 -1.000000000000000000e+00 -1.000000000000000000e+00 -1.000000000000000000e+00 -1.000000000000000000e+00 1.394483999999999924e+03 1.176548000000000002e+03 1.292999999999999927e+00 1.307500000000000107e+00 3.778500000000000192e+00 1.467000000000000082e+00
2.300000000000000000e+01 4.412000000000000000e+03 -1.000000000000000000e+00 -1.000000000000000000e+00 -1.000000000000000000e+00 -1.000000000000000000e+00 -1.000000000000000000e+00 1.417366999999999962e+03 1.210673000000000002e+03 1.030000000000000027e+00 1.282999999999999918e+00 2.811999999999999833e+00 1.855499999999999927e+00
2.300000000000000000e+01 4.390000000000000000e+03 -1.000000000000000000e+00 -1.000000000000000000e+00 -1.000000000000000000e+00 -1.000000000000000000e+00 -1.000000000000000000e+00 1.366730000000000018e+03 1.147488000000000056e+03 3.244000000000000217e+00 9.819999999999999840e-01 3.181999999999999940e+00 1.072000000000000064e+00
2.300000000000000000e+01 4.391000000000000000e+03 -1.000000000000000000e+00 -1.000000000000000000e+00 -1.000000000000000000e+00 -1.000000000000000000e+00 -1.000000000000000000e+00 1.371385999999999967e+03 1.153396999999999935e+03 2.759999999999999787e+00 9.685000000000000275e-01 3.128000000000000114e+00 1.036999999999999922e+00
2.300000000000000000e+01 4.405000000000000000e+03 -1.000000000000000000e+00 -1.000000000000000000e+00 -1.000000000000000000e+00 -1.000000000000000000e+00 -1.000000000000000000e+00 1.393714999999999918e+03 1.175233999999999924e+03 1.596999999999999975e+00 1.307500000000000107e+00 3.778500000000000192e+00 1.467000000000000082e+00
2.400000000000000000e+01 4.412000000000000000e+03 -1.000000000000000000e+00 -1.000000000000000000e+00 -1.000000000000000000e+00 -1.000000000000000000e+00 -1.000000000000000000e+00 1.417375000000000000e+03 1.210729000000000042e+03 1.147000000000000020e+00 1.282999999999999918e+00 2.811999999999999833e+00 1.855499999999999927e+00
2.400000000000000000e+01 4.391000000000000000e+03 -1.000000000000000000e+00 -1.000000000000000000e+00 -1.000000000000000000e+00 -1.000000000000000000e+00 -1.000000000000000000e+00 1.371419000000000096e+03 1.153482999999999947e+03 2.979999999999999982e+00 9.685000000000000275e-01 3.128000000000000114e+00 1.036999999999999922e+00
2.400000000000000000e+01 4.405000000000000000e+03 -1.000000000000000000e+00 -1.000000000000000000e+00 -1.000000000000000000e+00 -1.000000000000000000e+00 -1.000000000000000000e+00 1.393383000000000038e+03 1.174790999999999940e+03 1.901999999999999913e+00 1.307500000000000107e+00 3.778500000000000192e+00 1.467000000000000082e+00
2.500000000000000000e+01 4.412000000000000000e+03 -1.000000000000000000e+00 -1.000000000000000000e+00 -1.000000000000000000e+00 -1.000000000000000000e+00 -1.000000000000000000e+00 1.417384000000000015e+03 1.210785000000000082e+03 1.264000000000000012e+00 1.282999999999999918e+00 2.811999999999999833e+00 1.855499999999999927e+00
2.500000000000000000e+01 4.391000000000000000e+03 -1.000000000000000000e+00 -1.000000000000000000e+00 -1.000000000000000000e+00 -1.000000000000000000e+00 -1.000000000000000000e+00 1.371452999999999975e+03 1.153567999999999984e+03 3.200000000000000178e+00 9.685000000000000275e-01 3.128000000000000114e+00 1.036999999999999922e+00
2.500000000000000000e+01 4.405000000000000000e+03 -1.000000000000000000e+00 -1.000000000000000000e+00 -1.000000000000000000e+00 -1.000000000000000000e+00 -1.000000000000000000e+00 1.392859999999999900e+03 1.174038000000000011e+03 2.206999999999999851e+00 1.307500000000000107e+00 3.778500000000000192e+00 1.467000000000000082e+00
2.600000000000000000e+01 4.412000000000000000e+03 -1.000000000000000000e+00 -1.000000000000000000e+00 -1.000000000000000000e+00 -1.000000000000000000e+00 -1.000000000000000000e+00 1.417393000000000029e+03 1.210839999999999918e+03 1.530000000000000027e+00 1.282999999999999918e+00 2.811999999999999833e+00 1.855499999999999927e+00
2.600000000000000000e+01 4.405000000000000000e+03 -1.000000000000000000e+00 -1.000000000000000000e+00 -1.000000000000000000e+00 -1.000000000000000000e+00 -1.000000000000000000e+00 1.391821999999999889e+03 1.172413000000000011e+03 2.400999999999999801e+00 1.307500000000000107e+00 3.778500000000000192e+00 1.467000000000000082e+00
2.700000000000000000e+01 4.412000000000000000e+03 -1.000000000000000000e+00 -1.000000000000000000e+00 -1.000000000000000000e+00 -1.000000000000000000e+00 -1.000000000000000000e+00 1.417407999999999902e+03 1.210906999999999925e+03 1.663999999999999924e+00 1.282999999999999918e+00 2.811999999999999833e+00 1.855499999999999927e+00
2.700000000000000000e+01 4.405000000000000000e+03 -1.000000000000000000e+00 -1.000000000000000000e+00 -1.000000000000000000e+00 -1.000000000000000000e+00 -1.000000000000000000e+00 1.390942999999999984e+03 1.171038000000000011e+03 2.696000000000000174e+00 1.307500000000000107e+00 3.778500000000000192e+00 1.467000000000000082e+00
2.800000000000000000e+01 4.412000000000000000e+03 -1.000000000000000000e+00 -1.000000000000000000e+00 -1.000000000000000000e+00 -1.000000000000000000e+00 -1.000000000000000000e+00 1.417423000000000002e+03 1.210972999999999956e+03 1.796999999999999931e+00 1.282999999999999918e+00 2.811999999999999833e+00 1.855499999999999927e+00
2.800000000000000000e+01 4.405000000000000000e+03 -1.000000000000000000e+00 -1.000000000000000000e+00 -1.000000000000000000e+00 -1.000000000000000000e+00 -1.000000000000000000e+00 1.389990000000000009e+03 1.169613000000000056e+03 2.923000000000000043e+00 1.307500000000000107e+00 3.778500000000000192e+00 1.467000000000000082e+00
2.900000000000000000e+01 4.412000000000000000e+03 -1.000000000000000000e+00 -1.000000000000000000e+00 -1.000000000000000000e+00 -1.000000000000000000e+00 -1.000000000000000000e+00 1.417438000000000102e+03 1.211038999999999987e+03 1.929999999999999938e+00 1.282999999999999918e+00 2.811999999999999833e+00 1.855499999999999927e+00
2.900000000000000000e+01 4.405000000000000000e+03 -1.000000000000000000e+00 -1.000000000000000000e+00 -1.000000000000000000e+00 -1.000000000000000000e+00 -1.000000000000000000e+00 1.389027000000000044e+03 1.168192000000000007e+03 3.149999999999999911e+00 1.307500000000000107e+00 3.778500000000000192e+00 1.467000000000000082e+00
3.000000000000000000e+01 4.412000000000000000e+03 -1.000000000000000000e+00 -1.000000000000000000e+00 -1.000000000000000000e+00 -1.000000000000000000e+00 -1.000000000000000000e+00 1.417386999999999944e+03 1.210888999999999896e+03 1.929999999999999938e+00 1.282999999999999918e+00 2.811999999999999833e+00 1.855499999999999927e+00
3.000000000000000000e+01 4.405000000000000000e+03 -1.000000000000000000e+00 -1.000000000000000000e+00 -1.000000000000000000e+00 -1.000000000000000000e+00 -1.000000000000000000e+00 1.388259000000000015e+03 1.167057000000000016e+03 3.331999999999999851e+00 1.307500000000000107e+00 3.778500000000000192e+00 1.467000000000000082e+00
3.100000000000000000e+01 4.412000000000000000e+03 -1.000000000000000000e+00 -1.000000000000000000e+00 -1.000000000000000000e+00 -1.000000000000000000e+00 -1.000000000000000000e+00 1.417323000000000093e+03 1.210701999999999998e+03 1.929999999999999938e+00 1.282999999999999918e+00 2.811999999999999833e+00 1.855499999999999927e+00
3.200000000000000000e+01 4.412000000000000000e+03 -1.000000000000000000e+00 -1.000000000000000000e+00 -1.000000000000000000e+00 -1.000000000000000000e+00 -1.000000000000000000e+00 1.417054000000000087e+03 1.210200000000000045e+03 2.040000000000000036e+00 1.282999999999999918e+00 2.811999999999999833e+00 1.855499999999999927e+00
3.300000000000000000e+01 4.412000000000000000e+03 -1.000000000000000000e+00 -1.000000000000000000e+00 -1.000000000000000000e+00 -1.000000000000000000e+00 -1.000000000000000000e+00 1.416755000000000109e+03 1.209678000000000111e+03 2.164000000000000146e+00 1.282999999999999918e+00 2.811999999999999833e+00 1.855499999999999927e+00
3.400000000000000000e+01 4.412000000000000000e+03 -1.000000000000000000e+00 -1.000000000000000000e+00 -1.000000000000000000e+00 -1.000000000000000000e+00 -1.000000000000000000e+00 1.416460000000000036e+03 1.209163999999999987e+03 2.285000000000000142e+00 1.282999999999999918e+00 2.811999999999999833e+00 1.855499999999999927e+00
3.500000000000000000e+01 4.412000000000000000e+03 -1.000000000000000000e+00 -1.000000000000000000e+00 -1.000000000000000000e+00 -1.000000000000000000e+00 -1.000000000000000000e+00 1.416163000000000011e+03 1.208645999999999958e+03 2.407999999999999918e+00 1.282999999999999918e+00 2.811999999999999833e+00 1.855499999999999927e+00
3.600000000000000000e+01 4.412000000000000000e+03 -1.000000000000000000e+00 -1.000000000000000000e+00 -1.000000000000000000e+00 -1.000000000000000000e+00 -1.000000000000000000e+00 1.415865999999999985e+03 1.208128999999999905e+03 2.529999999999999805e+00 1.282999999999999918e+00 2.811999999999999833e+00 1.855499999999999927e+00
3.700000000000000000e+01 4.412000000000000000e+03 -1.000000000000000000e+00 -1.000000000000000000e+00 -1.000000000000000000e+00 -1.000000000000000000e+00 -1.000000000000000000e+00 1.415342000000000098e+03 1.207220000000000027e+03 2.619000000000000217e+00 1.282999999999999918e+00 2.811999999999999833e+00 1.855499999999999927e+00
3.800000000000000000e+01 4.412000000000000000e+03 -1.000000000000000000e+00 -1.000000000000000000e+00 -1.000000000000000000e+00 -1.000000000000000000e+00 -1.000000000000000000e+00 1.414817999999999984e+03 1.206309999999999945e+03 2.709000000000000075e+00 1.282999999999999918e+00 2.811999999999999833e+00 1.855499999999999927e+00
3.900000000000000000e+01 4.412000000000000000e+03 -1.000000000000000000e+00 -1.000000000000000000e+00 -1.000000000000000000e+00 -1.000000000000000000e+00 -1.000000000000000000e+00 1.414294000000000096e+03 1.205401000000000067e+03 2.798000000000000043e+00 1.282999999999999918e+00 2.811999999999999833e+00 1.855499999999999927e+00
4.000000000000000000e+01 4.412000000000000000e+03 -1.000000000000000000e+00 -1.000000000000000000e+00 -1.000000000000000000e+00 -1.000000000000000000e+00 -1.000000000000000000e+00 1.413823000000000093e+03 1.204573000000000093e+03 2.887000000000000011e+00 1.282999999999999918e+00 2.811999999999999833e+00 1.855499999999999927e+00
4.000000000000000000e+01 4.427000000000000000e+03 -1.000000000000000000e+00 -1.000000000000000000e+00 -1.000000000000000000e+00 -1.000000000000000000e+00 -1.000000000000000000e+00 1.414490000000000009e+03 1.254087999999999965e+03 1.070000000000000062e+00 1.292000000000000037e+00 2.250500000000000167e+00 1.421499999999999986e+00
4.100000000000000000e+01 4.412000000000000000e+03 -1.000000000000000000e+00 -1.000000000000000000e+00 -1.000000000000000000e+00 -1.000000000000000000e+00 -1.000000000000000000e+00 1.413352000000000089e+03 1.203743999999999915e+03 2.975999999999999979e+00 1.282999999999999918e+00 2.811999999999999833e+00 1.855499999999999927e+00
4.100000000000000000e+01 4.427000000000000000e+03 -1.000000000000000000e+00 -1.000000000000000000e+00 -1.000000000000000000e+00 -1.000000000000000000e+00 -1.000000000000000000e+00 1.414490000000000009e+03 1.254087999999999965e+03 1.070000000000000062e+00 1.292000000000000037e+00 2.250500000000000167e+00 1.421499999999999986e+00
