1.000000000000000000e+00 4.811000000000000000e+03 -1.000000000000000000e+00 -1.000000000000000000e+00 -1.000000000000000000e+00 -1.000000000000000000e+00 -1.000000000000000000e+00 1.112846999999999980e+03 1.598443999999999960e+03 1.649999999999999911e+00 1.381000000000000005e+00 5.577499999999999680e+00 1.561500000000000110e+00
2.000000000000000000e+00 4.811000000000000000e+03 -1.000000000000000000e+00 -1.000000000000000000e+00 -1.000000000000000000e+00 -1.000000000000000000e+00 -1.000000000000000000e+00 1.113944999999999936e+03 1.597778999999999996e+03 1.655999999999999917e+00 1.381000000000000005e+00 5.577499999999999680e+00 1.561500000000000110e+00
3.000000000000000000e+00 4.811000000000000000e+03 -1.000000000000000000e+00 -1.000000000000000000e+00 -1.000000000000000000e+00 -1.000000000000000000e+00 -1.000000000000000000e+00 1.115042999999999893e+03 1.597113000000000056e+03 1.661999999999999922e+00 1.381000000000000005e+00 5.577499999999999680e+00 1.561500000000000110e+00
4.000000000000000000e+00 4.811000000000000000e+03 -1.000000000000000000e+00 -1.000000000000000000e+00 -1.000000000000000000e+00 -1.000000000000000000e+00 -1.000000000000000000e+00 1.116142000000000053e+03 1.596446999999999889e+03 1.667999999999999927e+00 1.381000000000000005e+00 5.577499999999999680e+00 1.561500000000000110e+00
5.000000000000000000e+00 4.811000000000000000e+03 -1.000000000000000000e+00 -1.000000000000000000e+00 -1.000000000000000000e+00 -1.000000000000000000e+00 -1.000000000000000000e+00 1.117503999999999905e+03 1.595616999999999962e+03 1.673999999999999932e+00 1.381000000000000005e+00 5.577499999999999680e+00 1.561500000000000110e+00
6.000000000000000000e+00 4.811000000000000000e+03 -1.000000000000000000e+00 -1.000000000000000000e+00 -1.000000000000000000e+00 -1.000000000000000000e+00 -1.000000000000000000e+00 1.118865000000000009e+03 1.594787000000000035e+03 1.679999999999999938e+00 1.381000000000000005e+00 5.577499999999999680e+00 1.561500000000000110e+00
7.000000000000000000e+00 4.811000000000000000e+03 -1.000000000000000000e+00 -1.000000000000000000e+00 -1.000000000000000000e+00 -1.000000000000000000e+00 -1.000000000000000000e+00 1.120226000000000113e+03 1.593957000000000107e+03 1.685999999999999943e+00 1.381000000000000005e+00 5.577499999999999680e+00 1.561500000000000110e+00
8.000000000000000000e+00 4.811000000000000000e+03 -1.000000000000000000e+00 -1.000000000000000000e+00 -1.000000000000000000e+00 -1.000000000000000000e+00 -1.000000000000000000e+00 1.121586000000000013e+03 1.593127999999999929e+03 1.691999999999999948e+00 1.381000000000000005e+00 5.577499999999999680e+00 1.561500000000000110e+00
9.000000000000000000e+00 4.811000000000000000e+03 -1.000000000000000000e+00 -1.000000000000000000e+00 -1.000000000000000000e+00 -1.000000000000000000e+00 -1.000000000000000000e+00 1.123203999999999951e+03 1.592106999999999971e+03 1.683999999999999941e+00 1.381000000000000005e+00 5.577499999999999680e+00 1.561500000000000110e+00
1.000000000000000000e+01 4.811000000000000000e+03 -1.000000000000000000e+00 -1.000000000000000000e+00 -1.000000000000000000e+00 -1.000000000000000000e+00 -1.000000000000000000e+00 1.124823000000000093e+03 1.591085000000000036e+03 1.675000000000000044e+00 1.381000000000000005e+00 5.577499999999999680e+00 1.561500000000000110e+00
1.100000000000000000e+01 4.811000000000000000e+03 -1.000000000000000000e+00 -1.000000000000000000e+00 -1.000000000000000000e+00 -1.000000000000000000e+00 -1.000000000000000000e+00 1.126442999999999984e+03 1.590063000000000102e+03 1.667000000000000037e+00 1.381000000000000005e+00 5.577499999999999680e+00 1.561500000000000110e+00
1.200000000000000000e+01 4.811000000000000000e+03 -1.000000000000000000e+00 -1.000000000000000000e+00 -1.000000000000000000e+00 -1.000000000000000000e+00 -1.000000000000000000e+00 1.128058999999999969e+03 1.589042999999999893e+03 1.657999999999999918e+00 1.381000000000000005e+00 5.577499999999999680e+00 1.561500000000000110e+00
1.300000000000000000e+01 4.811000000000000000e+03 -1.000000000000000000e+00 -1.000000000000000000e+00 -1.000000000000000000e+00 -1.000000000000000000e+00 -1.000000000000000000e+00 1.129513999999999896e+03 1.588125000000000000e+03 1.649999999999999911e+00 1.381000000000000005e+00 5.577499999999999680e+00 1.561500000000000110e+00
1.400000000000000000e+01 4.811000000000000000e+03 -1.000000000000000000e+00 -1.000000000000000000e+00 -1.000000000000000000e+00 -1.000000000000000000e+00 -1.000000000000000000e+00 1.131162000000000035e+03 1.587184999999999945e+03 1.647999999999999909e+00 1.381000000000000005e+00 5.577499999999999680e+00 1.561500000000000110e+00
1.500000000000000000e+01 4.811000000000000000e+03 -1.000000000000000000e+00 -1.000000000000000000e+00 -1.000000000000000000e+00 -1.000000000000000000e+00 -1.000000000000000000e+00 1.132843000000000075e+03 1.586300999999999931e+03 1.645999999999999908e+00 1.381000000000000005e+00 5.577499999999999680e+00 1.561500000000000110e+00
1.600000000000000000e+01 4.811000000000000000e+03 -1.000000000000000000e+00 -1.000000000000000000e+00 -1.000000000000000000e+00 -1.000000000000000000e+00 -1.000000000000000000e+00 1.134509999999999991e+03 1.585646999999999935e+03 1.643999999999999906e+00 1.381000000000000005e+00 5.577499999999999680e+00 1.561500000000000110e+00
1.700000000000000000e+01 4.811000000000000000e+03 -1.000000000000000000e+00 -1.000000000000000000e+00 -1.000000000000000000e+00 -1.000000000000000000e+00 -1.000000000000000000e+00 1.136162000000000035e+03 1.585277000000000044e+03 1.641000000000000014e+00 1.381000000000000005e+00 5.577499999999999680e+00 1.561500000000000110e+00
1.800000000000000000e+01 4.811000000000000000e+03 -1.000000000000000000e+00 -1.000000000000000000e+00 -1.000000000000000000e+00 -1.000000000000000000e+00 -1.000000000000000000e+00 1.137836999999999989e+03 1.585067000000000007e+03 1.639000000000000012e+00 1.381000000000000005e+00 5.577499999999999680e+00 1.561500000000000110e+00
1.900000000000000000e+01 4.811000000000000000e+03 -1.000000000000000000e+00 -1.000000000000000000e+00 -1.000000000000000000e+00 -1.000000000000000000e+00 -1.000000000000000000e+00 1.139623000000000047e+03 1.585109999999999900e+03 1.637000000000000011e+00 1.381000000000000005e+00 5.577499999999999680e+00 1.561500000000000110e+00
2.000000000000000000e+01 4.811000000000000000e+03 -1.000000000000000000e+00 -1.000000000000000000e+00 -1.000000000000000000e+00 -1.000000000000000000e+00 -1.000000000000000000e+00 1.141461999999999989e+03 1.585357999999999947e+03 1.635000000000000009e+00 1.381000000000000005e+00 5.577499999999999680e+00 1.561500000000000110e+00
2.100000000000000000e+01 4.811000000000000000e+03 -1.000000000000000000e+00 -1.000000000000000000e+00 -1.000000000000000000e+00 -1.000000000000000000e+00 -1.000000000000000000e+00 1.143261999999999944e+03 1.585746000000000095e+03 1.631999999999999895e+00 1.381000000000000005e+00 5.577499999999999680e+00 1.561500000000000110e+00
2.200000000000000000e+01 4.811000000000000000e+03 -1.000000000000000000e+00 -1.000000000000000000e+00 -1.000000000000000000e+00 -1.000000000000000000e+00 -1.000000000000000000e+00 1.145196999999999889e+03 1.586478000000000065e+03 1.655000000000000027e+00 1.381000000000000005e+00 5.577499999999999680e+00 1.561500000000000110e+00
2.300000000000000000e+01 4.811000000000000000e+03 -1.000000000000000000e+00 -1.000000000000000000e+00 -1.000000000000000000e+00 -1.000000000000000000e+00 -1.000000000000000000e+00 1.147025000000000091e+03 1.587441000000000031e+03 1.677999999999999936e+00 1.381000000000000005e+00 5.577499999999999680e+00 1.561500000000000110e+00
2.400000000000000000e+01 4.811000000000000000e+03 -1.000000000000000000e+00 -1.000000000000000000e+00 -1.000000000000000000e+00 -1.000000000000000000e+00 -1.000000000000000000e+00 1.148923000000000002e+03 1.588778999999999996e+03 1.649000000000000021e+00 1.381000000000000005e+00 5.577499999999999680e+00 1.561500000000000110e+00
2.500000000000000000e+01 4.811000000000000000e+03 -1.000000000000000000e+00 -1.000000000000000000e+00 -1.000000000000000000e+00 -1.000000000000000000e+00 -1.000000000000000000e+00 1.150476000000000113e+03 1.590207000000000107e+03 1.622999999999999998e+00 1.381000000000000005e+00 5.577499999999999680e+00 1.561500000000000110e+00
2.600000000000000000e+01 4.811000000000000000e+03 -1.000000000000000000e+00 -1.000000000000000000e+00 -1.000000000000000000e+00 -1.000000000000000000e+00 -1.000000000000000000e+00 1.151900000000000091e+03 1.591753999999999905e+03 1.596999999999999975e+00 1.381000000000000005e+00 5.577499999999999680e+00 1.561500000000000110e+00
2.700000000000000000e+01 4.811000000000000000e+03 -1.000000000000000000e+00 -1.000000000000000000e+00 -1.000000000000000000e+00 -1.000000000000000000e+00 -1.000000000000000000e+00 1.153154999999999973e+03 1.593441000000000031e+03 1.570999999999999952e+00 1.381000000000000005e+00 5.577499999999999680e+00 1.561500000000000110e+00
