1.000000000000000000e+00 2.958000000000000000e+03 -1.000000000000000000e+00 -1.000000000000000000e+00 -1.000000000000000000e+00 -1.000000000000000000e+00 -1.000000000000000000e+00 1.718410000000000082e+03 1.259619999999999891e+03 9.789999999999999813e-01 2.814999999999999725e-01 5.765000000000000124e-01 8.595000000000000417e-01
1.000000000000000000e+00 2.965000000000000000e+03 -1.000000000000000000e+00 -1.000000000000000000e+00 -1.000000000000000000e+00 -1.000000000000000000e+00 -1.000000000000000000e+00 1.732415999999999940e+03 1.235386999999999944e+03 6.660000000000000364e-01 1.839999999999999969e-01 4.709999999999999742e-01 6.225000000000000533e-01
2.000000000000000000e+00 2.958000000000000000e+03 -1.000000000000000000e+00 -1.000000000000000000e+00 -1.000000000000000000e+00 -1.000000000000000000e+00 -1.000000000000000000e+00 1.716465999999999894e+03 1.260541999999999916e+03 1.193000000000000060e+00 2.814999999999999725e-01 5.765000000000000124e-01 8.595000000000000417e-01
2.000000000000000000e+00 2.965000000000000000e+03 -1.000000000000000000e+00 -1.000000000000000000e+00 -1.000000000000000000e+00 -1.000000000000000000e+00 -1.000000000000000000e+00 1.732415999999999940e+03 1.235386999999999944e+03 6.800000000000000488e-01 1.839999999999999969e-01 4.709999999999999742e-01 6.225000000000000533e-01
3.000000000000000000e+00 2.958000000000000000e+03 -1.000000000000000000e+00 -1.000000000000000000e+00 -1.000000000000000000e+00 -1.000000000000000000e+00 -1.000000000000000000e+00 1.714903000000000020e+03 1.261319999999999936e+03 1.100000000000000089e+00 2.814999999999999725e-01 5.765000000000000124e-01 8.595000000000000417e-01
3.000000000000000000e+00 2.965000000000000000e+03 -1.000000000000000000e+00 -1.000000000000000000e+00 -1.000000000000000000e+00 -1.000000000000000000e+00 -1.000000000000000000e+00 1.732415999999999940e+03 1.235386999999999944e+03 6.929999999999999494e-01 1.839999999999999969e-01 4.709999999999999742e-01 6.225000000000000533e-01
4.000000000000000000e+00 2.965000000000000000e+03 -1.000000000000000000e+00 -1.000000000000000000e+00 -1.000000000000000000e+00 -1.000000000000000000e+00 -1.000000000000000000e+00 1.732415999999999940e+03 1.235386999999999944e+03 7.079999999999999627e-01 1.839999999999999969e-01 4.709999999999999742e-01 6.225000000000000533e-01
5.000000000000000000e+00 2.965000000000000000e+03 -1.000000000000000000e+00 -1.000000000000000000e+00 -1.000000000000000000e+00 -1.000000000000000000e+00 -1.000000000000000000e+00 1.732415999999999940e+03 1.235386999999999944e+03 7.219999999999999751e-01 1.839999999999999969e-01 4.709999999999999742e-01 6.225000000000000533e-01
6.000000000000000000e+00 2.965000000000000000e+03 -1.000000000000000000e+00 -1.000000000000000000e+00 -1.000000000000000000e+00 -1.000000000000000000e+00 -1.000000000000000000e+00 1.732415999999999940e+03 1.235386999999999944e+03 7.359999999999999876e-01 1.839999999999999969e-01 4.709999999999999742e-01 6.225000000000000533e-01
7.000000000000000000e+00 2.965000000000000000e+03 -1.000000000000000000e+00 -1.000000000000000000e+00 -1.000000000000000000e+00 -1.000000000000000000e+00 -1.000000000000000000e+00 1.732415999999999940e+03 1.235386999999999944e+03 7.508351607327854449e-01 1.839999999999999969e-01 4.709999999999999742e-01 6.225000000000000533e-01
8.000000000000000000e+00 2.965000000000000000e+03 -1.000000000000000000e+00 -1.000000000000000000e+00 -1.000000000000000000e+00 -1.000000000000000000e+00 -1.000000000000000000e+00 1.732415999999999940e+03 1.235386999999999944e+03 7.434178180488850707e-01 1.839999999999999969e-01 4.709999999999999742e-01 6.225000000000000533e-01
9.000000000000000000e+00 2.965000000000000000e+03 -1.000000000000000000e+00 -1.000000000000000000e+00 -1.000000000000000000e+00 -1.000000000000000000e+00 -1.000000000000000000e+00 1.732415999999999940e+03 1.235386999999999944e+03 7.590000000000000080e-01 1.839999999999999969e-01 4.709999999999999742e-01 6.225000000000000533e-01
1.000000000000000000e+01 2.965000000000000000e+03 -1.000000000000000000e+00 -1.000000000000000000e+00 -1.000000000000000000e+00 -1.000000000000000000e+00 -1.000000000000000000e+00 1.732416000000000167e+03 1.235386999999999944e+03 7.456689925826406329e-01 1.839999999999999969e-01 4.709999999999999742e-01 6.225000000000000533e-01
1.100000000000000000e+01 2.965000000000000000e+03 -1.000000000000000000e+00 -1.000000000000000000e+00 -1.000000000000000000e+00 -1.000000000000000000e+00 -1.000000000000000000e+00 1.732415999999999940e+03 1.235386999999999944e+03 7.523311008097789410e-01 1.839999999999999969e-01 4.709999999999999742e-01 6.225000000000000533e-01
1.200000000000000000e+01 2.965000000000000000e+03 -1.000000000000000000e+00 -1.000000000000000000e+00 -1.000000000000000000e+00 -1.000000000000000000e+00 -1.000000000000000000e+00 1.732415999999999940e+03 1.235386999999999944e+03 7.389999999999999902e-01 1.839999999999999969e-01 4.709999999999999742e-01 6.225000000000000533e-01
