1.000000000000000000e+00 1.413000000000000000e+03 -1.000000000000000000e+00 -1.000000000000000000e+00 -1.000000000000000000e+00 -1.000000000000000000e+00 -1.000000000000000000e+00 1.020537000000000035e+03 1.371798000000000002e+03 1.256999999999999895e+00 9.945000000000000506e-01 2.954499999999999904e+00 1.038000000000000034e+00
1.000000000000000000e+00 1.427000000000000000e+03 -1.000000000000000000e+00 -1.000000000000000000e+00 -1.000000000000000000e+00 -1.000000000000000000e+00 -1.000000000000000000e+00 1.011587999999999965e+03 1.347088999999999942e+03 1.282999999999999918e+00 1.243999999999999995e+00 1.966499999999999915e+00 1.506999999999999895e+00
1.000000000000000000e+00 1.433000000000000000e+03 -1.000000000000000000e+00 -1.000000000000000000e+00 -1.000000000000000000e+00 -1.000000000000000000e+00 -1.000000000000000000e+00 9.802400000000000091e+02 1.408625000000000000e+03 9.649999999999999689e-01 1.096500000000000030e+00 3.064999999999999947e+00 1.081499999999999906e+00
1.000000000000000000e+00 1.446000000000000000e+03 -1.000000000000000000e+00 -1.000000000000000000e+00 -1.000000000000000000e+00 -1.000000000000000000e+00 -1.000000000000000000e+00 9.961059999999999945e+02 1.405055000000000064e+03 8.100000000000000533e-01 1.091499999999999915e+00 2.537500000000000089e+00 9.000000000000000222e-01
2.000000000000000000e+00 1.413000000000000000e+03 -1.000000000000000000e+00 -1.000000000000000000e+00 -1.000000000000000000e+00 -1.000000000000000000e+00 -1.000000000000000000e+00 1.024715999999999894e+03 1.372141000000000076e+03 1.191000000000000059e+00 9.945000000000000506e-01 2.954499999999999904e+00 1.038000000000000034e+00
2.000000000000000000e+00 1.427000000000000000e+03 -1.000000000000000000e+00 -1.000000000000000000e+00 -1.000000000000000000e+00 -1.000000000000000000e+00 -1.000000000000000000e+00 1.012802999999999997e+03 1.348673999999999978e+03 1.245999999999999996e+00 1.243999999999999995e+00 1.966499999999999915e+00 1.506999999999999895e+00
2.000000000000000000e+00 1.433000000000000000e+03 -1.000000000000000000e+00 -1.000000000000000000e+00 -1.000000000000000000e+00 -1.000000000000000000e+00 -1.000000000000000000e+00 9.802000000000000455e+02 1.408557000000000016e+03 9.739999999999999769e-01 1.096500000000000030e+00 3.064999999999999947e+00 1.081499999999999906e+00
2.000000000000000000e+00 1.446000000000000000e+03 -1.000000000000000000e+00 -1.000000000000000000e+00 -1.000000000000000000e+00 -1.000000000000000000e+00 -1.000000000000000000e+00 9.959148993732886765e+02 1.405210581923840891e+03 7.999947315857927066e-01 1.091499999999999915e+00 2.537500000000000089e+00 9.000000000000000222e-01
3.000000000000000000e+00 1.413000000000000000e+03 -1.000000000000000000e+00 -1.000000000000000000e+00 -1.000000000000000000e+00 -1.000000000000000000e+00 -1.000000000000000000e+00 1.028945999999999913e+03 1.372516000000000076e+03 1.223999999999999977e+00 9.945000000000000506e-01 2.954499999999999904e+00 1.038000000000000034e+00
3.000000000000000000e+00 1.450000000000000000e+03 -1.000000000000000000e+00 -1.000000000000000000e+00 -1.000000000000000000e+00 -1.000000000000000000e+00 -1.000000000000000000e+00 1.033490999999999985e+03 1.412125999999999976e+03 9.200000000000000400e-01 9.409999999999999476e-01 1.903499999999999970e+00 9.304999999999999938e-01
3.000000000000000000e+00 1.427000000000000000e+03 -1.000000000000000000e+00 -1.000000000000000000e+00 -1.000000000000000000e+00 -1.000000000000000000e+00 -1.000000000000000000e+00 1.013938999999999965e+03 1.350047000000000025e+03 1.209999999999999964e+00 1.243999999999999995e+00 1.966499999999999915e+00 1.506999999999999895e+00
3.000000000000000000e+00 1.433000000000000000e+03 -1.000000000000000000e+00 -1.000000000000000000e+00 -1.000000000000000000e+00 -1.000000000000000000e+00 -1.000000000000000000e+00 9.802029999999999745e+02 1.408561999999999898e+03 9.829999999999999849e-01 1.096500000000000030e+00 3.064999999999999947e+00 1.081499999999999906e+00
3.000000000000000000e+00 1.446000000000000000e+03 -1.000000000000000000e+00 -1.000000000000000000e+00 -1.000000000000000000e+00 -1.000000000000000000e+00 -1.000000000000000000e+00 9.957240000000000464e+02 1.405365999999999985e+03 7.900000000000000355e-01 1.091499999999999915e+00 2.537500000000000089e+00 9.000000000000000222e-01
4.000000000000000000e+00 1.413000000000000000e+03 -1.000000000000000000e+00 -1.000000000000000000e+00 -1.000000000000000000e+00 -1.000000000000000000e+00 -1.000000000000000000e+00 1.033451999999999998e+03 1.372944999999999936e+03 1.183000000000000052e+00 9.945000000000000506e-01 2.954499999999999904e+00 1.038000000000000034e+00
4.000000000000000000e+00 1.450000000000000000e+03 -1.000000000000000000e+00 -1.000000000000000000e+00 -1.000000000000000000e+00 -1.000000000000000000e+00 -1.000000000000000000e+00 1.033500000000000000e+03 1.412153999999999996e+03 9.060000000000000275e-01 9.409999999999999476e-01 1.903499999999999970e+00 9.304999999999999938e-01
4.000000000000000000e+00 1.427000000000000000e+03 -1.000000000000000000e+00 -1.000000000000000000e+00 -1.000000000000000000e+00 -1.000000000000000000e+00 -1.000000000000000000e+00 1.014999000000000024e+03 1.351411000000000058e+03 1.173000000000000043e+00 1.243999999999999995e+00 1.966499999999999915e+00 1.506999999999999895e+00
4.000000000000000000e+00 1.433000000000000000e+03 -1.000000000000000000e+00 -1.000000000000000000e+00 -1.000000000000000000e+00 -1.000000000000000000e+00 -1.000000000000000000e+00 9.801839999999999691e+02 1.408529999999999973e+03 9.929999999999999938e-01 1.096500000000000030e+00 3.064999999999999947e+00 1.081499999999999906e+00
4.000000000000000000e+00 1.446000000000000000e+03 -1.000000000000000000e+00 -1.000000000000000000e+00 -1.000000000000000000e+00 -1.000000000000000000e+00 -1.000000000000000000e+00 9.958469999999999800e+02 1.405332000000000107e+03 7.800000000000000266e-01 1.091499999999999915e+00 2.537500000000000089e+00 9.000000000000000222e-01
5.000000000000000000e+00 1.413000000000000000e+03 -1.000000000000000000e+00 -1.000000000000000000e+00 -1.000000000000000000e+00 -1.000000000000000000e+00 -1.000000000000000000e+00 1.037472999999999956e+03 1.373439000000000078e+03 1.159000000000000030e+00 9.945000000000000506e-01 2.954499999999999904e+00 1.038000000000000034e+00
5.000000000000000000e+00 1.427000000000000000e+03 -1.000000000000000000e+00 -1.000000000000000000e+00 -1.000000000000000000e+00 -1.000000000000000000e+00 -1.000000000000000000e+00 1.015730999999999995e+03 1.352405999999999949e+03 1.177999999999999936e+00 1.243999999999999995e+00 1.966499999999999915e+00 1.506999999999999895e+00
5.000000000000000000e+00 1.433000000000000000e+03 -1.000000000000000000e+00 -1.000000000000000000e+00 -1.000000000000000000e+00 -1.000000000000000000e+00 -1.000000000000000000e+00 9.801649999999999636e+02 1.408498000000000047e+03 1.002000000000000002e+00 1.096500000000000030e+00 3.064999999999999947e+00 1.081499999999999906e+00
5.000000000000000000e+00 1.446000000000000000e+03 -1.000000000000000000e+00 -1.000000000000000000e+00 -1.000000000000000000e+00 -1.000000000000000000e+00 -1.000000000000000000e+00 9.955575092898993717e+02 1.405518140859661798e+03 7.966693307159697923e-01 1.091499999999999915e+00 2.537500000000000089e+00 9.000000000000000222e-01
5.000000000000000000e+00 1.450000000000000000e+03 -1.000000000000000000e+00 -1.000000000000000000e+00 -1.000000000000000000e+00 -1.000000000000000000e+00 -1.000000000000000000e+00 1.033393435045781416e+03 1.412358322887427221e+03 1.024894783632167128e+00 9.409999999999999476e-01 1.903499999999999970e+00 9.304999999999999938e-01
6.000000000000000000e+00 1.413000000000000000e+03 -1.000000000000000000e+00 -1.000000000000000000e+00 -1.000000000000000000e+00 -1.000000000000000000e+00 -1.000000000000000000e+00 1.041740999999999985e+03 1.374258000000000038e+03 1.183999999999999941e+00 9.945000000000000506e-01 2.954499999999999904e+00 1.038000000000000034e+00
6.000000000000000000e+00 1.427000000000000000e+03 -1.000000000000000000e+00 -1.000000000000000000e+00 -1.000000000000000000e+00 -1.000000000000000000e+00 -1.000000000000000000e+00 1.016429999999999950e+03 1.353358999999999924e+03 1.183000000000000052e+00 1.243999999999999995e+00 1.966499999999999915e+00 1.506999999999999895e+00
6.000000000000000000e+00 1.446000000000000000e+03 -1.000000000000000000e+00 -1.000000000000000000e+00 -1.000000000000000000e+00 -1.000000000000000000e+00 -1.000000000000000000e+00 9.953260000000000218e+02 1.405666999999999916e+03 8.100000000000000533e-01 1.091499999999999915e+00 2.537500000000000089e+00 9.000000000000000222e-01
6.000000000000000000e+00 1.433000000000000000e+03 -1.000000000000000000e+00 -1.000000000000000000e+00 -1.000000000000000000e+00 -1.000000000000000000e+00 -1.000000000000000000e+00 9.800949222970575647e+02 1.408380369570061021e+03 1.049052171975584979e+00 1.096500000000000030e+00 3.064999999999999947e+00 1.081499999999999906e+00
6.000000000000000000e+00 1.450000000000000000e+03 -1.000000000000000000e+00 -1.000000000000000000e+00 -1.000000000000000000e+00 -1.000000000000000000e+00 -1.000000000000000000e+00 1.033411485343700178e+03 1.412323714051748084e+03 1.004756021491449713e+00 9.409999999999999476e-01 1.903500000000000192e+00 9.304999999999999938e-01
7.000000000000000000e+00 1.413000000000000000e+03 -1.000000000000000000e+00 -1.000000000000000000e+00 -1.000000000000000000e+00 -1.000000000000000000e+00 -1.000000000000000000e+00 1.046019000000000005e+03 1.374973999999999933e+03 1.209999999999999964e+00 9.945000000000000506e-01 2.954499999999999904e+00 1.038000000000000034e+00
7.000000000000000000e+00 1.427000000000000000e+03 -1.000000000000000000e+00 -1.000000000000000000e+00 -1.000000000000000000e+00 -1.000000000000000000e+00 -1.000000000000000000e+00 1.017009999999999991e+03 1.354173000000000002e+03 1.415999999999999925e+00 1.243999999999999995e+00 1.966499999999999915e+00 1.506999999999999895e+00
7.000000000000000000e+00 1.433000000000000000e+03 -1.000000000000000000e+00 -1.000000000000000000e+00 -1.000000000000000000e+00 -1.000000000000000000e+00 -1.000000000000000000e+00 9.800249999999999773e+02 1.408262999999999920e+03 1.096000000000000085e+00 1.096500000000000030e+00 3.064999999999999947e+00 1.081499999999999906e+00
7.000000000000000000e+00 1.446000000000000000e+03 -1.000000000000000000e+00 -1.000000000000000000e+00 -1.000000000000000000e+00 -1.000000000000000000e+00 -1.000000000000000000e+00 9.953444568007544149e+02 1.405500415541908069e+03 8.611111405509239702e-01 1.091499999999999915e+00 2.537499999999999645e+00 8.999999999999999112e-01
7.000000000000000000e+00 1.450000000000000000e+03 -1.000000000000000000e+00 -1.000000000000000000e+00 -1.000000000000000000e+00 -1.000000000000000000e+00 -1.000000000000000000e+00 1.033429575759329964e+03 1.412289028296160268e+03 9.845724999209169992e-01 9.409999999999999476e-01 1.903499999999999748e+00 9.304999999999998828e-01
8.000000000000000000e+00 1.413000000000000000e+03 -1.000000000000000000e+00 -1.000000000000000000e+00 -1.000000000000000000e+00 -1.000000000000000000e+00 -1.000000000000000000e+00 1.050298000000000002e+03 1.375682999999999993e+03 1.169000000000000039e+00 9.945000000000000506e-01 2.954499999999999904e+00 1.038000000000000034e+00
8.000000000000000000e+00 1.427000000000000000e+03 -1.000000000000000000e+00 -1.000000000000000000e+00 -1.000000000000000000e+00 -1.000000000000000000e+00 -1.000000000000000000e+00 1.017532000000000039e+03 1.354844000000000051e+03 1.475000000000000089e+00 1.243999999999999995e+00 1.966499999999999915e+00 1.506999999999999895e+00
8.000000000000000000e+00 1.446000000000000000e+03 -1.000000000000000000e+00 -1.000000000000000000e+00 -1.000000000000000000e+00 -1.000000000000000000e+00 -1.000000000000000000e+00 9.953650000000000091e+02 1.405315000000000055e+03 9.180000000000000382e-01 1.091499999999999915e+00 2.537500000000000089e+00 9.000000000000000222e-01
8.000000000000000000e+00 1.450000000000000000e+03 -1.000000000000000000e+00 -1.000000000000000000e+00 -1.000000000000000000e+00 -1.000000000000000000e+00 -1.000000000000000000e+00 1.033445828884895036e+03 1.412257865278547797e+03 9.664388474308799326e-01 9.409999999999998366e-01 1.903499999999999748e+00 9.304999999999999938e-01
9.000000000000000000e+00 1.413000000000000000e+03 -1.000000000000000000e+00 -1.000000000000000000e+00 -1.000000000000000000e+00 -1.000000000000000000e+00 -1.000000000000000000e+00 1.055195999999999913e+03 1.376483999999999924e+03 1.243999999999999995e+00 9.945000000000000506e-01 2.954499999999999904e+00 1.038000000000000034e+00
9.000000000000000000e+00 1.427000000000000000e+03 -1.000000000000000000e+00 -1.000000000000000000e+00 -1.000000000000000000e+00 -1.000000000000000000e+00 -1.000000000000000000e+00 1.018184999999999945e+03 1.355686999999999898e+03 1.433000000000000052e+00 1.243999999999999995e+00 1.966499999999999915e+00 1.506999999999999895e+00
9.000000000000000000e+00 1.446000000000000000e+03 -1.000000000000000000e+00 -1.000000000000000000e+00 -1.000000000000000000e+00 -1.000000000000000000e+00 -1.000000000000000000e+00 9.954449560133718933e+02 1.405238042337129627e+03 8.735244675618611954e-01 1.091499999999999915e+00 2.537500000000000089e+00 9.000000000000000222e-01
9.000000000000000000e+00 1.450000000000000000e+03 -1.000000000000000000e+00 -1.000000000000000000e+00 -1.000000000000000000e+00 -1.000000000000000000e+00 -1.000000000000000000e+00 1.033463899079176372e+03 1.412223218294471280e+03 9.462778868690751022e-01 9.409999999999998366e-01 1.903499999999999970e+00 9.304999999999998828e-01
1.000000000000000000e+01 1.413000000000000000e+03 -1.000000000000000000e+00 -1.000000000000000000e+00 -1.000000000000000000e+00 -1.000000000000000000e+00 -1.000000000000000000e+00 1.060060999999999922e+03 1.377454999999999927e+03 1.419000000000000039e+00 9.945000000000000506e-01 2.954499999999999904e+00 1.038000000000000034e+00
1.000000000000000000e+01 1.427000000000000000e+03 -1.000000000000000000e+00 -1.000000000000000000e+00 -1.000000000000000000e+00 -1.000000000000000000e+00 -1.000000000000000000e+00 1.018831999999999994e+03 1.356429000000000087e+03 1.415999999999999925e+00 1.243999999999999995e+00 1.966499999999999915e+00 1.506999999999999895e+00
1.000000000000000000e+01 1.446000000000000000e+03 -1.000000000000000000e+00 -1.000000000000000000e+00 -1.000000000000000000e+00 -1.000000000000000000e+00 -1.000000000000000000e+00 9.955249999999999773e+02 1.405161000000000058e+03 8.289999999999999591e-01 1.091499999999999915e+00 2.537500000000000089e+00 9.000000000000000222e-01
1.000000000000000000e+01 1.450000000000000000e+03 -1.000000000000000000e+00 -1.000000000000000000e+00 -1.000000000000000000e+00 -1.000000000000000000e+00 -1.000000000000000000e+00 1.033481949413204802e+03 1.412188609389557541e+03 9.261390844408421419e-01 9.409999999999999476e-01 1.903499999999999970e+00 9.304999999999998828e-01
1.100000000000000000e+01 1.413000000000000000e+03 -1.000000000000000000e+00 -1.000000000000000000e+00 -1.000000000000000000e+00 -1.000000000000000000e+00 -1.000000000000000000e+00 1.064939000000000078e+03 1.378361000000000104e+03 1.395000000000000018e+00 9.945000000000000506e-01 2.954499999999999904e+00 1.038000000000000034e+00
1.100000000000000000e+01 1.450000000000000000e+03 -1.000000000000000000e+00 -1.000000000000000000e+00 -1.000000000000000000e+00 -1.000000000000000000e+00 -1.000000000000000000e+00 1.033378999999999905e+03 1.412385999999999967e+03 1.040999999999999925e+00 9.409999999999999476e-01 1.903499999999999970e+00 9.304999999999999938e-01
1.100000000000000000e+01 1.427000000000000000e+03 -1.000000000000000000e+00 -1.000000000000000000e+00 -1.000000000000000000e+00 -1.000000000000000000e+00 -1.000000000000000000e+00 1.019399999999999977e+03 1.357247000000000071e+03 1.449999999999999956e+00 1.243999999999999995e+00 1.966499999999999915e+00 1.506999999999999895e+00
1.100000000000000000e+01 1.446000000000000000e+03 -1.000000000000000000e+00 -1.000000000000000000e+00 -1.000000000000000000e+00 -1.000000000000000000e+00 -1.000000000000000000e+00 9.958108006198186786e+02 1.405294418772758945e+03 8.567673587975517258e-01 1.091499999999999915e+00 2.537500000000000089e+00 9.000000000000000222e-01
1.200000000000000000e+01 1.413000000000000000e+03 -1.000000000000000000e+00 -1.000000000000000000e+00 -1.000000000000000000e+00 -1.000000000000000000e+00 -1.000000000000000000e+00 1.069817000000000007e+03 1.379267000000000053e+03 1.336999999999999966e+00 9.945000000000000506e-01 2.954499999999999904e+00 1.038000000000000034e+00
1.200000000000000000e+01 1.450000000000000000e+03 -1.000000000000000000e+00 -1.000000000000000000e+00 -1.000000000000000000e+00 -1.000000000000000000e+00 -1.000000000000000000e+00 1.033402000000000044e+03 1.412374000000000024e+03 8.329999999999999627e-01 9.409999999999999476e-01 1.903499999999999970e+00 9.304999999999999938e-01
1.200000000000000000e+01 1.427000000000000000e+03 -1.000000000000000000e+00 -1.000000000000000000e+00 -1.000000000000000000e+00 -1.000000000000000000e+00 -1.000000000000000000e+00 1.019784999999999968e+03 1.357862000000000080e+03 1.383000000000000007e+00 1.243999999999999995e+00 1.966499999999999915e+00 1.506999999999999895e+00
1.200000000000000000e+01 1.446000000000000000e+03 -1.000000000000000000e+00 -1.000000000000000000e+00 -1.000000000000000000e+00 -1.000000000000000000e+00 -1.000000000000000000e+00 9.956611985627953345e+02 1.405224580845665059e+03 8.422325617881769588e-01 1.091499999999999915e+00 2.537500000000000089e+00 9.000000000000000222e-01
1.300000000000000000e+01 1.413000000000000000e+03 -1.000000000000000000e+00 -1.000000000000000000e+00 -1.000000000000000000e+00 -1.000000000000000000e+00 -1.000000000000000000e+00 1.074465999999999894e+03 1.379665999999999940e+03 1.348999999999999977e+00 9.945000000000000506e-01 2.954499999999999904e+00 1.038000000000000034e+00
1.300000000000000000e+01 1.450000000000000000e+03 -1.000000000000000000e+00 -1.000000000000000000e+00 -1.000000000000000000e+00 -1.000000000000000000e+00 -1.000000000000000000e+00 1.033740000000000009e+03 1.412182000000000016e+03 7.830000000000000293e-01 9.409999999999999476e-01 1.903499999999999970e+00 9.304999999999999938e-01
1.300000000000000000e+01 1.427000000000000000e+03 -1.000000000000000000e+00 -1.000000000000000000e+00 -1.000000000000000000e+00 -1.000000000000000000e+00 -1.000000000000000000e+00 1.019735999999999990e+03 1.358307000000000016e+03 1.455000000000000071e+00 1.243999999999999995e+00 1.966499999999999915e+00 1.506999999999999895e+00
1.300000000000000000e+01 1.446000000000000000e+03 -1.000000000000000000e+00 -1.000000000000000000e+00 -1.000000000000000000e+00 -1.000000000000000000e+00 -1.000000000000000000e+00 9.959470000000000027e+02 1.405357999999999947e+03 8.699999999999999956e-01 1.091499999999999915e+00 2.537500000000000089e+00 9.000000000000000222e-01
1.400000000000000000e+01 1.413000000000000000e+03 -1.000000000000000000e+00 -1.000000000000000000e+00 -1.000000000000000000e+00 -1.000000000000000000e+00 -1.000000000000000000e+00 1.079143000000000029e+03 1.379901000000000067e+03 1.397999999999999909e+00 9.945000000000000506e-01 2.954499999999999904e+00 1.038000000000000034e+00
1.400000000000000000e+01 1.450000000000000000e+03 -1.000000000000000000e+00 -1.000000000000000000e+00 -1.000000000000000000e+00 -1.000000000000000000e+00 -1.000000000000000000e+00 1.033987000000000080e+03 1.412041999999999916e+03 9.330000000000000515e-01 9.409999999999999476e-01 1.903499999999999970e+00 9.304999999999999938e-01
1.400000000000000000e+01 1.427000000000000000e+03 -1.000000000000000000e+00 -1.000000000000000000e+00 -1.000000000000000000e+00 -1.000000000000000000e+00 -1.000000000000000000e+00 1.019769000000000005e+03 1.358657999999999902e+03 1.375999999999999890e+00 1.243999999999999995e+00 1.966499999999999915e+00 1.506999999999999895e+00
1.500000000000000000e+01 1.413000000000000000e+03 -1.000000000000000000e+00 -1.000000000000000000e+00 -1.000000000000000000e+00 -1.000000000000000000e+00 -1.000000000000000000e+00 1.083744999999999891e+03 1.380574000000000069e+03 1.362999999999999989e+00 9.945000000000000506e-01 2.954499999999999904e+00 1.038000000000000034e+00
1.500000000000000000e+01 1.450000000000000000e+03 -1.000000000000000000e+00 -1.000000000000000000e+00 -1.000000000000000000e+00 -1.000000000000000000e+00 -1.000000000000000000e+00 1.033973999999999933e+03 1.412056000000000040e+03 8.329999999999999627e-01 9.409999999999999476e-01 1.903499999999999970e+00 9.304999999999999938e-01
1.500000000000000000e+01 1.427000000000000000e+03 -1.000000000000000000e+00 -1.000000000000000000e+00 -1.000000000000000000e+00 -1.000000000000000000e+00 -1.000000000000000000e+00 1.019578999999999951e+03 1.358702999999999975e+03 1.296999999999999931e+00 1.243999999999999995e+00 1.966499999999999915e+00 1.506999999999999895e+00
1.600000000000000000e+01 1.413000000000000000e+03 -1.000000000000000000e+00 -1.000000000000000000e+00 -1.000000000000000000e+00 -1.000000000000000000e+00 -1.000000000000000000e+00 1.088356999999999971e+03 1.381182000000000016e+03 1.203999999999999959e+00 9.945000000000000506e-01 2.954499999999999904e+00 1.038000000000000034e+00
1.600000000000000000e+01 1.450000000000000000e+03 -1.000000000000000000e+00 -1.000000000000000000e+00 -1.000000000000000000e+00 -1.000000000000000000e+00 -1.000000000000000000e+00 1.033986000000000104e+03 1.412057999999999993e+03 9.829999999999999849e-01 9.409999999999999476e-01 1.903499999999999970e+00 9.304999999999999938e-01
1.700000000000000000e+01 1.413000000000000000e+03 -1.000000000000000000e+00 -1.000000000000000000e+00 -1.000000000000000000e+00 -1.000000000000000000e+00 -1.000000000000000000e+00 1.092946999999999889e+03 1.381921000000000049e+03 1.145000000000000018e+00 9.945000000000000506e-01 2.954499999999999904e+00 1.038000000000000034e+00
1.700000000000000000e+01 1.450000000000000000e+03 -1.000000000000000000e+00 -1.000000000000000000e+00 -1.000000000000000000e+00 -1.000000000000000000e+00 -1.000000000000000000e+00 1.033997000000000071e+03 1.412059999999999945e+03 9.330000000000000515e-01 9.409999999999999476e-01 1.903499999999999970e+00 9.304999999999999938e-01
1.800000000000000000e+01 1.413000000000000000e+03 -1.000000000000000000e+00 -1.000000000000000000e+00 -1.000000000000000000e+00 -1.000000000000000000e+00 -1.000000000000000000e+00 1.097522999999999911e+03 1.382728000000000065e+03 1.046999999999999931e+00 9.945000000000000506e-01 2.954499999999999904e+00 1.038000000000000034e+00
1.800000000000000000e+01 1.450000000000000000e+03 -1.000000000000000000e+00 -1.000000000000000000e+00 -1.000000000000000000e+00 -1.000000000000000000e+00 -1.000000000000000000e+00 1.033963999999999942e+03 1.411874000000000024e+03 1.020000000000000018e+00 9.409999999999999476e-01 1.903499999999999970e+00 9.304999999999999938e-01
1.900000000000000000e+01 1.413000000000000000e+03 -1.000000000000000000e+00 -1.000000000000000000e+00 -1.000000000000000000e+00 -1.000000000000000000e+00 -1.000000000000000000e+00 1.101265000000000100e+03 1.383557000000000016e+03 1.032999999999999918e+00 9.945000000000000506e-01 2.954499999999999904e+00 1.038000000000000034e+00
1.900000000000000000e+01 1.450000000000000000e+03 -1.000000000000000000e+00 -1.000000000000000000e+00 -1.000000000000000000e+00 -1.000000000000000000e+00 -1.000000000000000000e+00 1.033931000000000040e+03 1.411689000000000078e+03 1.008000000000000007e+00 9.409999999999999476e-01 1.903499999999999970e+00 9.304999999999999938e-01
2.000000000000000000e+01 1.413000000000000000e+03 -1.000000000000000000e+00 -1.000000000000000000e+00 -1.000000000000000000e+00 -1.000000000000000000e+00 -1.000000000000000000e+00 1.105115000000000009e+03 1.384239000000000033e+03 1.020000000000000018e+00 9.945000000000000506e-01 2.954499999999999904e+00 1.038000000000000034e+00
2.000000000000000000e+01 1.450000000000000000e+03 -1.000000000000000000e+00 -1.000000000000000000e+00 -1.000000000000000000e+00 -1.000000000000000000e+00 -1.000000000000000000e+00 1.033951999999999998e+03 1.411593000000000075e+03 1.044999999999999929e+00 9.409999999999999476e-01 1.903499999999999970e+00 9.304999999999999938e-01
2.100000000000000000e+01 1.413000000000000000e+03 -1.000000000000000000e+00 -1.000000000000000000e+00 -1.000000000000000000e+00 -1.000000000000000000e+00 -1.000000000000000000e+00 1.108931000000000040e+03 1.384892000000000053e+03 1.006000000000000005e+00 9.945000000000000506e-01 2.954499999999999904e+00 1.038000000000000034e+00
2.100000000000000000e+01 1.450000000000000000e+03 -1.000000000000000000e+00 -1.000000000000000000e+00 -1.000000000000000000e+00 -1.000000000000000000e+00 -1.000000000000000000e+00 1.033973999999999933e+03 1.411498000000000047e+03 1.082999999999999963e+00 9.409999999999999476e-01 1.903499999999999970e+00 9.304999999999999938e-01
2.200000000000000000e+01 1.413000000000000000e+03 -1.000000000000000000e+00 -1.000000000000000000e+00 -1.000000000000000000e+00 -1.000000000000000000e+00 -1.000000000000000000e+00 1.112765000000000100e+03 1.385394000000000005e+03 9.919999999999999929e-01 9.945000000000000506e-01 2.954499999999999904e+00 1.038000000000000034e+00
2.200000000000000000e+01 1.450000000000000000e+03 -1.000000000000000000e+00 -1.000000000000000000e+00 -1.000000000000000000e+00 -1.000000000000000000e+00 -1.000000000000000000e+00 1.033996000000000095e+03 1.411269000000000005e+03 1.020000000000000018e+00 9.409999999999999476e-01 1.903499999999999970e+00 9.304999999999999938e-01
2.300000000000000000e+01 1.413000000000000000e+03 -1.000000000000000000e+00 -1.000000000000000000e+00 -1.000000000000000000e+00 -1.000000000000000000e+00 -1.000000000000000000e+00 1.115115999999999985e+03 1.385522999999999911e+03 9.959999999999999964e-01 9.945000000000000506e-01 2.954499999999999904e+00 1.038000000000000034e+00
2.300000000000000000e+01 1.450000000000000000e+03 -1.000000000000000000e+00 -1.000000000000000000e+00 -1.000000000000000000e+00 -1.000000000000000000e+00 -1.000000000000000000e+00 1.034119999999999891e+03 1.411208000000000084e+03 1.058000000000000052e+00 9.409999999999999476e-01 1.903499999999999970e+00 9.304999999999999938e-01
2.400000000000000000e+01 1.413000000000000000e+03 -1.000000000000000000e+00 -1.000000000000000000e+00 -1.000000000000000000e+00 -1.000000000000000000e+00 -1.000000000000000000e+00 1.117468000000000075e+03 1.385652000000000044e+03 9.989999999999999991e-01 9.945000000000000506e-01 2.954499999999999904e+00 1.038000000000000034e+00
2.400000000000000000e+01 1.450000000000000000e+03 -1.000000000000000000e+00 -1.000000000000000000e+00 -1.000000000000000000e+00 -1.000000000000000000e+00 -1.000000000000000000e+00 1.034243999999999915e+03 1.411146999999999935e+03 1.195000000000000062e+00 9.409999999999999476e-01 1.903499999999999970e+00 9.304999999999999938e-01
2.500000000000000000e+01 1.413000000000000000e+03 -1.000000000000000000e+00 -1.000000000000000000e+00 -1.000000000000000000e+00 -1.000000000000000000e+00 -1.000000000000000000e+00 1.119818999999999960e+03 1.385780999999999949e+03 1.002000000000000002e+00 9.945000000000000506e-01 2.954499999999999904e+00 1.038000000000000034e+00
2.600000000000000000e+01 1.413000000000000000e+03 -1.000000000000000000e+00 -1.000000000000000000e+00 -1.000000000000000000e+00 -1.000000000000000000e+00 -1.000000000000000000e+00 1.123998600639966753e+03 1.385385152471393212e+03 9.783249085761471786e-01 9.944999999999999396e-01 2.954499999999999904e+00 1.038000000000000034e+00
2.700000000000000000e+01 1.413000000000000000e+03 -1.000000000000000000e+00 -1.000000000000000000e+00 -1.000000000000000000e+00 -1.000000000000000000e+00 -1.000000000000000000e+00 1.128645999999999958e+03 1.384944999999999936e+03 9.519999999999999574e-01 9.945000000000000506e-01 2.954499999999999904e+00 1.038000000000000034e+00
2.800000000000000000e+01 1.413000000000000000e+03 -1.000000000000000000e+00 -1.000000000000000000e+00 -1.000000000000000000e+00 -1.000000000000000000e+00 -1.000000000000000000e+00 1.132627999999999929e+03 1.383657999999999902e+03 8.519999999999999796e-01 9.945000000000000506e-01 2.954499999999999904e+00 1.038000000000000034e+00
2.900000000000000000e+01 1.413000000000000000e+03 -1.000000000000000000e+00 -1.000000000000000000e+00 -1.000000000000000000e+00 -1.000000000000000000e+00 -1.000000000000000000e+00 1.134425999999999931e+03 1.382664999999999964e+03 8.020000000000000462e-01 9.945000000000000506e-01 2.954499999999999904e+00 1.038000000000000034e+00
3.000000000000000000e+01 1.413000000000000000e+03 -1.000000000000000000e+00 -1.000000000000000000e+00 -1.000000000000000000e+00 -1.000000000000000000e+00 -1.000000000000000000e+00 1.136387999999999920e+03 1.381513999999999896e+03 7.269999999999999796e-01 9.945000000000000506e-01 2.954499999999999904e+00 1.038000000000000034e+00
3.100000000000000000e+01 1.413000000000000000e+03 -1.000000000000000000e+00 -1.000000000000000000e+00 -1.000000000000000000e+00 -1.000000000000000000e+00 -1.000000000000000000e+00 1.138031999999999925e+03 1.380432999999999993e+03 7.019999999999999574e-01 9.945000000000000506e-01 2.954499999999999904e+00 1.038000000000000034e+00
3.100000000000000000e+01 1.467000000000000000e+03 -1.000000000000000000e+00 -1.000000000000000000e+00 -1.000000000000000000e+00 -1.000000000000000000e+00 -1.000000000000000000e+00 1.148477000000000089e+03 1.390807000000000016e+03 9.020000000000000240e-01 1.014999999999999902e+00 2.241499999999999826e+00 1.000000000000000000e+00
3.200000000000000000e+01 1.467000000000000000e+03 -1.000000000000000000e+00 -1.000000000000000000e+00 -1.000000000000000000e+00 -1.000000000000000000e+00 -1.000000000000000000e+00 1.149806000000000040e+03 1.390711000000000013e+03 9.519999999999999574e-01 1.014999999999999902e+00 2.241499999999999826e+00 1.000000000000000000e+00
3.200000000000000000e+01 1.413000000000000000e+03 -1.000000000000000000e+00 -1.000000000000000000e+00 -1.000000000000000000e+00 -1.000000000000000000e+00 -1.000000000000000000e+00 1.139098785316819885e+03 1.379693166568099514e+03 7.281980677018603521e-01 9.945000000000001616e-01 2.954499999999999904e+00 1.038000000000000034e+00
3.300000000000000000e+01 1.413000000000000000e+03 -1.000000000000000000e+00 -1.000000000000000000e+00 -1.000000000000000000e+00 -1.000000000000000000e+00 -1.000000000000000000e+00 1.140067999999999984e+03 1.379020999999999958e+03 7.520000000000000018e-01 9.945000000000000506e-01 2.954499999999999904e+00 1.038000000000000034e+00
3.300000000000000000e+01 1.467000000000000000e+03 -1.000000000000000000e+00 -1.000000000000000000e+00 -1.000000000000000000e+00 -1.000000000000000000e+00 -1.000000000000000000e+00 1.152337999999999965e+03 1.390428000000000111e+03 9.270000000000000462e-01 1.014999999999999902e+00 2.241499999999999826e+00 1.000000000000000000e+00
3.400000000000000000e+01 1.413000000000000000e+03 -1.000000000000000000e+00 -1.000000000000000000e+00 -1.000000000000000000e+00 -1.000000000000000000e+00 -1.000000000000000000e+00 1.140223999999999933e+03 1.378451999999999998e+03 7.019999999999999574e-01 9.945000000000000506e-01 2.954499999999999904e+00 1.038000000000000034e+00
3.400000000000000000e+01 1.467000000000000000e+03 -1.000000000000000000e+00 -1.000000000000000000e+00 -1.000000000000000000e+00 -1.000000000000000000e+00 -1.000000000000000000e+00 1.155500000000000000e+03 1.389898999999999887e+03 8.020000000000000462e-01 1.014999999999999902e+00 2.241499999999999826e+00 1.000000000000000000e+00
3.500000000000000000e+01 1.413000000000000000e+03 -1.000000000000000000e+00 -1.000000000000000000e+00 -1.000000000000000000e+00 -1.000000000000000000e+00 -1.000000000000000000e+00 1.140689000000000078e+03 1.378128999999999905e+03 7.399999999999999911e-01 9.945000000000000506e-01 2.954499999999999904e+00 1.038000000000000034e+00
3.500000000000000000e+01 1.467000000000000000e+03 -1.000000000000000000e+00 -1.000000000000000000e+00 -1.000000000000000000e+00 -1.000000000000000000e+00 -1.000000000000000000e+00 1.158638999999999896e+03 1.389246000000000095e+03 8.770000000000000018e-01 1.014999999999999902e+00 2.241499999999999826e+00 1.000000000000000000e+00
3.600000000000000000e+01 1.413000000000000000e+03 -1.000000000000000000e+00 -1.000000000000000000e+00 -1.000000000000000000e+00 -1.000000000000000000e+00 -1.000000000000000000e+00 1.141269999999999982e+03 1.377018000000000029e+03 6.280000000000000027e-01 9.945000000000000506e-01 2.954499999999999904e+00 1.038000000000000034e+00
3.600000000000000000e+01 1.467000000000000000e+03 -1.000000000000000000e+00 -1.000000000000000000e+00 -1.000000000000000000e+00 -1.000000000000000000e+00 -1.000000000000000000e+00 1.161749000000000024e+03 1.388470000000000027e+03 8.519999999999999796e-01 1.014999999999999902e+00 2.241499999999999826e+00 1.000000000000000000e+00
3.700000000000000000e+01 1.413000000000000000e+03 -1.000000000000000000e+00 -1.000000000000000000e+00 -1.000000000000000000e+00 -1.000000000000000000e+00 -1.000000000000000000e+00 1.141607999999999947e+03 1.375976000000000113e+03 6.159999999999999920e-01 9.945000000000000506e-01 2.954499999999999904e+00 1.038000000000000034e+00
3.800000000000000000e+01 1.413000000000000000e+03 -1.000000000000000000e+00 -1.000000000000000000e+00 -1.000000000000000000e+00 -1.000000000000000000e+00 -1.000000000000000000e+00 1.142317999999999984e+03 1.375105999999999995e+03 5.530000000000000471e-01 9.945000000000000506e-01 2.954499999999999904e+00 1.038000000000000034e+00
3.900000000000000000e+01 1.413000000000000000e+03 -1.000000000000000000e+00 -1.000000000000000000e+00 -1.000000000000000000e+00 -1.000000000000000000e+00 -1.000000000000000000e+00 1.143044000000000096e+03 1.373757000000000062e+03 4.909999999999999920e-01 9.945000000000000506e-01 2.954499999999999904e+00 1.038000000000000034e+00
4.000000000000000000e+01 1.413000000000000000e+03 -1.000000000000000000e+00 -1.000000000000000000e+00 -1.000000000000000000e+00 -1.000000000000000000e+00 -1.000000000000000000e+00 1.143817999999999984e+03 1.371926999999999907e+03 4.289999999999999925e-01 9.945000000000000506e-01 2.954499999999999904e+00 1.038000000000000034e+00
