1.000000000000000000e+00 5.417000000000000000e+03 -1.000000000000000000e+00 -1.000000000000000000e+00 -1.000000000000000000e+00 -1.000000000000000000e+00 -1.000000000000000000e+00 7.381810000000000400e+02 1.805834000000000060e+03 9.439999999999999503e-01 2.750000000000000222e-01 9.164999999999999813e-01 6.049999999999999822e-01
1.000000000000000000e+00 5.429000000000000000e+03 -1.000000000000000000e+00 -1.000000000000000000e+00 -1.000000000000000000e+00 -1.000000000000000000e+00 -1.000000000000000000e+00 7.379460000000000264e+02 1.804954999999999927e+03 9.070000000000000284e-01 2.750000000000000222e-01 9.164999999999999813e-01 5.685000000000000053e-01
2.000000000000000000e+00 5.417000000000000000e+03 -1.000000000000000000e+00 -1.000000000000000000e+00 -1.000000000000000000e+00 -1.000000000000000000e+00 -1.000000000000000000e+00 7.381810000000000400e+02 1.805834000000000060e+03 9.190000000000000391e-01 2.750000000000000222e-01 9.164999999999999813e-01 6.049999999999999822e-01
2.000000000000000000e+00 5.429000000000000000e+03 -1.000000000000000000e+00 -1.000000000000000000e+00 -1.000000000000000000e+00 -1.000000000000000000e+00 -1.000000000000000000e+00 7.379460000000000264e+02 1.804954999999999927e+03 8.569999999999999840e-01 2.750000000000000222e-01 9.164999999999999813e-01 5.685000000000000053e-01
3.000000000000000000e+00 5.417000000000000000e+03 -1.000000000000000000e+00 -1.000000000000000000e+00 -1.000000000000000000e+00 -1.000000000000000000e+00 -1.000000000000000000e+00 7.381810000000000400e+02 1.805834000000000060e+03 8.940000000000000169e-01 2.750000000000000222e-01 9.164999999999999813e-01 6.049999999999999822e-01
3.000000000000000000e+00 5.429000000000000000e+03 -1.000000000000000000e+00 -1.000000000000000000e+00 -1.000000000000000000e+00 -1.000000000000000000e+00 -1.000000000000000000e+00 7.379460000000000264e+02 1.804954999999999927e+03 8.070000000000000506e-01 2.750000000000000222e-01 9.164999999999999813e-01 5.685000000000000053e-01
4.000000000000000000e+00 5.417000000000000000e+03 -1.000000000000000000e+00 -1.000000000000000000e+00 -1.000000000000000000e+00 -1.000000000000000000e+00 -1.000000000000000000e+00 7.381810000000000400e+02 1.805834000000000060e+03 9.439999999999999503e-01 2.750000000000000222e-01 9.164999999999999813e-01 6.049999999999999822e-01
4.000000000000000000e+00 5.429000000000000000e+03 -1.000000000000000000e+00 -1.000000000000000000e+00 -1.000000000000000000e+00 -1.000000000000000000e+00 -1.000000000000000000e+00 7.379460000000000264e+02 1.804954999999999927e+03 8.509999999999999787e-01 2.750000000000000222e-01 9.164999999999999813e-01 5.685000000000000053e-01
5.000000000000000000e+00 5.417000000000000000e+03 -1.000000000000000000e+00 -1.000000000000000000e+00 -1.000000000000000000e+00 -1.000000000000000000e+00 -1.000000000000000000e+00 7.381810000000000400e+02 1.805834000000000060e+03 9.559999999999999609e-01 2.750000000000000222e-01 9.164999999999999813e-01 6.049999999999999822e-01
5.000000000000000000e+00 5.429000000000000000e+03 -1.000000000000000000e+00 -1.000000000000000000e+00 -1.000000000000000000e+00 -1.000000000000000000e+00 -1.000000000000000000e+00 7.379460000000000264e+02 1.804954999999999927e+03 9.070000000000000284e-01 2.750000000000000222e-01 9.164999999999999813e-01 5.685000000000000053e-01
6.000000000000000000e+00 5.417000000000000000e+03 -1.000000000000000000e+00 -1.000000000000000000e+00 -1.000000000000000000e+00 -1.000000000000000000e+00 -1.000000000000000000e+00 7.381810000000000400e+02 1.805834000000000060e+03 9.689999999999999725e-01 2.750000000000000222e-01 9.164999999999999813e-01 6.049999999999999822e-01
6.000000000000000000e+00 5.429000000000000000e+03 -1.000000000000000000e+00 -1.000000000000000000e+00 -1.000000000000000000e+00 -1.000000000000000000e+00 -1.000000000000000000e+00 7.379460000000000264e+02 1.804954999999999927e+03 9.570116118905759306e-01 2.750000000000000222e-01 9.164999999999998703e-01 5.685000000000000053e-01
7.000000000000000000e+00 5.417000000000000000e+03 -1.000000000000000000e+00 -1.000000000000000000e+00 -1.000000000000000000e+00 -1.000000000000000000e+00 -1.000000000000000000e+00 7.381810000000000400e+02 1.805834000000000060e+03 1.126999420533775886e+00 2.750000000000000222e-01 9.165000000000000924e-01 6.049999999999999822e-01
7.000000000000000000e+00 5.429000000000000000e+03 -1.000000000000000000e+00 -1.000000000000000000e+00 -1.000000000000000000e+00 -1.000000000000000000e+00 -1.000000000000000000e+00 7.379460000000000264e+02 1.804954999999999927e+03 9.319915413383305092e-01 2.750000000000000222e-01 9.165000000000000924e-01 5.685000000000000053e-01
8.000000000000000000e+00 5.429000000000000000e+03 -1.000000000000000000e+00 -1.000000000000000000e+00 -1.000000000000000000e+00 -1.000000000000000000e+00 -1.000000000000000000e+00 7.379460000000000264e+02 1.804954999999999927e+03 9.819999999999999840e-01 2.750000000000000222e-01 9.164999999999999813e-01 5.685000000000000053e-01
8.000000000000000000e+00 5.417000000000000000e+03 -1.000000000000000000e+00 -1.000000000000000000e+00 -1.000000000000000000e+00 -1.000000000000000000e+00 -1.000000000000000000e+00 7.381810000000000400e+02 1.805834000000000060e+03 1.048088921726049172e+00 2.750000000000000222e-01 9.165000000000000924e-01 6.049999999999999822e-01
9.000000000000000000e+00 5.417000000000000000e+03 -1.000000000000000000e+00 -1.000000000000000000e+00 -1.000000000000000000e+00 -1.000000000000000000e+00 -1.000000000000000000e+00 7.381810000000000400e+02 1.805834000000000060e+03 1.205999999999999961e+00 2.750000000000000222e-01 9.164999999999999813e-01 6.049999999999999822e-01
9.000000000000000000e+00 5.429000000000000000e+03 -1.000000000000000000e+00 -1.000000000000000000e+00 -1.000000000000000000e+00 -1.000000000000000000e+00 -1.000000000000000000e+00 7.379460000000000264e+02 1.804954999999999927e+03 9.070000000000000284e-01 2.750000000000000222e-01 9.164999999999999813e-01 5.685000000000000053e-01
1.000000000000000000e+01 5.417000000000000000e+03 -1.000000000000000000e+00 -1.000000000000000000e+00 -1.000000000000000000e+00 -1.000000000000000000e+00 -1.000000000000000000e+00 7.381810000000000400e+02 1.805834000000000060e+03 1.219000000000000083e+00 2.750000000000000222e-01 9.164999999999999813e-01 6.049999999999999822e-01
