1.400000000000000000e+01 5.940000000000000000e+02 -1.000000000000000000e+00 -1.000000000000000000e+00 -1.000000000000000000e+00 -1.000000000000000000e+00 -1.000000000000000000e+00 1.494378999999999905e+03 8.623819999999999482e+02 1.834000000000000075e+00 1.637499999999999956e+00 6.362499999999999822e+00 1.803500000000000103e+00
1.500000000000000000e+01 5.940000000000000000e+02 -1.000000000000000000e+00 -1.000000000000000000e+00 -1.000000000000000000e+00 -1.000000000000000000e+00 -1.000000000000000000e+00 1.496528999999999996e+03 8.606059999999999945e+02 1.683999999999999941e+00 1.637499999999999956e+00 6.362499999999999822e+00 1.803500000000000103e+00
1.600000000000000000e+01 5.940000000000000000e+02 -1.000000000000000000e+00 -1.000000000000000000e+00 -1.000000000000000000e+00 -1.000000000000000000e+00 -1.000000000000000000e+00 1.499117999999999938e+03 8.583289999999999509e+02 1.663999999999999924e+00 1.637499999999999956e+00 6.362499999999999822e+00 1.803500000000000103e+00
1.700000000000000000e+01 5.940000000000000000e+02 -1.000000000000000000e+00 -1.000000000000000000e+00 -1.000000000000000000e+00 -1.000000000000000000e+00 -1.000000000000000000e+00 1.501646999999999935e+03 8.559840000000000373e+02 1.643999999999999906e+00 1.637499999999999956e+00 6.362499999999999822e+00 1.803500000000000103e+00
1.800000000000000000e+01 5.940000000000000000e+02 -1.000000000000000000e+00 -1.000000000000000000e+00 -1.000000000000000000e+00 -1.000000000000000000e+00 -1.000000000000000000e+00 1.504175999999999931e+03 8.536399999999999864e+02 1.624000000000000110e+00 1.637499999999999956e+00 6.362499999999999822e+00 1.803500000000000103e+00
1.900000000000000000e+01 5.940000000000000000e+02 -1.000000000000000000e+00 -1.000000000000000000e+00 -1.000000000000000000e+00 -1.000000000000000000e+00 -1.000000000000000000e+00 1.506703999999999951e+03 8.512960000000000491e+02 1.604000000000000092e+00 1.637499999999999956e+00 6.362499999999999822e+00 1.803500000000000103e+00
2.000000000000000000e+01 5.940000000000000000e+02 -1.000000000000000000e+00 -1.000000000000000000e+00 -1.000000000000000000e+00 -1.000000000000000000e+00 -1.000000000000000000e+00 1.509232999999999947e+03 8.489510000000000218e+02 1.584000000000000075e+00 1.637499999999999956e+00 6.362499999999999822e+00 1.803500000000000103e+00
2.100000000000000000e+01 5.940000000000000000e+02 -1.000000000000000000e+00 -1.000000000000000000e+00 -1.000000000000000000e+00 -1.000000000000000000e+00 -1.000000000000000000e+00 1.511723999999999933e+03 8.466159999999999854e+02 1.584000000000000075e+00 1.637499999999999956e+00 6.362499999999999822e+00 1.803500000000000103e+00
2.200000000000000000e+01 5.940000000000000000e+02 -1.000000000000000000e+00 -1.000000000000000000e+00 -1.000000000000000000e+00 -1.000000000000000000e+00 -1.000000000000000000e+00 1.514214999999999918e+03 8.442809999999999491e+02 1.584000000000000075e+00 1.637499999999999956e+00 6.362499999999999822e+00 1.803500000000000103e+00
2.300000000000000000e+01 5.940000000000000000e+02 -1.000000000000000000e+00 -1.000000000000000000e+00 -1.000000000000000000e+00 -1.000000000000000000e+00 -1.000000000000000000e+00 1.516705999999999904e+03 8.419460000000000264e+02 1.584000000000000075e+00 1.637499999999999956e+00 6.362499999999999822e+00 1.803500000000000103e+00
2.400000000000000000e+01 5.940000000000000000e+02 -1.000000000000000000e+00 -1.000000000000000000e+00 -1.000000000000000000e+00 -1.000000000000000000e+00 -1.000000000000000000e+00 1.519198000000000093e+03 8.396109999999999900e+02 1.584000000000000075e+00 1.637499999999999956e+00 6.362499999999999822e+00 1.803500000000000103e+00
2.500000000000000000e+01 5.940000000000000000e+02 -1.000000000000000000e+00 -1.000000000000000000e+00 -1.000000000000000000e+00 -1.000000000000000000e+00 -1.000000000000000000e+00 1.521689000000000078e+03 8.372749999999999773e+02 1.584000000000000075e+00 1.637499999999999956e+00 6.362499999999999822e+00 1.803500000000000103e+00
