1.000000000000000000e+00 5.709000000000000000e+03 -1.000000000000000000e+00 -1.000000000000000000e+00 -1.000000000000000000e+00 -1.000000000000000000e+00 -1.000000000000000000e+00 6.926359999999999673e+02 1.586462999999999965e+03 1.869999999999999996e-01 4.405000000000000027e-01 1.157499999999999973e+00 8.930000000000000160e-01
2.000000000000000000e+00 5.709000000000000000e+03 -1.000000000000000000e+00 -1.000000000000000000e+00 -1.000000000000000000e+00 -1.000000000000000000e+00 -1.000000000000000000e+00 6.906929999999999836e+02 1.588559999999999945e+03 1.320000000000000062e-01 4.405000000000000027e-01 1.157499999999999973e+00 8.930000000000000160e-01
3.000000000000000000e+00 5.709000000000000000e+03 -1.000000000000000000e+00 -1.000000000000000000e+00 -1.000000000000000000e+00 -1.000000000000000000e+00 -1.000000000000000000e+00 6.886810000000000400e+02 1.590478000000000065e+03 7.699999999999999900e-02 4.405000000000000027e-01 1.157499999999999973e+00 8.930000000000000160e-01
4.000000000000000000e+00 5.709000000000000000e+03 -1.000000000000000000e+00 -1.000000000000000000e+00 -1.000000000000000000e+00 -1.000000000000000000e+00 -1.000000000000000000e+00 6.867569999999999482e+02 1.592487000000000080e+03 2.100000000000000130e-02 4.405000000000000027e-01 1.157499999999999973e+00 8.930000000000000160e-01
5.000000000000000000e+00 5.709000000000000000e+03 -1.000000000000000000e+00 -1.000000000000000000e+00 -1.000000000000000000e+00 -1.000000000000000000e+00 -1.000000000000000000e+00 6.848020000000000209e+02 1.594464999999999918e+03 -3.400000000000000244e-02 4.405000000000000027e-01 1.157499999999999973e+00 8.930000000000000160e-01
6.000000000000000000e+00 5.709000000000000000e+03 -1.000000000000000000e+00 -1.000000000000000000e+00 -1.000000000000000000e+00 -1.000000000000000000e+00 -1.000000000000000000e+00 6.828819999999999482e+02 1.596526000000000067e+03 -8.899999999999999578e-02 4.405000000000000027e-01 1.157499999999999973e+00 8.930000000000000160e-01
7.000000000000000000e+00 5.709000000000000000e+03 -1.000000000000000000e+00 -1.000000000000000000e+00 -1.000000000000000000e+00 -1.000000000000000000e+00 -1.000000000000000000e+00 6.810670000000000073e+02 1.598323000000000093e+03 -1.449999999999999900e-01 4.405000000000000027e-01 1.157499999999999973e+00 8.930000000000000160e-01
8.000000000000000000e+00 5.709000000000000000e+03 -1.000000000000000000e+00 -1.000000000000000000e+00 -1.000000000000000000e+00 -1.000000000000000000e+00 -1.000000000000000000e+00 6.792899999999999636e+02 1.599979000000000042e+03 -2.000000000000000111e-01 4.405000000000000027e-01 1.157499999999999973e+00 8.930000000000000160e-01
9.000000000000000000e+00 5.709000000000000000e+03 -1.000000000000000000e+00 -1.000000000000000000e+00 -1.000000000000000000e+00 -1.000000000000000000e+00 -1.000000000000000000e+00 6.771670000000000300e+02 1.601910000000000082e+03 -2.550000000000000044e-01 4.405000000000000027e-01 1.157499999999999973e+00 8.930000000000000160e-01
1.000000000000000000e+01 5.709000000000000000e+03 -1.000000000000000000e+00 -1.000000000000000000e+00 -1.000000000000000000e+00 -1.000000000000000000e+00 -1.000000000000000000e+00 6.750449999999999591e+02 1.603840999999999894e+03 -3.109999999999999987e-01 4.405000000000000027e-01 1.157499999999999973e+00 8.930000000000000160e-01
1.100000000000000000e+01 5.709000000000000000e+03 -1.000000000000000000e+00 -1.000000000000000000e+00 -1.000000000000000000e+00 -1.000000000000000000e+00 -1.000000000000000000e+00 6.729149999999999636e+02 1.605778000000000020e+03 -3.659999999999999920e-01 4.405000000000000027e-01 1.157499999999999973e+00 8.930000000000000160e-01
1.200000000000000000e+01 5.709000000000000000e+03 -1.000000000000000000e+00 -1.000000000000000000e+00 -1.000000000000000000e+00 -1.000000000000000000e+00 -1.000000000000000000e+00 6.707899999999999636e+02 1.607711000000000013e+03 -4.219999999999999862e-01 4.405000000000000027e-01 1.157499999999999973e+00 8.930000000000000160e-01
1.300000000000000000e+01 5.709000000000000000e+03 -1.000000000000000000e+00 -1.000000000000000000e+00 -1.000000000000000000e+00 -1.000000000000000000e+00 -1.000000000000000000e+00 6.686649999999999636e+02 1.609644000000000005e+03 -4.769999999999999796e-01 4.405000000000000027e-01 1.157499999999999973e+00 8.930000000000000160e-01
1.400000000000000000e+01 5.709000000000000000e+03 -1.000000000000000000e+00 -1.000000000000000000e+00 -1.000000000000000000e+00 -1.000000000000000000e+00 -1.000000000000000000e+00 6.665389999999999873e+02 1.611577999999999975e+03 -5.320000000000000284e-01 4.405000000000000027e-01 1.157499999999999973e+00 8.930000000000000160e-01
1.500000000000000000e+01 5.709000000000000000e+03 -1.000000000000000000e+00 -1.000000000000000000e+00 -1.000000000000000000e+00 -1.000000000000000000e+00 -1.000000000000000000e+00 6.644370000000000118e+02 1.613633000000000038e+03 -5.769999999999999574e-01 4.405000000000000027e-01 1.157499999999999973e+00 8.930000000000000160e-01
1.600000000000000000e+01 5.709000000000000000e+03 -1.000000000000000000e+00 -1.000000000000000000e+00 -1.000000000000000000e+00 -1.000000000000000000e+00 -1.000000000000000000e+00 6.622809999999999491e+02 1.615632000000000062e+03 -6.219999999999999973e-01 4.405000000000000027e-01 1.157499999999999973e+00 8.930000000000000160e-01
1.700000000000000000e+01 5.709000000000000000e+03 -1.000000000000000000e+00 -1.000000000000000000e+00 -1.000000000000000000e+00 -1.000000000000000000e+00 -1.000000000000000000e+00 6.601209999999999809e+02 1.617928000000000111e+03 -6.670000000000000373e-01 4.405000000000000027e-01 1.157499999999999973e+00 8.930000000000000160e-01
1.800000000000000000e+01 5.709000000000000000e+03 -1.000000000000000000e+00 -1.000000000000000000e+00 -1.000000000000000000e+00 -1.000000000000000000e+00 -1.000000000000000000e+00 6.579389999999999645e+02 1.619852000000000089e+03 -7.119999999999999662e-01 4.405000000000000027e-01 1.157499999999999973e+00 8.930000000000000160e-01
1.900000000000000000e+01 5.709000000000000000e+03 -1.000000000000000000e+00 -1.000000000000000000e+00 -1.000000000000000000e+00 -1.000000000000000000e+00 -1.000000000000000000e+00 6.555900000000000318e+02 1.621768000000000029e+03 -7.570000000000000062e-01 4.405000000000000027e-01 1.157499999999999973e+00 8.930000000000000160e-01
2.000000000000000000e+01 5.709000000000000000e+03 -1.000000000000000000e+00 -1.000000000000000000e+00 -1.000000000000000000e+00 -1.000000000000000000e+00 -1.000000000000000000e+00 6.535750000000000455e+02 1.623696999999999889e+03 -8.020000000000000462e-01 4.405000000000000027e-01 1.157499999999999973e+00 8.930000000000000160e-01
2.100000000000000000e+01 5.709000000000000000e+03 -1.000000000000000000e+00 -1.000000000000000000e+00 -1.000000000000000000e+00 -1.000000000000000000e+00 -1.000000000000000000e+00 6.510109999999999673e+02 1.625891000000000076e+03 -7.169999999999999707e-01 4.405000000000000027e-01 1.157499999999999973e+00 8.930000000000000160e-01
2.200000000000000000e+01 5.709000000000000000e+03 -1.000000000000000000e+00 -1.000000000000000000e+00 -1.000000000000000000e+00 -1.000000000000000000e+00 -1.000000000000000000e+00 6.482450000000000045e+02 1.628369999999999891e+03 -6.310000000000000053e-01 4.405000000000000027e-01 1.157499999999999973e+00 8.930000000000000160e-01
2.300000000000000000e+01 5.709000000000000000e+03 -1.000000000000000000e+00 -1.000000000000000000e+00 -1.000000000000000000e+00 -1.000000000000000000e+00 -1.000000000000000000e+00 6.453899999999999864e+02 1.630682999999999993e+03 -5.460000000000000409e-01 4.405000000000000027e-01 1.157499999999999973e+00 8.930000000000000160e-01
2.400000000000000000e+01 5.709000000000000000e+03 -1.000000000000000000e+00 -1.000000000000000000e+00 -1.000000000000000000e+00 -1.000000000000000000e+00 -1.000000000000000000e+00 6.425320000000000391e+02 1.632998000000000047e+03 -4.600000000000000200e-01 4.405000000000000027e-01 1.157499999999999973e+00 8.930000000000000160e-01
2.500000000000000000e+01 5.709000000000000000e+03 -1.000000000000000000e+00 -1.000000000000000000e+00 -1.000000000000000000e+00 -1.000000000000000000e+00 -1.000000000000000000e+00 6.394560000000000173e+02 1.635691000000000031e+03 -3.659999999999999920e-01 4.405000000000000027e-01 1.157499999999999973e+00 8.930000000000000160e-01
2.600000000000000000e+01 5.709000000000000000e+03 -1.000000000000000000e+00 -1.000000000000000000e+00 -1.000000000000000000e+00 -1.000000000000000000e+00 -1.000000000000000000e+00 6.365339999999999918e+02 1.637855999999999995e+03 -2.810000000000000275e-01 4.405000000000000027e-01 1.157499999999999973e+00 8.930000000000000160e-01
2.700000000000000000e+01 5.709000000000000000e+03 -1.000000000000000000e+00 -1.000000000000000000e+00 -1.000000000000000000e+00 -1.000000000000000000e+00 -1.000000000000000000e+00 6.340040000000000191e+02 1.639730000000000018e+03 -2.000000000000000111e-01 4.405000000000000027e-01 1.157499999999999973e+00 8.930000000000000160e-01
2.800000000000000000e+01 5.709000000000000000e+03 -1.000000000000000000e+00 -1.000000000000000000e+00 -1.000000000000000000e+00 -1.000000000000000000e+00 -1.000000000000000000e+00 6.319750000000000227e+02 1.641172000000000025e+03 -1.859999999999999987e-01 4.405000000000000027e-01 1.157499999999999973e+00 8.930000000000000160e-01
2.900000000000000000e+01 5.709000000000000000e+03 -1.000000000000000000e+00 -1.000000000000000000e+00 -1.000000000000000000e+00 -1.000000000000000000e+00 -1.000000000000000000e+00 6.299460000000000264e+02 1.642614000000000033e+03 -1.729999999999999871e-01 4.405000000000000027e-01 1.157499999999999973e+00 8.930000000000000160e-01
3.000000000000000000e+01 5.709000000000000000e+03 -1.000000000000000000e+00 -1.000000000000000000e+00 -1.000000000000000000e+00 -1.000000000000000000e+00 -1.000000000000000000e+00 6.278550000000000182e+02 1.643953999999999951e+03 -1.590000000000000024e-01 4.405000000000000027e-01 1.157499999999999973e+00 8.930000000000000160e-01
3.100000000000000000e+01 5.709000000000000000e+03 -1.000000000000000000e+00 -1.000000000000000000e+00 -1.000000000000000000e+00 -1.000000000000000000e+00 -1.000000000000000000e+00 6.261280000000000427e+02 1.645102000000000089e+03 -1.459999999999999909e-01 4.405000000000000027e-01 1.157499999999999973e+00 8.930000000000000160e-01
3.200000000000000000e+01 5.709000000000000000e+03 -1.000000000000000000e+00 -1.000000000000000000e+00 -1.000000000000000000e+00 -1.000000000000000000e+00 -1.000000000000000000e+00 6.248390000000000555e+02 1.645916999999999916e+03 -1.729999999999999871e-01 4.405000000000000027e-01 1.157499999999999973e+00 8.930000000000000160e-01
3.300000000000000000e+01 5.709000000000000000e+03 -1.000000000000000000e+00 -1.000000000000000000e+00 -1.000000000000000000e+00 -1.000000000000000000e+00 -1.000000000000000000e+00 6.237640000000000100e+02 1.646615000000000009e+03 -2.000000000000000111e-01 4.405000000000000027e-01 1.157499999999999973e+00 8.930000000000000160e-01
3.400000000000000000e+01 5.709000000000000000e+03 -1.000000000000000000e+00 -1.000000000000000000e+00 -1.000000000000000000e+00 -1.000000000000000000e+00 -1.000000000000000000e+00 6.215059999999999718e+02 1.647965999999999894e+03 -3.079999999999999960e-01 4.405000000000000027e-01 1.157499999999999973e+00 8.930000000000000160e-01
3.500000000000000000e+01 5.709000000000000000e+03 -1.000000000000000000e+00 -1.000000000000000000e+00 -1.000000000000000000e+00 -1.000000000000000000e+00 -1.000000000000000000e+00 6.204700000000000273e+02 1.648613000000000056e+03 -3.340000000000000191e-01 4.405000000000000027e-01 1.157499999999999973e+00 8.930000000000000160e-01
3.600000000000000000e+01 5.709000000000000000e+03 -1.000000000000000000e+00 -1.000000000000000000e+00 -1.000000000000000000e+00 -1.000000000000000000e+00 -1.000000000000000000e+00 6.196180000000000518e+02 1.649521999999999935e+03 -3.609999999999999876e-01 4.405000000000000027e-01 1.157499999999999973e+00 8.930000000000000160e-01
3.700000000000000000e+01 5.709000000000000000e+03 -1.000000000000000000e+00 -1.000000000000000000e+00 -1.000000000000000000e+00 -1.000000000000000000e+00 -1.000000000000000000e+00 6.177619999999999436e+02 1.650923999999999978e+03 -3.880000000000000115e-01 4.405000000000000027e-01 1.157499999999999973e+00 8.930000000000000160e-01
3.800000000000000000e+01 5.709000000000000000e+03 -1.000000000000000000e+00 -1.000000000000000000e+00 -1.000000000000000000e+00 -1.000000000000000000e+00 -1.000000000000000000e+00 6.152580000000000382e+02 1.652509000000000015e+03 -4.149999999999999800e-01 4.405000000000000027e-01 1.157499999999999973e+00 8.930000000000000160e-01
3.900000000000000000e+01 5.709000000000000000e+03 -1.000000000000000000e+00 -1.000000000000000000e+00 -1.000000000000000000e+00 -1.000000000000000000e+00 -1.000000000000000000e+00 6.127559999999999718e+02 1.654092000000000098e+03 -4.420000000000000040e-01 4.405000000000000027e-01 1.157499999999999973e+00 8.930000000000000160e-01
