1.200000000000000000e+01 5.825000000000000000e+03 -1.000000000000000000e+00 -1.000000000000000000e+00 -1.000000000000000000e+00 -1.000000000000000000e+00 -1.000000000000000000e+00 6.186000000000000227e+02 1.835346000000000004e+03 3.589999999999999858e-01 2.879999999999999782e-01 1.053500000000000103e+00 6.560000000000000275e-01
1.300000000000000000e+01 5.825000000000000000e+03 -1.000000000000000000e+00 -1.000000000000000000e+00 -1.000000000000000000e+00 -1.000000000000000000e+00 -1.000000000000000000e+00 6.185549999999999500e+02 1.835306000000000040e+03 3.800000000000000044e-01 2.879999999999999782e-01 1.053500000000000103e+00 6.560000000000000275e-01
1.400000000000000000e+01 5.825000000000000000e+03 -1.000000000000000000e+00 -1.000000000000000000e+00 -1.000000000000000000e+00 -1.000000000000000000e+00 -1.000000000000000000e+00 6.185109999999999673e+02 1.835267000000000053e+03 4.010000000000000231e-01 2.879999999999999782e-01 1.053500000000000103e+00 6.560000000000000275e-01
1.500000000000000000e+01 5.825000000000000000e+03 -1.000000000000000000e+00 -1.000000000000000000e+00 -1.000000000000000000e+00 -1.000000000000000000e+00 -1.000000000000000000e+00 6.184690000000000509e+02 1.835236000000000104e+03 8.249999999999999556e-01 2.879999999999999782e-01 1.053500000000000103e+00 6.560000000000000275e-01
1.600000000000000000e+01 5.825000000000000000e+03 -1.000000000000000000e+00 -1.000000000000000000e+00 -1.000000000000000000e+00 -1.000000000000000000e+00 -1.000000000000000000e+00 6.184320000000000164e+02 1.835207000000000107e+03 8.279999999999999583e-01 2.879999999999999782e-01 1.053500000000000103e+00 6.560000000000000275e-01
1.700000000000000000e+01 5.825000000000000000e+03 -1.000000000000000000e+00 -1.000000000000000000e+00 -1.000000000000000000e+00 -1.000000000000000000e+00 -1.000000000000000000e+00 6.183940000000000055e+02 1.835179000000000087e+03 7.890000000000000346e-01 2.879999999999999782e-01 1.053500000000000103e+00 6.560000000000000275e-01
1.800000000000000000e+01 5.825000000000000000e+03 -1.000000000000000000e+00 -1.000000000000000000e+00 -1.000000000000000000e+00 -1.000000000000000000e+00 -1.000000000000000000e+00 6.183569999999999709e+02 1.835150000000000091e+03 7.489999999999999991e-01 2.879999999999999782e-01 1.053500000000000103e+00 6.560000000000000275e-01
1.900000000000000000e+01 5.825000000000000000e+03 -1.000000000000000000e+00 -1.000000000000000000e+00 -1.000000000000000000e+00 -1.000000000000000000e+00 -1.000000000000000000e+00 6.183189999999999600e+02 1.835122000000000071e+03 7.099999999999999645e-01 2.879999999999999782e-01 1.053500000000000103e+00 6.560000000000000275e-01
2.000000000000000000e+01 5.825000000000000000e+03 -1.000000000000000000e+00 -1.000000000000000000e+00 -1.000000000000000000e+00 -1.000000000000000000e+00 -1.000000000000000000e+00 6.183529999999999518e+02 1.835159000000000106e+03 6.810000000000000497e-01 2.879999999999999782e-01 1.053500000000000103e+00 6.560000000000000275e-01
2.100000000000000000e+01 5.825000000000000000e+03 -1.000000000000000000e+00 -1.000000000000000000e+00 -1.000000000000000000e+00 -1.000000000000000000e+00 -1.000000000000000000e+00 6.183949999999999818e+02 1.835203999999999951e+03 6.470000000000000195e-01 2.879999999999999782e-01 1.053500000000000103e+00 6.560000000000000275e-01
2.200000000000000000e+01 5.825000000000000000e+03 -1.000000000000000000e+00 -1.000000000000000000e+00 -1.000000000000000000e+00 -1.000000000000000000e+00 -1.000000000000000000e+00 6.184289999999999736e+02 1.835240999999999985e+03 6.179999999999999938e-01 2.879999999999999782e-01 1.053500000000000103e+00 6.560000000000000275e-01
2.300000000000000000e+01 5.825000000000000000e+03 -1.000000000000000000e+00 -1.000000000000000000e+00 -1.000000000000000000e+00 -1.000000000000000000e+00 -1.000000000000000000e+00 6.184629999999999654e+02 1.835278999999999996e+03 5.889999999999999680e-01 2.879999999999999782e-01 1.053500000000000103e+00 6.560000000000000275e-01
2.400000000000000000e+01 5.825000000000000000e+03 -1.000000000000000000e+00 -1.000000000000000000e+00 -1.000000000000000000e+00 -1.000000000000000000e+00 -1.000000000000000000e+00 6.184980000000000473e+02 1.835316000000000031e+03 5.600000000000000533e-01 2.879999999999999782e-01 1.053500000000000103e+00 6.560000000000000275e-01
2.500000000000000000e+01 5.825000000000000000e+03 -1.000000000000000000e+00 -1.000000000000000000e+00 -1.000000000000000000e+00 -1.000000000000000000e+00 -1.000000000000000000e+00 6.185130000000000337e+02 1.835365999999999985e+03 5.370000000000000329e-01 2.879999999999999782e-01 1.053500000000000103e+00 6.560000000000000275e-01
2.600000000000000000e+01 5.825000000000000000e+03 -1.000000000000000000e+00 -1.000000000000000000e+00 -1.000000000000000000e+00 -1.000000000000000000e+00 -1.000000000000000000e+00 6.185280000000000200e+02 1.835415999999999940e+03 5.150000000000000133e-01 2.879999999999999782e-01 1.053500000000000103e+00 6.560000000000000275e-01
2.700000000000000000e+01 5.825000000000000000e+03 -1.000000000000000000e+00 -1.000000000000000000e+00 -1.000000000000000000e+00 -1.000000000000000000e+00 -1.000000000000000000e+00 6.185439999999999827e+02 1.835465999999999894e+03 4.919999999999999929e-01 2.879999999999999782e-01 1.053500000000000103e+00 6.560000000000000275e-01
2.800000000000000000e+01 5.825000000000000000e+03 -1.000000000000000000e+00 -1.000000000000000000e+00 -1.000000000000000000e+00 -1.000000000000000000e+00 -1.000000000000000000e+00 6.185589999999999691e+02 1.835516000000000076e+03 4.699999999999999734e-01 2.879999999999999782e-01 1.053500000000000103e+00 6.560000000000000275e-01
2.900000000000000000e+01 5.825000000000000000e+03 -1.000000000000000000e+00 -1.000000000000000000e+00 -1.000000000000000000e+00 -1.000000000000000000e+00 -1.000000000000000000e+00 6.185739999999999554e+02 1.835567000000000007e+03 4.470000000000000084e-01 2.879999999999999782e-01 1.053500000000000103e+00 6.560000000000000275e-01
3.000000000000000000e+01 5.825000000000000000e+03 -1.000000000000000000e+00 -1.000000000000000000e+00 -1.000000000000000000e+00 -1.000000000000000000e+00 -1.000000000000000000e+00 6.185890000000000555e+02 1.835616999999999962e+03 4.239999999999999880e-01 2.879999999999999782e-01 1.053500000000000103e+00 6.560000000000000275e-01
3.100000000000000000e+01 5.825000000000000000e+03 -1.000000000000000000e+00 -1.000000000000000000e+00 -1.000000000000000000e+00 -1.000000000000000000e+00 -1.000000000000000000e+00 6.186050000000000182e+02 1.835666999999999916e+03 4.020000000000000240e-01 2.879999999999999782e-01 1.053500000000000103e+00 6.560000000000000275e-01
3.200000000000000000e+01 5.825000000000000000e+03 -1.000000000000000000e+00 -1.000000000000000000e+00 -1.000000000000000000e+00 -1.000000000000000000e+00 -1.000000000000000000e+00 6.185689999999999600e+02 1.835682999999999993e+03 3.930000000000000160e-01 2.879999999999999782e-01 1.053500000000000103e+00 6.560000000000000275e-01
3.300000000000000000e+01 5.825000000000000000e+03 -1.000000000000000000e+00 -1.000000000000000000e+00 -1.000000000000000000e+00 -1.000000000000000000e+00 -1.000000000000000000e+00 6.185339999999999918e+02 1.835699000000000069e+03 2.600000000000000089e-01 2.879999999999999782e-01 1.053500000000000103e+00 6.560000000000000275e-01
3.400000000000000000e+01 5.825000000000000000e+03 -1.000000000000000000e+00 -1.000000000000000000e+00 -1.000000000000000000e+00 -1.000000000000000000e+00 -1.000000000000000000e+00 6.183931863031896228e+02 1.835763006225822892e+03 2.559996108860719821e-01 2.879999999999999782e-01 1.053500000000000103e+00 6.560000000000000275e-01
3.500000000000000000e+01 5.842000000000000000e+03 -1.000000000000000000e+00 -1.000000000000000000e+00 -1.000000000000000000e+00 -1.000000000000000000e+00 -1.000000000000000000e+00 6.530180000000000291e+02 1.883558999999999969e+03 2.947000000000000064e+00 2.545000000000000040e-01 1.046999999999999931e+00 6.045000000000000373e-01
3.500000000000000000e+01 5.825000000000000000e+03 -1.000000000000000000e+00 -1.000000000000000000e+00 -1.000000000000000000e+00 -1.000000000000000000e+00 -1.000000000000000000e+00 6.184284054759086757e+02 1.835746997510950450e+03 2.570001555655889169e-01 2.879999999999999782e-01 1.053500000000000103e+00 6.560000000000000275e-01
3.600000000000000000e+01 5.825000000000000000e+03 -1.000000000000000000e+00 -1.000000000000000000e+00 -1.000000000000000000e+00 -1.000000000000000000e+00 -1.000000000000000000e+00 6.184635502522842216e+02 1.835731022612598281e+03 2.579985867126192156e-01 2.879999999999999782e-01 1.053500000000000103e+00 6.560000000000001386e-01
3.600000000000000000e+01 5.842000000000000000e+03 -1.000000000000000000e+00 -1.000000000000000000e+00 -1.000000000000000000e+00 -1.000000000000000000e+00 -1.000000000000000000e+00 6.530445143745860150e+02 1.883522480201042072e+03 2.921986439069890196e+00 2.545000000000000040e-01 1.046999999999999931e+00 6.045000000000000373e-01
3.700000000000000000e+01 5.842000000000000000e+03 -1.000000000000000000e+00 -1.000000000000000000e+00 -1.000000000000000000e+00 -1.000000000000000000e+00 -1.000000000000000000e+00 6.530710000000000264e+02 1.883486000000000104e+03 2.896999999999999797e+00 2.545000000000000040e-01 1.046999999999999931e+00 6.045000000000000373e-01
3.700000000000000000e+01 5.825000000000000000e+03 -1.000000000000000000e+00 -1.000000000000000000e+00 -1.000000000000000000e+00 -1.000000000000000000e+00 -1.000000000000000000e+00 6.184987331770212222e+02 1.835715030374081380e+03 2.589981016199217057e-01 2.879999999999999782e-01 1.053500000000000103e+00 6.560000000000000275e-01
3.800000000000000000e+01 5.825000000000000000e+03 -1.000000000000000000e+00 -1.000000000000000000e+00 -1.000000000000000000e+00 -1.000000000000000000e+00 -1.000000000000000000e+00 6.183579999999999472e+02 1.835778999999999996e+03 2.550000000000000044e-01 2.879999999999999782e-01 1.053500000000000103e+00 6.560000000000000275e-01
3.800000000000000000e+01 5.842000000000000000e+03 -1.000000000000000000e+00 -1.000000000000000000e+00 -1.000000000000000000e+00 -1.000000000000000000e+00 -1.000000000000000000e+00 6.531019999999999754e+02 1.883446999999999889e+03 2.939000000000000057e+00 2.545000000000000040e-01 1.046999999999999931e+00 6.045000000000000373e-01
3.800000000000000000e+01 5.843000000000000000e+03 -1.000000000000000000e+00 -1.000000000000000000e+00 -1.000000000000000000e+00 -1.000000000000000000e+00 -1.000000000000000000e+00 6.533049999999999500e+02 1.884239000000000033e+03 2.995000000000000107e+00 2.330000000000000127e-01 1.020999999999999908e+00 6.430000000000000160e-01
3.900000000000000000e+01 5.825000000000000000e+03 -1.000000000000000000e+00 -1.000000000000000000e+00 -1.000000000000000000e+00 -1.000000000000000000e+00 -1.000000000000000000e+00 6.183229999999999791e+02 1.835795000000000073e+03 2.330000000000000127e-01 2.879999999999999782e-01 1.053500000000000103e+00 6.560000000000000275e-01
3.900000000000000000e+01 5.842000000000000000e+03 -1.000000000000000000e+00 -1.000000000000000000e+00 -1.000000000000000000e+00 -1.000000000000000000e+00 -1.000000000000000000e+00 6.531200000000000045e+02 1.883413999999999987e+03 2.931000000000000050e+00 2.545000000000000040e-01 1.046999999999999931e+00 6.045000000000000373e-01
4.000000000000000000e+01 5.825000000000000000e+03 -1.000000000000000000e+00 -1.000000000000000000e+00 -1.000000000000000000e+00 -1.000000000000000000e+00 -1.000000000000000000e+00 6.182880000000000109e+02 1.835810999999999922e+03 2.099999999999999922e-01 2.879999999999999782e-01 1.053500000000000103e+00 6.560000000000000275e-01
4.000000000000000000e+01 5.842000000000000000e+03 -1.000000000000000000e+00 -1.000000000000000000e+00 -1.000000000000000000e+00 -1.000000000000000000e+00 -1.000000000000000000e+00 6.530520000000000209e+02 1.883419000000000096e+03 2.947000000000000064e+00 2.545000000000000040e-01 1.046999999999999931e+00 6.045000000000000373e-01
