1.900000000000000000e+01 1.848000000000000000e+03 -1.000000000000000000e+00 -1.000000000000000000e+00 -1.000000000000000000e+00 -1.000000000000000000e+00 -1.000000000000000000e+00 5.253020000000000209e+02 1.719306000000000040e+03 -2.680000000000000160e-01 3.265000000000000124e-01 1.078999999999999959e+00 7.405000000000000471e-01
2.000000000000000000e+01 1.848000000000000000e+03 -1.000000000000000000e+00 -1.000000000000000000e+00 -1.000000000000000000e+00 -1.000000000000000000e+00 -1.000000000000000000e+00 5.253529437333272654e+02 1.719336965798689107e+03 -2.180551634047073750e-01 3.265000000000000124e-01 1.079000000000000181e+00 7.405000000000001581e-01
2.100000000000000000e+01 1.848000000000000000e+03 -1.000000000000000000e+00 -1.000000000000000000e+00 -1.000000000000000000e+00 -1.000000000000000000e+00 -1.000000000000000000e+00 5.254039999999999964e+02 1.719367999999999938e+03 -1.680000000000000104e-01 3.265000000000000124e-01 1.078999999999999959e+00 7.405000000000000471e-01
2.200000000000000000e+01 1.848000000000000000e+03 -1.000000000000000000e+00 -1.000000000000000000e+00 -1.000000000000000000e+00 -1.000000000000000000e+00 -1.000000000000000000e+00 5.253410000000000082e+02 1.719327999999999975e+03 -1.680000000000000104e-01 3.265000000000000124e-01 1.078999999999999959e+00 7.405000000000000471e-01
2.300000000000000000e+01 1.848000000000000000e+03 -1.000000000000000000e+00 -1.000000000000000000e+00 -1.000000000000000000e+00 -1.000000000000000000e+00 -1.000000000000000000e+00 5.253289999999999509e+02 1.719319999999999936e+03 -1.680000000000000104e-01 3.265000000000000124e-01 1.078999999999999959e+00 7.405000000000000471e-01
2.400000000000000000e+01 1.848000000000000000e+03 -1.000000000000000000e+00 -1.000000000000000000e+00 -1.000000000000000000e+00 -1.000000000000000000e+00 -1.000000000000000000e+00 5.253410000000000082e+02 1.719327999999999975e+03 -1.179999999999999938e-01 3.265000000000000124e-01 1.078999999999999959e+00 7.405000000000000471e-01
2.500000000000000000e+01 1.848000000000000000e+03 -1.000000000000000000e+00 -1.000000000000000000e+00 -1.000000000000000000e+00 -1.000000000000000000e+00 -1.000000000000000000e+00 5.253410000000000082e+02 1.719327999999999975e+03 -1.179999999999999938e-01 3.265000000000000124e-01 1.078999999999999959e+00 7.405000000000000471e-01
2.600000000000000000e+01 1.848000000000000000e+03 -1.000000000000000000e+00 -1.000000000000000000e+00 -1.000000000000000000e+00 -1.000000000000000000e+00 -1.000000000000000000e+00 5.252910000000000537e+02 1.719296000000000049e+03 -6.800000000000000488e-02 3.265000000000000124e-01 1.078999999999999959e+00 7.405000000000000471e-01
2.700000000000000000e+01 1.848000000000000000e+03 -1.000000000000000000e+00 -1.000000000000000000e+00 -1.000000000000000000e+00 -1.000000000000000000e+00 -1.000000000000000000e+00 5.252910000000000537e+02 1.719296000000000049e+03 -1.799999999999999864e-02 3.265000000000000124e-01 1.078999999999999959e+00 7.405000000000000471e-01
2.800000000000000000e+01 1.848000000000000000e+03 -1.000000000000000000e+00 -1.000000000000000000e+00 -1.000000000000000000e+00 -1.000000000000000000e+00 -1.000000000000000000e+00 5.253160000000000309e+02 1.719311999999999898e+03 3.200000000000000067e-02 3.265000000000000124e-01 1.078999999999999959e+00 7.405000000000000471e-01
2.900000000000000000e+01 1.848000000000000000e+03 -1.000000000000000000e+00 -1.000000000000000000e+00 -1.000000000000000000e+00 -1.000000000000000000e+00 -1.000000000000000000e+00 5.253179999999999836e+02 1.719309999999999945e+03 8.200000000000000344e-02 3.265000000000000124e-01 1.078999999999999959e+00 7.405000000000000471e-01
3.000000000000000000e+01 1.848000000000000000e+03 -1.000000000000000000e+00 -1.000000000000000000e+00 -1.000000000000000000e+00 -1.000000000000000000e+00 -1.000000000000000000e+00 5.252910000000000537e+02 1.719296000000000049e+03 8.200000000000000344e-02 3.265000000000000124e-01 1.078999999999999959e+00 7.405000000000000471e-01
3.100000000000000000e+01 1.848000000000000000e+03 -1.000000000000000000e+00 -1.000000000000000000e+00 -1.000000000000000000e+00 -1.000000000000000000e+00 -1.000000000000000000e+00 5.252910000000000537e+02 1.719296000000000049e+03 8.200000000000000344e-02 3.265000000000000124e-01 1.078999999999999959e+00 7.405000000000000471e-01
3.200000000000000000e+01 1.848000000000000000e+03 -1.000000000000000000e+00 -1.000000000000000000e+00 -1.000000000000000000e+00 -1.000000000000000000e+00 -1.000000000000000000e+00 5.252659999999999627e+02 1.719279999999999973e+03 8.200000000000000344e-02 3.265000000000000124e-01 1.078999999999999959e+00 7.405000000000000471e-01
3.300000000000000000e+01 1.848000000000000000e+03 -1.000000000000000000e+00 -1.000000000000000000e+00 -1.000000000000000000e+00 -1.000000000000000000e+00 -1.000000000000000000e+00 5.252789999999999964e+02 1.719288000000000011e+03 8.200000000000000344e-02 3.265000000000000124e-01 1.078999999999999959e+00 7.405000000000000471e-01
3.400000000000000000e+01 1.848000000000000000e+03 -1.000000000000000000e+00 -1.000000000000000000e+00 -1.000000000000000000e+00 -1.000000000000000000e+00 -1.000000000000000000e+00 5.252659999999999627e+02 1.719279999999999973e+03 8.200000000000000344e-02 3.265000000000000124e-01 1.078999999999999959e+00 7.405000000000000471e-01
3.500000000000000000e+01 1.848000000000000000e+03 -1.000000000000000000e+00 -1.000000000000000000e+00 -1.000000000000000000e+00 -1.000000000000000000e+00 -1.000000000000000000e+00 5.252659999999999627e+02 1.719279999999999973e+03 8.200000000000000344e-02 3.265000000000000124e-01 1.078999999999999959e+00 7.405000000000000471e-01
3.600000000000000000e+01 1.848000000000000000e+03 -1.000000000000000000e+00 -1.000000000000000000e+00 -1.000000000000000000e+00 -1.000000000000000000e+00 -1.000000000000000000e+00 5.252789999999999964e+02 1.719288000000000011e+03 8.200000000000000344e-02 3.265000000000000124e-01 1.078999999999999959e+00 7.405000000000000471e-01
3.700000000000000000e+01 1.848000000000000000e+03 -1.000000000000000000e+00 -1.000000000000000000e+00 -1.000000000000000000e+00 -1.000000000000000000e+00 -1.000000000000000000e+00 5.252659999999999627e+02 1.719279999999999973e+03 8.200000000000000344e-02 3.265000000000000124e-01 1.078999999999999959e+00 7.405000000000000471e-01
3.800000000000000000e+01 1.848000000000000000e+03 -1.000000000000000000e+00 -1.000000000000000000e+00 -1.000000000000000000e+00 -1.000000000000000000e+00 -1.000000000000000000e+00 5.252789999999999964e+02 1.719311999999999898e+03 8.200000000000000344e-02 3.265000000000000124e-01 1.078999999999999959e+00 7.405000000000000471e-01
3.900000000000000000e+01 1.848000000000000000e+03 -1.000000000000000000e+00 -1.000000000000000000e+00 -1.000000000000000000e+00 -1.000000000000000000e+00 -1.000000000000000000e+00 5.252749999999999773e+02 1.719292999999999893e+03 8.200000000000000344e-02 3.265000000000000124e-01 1.078999999999999959e+00 7.405000000000000471e-01
