1.000000000000000000e+00 3.239000000000000000e+03 -1.000000000000000000e+00 -1.000000000000000000e+00 -1.000000000000000000e+00 -1.000000000000000000e+00 -1.000000000000000000e+00 1.226559999999999945e+03 9.679859999999999900e+02 9.190000000000000391e-01 1.070999999999999952e+00 2.879000000000000004e+00 1.034000000000000030e+00
2.000000000000000000e+00 3.239000000000000000e+03 -1.000000000000000000e+00 -1.000000000000000000e+00 -1.000000000000000000e+00 -1.000000000000000000e+00 -1.000000000000000000e+00 1.228529999999999973e+03 9.645280000000000200e+02 9.769999999999999796e-01 1.070999999999999952e+00 2.879000000000000004e+00 1.034000000000000030e+00
3.000000000000000000e+00 3.239000000000000000e+03 -1.000000000000000000e+00 -1.000000000000000000e+00 -1.000000000000000000e+00 -1.000000000000000000e+00 -1.000000000000000000e+00 1.230826000000000022e+03 9.617350000000000136e+02 8.770000000000000018e-01 1.070999999999999952e+00 2.879000000000000004e+00 1.034000000000000030e+00
4.000000000000000000e+00 3.239000000000000000e+03 -1.000000000000000000e+00 -1.000000000000000000e+00 -1.000000000000000000e+00 -1.000000000000000000e+00 -1.000000000000000000e+00 1.233469000000000051e+03 9.588139999999999645e+02 8.669999999999999929e-01 1.070999999999999952e+00 2.879000000000000004e+00 1.034000000000000030e+00
5.000000000000000000e+00 3.239000000000000000e+03 -1.000000000000000000e+00 -1.000000000000000000e+00 -1.000000000000000000e+00 -1.000000000000000000e+00 -1.000000000000000000e+00 1.236145999999999958e+03 9.564560000000000173e+02 7.770000000000000240e-01 1.070999999999999952e+00 2.879000000000000004e+00 1.034000000000000030e+00
6.000000000000000000e+00 3.239000000000000000e+03 -1.000000000000000000e+00 -1.000000000000000000e+00 -1.000000000000000000e+00 -1.000000000000000000e+00 -1.000000000000000000e+00 1.239134999999999991e+03 9.533750000000000000e+02 6.919999999999999485e-01 1.070999999999999952e+00 2.879000000000000004e+00 1.034000000000000030e+00
7.000000000000000000e+00 3.239000000000000000e+03 -1.000000000000000000e+00 -1.000000000000000000e+00 -1.000000000000000000e+00 -1.000000000000000000e+00 -1.000000000000000000e+00 1.241566000000000031e+03 9.511269999999999527e+02 6.600000000000000311e-01 1.070999999999999952e+00 2.879000000000000004e+00 1.034000000000000030e+00
8.000000000000000000e+00 3.239000000000000000e+03 -1.000000000000000000e+00 -1.000000000000000000e+00 -1.000000000000000000e+00 -1.000000000000000000e+00 -1.000000000000000000e+00 1.244605999999999995e+03 9.483179999999999836e+02 6.470000000000000195e-01 1.070999999999999952e+00 2.879000000000000004e+00 1.034000000000000030e+00
9.000000000000000000e+00 3.239000000000000000e+03 -1.000000000000000000e+00 -1.000000000000000000e+00 -1.000000000000000000e+00 -1.000000000000000000e+00 -1.000000000000000000e+00 1.247338999999999942e+03 9.458990000000000009e+02 5.070000000000000062e-01 1.070999999999999952e+00 2.879000000000000004e+00 1.034000000000000030e+00
1.000000000000000000e+01 3.239000000000000000e+03 -1.000000000000000000e+00 -1.000000000000000000e+00 -1.000000000000000000e+00 -1.000000000000000000e+00 -1.000000000000000000e+00 1.249977000000000089e+03 9.434629999999999654e+02 4.560000000000000164e-01 1.070999999999999952e+00 2.879000000000000004e+00 1.034000000000000030e+00
1.100000000000000000e+01 3.239000000000000000e+03 -1.000000000000000000e+00 -1.000000000000000000e+00 -1.000000000000000000e+00 -1.000000000000000000e+00 -1.000000000000000000e+00 1.252907999999999902e+03 9.413500000000000227e+02 2.560000000000000053e-01 1.070999999999999952e+00 2.879000000000000004e+00 1.034000000000000030e+00
1.200000000000000000e+01 3.239000000000000000e+03 -1.000000000000000000e+00 -1.000000000000000000e+00 -1.000000000000000000e+00 -1.000000000000000000e+00 -1.000000000000000000e+00 1.256076999999999998e+03 9.389329999999999927e+02 2.169999999999999984e-01 1.070999999999999952e+00 2.879000000000000004e+00 1.034000000000000030e+00
1.300000000000000000e+01 3.239000000000000000e+03 -1.000000000000000000e+00 -1.000000000000000000e+00 -1.000000000000000000e+00 -1.000000000000000000e+00 -1.000000000000000000e+00 1.258700000000000045e+03 9.370069999999999482e+02 1.529999999999999971e-01 1.070999999999999952e+00 2.879000000000000004e+00 1.034000000000000030e+00
1.400000000000000000e+01 3.239000000000000000e+03 -1.000000000000000000e+00 -1.000000000000000000e+00 -1.000000000000000000e+00 -1.000000000000000000e+00 -1.000000000000000000e+00 1.263829994157281817e+03 9.315309086759239108e+02 3.329997949923463874e-01 1.070999999999999952e+00 2.879000000000000004e+00 1.034000000000000030e+00
1.500000000000000000e+01 3.239000000000000000e+03 -1.000000000000000000e+00 -1.000000000000000000e+00 -1.000000000000000000e+00 -1.000000000000000000e+00 -1.000000000000000000e+00 1.262119388100477408e+03 9.333569214742589111e+02 2.729785298413045513e-01 1.071000000000000174e+00 2.879000000000000448e+00 1.034000000000000030e+00
1.600000000000000000e+01 3.239000000000000000e+03 -1.000000000000000000e+00 -1.000000000000000000e+00 -1.000000000000000000e+00 -1.000000000000000000e+00 -1.000000000000000000e+00 1.260408710178239517e+03 9.351830109864577025e+02 2.129547430961232224e-01 1.070999999999999952e+00 2.879000000000000448e+00 1.034000000000000030e+00
1.700000000000000000e+01 3.239000000000000000e+03 -1.000000000000000000e+00 -1.000000000000000000e+00 -1.000000000000000000e+00 -1.000000000000000000e+00 -1.000000000000000000e+00 1.265711000000000013e+03 9.295230000000000246e+02 3.990000000000000213e-01 1.070999999999999952e+00 2.879000000000000004e+00 1.034000000000000030e+00
1.800000000000000000e+01 3.239000000000000000e+03 -1.000000000000000000e+00 -1.000000000000000000e+00 -1.000000000000000000e+00 -1.000000000000000000e+00 -1.000000000000000000e+00 1.265662003136771546e+03 9.291655228856297981e+02 4.654957429527664114e-01 1.070999999999999952e+00 2.879000000000000004e+00 1.034000000000000030e+00
1.900000000000000000e+01 3.239000000000000000e+03 -1.000000000000000000e+00 -1.000000000000000000e+00 -1.000000000000000000e+00 -1.000000000000000000e+00 -1.000000000000000000e+00 1.265613000000000056e+03 9.288079999999999927e+02 5.320000000000000284e-01 1.070999999999999952e+00 2.879000000000000004e+00 1.034000000000000030e+00
2.000000000000000000e+01 3.239000000000000000e+03 -1.000000000000000000e+00 -1.000000000000000000e+00 -1.000000000000000000e+00 -1.000000000000000000e+00 -1.000000000000000000e+00 1.265571999999999889e+03 9.271190000000000282e+02 5.989999999999999769e-01 1.070999999999999952e+00 2.879000000000000004e+00 1.034000000000000030e+00
2.100000000000000000e+01 3.239000000000000000e+03 -1.000000000000000000e+00 -1.000000000000000000e+00 -1.000000000000000000e+00 -1.000000000000000000e+00 -1.000000000000000000e+00 1.265298000000000002e+03 9.260579999999999927e+02 6.590000000000000302e-01 1.070999999999999952e+00 2.879000000000000004e+00 1.034000000000000030e+00
2.200000000000000000e+01 3.239000000000000000e+03 -1.000000000000000000e+00 -1.000000000000000000e+00 -1.000000000000000000e+00 -1.000000000000000000e+00 -1.000000000000000000e+00 1.265196999999999889e+03 9.254640000000000555e+02 7.249999999999999778e-01 1.070999999999999952e+00 2.879000000000000004e+00 1.034000000000000030e+00
2.300000000000000000e+01 3.239000000000000000e+03 -1.000000000000000000e+00 -1.000000000000000000e+00 -1.000000000000000000e+00 -1.000000000000000000e+00 -1.000000000000000000e+00 1.265065000000000055e+03 9.248759999999999764e+02 7.920000000000000373e-01 1.070999999999999952e+00 2.879000000000000004e+00 1.034000000000000030e+00
2.400000000000000000e+01 3.239000000000000000e+03 -1.000000000000000000e+00 -1.000000000000000000e+00 -1.000000000000000000e+00 -1.000000000000000000e+00 -1.000000000000000000e+00 1.264902000000000044e+03 9.242949999999999591e+02 8.589999999999999858e-01 1.070999999999999952e+00 2.879000000000000004e+00 1.034000000000000030e+00
2.500000000000000000e+01 3.239000000000000000e+03 -1.000000000000000000e+00 -1.000000000000000000e+00 -1.000000000000000000e+00 -1.000000000000000000e+00 -1.000000000000000000e+00 1.264721000000000004e+03 9.237240000000000464e+02 8.589999999999999858e-01 1.070999999999999952e+00 2.879000000000000004e+00 1.034000000000000030e+00
2.600000000000000000e+01 3.239000000000000000e+03 -1.000000000000000000e+00 -1.000000000000000000e+00 -1.000000000000000000e+00 -1.000000000000000000e+00 -1.000000000000000000e+00 1.264517000000000053e+03 9.232930000000000064e+02 8.589999999999999858e-01 1.070999999999999952e+00 2.879000000000000004e+00 1.034000000000000030e+00
2.600000000000000000e+01 3.263000000000000000e+03 -1.000000000000000000e+00 -1.000000000000000000e+00 -1.000000000000000000e+00 -1.000000000000000000e+00 -1.000000000000000000e+00 1.264606999999999971e+03 9.164880000000000564e+02 8.289999999999999591e-01 1.023500000000000076e+00 2.624000000000000110e+00 9.559999999999999609e-01
2.700000000000000000e+01 3.239000000000000000e+03 -1.000000000000000000e+00 -1.000000000000000000e+00 -1.000000000000000000e+00 -1.000000000000000000e+00 -1.000000000000000000e+00 1.264315000000000055e+03 9.228640000000000327e+02 8.589999999999999858e-01 1.070999999999999952e+00 2.879000000000000004e+00 1.034000000000000030e+00
2.700000000000000000e+01 3.263000000000000000e+03 -1.000000000000000000e+00 -1.000000000000000000e+00 -1.000000000000000000e+00 -1.000000000000000000e+00 -1.000000000000000000e+00 1.264532999038835214e+03 9.163664984218714835e+02 8.305000194830691740e-01 1.023500000000000076e+00 2.624000000000000110e+00 9.559999999999999609e-01
2.800000000000000000e+01 3.239000000000000000e+03 -1.000000000000000000e+00 -1.000000000000000000e+00 -1.000000000000000000e+00 -1.000000000000000000e+00 -1.000000000000000000e+00 1.264128999999999905e+03 9.224690000000000509e+02 8.589999999999999858e-01 1.070999999999999952e+00 2.879000000000000004e+00 1.034000000000000030e+00
2.800000000000000000e+01 3.263000000000000000e+03 -1.000000000000000000e+00 -1.000000000000000000e+00 -1.000000000000000000e+00 -1.000000000000000000e+00 -1.000000000000000000e+00 1.264459000000000060e+03 9.162450000000000045e+02 8.319999999999999618e-01 1.023500000000000076e+00 2.624000000000000110e+00 9.559999999999999609e-01
2.800000000000000000e+01 3.265000000000000000e+03 -1.000000000000000000e+00 -1.000000000000000000e+00 -1.000000000000000000e+00 -1.000000000000000000e+00 -1.000000000000000000e+00 1.238348999999999933e+03 9.060819999999999936e+02 9.020000000000000240e-01 1.103499999999999925e+00 2.431999999999999940e+00 7.614999999999999547e-01
2.900000000000000000e+01 3.239000000000000000e+03 -1.000000000000000000e+00 -1.000000000000000000e+00 -1.000000000000000000e+00 -1.000000000000000000e+00 -1.000000000000000000e+00 1.264060999999999922e+03 9.223260000000000218e+02 8.589999999999999858e-01 1.070999999999999952e+00 2.879000000000000004e+00 1.034000000000000030e+00
2.900000000000000000e+01 3.265000000000000000e+03 -1.000000000000000000e+00 -1.000000000000000000e+00 -1.000000000000000000e+00 -1.000000000000000000e+00 -1.000000000000000000e+00 1.238348999999999933e+03 9.060819999999999936e+02 9.020000000000000240e-01 1.103499999999999925e+00 2.431999999999999940e+00 7.614999999999999547e-01
2.900000000000000000e+01 3.263000000000000000e+03 -1.000000000000000000e+00 -1.000000000000000000e+00 -1.000000000000000000e+00 -1.000000000000000000e+00 -1.000000000000000000e+00 1.264303586589168390e+03 9.162814796752113580e+02 8.339988863129460528e-01 1.023500000000000076e+00 2.624000000000000110e+00 9.559999999999999609e-01
3.000000000000000000e+01 3.239000000000000000e+03 -1.000000000000000000e+00 -1.000000000000000000e+00 -1.000000000000000000e+00 -1.000000000000000000e+00 -1.000000000000000000e+00 1.264037000000000035e+03 9.222519999999999527e+02 8.589999999999999858e-01 1.070999999999999952e+00 2.879000000000000004e+00 1.034000000000000030e+00
3.000000000000000000e+01 3.263000000000000000e+03 -1.000000000000000000e+00 -1.000000000000000000e+00 -1.000000000000000000e+00 -1.000000000000000000e+00 -1.000000000000000000e+00 1.264147999999999911e+03 9.163179999999999836e+02 8.359999999999999654e-01 1.023500000000000076e+00 2.624000000000000110e+00 9.559999999999999609e-01
3.000000000000000000e+01 3.265000000000000000e+03 -1.000000000000000000e+00 -1.000000000000000000e+00 -1.000000000000000000e+00 -1.000000000000000000e+00 -1.000000000000000000e+00 1.238348999999999933e+03 9.060820000000001073e+02 9.020000000000000240e-01 1.103499999999999925e+00 2.431999999999999940e+00 7.614999999999999547e-01
3.100000000000000000e+01 3.239000000000000000e+03 -1.000000000000000000e+00 -1.000000000000000000e+00 -1.000000000000000000e+00 -1.000000000000000000e+00 -1.000000000000000000e+00 1.264011999999999944e+03 9.221779999999999973e+02 8.589999999999999858e-01 1.070999999999999952e+00 2.879000000000000004e+00 1.034000000000000030e+00
3.100000000000000000e+01 3.263000000000000000e+03 -1.000000000000000000e+00 -1.000000000000000000e+00 -1.000000000000000000e+00 -1.000000000000000000e+00 -1.000000000000000000e+00 1.263991999999999962e+03 9.163550000000000182e+02 8.379999999999999671e-01 1.023500000000000076e+00 2.624000000000000110e+00 9.559999999999999609e-01
3.100000000000000000e+01 3.265000000000000000e+03 -1.000000000000000000e+00 -1.000000000000000000e+00 -1.000000000000000000e+00 -1.000000000000000000e+00 -1.000000000000000000e+00 1.238348999999999933e+03 9.060819999999998799e+02 9.020000000000000240e-01 1.103499999999999925e+00 2.431999999999999496e+00 7.614999999999999547e-01
3.200000000000000000e+01 3.239000000000000000e+03 -1.000000000000000000e+00 -1.000000000000000000e+00 -1.000000000000000000e+00 -1.000000000000000000e+00 -1.000000000000000000e+00 1.263988000000000056e+03 9.221040000000000418e+02 8.589999999999999858e-01 1.070999999999999952e+00 2.879000000000000004e+00 1.034000000000000030e+00
3.200000000000000000e+01 3.263000000000000000e+03 -1.000000000000000000e+00 -1.000000000000000000e+00 -1.000000000000000000e+00 -1.000000000000000000e+00 -1.000000000000000000e+00 1.264182000000000016e+03 9.165919999999999845e+02 8.389999999999999680e-01 1.023500000000000076e+00 2.624000000000000110e+00 9.559999999999999609e-01
3.200000000000000000e+01 3.265000000000000000e+03 -1.000000000000000000e+00 -1.000000000000000000e+00 -1.000000000000000000e+00 -1.000000000000000000e+00 -1.000000000000000000e+00 1.238348999999999933e+03 9.060819999999999936e+02 9.020000000000000240e-01 1.103499999999999925e+00 2.431999999999999940e+00 7.614999999999999547e-01
3.300000000000000000e+01 3.239000000000000000e+03 -1.000000000000000000e+00 -1.000000000000000000e+00 -1.000000000000000000e+00 -1.000000000000000000e+00 -1.000000000000000000e+00 1.263961999999999989e+03 9.220220000000000482e+02 8.589999999999999858e-01 1.070999999999999952e+00 2.879000000000000004e+00 1.034000000000000030e+00
3.300000000000000000e+01 3.263000000000000000e+03 -1.000000000000000000e+00 -1.000000000000000000e+00 -1.000000000000000000e+00 -1.000000000000000000e+00 -1.000000000000000000e+00 1.264391000000000076e+03 9.168540000000000418e+02 8.409999999999999698e-01 1.023500000000000076e+00 2.624000000000000110e+00 9.559999999999999609e-01
3.400000000000000000e+01 3.239000000000000000e+03 -1.000000000000000000e+00 -1.000000000000000000e+00 -1.000000000000000000e+00 -1.000000000000000000e+00 -1.000000000000000000e+00 1.263869999999999891e+03 9.219370000000000118e+02 9.090000000000000302e-01 1.070999999999999952e+00 2.879000000000000004e+00 1.034000000000000030e+00
3.400000000000000000e+01 3.263000000000000000e+03 -1.000000000000000000e+00 -1.000000000000000000e+00 -1.000000000000000000e+00 -1.000000000000000000e+00 -1.000000000000000000e+00 1.264580999999999904e+03 9.170910000000000082e+02 8.429999999999999716e-01 1.023500000000000076e+00 2.624000000000000110e+00 9.559999999999999609e-01
3.500000000000000000e+01 3.239000000000000000e+03 -1.000000000000000000e+00 -1.000000000000000000e+00 -1.000000000000000000e+00 -1.000000000000000000e+00 -1.000000000000000000e+00 1.263449000000000069e+03 9.214880000000000564e+02 9.090000000000000302e-01 1.070999999999999952e+00 2.879000000000000004e+00 1.034000000000000030e+00
3.500000000000000000e+01 3.263000000000000000e+03 -1.000000000000000000e+00 -1.000000000000000000e+00 -1.000000000000000000e+00 -1.000000000000000000e+00 -1.000000000000000000e+00 1.264770899978982925e+03 9.173283749737287280e+02 8.449989471471891500e-01 1.023500000000000076e+00 2.624000000000000110e+00 9.559999999999999609e-01
3.600000000000000000e+01 3.239000000000000000e+03 -1.000000000000000000e+00 -1.000000000000000000e+00 -1.000000000000000000e+00 -1.000000000000000000e+00 -1.000000000000000000e+00 1.263028999999999996e+03 9.210399999999999636e+02 9.090000000000000302e-01 1.070999999999999952e+00 2.879000000000000004e+00 1.034000000000000030e+00
3.600000000000000000e+01 3.263000000000000000e+03 -1.000000000000000000e+00 -1.000000000000000000e+00 -1.000000000000000000e+00 -1.000000000000000000e+00 -1.000000000000000000e+00 1.264961000000000013e+03 9.175660000000000309e+02 8.469999999999999751e-01 1.023500000000000076e+00 2.624000000000000110e+00 9.559999999999999609e-01
3.700000000000000000e+01 3.239000000000000000e+03 -1.000000000000000000e+00 -1.000000000000000000e+00 -1.000000000000000000e+00 -1.000000000000000000e+00 -1.000000000000000000e+00 1.262366999999999962e+03 9.202759999999999536e+02 9.090000000000000302e-01 1.070999999999999952e+00 2.879000000000000004e+00 1.034000000000000030e+00
3.700000000000000000e+01 3.263000000000000000e+03 -1.000000000000000000e+00 -1.000000000000000000e+00 -1.000000000000000000e+00 -1.000000000000000000e+00 -1.000000000000000000e+00 1.265231999999999971e+03 9.179030000000000200e+02 9.469999999999999529e-01 1.023500000000000076e+00 2.624000000000000110e+00 9.559999999999999609e-01
3.800000000000000000e+01 3.239000000000000000e+03 -1.000000000000000000e+00 -1.000000000000000000e+00 -1.000000000000000000e+00 -1.000000000000000000e+00 -1.000000000000000000e+00 1.261659000000000106e+03 9.194489999999999554e+02 9.090000000000000302e-01 1.070999999999999952e+00 2.879000000000000004e+00 1.034000000000000030e+00
3.800000000000000000e+01 3.263000000000000000e+03 -1.000000000000000000e+00 -1.000000000000000000e+00 -1.000000000000000000e+00 -1.000000000000000000e+00 -1.000000000000000000e+00 1.265433999999999969e+03 9.181559999999999491e+02 9.469999999999999529e-01 1.023500000000000076e+00 2.624000000000000110e+00 9.559999999999999609e-01
3.900000000000000000e+01 3.239000000000000000e+03 -1.000000000000000000e+00 -1.000000000000000000e+00 -1.000000000000000000e+00 -1.000000000000000000e+00 -1.000000000000000000e+00 1.260805000000000064e+03 9.184220000000000255e+02 9.090000000000000302e-01 1.070999999999999952e+00 2.879000000000000004e+00 1.034000000000000030e+00
3.900000000000000000e+01 3.263000000000000000e+03 -1.000000000000000000e+00 -1.000000000000000000e+00 -1.000000000000000000e+00 -1.000000000000000000e+00 -1.000000000000000000e+00 1.265615999999999985e+03 9.183840000000000146e+02 9.469999999999999529e-01 1.023500000000000076e+00 2.624000000000000110e+00 9.559999999999999609e-01
4.000000000000000000e+01 3.239000000000000000e+03 -1.000000000000000000e+00 -1.000000000000000000e+00 -1.000000000000000000e+00 -1.000000000000000000e+00 -1.000000000000000000e+00 1.259832000000000107e+03 9.172480000000000473e+02 9.589999999999999636e-01 1.070999999999999952e+00 2.879000000000000004e+00 1.034000000000000030e+00
4.000000000000000000e+01 3.263000000000000000e+03 -1.000000000000000000e+00 -1.000000000000000000e+00 -1.000000000000000000e+00 -1.000000000000000000e+00 -1.000000000000000000e+00 1.265817999999999984e+03 9.186359999999999673e+02 9.469999999999999529e-01 1.023500000000000076e+00 2.624000000000000110e+00 9.559999999999999609e-01
