1.000000000000000000e+00 3.851000000000000000e+03 -1.000000000000000000e+00 -1.000000000000000000e+00 -1.000000000000000000e+00 -1.000000000000000000e+00 -1.000000000000000000e+00 2.365936000000000149e+03 1.022104000000000042e+03 5.819999999999999618e-01 8.735000000000000542e-01 2.286500000000000199e+00 7.285000000000000364e-01
1.000000000000000000e+00 3.853000000000000000e+03 -1.000000000000000000e+00 -1.000000000000000000e+00 -1.000000000000000000e+00 -1.000000000000000000e+00 -1.000000000000000000e+00 2.350938000000000102e+03 1.029515000000000100e+03 1.080999999999999961e+00 8.125000000000000000e-01 2.078500000000000014e+00 7.700000000000000178e-01
2.000000000000000000e+00 3.851000000000000000e+03 -1.000000000000000000e+00 -1.000000000000000000e+00 -1.000000000000000000e+00 -1.000000000000000000e+00 -1.000000000000000000e+00 2.365936999999999898e+03 1.022099000000000046e+03 6.049999999999999822e-01 8.735000000000000542e-01 2.286500000000000199e+00 7.285000000000000364e-01
2.000000000000000000e+00 3.853000000000000000e+03 -1.000000000000000000e+00 -1.000000000000000000e+00 -1.000000000000000000e+00 -1.000000000000000000e+00 -1.000000000000000000e+00 2.350929999999999836e+03 1.029481999999999971e+03 1.110999999999999988e+00 8.125000000000000000e-01 2.078500000000000014e+00 7.700000000000000178e-01
3.000000000000000000e+00 3.851000000000000000e+03 -1.000000000000000000e+00 -1.000000000000000000e+00 -1.000000000000000000e+00 -1.000000000000000000e+00 -1.000000000000000000e+00 2.365938000000000102e+03 1.022095000000000027e+03 6.250000000000000000e-01 8.735000000000000542e-01 2.286500000000000199e+00 7.285000000000000364e-01
3.000000000000000000e+00 3.853000000000000000e+03 -1.000000000000000000e+00 -1.000000000000000000e+00 -1.000000000000000000e+00 -1.000000000000000000e+00 -1.000000000000000000e+00 2.350922999999999774e+03 1.029454999999999927e+03 1.135999999999999899e+00 8.125000000000000000e-01 2.078500000000000014e+00 7.700000000000000178e-01
4.000000000000000000e+00 3.851000000000000000e+03 -1.000000000000000000e+00 -1.000000000000000000e+00 -1.000000000000000000e+00 -1.000000000000000000e+00 -1.000000000000000000e+00 2.365938999999999851e+03 1.022091999999999985e+03 6.440000000000000169e-01 8.735000000000000542e-01 2.286500000000000199e+00 7.285000000000000364e-01
4.000000000000000000e+00 3.853000000000000000e+03 -1.000000000000000000e+00 -1.000000000000000000e+00 -1.000000000000000000e+00 -1.000000000000000000e+00 -1.000000000000000000e+00 2.350916000000000167e+03 1.029428000000000111e+03 1.161000000000000032e+00 8.125000000000000000e-01 2.078500000000000014e+00 7.700000000000000178e-01
5.000000000000000000e+00 3.851000000000000000e+03 -1.000000000000000000e+00 -1.000000000000000000e+00 -1.000000000000000000e+00 -1.000000000000000000e+00 -1.000000000000000000e+00 2.365925000000000182e+03 1.022077999999999975e+03 6.720000000000000417e-01 8.735000000000000542e-01 2.286500000000000199e+00 7.285000000000000364e-01
5.000000000000000000e+00 3.853000000000000000e+03 -1.000000000000000000e+00 -1.000000000000000000e+00 -1.000000000000000000e+00 -1.000000000000000000e+00 -1.000000000000000000e+00 2.350909999999999854e+03 1.029401000000000067e+03 1.185999999999999943e+00 8.125000000000000000e-01 2.078500000000000014e+00 7.700000000000000178e-01
6.000000000000000000e+00 3.851000000000000000e+03 -1.000000000000000000e+00 -1.000000000000000000e+00 -1.000000000000000000e+00 -1.000000000000000000e+00 -1.000000000000000000e+00 2.365911000000000058e+03 1.022065000000000055e+03 6.999999999999999556e-01 8.735000000000000542e-01 2.286500000000000199e+00 7.285000000000000364e-01
6.000000000000000000e+00 3.853000000000000000e+03 -1.000000000000000000e+00 -1.000000000000000000e+00 -1.000000000000000000e+00 -1.000000000000000000e+00 -1.000000000000000000e+00 2.350902999999999793e+03 1.029374000000000024e+03 1.211000000000000076e+00 8.125000000000000000e-01 2.078500000000000014e+00 7.700000000000000178e-01
7.000000000000000000e+00 3.851000000000000000e+03 -1.000000000000000000e+00 -1.000000000000000000e+00 -1.000000000000000000e+00 -1.000000000000000000e+00 -1.000000000000000000e+00 2.365893999999999778e+03 1.022048999999999978e+03 7.339999999999999858e-01 8.735000000000000542e-01 2.286500000000000199e+00 7.285000000000000364e-01
7.000000000000000000e+00 3.853000000000000000e+03 -1.000000000000000000e+00 -1.000000000000000000e+00 -1.000000000000000000e+00 -1.000000000000000000e+00 -1.000000000000000000e+00 2.350864999999999782e+03 1.029364000000000033e+03 1.213000000000000078e+00 8.125000000000000000e-01 2.078500000000000014e+00 7.700000000000000178e-01
8.000000000000000000e+00 3.851000000000000000e+03 -1.000000000000000000e+00 -1.000000000000000000e+00 -1.000000000000000000e+00 -1.000000000000000000e+00 -1.000000000000000000e+00 2.365896000000000186e+03 1.022053999999999974e+03 7.620000000000000107e-01 8.735000000000000542e-01 2.286500000000000199e+00 7.285000000000000364e-01
8.000000000000000000e+00 3.853000000000000000e+03 -1.000000000000000000e+00 -1.000000000000000000e+00 -1.000000000000000000e+00 -1.000000000000000000e+00 -1.000000000000000000e+00 2.350833999999999833e+03 1.029355999999999995e+03 1.213999999999999968e+00 8.125000000000000000e-01 2.078500000000000014e+00 7.700000000000000178e-01
9.000000000000000000e+00 3.851000000000000000e+03 -1.000000000000000000e+00 -1.000000000000000000e+00 -1.000000000000000000e+00 -1.000000000000000000e+00 -1.000000000000000000e+00 2.365898000000000138e+03 1.022058999999999969e+03 7.900000000000000355e-01 8.735000000000000542e-01 2.286500000000000199e+00 7.285000000000000364e-01
9.000000000000000000e+00 3.853000000000000000e+03 -1.000000000000000000e+00 -1.000000000000000000e+00 -1.000000000000000000e+00 -1.000000000000000000e+00 -1.000000000000000000e+00 2.350802999999999884e+03 1.029347999999999956e+03 1.215999999999999970e+00 8.125000000000000000e-01 2.078500000000000014e+00 7.700000000000000178e-01
1.000000000000000000e+01 3.851000000000000000e+03 -1.000000000000000000e+00 -1.000000000000000000e+00 -1.000000000000000000e+00 -1.000000000000000000e+00 -1.000000000000000000e+00 2.365898999999999887e+03 1.022063999999999965e+03 8.189999999999999503e-01 8.735000000000000542e-01 2.286500000000000199e+00 7.285000000000000364e-01
1.000000000000000000e+01 3.855000000000000000e+03 -1.000000000000000000e+00 -1.000000000000000000e+00 -1.000000000000000000e+00 -1.000000000000000000e+00 -1.000000000000000000e+00 2.303822000000000116e+03 1.007874000000000024e+03 -3.400000000000000244e-02 1.000999999999999890e+00 2.443499999999999783e+00 8.090000000000000524e-01
1.000000000000000000e+01 3.853000000000000000e+03 -1.000000000000000000e+00 -1.000000000000000000e+00 -1.000000000000000000e+00 -1.000000000000000000e+00 -1.000000000000000000e+00 2.350771000000000186e+03 1.029339999999999918e+03 1.217000000000000082e+00 8.125000000000000000e-01 2.078500000000000014e+00 7.700000000000000178e-01
1.100000000000000000e+01 3.851000000000000000e+03 -1.000000000000000000e+00 -1.000000000000000000e+00 -1.000000000000000000e+00 -1.000000000000000000e+00 -1.000000000000000000e+00 2.365900999999999840e+03 1.022068999999999960e+03 8.469999999999999751e-01 8.735000000000000542e-01 2.286500000000000199e+00 7.285000000000000364e-01
1.100000000000000000e+01 3.855000000000000000e+03 -1.000000000000000000e+00 -1.000000000000000000e+00 -1.000000000000000000e+00 -1.000000000000000000e+00 -1.000000000000000000e+00 2.303818000000000211e+03 1.007932999999999993e+03 -4.299999999999999656e-02 1.000999999999999890e+00 2.443499999999999783e+00 8.090000000000000524e-01
1.100000000000000000e+01 3.853000000000000000e+03 -1.000000000000000000e+00 -1.000000000000000000e+00 -1.000000000000000000e+00 -1.000000000000000000e+00 -1.000000000000000000e+00 2.350739999999999782e+03 1.029330999999999904e+03 1.217999999999999972e+00 8.125000000000000000e-01 2.078500000000000014e+00 7.700000000000000178e-01
1.200000000000000000e+01 3.851000000000000000e+03 -1.000000000000000000e+00 -1.000000000000000000e+00 -1.000000000000000000e+00 -1.000000000000000000e+00 -1.000000000000000000e+00 2.365806999999999789e+03 1.022263000000000034e+03 8.599999999999999867e-01 8.735000000000000542e-01 2.286500000000000199e+00 7.285000000000000364e-01
1.200000000000000000e+01 3.855000000000000000e+03 -1.000000000000000000e+00 -1.000000000000000000e+00 -1.000000000000000000e+00 -1.000000000000000000e+00 -1.000000000000000000e+00 2.303813999999999851e+03 1.007991999999999962e+03 -5.199999999999999761e-02 1.000999999999999890e+00 2.443499999999999783e+00 8.090000000000000524e-01
1.200000000000000000e+01 3.853000000000000000e+03 -1.000000000000000000e+00 -1.000000000000000000e+00 -1.000000000000000000e+00 -1.000000000000000000e+00 -1.000000000000000000e+00 2.350697999999999865e+03 1.029325000000000045e+03 1.181000000000000050e+00 8.125000000000000000e-01 2.078500000000000014e+00 7.700000000000000178e-01
1.300000000000000000e+01 3.851000000000000000e+03 -1.000000000000000000e+00 -1.000000000000000000e+00 -1.000000000000000000e+00 -1.000000000000000000e+00 -1.000000000000000000e+00 2.365882000000000062e+03 1.022197999999999979e+03 7.820000000000000284e-01 8.735000000000000542e-01 2.286500000000000199e+00 7.285000000000000364e-01
1.300000000000000000e+01 3.855000000000000000e+03 -1.000000000000000000e+00 -1.000000000000000000e+00 -1.000000000000000000e+00 -1.000000000000000000e+00 -1.000000000000000000e+00 2.303809999999999945e+03 1.008052000000000021e+03 -5.999999999999999778e-02 1.000999999999999890e+00 2.443499999999999783e+00 8.090000000000000524e-01
1.400000000000000000e+01 3.856000000000000000e+03 -1.000000000000000000e+00 -1.000000000000000000e+00 -1.000000000000000000e+00 -1.000000000000000000e+00 -1.000000000000000000e+00 2.297876999999999953e+03 1.006730999999999995e+03 1.320000000000000062e-01 9.685000000000000275e-01 2.266999999999999904e+00 9.200000000000000400e-01
1.400000000000000000e+01 3.851000000000000000e+03 -1.000000000000000000e+00 -1.000000000000000000e+00 -1.000000000000000000e+00 -1.000000000000000000e+00 -1.000000000000000000e+00 2.365965000000000146e+03 1.022125999999999976e+03 6.949999999999999512e-01 8.735000000000000542e-01 2.286500000000000199e+00 7.285000000000000364e-01
1.400000000000000000e+01 3.855000000000000000e+03 -1.000000000000000000e+00 -1.000000000000000000e+00 -1.000000000000000000e+00 -1.000000000000000000e+00 -1.000000000000000000e+00 2.303762000000000171e+03 1.008000000000000000e+03 1.260000000000000009e-01 1.000999999999999890e+00 2.443499999999999783e+00 8.090000000000000524e-01
1.500000000000000000e+01 3.851000000000000000e+03 -1.000000000000000000e+00 -1.000000000000000000e+00 -1.000000000000000000e+00 -1.000000000000000000e+00 -1.000000000000000000e+00 2.366032999999999902e+03 1.022067999999999984e+03 6.250000000000000000e-01 8.735000000000000542e-01 2.286500000000000199e+00 7.285000000000000364e-01
1.500000000000000000e+01 3.855000000000000000e+03 -1.000000000000000000e+00 -1.000000000000000000e+00 -1.000000000000000000e+00 -1.000000000000000000e+00 -1.000000000000000000e+00 2.303762999999999920e+03 1.008000999999999976e+03 2.230000000000000038e-01 1.000999999999999890e+00 2.443499999999999783e+00 8.090000000000000524e-01
1.500000000000000000e+01 3.856000000000000000e+03 -1.000000000000000000e+00 -1.000000000000000000e+00 -1.000000000000000000e+00 -1.000000000000000000e+00 -1.000000000000000000e+00 2.297879306614653160e+03 1.006727924513795870e+03 3.365198325731492135e-01 9.685000000000000275e-01 2.266999999999999904e+00 9.199999999999999289e-01
1.600000000000000000e+01 3.851000000000000000e+03 -1.000000000000000000e+00 -1.000000000000000000e+00 -1.000000000000000000e+00 -1.000000000000000000e+00 -1.000000000000000000e+00 2.365806999999999789e+03 1.022004000000000019e+03 6.969999999999999529e-01 8.735000000000000542e-01 2.286500000000000199e+00 7.285000000000000364e-01
1.600000000000000000e+01 3.855000000000000000e+03 -1.000000000000000000e+00 -1.000000000000000000e+00 -1.000000000000000000e+00 -1.000000000000000000e+00 -1.000000000000000000e+00 2.303800000000000182e+03 1.007958999999999946e+03 2.369999999999999885e-01 1.000999999999999890e+00 2.443499999999999783e+00 8.090000000000000524e-01
1.600000000000000000e+01 3.856000000000000000e+03 -1.000000000000000000e+00 -1.000000000000000000e+00 -1.000000000000000000e+00 -1.000000000000000000e+00 -1.000000000000000000e+00 2.297878537436396073e+03 1.006728950084805888e+03 2.683193604093249141e-01 9.685000000000000275e-01 2.266999999999999904e+00 9.200000000000000400e-01
1.700000000000000000e+01 3.851000000000000000e+03 -1.000000000000000000e+00 -1.000000000000000000e+00 -1.000000000000000000e+00 -1.000000000000000000e+00 -1.000000000000000000e+00 2.365994999999999891e+03 1.022067999999999984e+03 6.149999999999999911e-01 8.735000000000000542e-01 2.286500000000000199e+00 7.285000000000000364e-01
1.700000000000000000e+01 3.855000000000000000e+03 -1.000000000000000000e+00 -1.000000000000000000e+00 -1.000000000000000000e+00 -1.000000000000000000e+00 -1.000000000000000000e+00 2.303835999999999785e+03 1.007916000000000054e+03 2.500000000000000000e-01 1.000999999999999890e+00 2.443499999999999783e+00 8.090000000000000524e-01
1.700000000000000000e+01 3.856000000000000000e+03 -1.000000000000000000e+00 -1.000000000000000000e+00 -1.000000000000000000e+00 -1.000000000000000000e+00 -1.000000000000000000e+00 2.297877768336609734e+03 1.006729975551186953e+03 2.001258460713107867e-01 9.685000000000000275e-01 2.266999999999999904e+00 9.200000000000000400e-01
1.800000000000000000e+01 3.856000000000000000e+03 -1.000000000000000000e+00 -1.000000000000000000e+00 -1.000000000000000000e+00 -1.000000000000000000e+00 -1.000000000000000000e+00 2.297880000000000109e+03 1.006726999999999975e+03 3.980000000000000204e-01 9.685000000000000275e-01 2.266999999999999904e+00 9.200000000000000400e-01
1.800000000000000000e+01 3.851000000000000000e+03 -1.000000000000000000e+00 -1.000000000000000000e+00 -1.000000000000000000e+00 -1.000000000000000000e+00 -1.000000000000000000e+00 2.365956999999999880e+03 1.022067999999999984e+03 6.550000000000000266e-01 8.735000000000000542e-01 2.286500000000000199e+00 7.285000000000000364e-01
1.800000000000000000e+01 3.855000000000000000e+03 -1.000000000000000000e+00 -1.000000000000000000e+00 -1.000000000000000000e+00 -1.000000000000000000e+00 -1.000000000000000000e+00 2.303871999999999844e+03 1.007873000000000047e+03 2.630000000000000115e-01 1.000999999999999890e+00 2.443499999999999783e+00 8.090000000000000524e-01
1.800000000000000000e+01 3.857000000000000000e+03 -1.000000000000000000e+00 -1.000000000000000000e+00 -1.000000000000000000e+00 -1.000000000000000000e+00 -1.000000000000000000e+00 2.289322999999999865e+03 1.006970000000000027e+03 3.890000000000000124e-01 1.006499999999999950e+00 2.431000000000000050e+00 8.215000000000000080e-01
1.900000000000000000e+01 3.856000000000000000e+03 -1.000000000000000000e+00 -1.000000000000000000e+00 -1.000000000000000000e+00 -1.000000000000000000e+00 -1.000000000000000000e+00 2.297871999999999844e+03 1.006736999999999966e+03 4.060000000000000275e-01 9.685000000000000275e-01 2.266999999999999904e+00 9.200000000000000400e-01
1.900000000000000000e+01 3.851000000000000000e+03 -1.000000000000000000e+00 -1.000000000000000000e+00 -1.000000000000000000e+00 -1.000000000000000000e+00 -1.000000000000000000e+00 2.365920000000000073e+03 1.022067999999999984e+03 6.949999999999999512e-01 8.735000000000000542e-01 2.286500000000000199e+00 7.285000000000000364e-01
1.900000000000000000e+01 3.855000000000000000e+03 -1.000000000000000000e+00 -1.000000000000000000e+00 -1.000000000000000000e+00 -1.000000000000000000e+00 -1.000000000000000000e+00 2.303807999999999993e+03 1.007875000000000000e+03 2.740000000000000213e-01 1.000999999999999890e+00 2.443499999999999783e+00 8.090000000000000524e-01
1.900000000000000000e+01 3.857000000000000000e+03 -1.000000000000000000e+00 -1.000000000000000000e+00 -1.000000000000000000e+00 -1.000000000000000000e+00 -1.000000000000000000e+00 2.289253999999999905e+03 1.007027000000000044e+03 3.910000000000000142e-01 1.006499999999999950e+00 2.431000000000000050e+00 8.215000000000000080e-01
2.000000000000000000e+01 3.856000000000000000e+03 -1.000000000000000000e+00 -1.000000000000000000e+00 -1.000000000000000000e+00 -1.000000000000000000e+00 -1.000000000000000000e+00 2.297864000000000033e+03 1.006745999999999981e+03 4.129999999999999782e-01 9.685000000000000275e-01 2.266999999999999904e+00 9.200000000000000400e-01
2.000000000000000000e+01 3.851000000000000000e+03 -1.000000000000000000e+00 -1.000000000000000000e+00 -1.000000000000000000e+00 -1.000000000000000000e+00 -1.000000000000000000e+00 2.365882000000000062e+03 1.022067999999999984e+03 7.349999999999999867e-01 8.735000000000000542e-01 2.286500000000000199e+00 7.285000000000000364e-01
2.000000000000000000e+01 3.855000000000000000e+03 -1.000000000000000000e+00 -1.000000000000000000e+00 -1.000000000000000000e+00 -1.000000000000000000e+00 -1.000000000000000000e+00 2.303744999999999891e+03 1.007876999999999953e+03 2.849999999999999756e-01 1.000999999999999890e+00 2.443499999999999783e+00 8.090000000000000524e-01
2.000000000000000000e+01 3.857000000000000000e+03 -1.000000000000000000e+00 -1.000000000000000000e+00 -1.000000000000000000e+00 -1.000000000000000000e+00 -1.000000000000000000e+00 2.289184956975611840e+03 1.007084535853656917e+03 3.935015588546446619e-01 1.006499999999999950e+00 2.431000000000000050e+00 8.215000000000000080e-01
2.100000000000000000e+01 3.856000000000000000e+03 -1.000000000000000000e+00 -1.000000000000000000e+00 -1.000000000000000000e+00 -1.000000000000000000e+00 -1.000000000000000000e+00 2.297856000000000222e+03 1.006754999999999995e+03 4.209999999999999853e-01 9.685000000000000275e-01 2.266999999999999904e+00 9.200000000000000400e-01
2.100000000000000000e+01 3.851000000000000000e+03 -1.000000000000000000e+00 -1.000000000000000000e+00 -1.000000000000000000e+00 -1.000000000000000000e+00 -1.000000000000000000e+00 2.365844000000000051e+03 1.022067999999999984e+03 8.499999999999999778e-01 8.735000000000000542e-01 2.286500000000000199e+00 7.285000000000000364e-01
2.100000000000000000e+01 3.855000000000000000e+03 -1.000000000000000000e+00 -1.000000000000000000e+00 -1.000000000000000000e+00 -1.000000000000000000e+00 -1.000000000000000000e+00 2.303681000000000040e+03 1.007879000000000019e+03 2.959999999999999853e-01 1.000999999999999890e+00 2.443499999999999783e+00 8.090000000000000524e-01
2.100000000000000000e+01 3.857000000000000000e+03 -1.000000000000000000e+00 -1.000000000000000000e+00 -1.000000000000000000e+00 -1.000000000000000000e+00 -1.000000000000000000e+00 2.289115999999999985e+03 1.007142000000000053e+03 3.960000000000000187e-01 1.006499999999999950e+00 2.431000000000000050e+00 8.215000000000000080e-01
2.200000000000000000e+01 3.856000000000000000e+03 -1.000000000000000000e+00 -1.000000000000000000e+00 -1.000000000000000000e+00 -1.000000000000000000e+00 -1.000000000000000000e+00 2.297847999999999956e+03 1.006764999999999986e+03 4.279999999999999916e-01 9.685000000000000275e-01 2.266999999999999904e+00 9.200000000000000400e-01
2.200000000000000000e+01 3.851000000000000000e+03 -1.000000000000000000e+00 -1.000000000000000000e+00 -1.000000000000000000e+00 -1.000000000000000000e+00 -1.000000000000000000e+00 2.365579999999999927e+03 1.022004000000000019e+03 9.969999999999999973e-01 8.735000000000000542e-01 2.286500000000000199e+00 7.285000000000000364e-01
2.200000000000000000e+01 3.855000000000000000e+03 -1.000000000000000000e+00 -1.000000000000000000e+00 -1.000000000000000000e+00 -1.000000000000000000e+00 -1.000000000000000000e+00 2.303617000000000189e+03 1.007880999999999972e+03 3.069999999999999951e-01 1.000999999999999890e+00 2.443499999999999783e+00 8.090000000000000524e-01
2.200000000000000000e+01 3.857000000000000000e+03 -1.000000000000000000e+00 -1.000000000000000000e+00 -1.000000000000000000e+00 -1.000000000000000000e+00 -1.000000000000000000e+00 2.289065000000000055e+03 1.007097999999999956e+03 4.540000000000000147e-01 1.006499999999999950e+00 2.431000000000000050e+00 8.215000000000000080e-01
2.300000000000000000e+01 3.856000000000000000e+03 -1.000000000000000000e+00 -1.000000000000000000e+00 -1.000000000000000000e+00 -1.000000000000000000e+00 -1.000000000000000000e+00 2.297885999999999967e+03 1.006653999999999996e+03 5.110000000000000098e-01 9.685000000000000275e-01 2.266999999999999904e+00 9.200000000000000400e-01
2.300000000000000000e+01 3.851000000000000000e+03 -1.000000000000000000e+00 -1.000000000000000000e+00 -1.000000000000000000e+00 -1.000000000000000000e+00 -1.000000000000000000e+00 2.365806000000000040e+03 1.022041000000000054e+03 9.280000000000000471e-01 8.735000000000000542e-01 2.286500000000000199e+00 7.285000000000000364e-01
2.300000000000000000e+01 3.855000000000000000e+03 -1.000000000000000000e+00 -1.000000000000000000e+00 -1.000000000000000000e+00 -1.000000000000000000e+00 -1.000000000000000000e+00 2.303644999999999982e+03 1.007956000000000017e+03 4.099999999999999756e-01 1.000999999999999890e+00 2.443499999999999783e+00 8.090000000000000524e-01
2.300000000000000000e+01 3.857000000000000000e+03 -1.000000000000000000e+00 -1.000000000000000000e+00 -1.000000000000000000e+00 -1.000000000000000000e+00 -1.000000000000000000e+00 2.289014471930420768e+03 1.007053975543336946e+03 5.125325162451264127e-01 1.006499999999999950e+00 2.431000000000000050e+00 8.215000000000000080e-01
2.400000000000000000e+01 3.856000000000000000e+03 -1.000000000000000000e+00 -1.000000000000000000e+00 -1.000000000000000000e+00 -1.000000000000000000e+00 -1.000000000000000000e+00 2.297923999999999978e+03 1.006543999999999983e+03 5.949999999999999734e-01 9.685000000000000275e-01 2.266999999999999904e+00 9.200000000000000400e-01
2.400000000000000000e+01 3.851000000000000000e+03 -1.000000000000000000e+00 -1.000000000000000000e+00 -1.000000000000000000e+00 -1.000000000000000000e+00 -1.000000000000000000e+00 2.365806000000000040e+03 1.022013000000000034e+03 8.549999999999999822e-01 8.735000000000000542e-01 2.286500000000000199e+00 7.285000000000000364e-01
2.400000000000000000e+01 3.855000000000000000e+03 -1.000000000000000000e+00 -1.000000000000000000e+00 -1.000000000000000000e+00 -1.000000000000000000e+00 -1.000000000000000000e+00 2.303672999999999774e+03 1.008032000000000039e+03 5.140000000000000124e-01 1.000999999999999890e+00 2.443499999999999783e+00 8.090000000000000524e-01
2.400000000000000000e+01 3.857000000000000000e+03 -1.000000000000000000e+00 -1.000000000000000000e+00 -1.000000000000000000e+00 -1.000000000000000000e+00 -1.000000000000000000e+00 2.288963999999999942e+03 1.007009999999999991e+03 5.709999999999999520e-01 1.006499999999999950e+00 2.431000000000000050e+00 8.215000000000000080e-01
2.500000000000000000e+01 3.856000000000000000e+03 -1.000000000000000000e+00 -1.000000000000000000e+00 -1.000000000000000000e+00 -1.000000000000000000e+00 -1.000000000000000000e+00 2.297865999999999985e+03 1.006609000000000037e+03 8.209999999999999520e-01 9.685000000000000275e-01 2.266999999999999904e+00 9.200000000000000400e-01
2.500000000000000000e+01 3.855000000000000000e+03 -1.000000000000000000e+00 -1.000000000000000000e+00 -1.000000000000000000e+00 -1.000000000000000000e+00 -1.000000000000000000e+00 2.303773999999999887e+03 1.008014000000000010e+03 6.570000000000000284e-01 1.000999999999999890e+00 2.443499999999999783e+00 8.090000000000000524e-01
2.500000000000000000e+01 3.857000000000000000e+03 -1.000000000000000000e+00 -1.000000000000000000e+00 -1.000000000000000000e+00 -1.000000000000000000e+00 -1.000000000000000000e+00 2.289043000000000120e+03 1.006866999999999962e+03 8.459999999999999742e-01 1.006499999999999950e+00 2.431000000000000050e+00 8.215000000000000080e-01
2.600000000000000000e+01 3.856000000000000000e+03 -1.000000000000000000e+00 -1.000000000000000000e+00 -1.000000000000000000e+00 -1.000000000000000000e+00 -1.000000000000000000e+00 2.297809000000000196e+03 1.006674999999999955e+03 1.046999999999999931e+00 9.685000000000000275e-01 2.266999999999999904e+00 9.200000000000000400e-01
2.600000000000000000e+01 3.855000000000000000e+03 -1.000000000000000000e+00 -1.000000000000000000e+00 -1.000000000000000000e+00 -1.000000000000000000e+00 -1.000000000000000000e+00 2.303742000000000189e+03 1.008051000000000045e+03 7.850000000000000311e-01 1.000999999999999890e+00 2.443499999999999783e+00 8.090000000000000524e-01
2.600000000000000000e+01 3.857000000000000000e+03 -1.000000000000000000e+00 -1.000000000000000000e+00 -1.000000000000000000e+00 -1.000000000000000000e+00 -1.000000000000000000e+00 2.289097999999999956e+03 1.006917000000000030e+03 1.161999999999999922e+00 1.006499999999999950e+00 2.431000000000000050e+00 8.215000000000000080e-01
2.700000000000000000e+01 3.856000000000000000e+03 -1.000000000000000000e+00 -1.000000000000000000e+00 -1.000000000000000000e+00 -1.000000000000000000e+00 -1.000000000000000000e+00 2.297739000000000033e+03 1.006822000000000003e+03 1.165000000000000036e+00 9.685000000000000275e-01 2.266999999999999904e+00 9.200000000000000400e-01
2.700000000000000000e+01 3.855000000000000000e+03 -1.000000000000000000e+00 -1.000000000000000000e+00 -1.000000000000000000e+00 -1.000000000000000000e+00 -1.000000000000000000e+00 2.303710000000000036e+03 1.008087999999999965e+03 9.130000000000000338e-01 1.000999999999999890e+00 2.443499999999999783e+00 8.090000000000000524e-01
2.700000000000000000e+01 3.857000000000000000e+03 -1.000000000000000000e+00 -1.000000000000000000e+00 -1.000000000000000000e+00 -1.000000000000000000e+00 -1.000000000000000000e+00 2.288889000000000124e+03 1.007254000000000019e+03 1.278999999999999915e+00 1.006499999999999950e+00 2.431000000000000050e+00 8.215000000000000080e-01
2.800000000000000000e+01 3.856000000000000000e+03 -1.000000000000000000e+00 -1.000000000000000000e+00 -1.000000000000000000e+00 -1.000000000000000000e+00 -1.000000000000000000e+00 2.297822000000000116e+03 1.006793999999999983e+03 1.183999999999999941e+00 9.685000000000000275e-01 2.266999999999999904e+00 9.200000000000000400e-01
2.800000000000000000e+01 3.855000000000000000e+03 -1.000000000000000000e+00 -1.000000000000000000e+00 -1.000000000000000000e+00 -1.000000000000000000e+00 -1.000000000000000000e+00 2.303728000000000065e+03 1.008054999999999950e+03 9.130000000000000338e-01 1.000999999999999890e+00 2.443499999999999783e+00 8.090000000000000524e-01
2.800000000000000000e+01 3.857000000000000000e+03 -1.000000000000000000e+00 -1.000000000000000000e+00 -1.000000000000000000e+00 -1.000000000000000000e+00 -1.000000000000000000e+00 2.289041000000000167e+03 1.007133000000000038e+03 1.411999999999999922e+00 1.006499999999999950e+00 2.431000000000000050e+00 8.215000000000000080e-01
2.900000000000000000e+01 3.856000000000000000e+03 -1.000000000000000000e+00 -1.000000000000000000e+00 -1.000000000000000000e+00 -1.000000000000000000e+00 -1.000000000000000000e+00 2.297822000000000116e+03 1.006793999999999983e+03 1.173999999999999932e+00 9.685000000000000275e-01 2.266999999999999904e+00 9.200000000000000400e-01
2.900000000000000000e+01 3.855000000000000000e+03 -1.000000000000000000e+00 -1.000000000000000000e+00 -1.000000000000000000e+00 -1.000000000000000000e+00 -1.000000000000000000e+00 2.303744999999999891e+03 1.008023000000000025e+03 9.140000000000000346e-01 1.000999999999999890e+00 2.443499999999999783e+00 8.090000000000000524e-01
2.900000000000000000e+01 3.857000000000000000e+03 -1.000000000000000000e+00 -1.000000000000000000e+00 -1.000000000000000000e+00 -1.000000000000000000e+00 -1.000000000000000000e+00 2.289074999999999818e+03 1.007090000000000032e+03 1.346000000000000085e+00 1.006499999999999950e+00 2.431000000000000050e+00 8.215000000000000080e-01
3.000000000000000000e+01 3.856000000000000000e+03 -1.000000000000000000e+00 -1.000000000000000000e+00 -1.000000000000000000e+00 -1.000000000000000000e+00 -1.000000000000000000e+00 2.297822000000000116e+03 1.006793999999999983e+03 1.163999999999999924e+00 9.685000000000000275e-01 2.266999999999999904e+00 9.200000000000000400e-01
3.000000000000000000e+01 3.855000000000000000e+03 -1.000000000000000000e+00 -1.000000000000000000e+00 -1.000000000000000000e+00 -1.000000000000000000e+00 -1.000000000000000000e+00 2.303762999999999920e+03 1.007990000000000009e+03 9.140000000000000346e-01 1.000999999999999890e+00 2.443499999999999783e+00 8.090000000000000524e-01
3.000000000000000000e+01 3.857000000000000000e+03 -1.000000000000000000e+00 -1.000000000000000000e+00 -1.000000000000000000e+00 -1.000000000000000000e+00 -1.000000000000000000e+00 2.289385000000000218e+03 1.006903999999999996e+03 1.296000000000000041e+00 1.006499999999999950e+00 2.431000000000000050e+00 8.215000000000000080e-01
3.100000000000000000e+01 3.856000000000000000e+03 -1.000000000000000000e+00 -1.000000000000000000e+00 -1.000000000000000000e+00 -1.000000000000000000e+00 -1.000000000000000000e+00 2.297822000000000116e+03 1.006793999999999983e+03 1.153999999999999915e+00 9.685000000000000275e-01 2.266999999999999904e+00 9.200000000000000400e-01
3.100000000000000000e+01 3.855000000000000000e+03 -1.000000000000000000e+00 -1.000000000000000000e+00 -1.000000000000000000e+00 -1.000000000000000000e+00 -1.000000000000000000e+00 2.303780000000000200e+03 1.007957999999999970e+03 9.140000000000000346e-01 1.000999999999999890e+00 2.443499999999999783e+00 8.090000000000000524e-01
3.200000000000000000e+01 3.856000000000000000e+03 -1.000000000000000000e+00 -1.000000000000000000e+00 -1.000000000000000000e+00 -1.000000000000000000e+00 -1.000000000000000000e+00 2.297822000000000116e+03 1.006793999999999983e+03 1.143999999999999906e+00 9.685000000000000275e-01 2.266999999999999904e+00 9.200000000000000400e-01
3.200000000000000000e+01 3.855000000000000000e+03 -1.000000000000000000e+00 -1.000000000000000000e+00 -1.000000000000000000e+00 -1.000000000000000000e+00 -1.000000000000000000e+00 2.303768999999999778e+03 1.007897000000000048e+03 8.609999999999999876e-01 1.000999999999999890e+00 2.443499999999999783e+00 8.090000000000000524e-01
3.200000000000000000e+01 3.858000000000000000e+03 -1.000000000000000000e+00 -1.000000000000000000e+00 -1.000000000000000000e+00 -1.000000000000000000e+00 -1.000000000000000000e+00 2.289695000000000164e+03 1.069583000000000084e+03 9.030000000000000249e-01 9.959999999999999964e-01 2.245000000000000107e+00 8.100000000000000533e-01
3.300000000000000000e+01 3.856000000000000000e+03 -1.000000000000000000e+00 -1.000000000000000000e+00 -1.000000000000000000e+00 -1.000000000000000000e+00 -1.000000000000000000e+00 2.297822000000000116e+03 1.006793999999999983e+03 1.133999999999999897e+00 9.685000000000000275e-01 2.266999999999999904e+00 9.200000000000000400e-01
3.300000000000000000e+01 3.859000000000000000e+03 -1.000000000000000000e+00 -1.000000000000000000e+00 -1.000000000000000000e+00 -1.000000000000000000e+00 -1.000000000000000000e+00 2.292208000000000084e+03 1.069153999999999996e+03 7.830000000000000293e-01 1.020999999999999908e+00 2.333499999999999908e+00 9.004999999999999671e-01
3.300000000000000000e+01 3.855000000000000000e+03 -1.000000000000000000e+00 -1.000000000000000000e+00 -1.000000000000000000e+00 -1.000000000000000000e+00 -1.000000000000000000e+00 2.303759000000000015e+03 1.007836000000000013e+03 8.070000000000000506e-01 1.000999999999999890e+00 2.443499999999999783e+00 8.090000000000000524e-01
3.300000000000000000e+01 3.860000000000000000e+03 -1.000000000000000000e+00 -1.000000000000000000e+00 -1.000000000000000000e+00 -1.000000000000000000e+00 -1.000000000000000000e+00 2.286954999999999927e+03 1.069869999999999891e+03 6.690000000000000391e-01 1.041500000000000092e+00 2.362999999999999989e+00 8.489999999999999769e-01
3.300000000000000000e+01 3.858000000000000000e+03 -1.000000000000000000e+00 -1.000000000000000000e+00 -1.000000000000000000e+00 -1.000000000000000000e+00 -1.000000000000000000e+00 2.289646999999999935e+03 1.069701000000000022e+03 6.229999999999999982e-01 9.959999999999999964e-01 2.245000000000000107e+00 8.100000000000000533e-01
3.300000000000000000e+01 3.861000000000000000e+03 -1.000000000000000000e+00 -1.000000000000000000e+00 -1.000000000000000000e+00 -1.000000000000000000e+00 -1.000000000000000000e+00 2.284271000000000186e+03 1.069608999999999924e+03 1.145999999999999908e+00 1.233500000000000041e+00 2.714500000000000135e+00 1.097499999999999920e+00
3.400000000000000000e+01 3.862000000000000000e+03 -1.000000000000000000e+00 -1.000000000000000000e+00 -1.000000000000000000e+00 -1.000000000000000000e+00 -1.000000000000000000e+00 2.318755999999999858e+03 1.056220000000000027e+03 1.056999999999999940e+00 1.113499999999999934e+00 2.468999999999999861e+00 9.465000000000000080e-01
3.400000000000000000e+01 3.859000000000000000e+03 -1.000000000000000000e+00 -1.000000000000000000e+00 -1.000000000000000000e+00 -1.000000000000000000e+00 -1.000000000000000000e+00 2.292208000000000084e+03 1.069153999999999996e+03 7.830000000000000293e-01 1.020999999999999908e+00 2.333499999999999908e+00 9.004999999999999671e-01
3.400000000000000000e+01 3.855000000000000000e+03 -1.000000000000000000e+00 -1.000000000000000000e+00 -1.000000000000000000e+00 -1.000000000000000000e+00 -1.000000000000000000e+00 2.303748000000000047e+03 1.007774999999999977e+03 7.540000000000000036e-01 1.000999999999999890e+00 2.443499999999999783e+00 8.090000000000000524e-01
3.400000000000000000e+01 3.860000000000000000e+03 -1.000000000000000000e+00 -1.000000000000000000e+00 -1.000000000000000000e+00 -1.000000000000000000e+00 -1.000000000000000000e+00 2.286945999999999913e+03 1.069821999999999889e+03 6.690000000000000391e-01 1.041500000000000092e+00 2.362999999999999989e+00 8.489999999999999769e-01
3.400000000000000000e+01 3.858000000000000000e+03 -1.000000000000000000e+00 -1.000000000000000000e+00 -1.000000000000000000e+00 -1.000000000000000000e+00 -1.000000000000000000e+00 2.289670999999999822e+03 1.069642000000000053e+03 7.630000000000000115e-01 9.959999999999999964e-01 2.245000000000000107e+00 8.100000000000000533e-01
3.400000000000000000e+01 3.861000000000000000e+03 -1.000000000000000000e+00 -1.000000000000000000e+00 -1.000000000000000000e+00 -1.000000000000000000e+00 -1.000000000000000000e+00 2.284181999999999789e+03 1.069676999999999907e+03 1.145999999999999908e+00 1.233500000000000041e+00 2.714500000000000135e+00 1.097499999999999920e+00
3.500000000000000000e+01 3.862000000000000000e+03 -1.000000000000000000e+00 -1.000000000000000000e+00 -1.000000000000000000e+00 -1.000000000000000000e+00 -1.000000000000000000e+00 2.318755999999999858e+03 1.056220000000000027e+03 1.056999999999999940e+00 1.113499999999999934e+00 2.468999999999999861e+00 9.465000000000000080e-01
3.500000000000000000e+01 3.859000000000000000e+03 -1.000000000000000000e+00 -1.000000000000000000e+00 -1.000000000000000000e+00 -1.000000000000000000e+00 -1.000000000000000000e+00 2.292208000000000084e+03 1.069153999999999996e+03 7.830000000000000293e-01 1.020999999999999908e+00 2.333499999999999908e+00 9.004999999999999671e-01
3.500000000000000000e+01 3.855000000000000000e+03 -1.000000000000000000e+00 -1.000000000000000000e+00 -1.000000000000000000e+00 -1.000000000000000000e+00 -1.000000000000000000e+00 2.303757000000000062e+03 1.007801000000000045e+03 7.810000000000000275e-01 1.000999999999999890e+00 2.443499999999999783e+00 8.090000000000000524e-01
3.500000000000000000e+01 3.860000000000000000e+03 -1.000000000000000000e+00 -1.000000000000000000e+00 -1.000000000000000000e+00 -1.000000000000000000e+00 -1.000000000000000000e+00 2.286936999999999898e+03 1.069773999999999887e+03 6.690000000000000391e-01 1.041500000000000092e+00 2.362999999999999989e+00 8.489999999999999769e-01
3.500000000000000000e+01 3.858000000000000000e+03 -1.000000000000000000e+00 -1.000000000000000000e+00 -1.000000000000000000e+00 -1.000000000000000000e+00 -1.000000000000000000e+00 2.289695000000000164e+03 1.069583000000000084e+03 9.030000000000000249e-01 9.959999999999999964e-01 2.245000000000000107e+00 8.100000000000000533e-01
3.500000000000000000e+01 3.861000000000000000e+03 -1.000000000000000000e+00 -1.000000000000000000e+00 -1.000000000000000000e+00 -1.000000000000000000e+00 -1.000000000000000000e+00 2.284186999999999898e+03 1.069617999999999938e+03 1.145999999999999908e+00 1.233500000000000041e+00 2.714500000000000135e+00 1.097499999999999920e+00
3.600000000000000000e+01 3.863000000000000000e+03 -1.000000000000000000e+00 -1.000000000000000000e+00 -1.000000000000000000e+00 -1.000000000000000000e+00 -1.000000000000000000e+00 2.283221000000000004e+03 1.047067000000000007e+03 1.157000000000000028e+00 1.034499999999999975e+00 2.318000000000000060e+00 9.204999999999999849e-01
3.600000000000000000e+01 3.864000000000000000e+03 -1.000000000000000000e+00 -1.000000000000000000e+00 -1.000000000000000000e+00 -1.000000000000000000e+00 -1.000000000000000000e+00 2.288585999999999785e+03 1.046858999999999924e+03 9.689999999999999725e-01 9.809999999999999831e-01 2.317499999999999893e+00 7.520000000000000018e-01
3.600000000000000000e+01 3.865000000000000000e+03 -1.000000000000000000e+00 -1.000000000000000000e+00 -1.000000000000000000e+00 -1.000000000000000000e+00 -1.000000000000000000e+00 2.285672000000000025e+03 1.046857999999999947e+03 1.094999999999999973e+00 1.013500000000000068e+00 2.122500000000000053e+00 7.614999999999999547e-01
3.600000000000000000e+01 3.862000000000000000e+03 -1.000000000000000000e+00 -1.000000000000000000e+00 -1.000000000000000000e+00 -1.000000000000000000e+00 -1.000000000000000000e+00 2.318755999999999858e+03 1.056220000000000027e+03 1.056999999999999940e+00 1.113499999999999934e+00 2.468999999999999861e+00 9.465000000000000080e-01
3.600000000000000000e+01 3.859000000000000000e+03 -1.000000000000000000e+00 -1.000000000000000000e+00 -1.000000000000000000e+00 -1.000000000000000000e+00 -1.000000000000000000e+00 2.292208000000000084e+03 1.069153999999999996e+03 7.830000000000000293e-01 1.020999999999999908e+00 2.333499999999999908e+00 9.004999999999999671e-01
3.600000000000000000e+01 3.855000000000000000e+03 -1.000000000000000000e+00 -1.000000000000000000e+00 -1.000000000000000000e+00 -1.000000000000000000e+00 -1.000000000000000000e+00 2.303766000000000076e+03 1.007826999999999998e+03 8.070000000000000506e-01 1.000999999999999890e+00 2.443499999999999783e+00 8.090000000000000524e-01
3.600000000000000000e+01 3.860000000000000000e+03 -1.000000000000000000e+00 -1.000000000000000000e+00 -1.000000000000000000e+00 -1.000000000000000000e+00 -1.000000000000000000e+00 2.286929000000000087e+03 1.069726000000000113e+03 6.690000000000000391e-01 1.041500000000000092e+00 2.362999999999999989e+00 8.489999999999999769e-01
3.600000000000000000e+01 3.858000000000000000e+03 -1.000000000000000000e+00 -1.000000000000000000e+00 -1.000000000000000000e+00 -1.000000000000000000e+00 -1.000000000000000000e+00 2.289695000000000164e+03 1.069583000000000084e+03 9.030000000000000249e-01 9.959999999999999964e-01 2.245000000000000107e+00 8.100000000000000533e-01
3.600000000000000000e+01 3.861000000000000000e+03 -1.000000000000000000e+00 -1.000000000000000000e+00 -1.000000000000000000e+00 -1.000000000000000000e+00 -1.000000000000000000e+00 2.284193000000000211e+03 1.069558999999999969e+03 1.145999999999999908e+00 1.233500000000000041e+00 2.714500000000000135e+00 1.097499999999999920e+00
3.700000000000000000e+01 3.864000000000000000e+03 -1.000000000000000000e+00 -1.000000000000000000e+00 -1.000000000000000000e+00 -1.000000000000000000e+00 -1.000000000000000000e+00 2.288570000000000164e+03 1.047085000000000036e+03 9.599999999999999645e-01 9.809999999999999831e-01 2.317499999999999893e+00 7.520000000000000018e-01
3.700000000000000000e+01 3.862000000000000000e+03 -1.000000000000000000e+00 -1.000000000000000000e+00 -1.000000000000000000e+00 -1.000000000000000000e+00 -1.000000000000000000e+00 2.318755999999999858e+03 1.056220000000000027e+03 1.056999999999999940e+00 1.113499999999999934e+00 2.468999999999999861e+00 9.465000000000000080e-01
3.700000000000000000e+01 3.855000000000000000e+03 -1.000000000000000000e+00 -1.000000000000000000e+00 -1.000000000000000000e+00 -1.000000000000000000e+00 -1.000000000000000000e+00 2.303775000000000091e+03 1.007852999999999952e+03 8.339999999999999636e-01 1.000999999999999890e+00 2.443499999999999783e+00 8.090000000000000524e-01
3.700000000000000000e+01 3.860000000000000000e+03 -1.000000000000000000e+00 -1.000000000000000000e+00 -1.000000000000000000e+00 -1.000000000000000000e+00 -1.000000000000000000e+00 2.286902000000000044e+03 1.069582000000000107e+03 6.690000000000000391e-01 1.041500000000000092e+00 2.362999999999999989e+00 8.489999999999999769e-01
3.700000000000000000e+01 3.858000000000000000e+03 -1.000000000000000000e+00 -1.000000000000000000e+00 -1.000000000000000000e+00 -1.000000000000000000e+00 -1.000000000000000000e+00 2.289695000000000164e+03 1.069583000000000084e+03 9.030000000000000249e-01 9.959999999999999964e-01 2.245000000000000107e+00 8.100000000000000533e-01
3.700000000000000000e+01 3.861000000000000000e+03 -1.000000000000000000e+00 -1.000000000000000000e+00 -1.000000000000000000e+00 -1.000000000000000000e+00 -1.000000000000000000e+00 2.284166999999999916e+03 1.069541999999999916e+03 1.145999999999999908e+00 1.233500000000000041e+00 2.714500000000000135e+00 1.097499999999999920e+00
3.700000000000000000e+01 3.859000000000000000e+03 -1.000000000000000000e+00 -1.000000000000000000e+00 -1.000000000000000000e+00 -1.000000000000000000e+00 -1.000000000000000000e+00 2.292208000000000084e+03 1.069153999999999996e+03 7.830000000000000293e-01 1.020999999999999908e+00 2.333499999999999908e+00 9.004999999999999671e-01
3.700000000000000000e+01 3.863000000000000000e+03 -1.000000000000000000e+00 -1.000000000000000000e+00 -1.000000000000000000e+00 -1.000000000000000000e+00 -1.000000000000000000e+00 2.283218332819934403e+03 1.047130345526556539e+03 1.132328584393831328e+00 1.034499999999999975e+00 2.318000000000000060e+00 9.204999999999998739e-01
3.700000000000000000e+01 3.865000000000000000e+03 -1.000000000000000000e+00 -1.000000000000000000e+00 -1.000000000000000000e+00 -1.000000000000000000e+00 -1.000000000000000000e+00 2.285576944570933847e+03 1.047199699252905930e+03 1.094999999999999973e+00 1.013500000000000068e+00 2.122500000000000053e+00 7.614999999999999547e-01
3.800000000000000000e+01 3.864000000000000000e+03 -1.000000000000000000e+00 -1.000000000000000000e+00 -1.000000000000000000e+00 -1.000000000000000000e+00 -1.000000000000000000e+00 2.288554000000000087e+03 1.047311999999999898e+03 9.509999999999999565e-01 9.809999999999999831e-01 2.317499999999999893e+00 7.520000000000000018e-01
3.800000000000000000e+01 3.865000000000000000e+03 -1.000000000000000000e+00 -1.000000000000000000e+00 -1.000000000000000000e+00 -1.000000000000000000e+00 -1.000000000000000000e+00 2.285481999999999971e+03 1.047540999999999940e+03 1.094999999999999973e+00 1.013500000000000068e+00 2.122500000000000053e+00 7.614999999999999547e-01
3.800000000000000000e+01 3.862000000000000000e+03 -1.000000000000000000e+00 -1.000000000000000000e+00 -1.000000000000000000e+00 -1.000000000000000000e+00 -1.000000000000000000e+00 2.318755999999999858e+03 1.056220000000000027e+03 1.056999999999999940e+00 1.113499999999999934e+00 2.468999999999999861e+00 9.465000000000000080e-01
3.800000000000000000e+01 3.859000000000000000e+03 -1.000000000000000000e+00 -1.000000000000000000e+00 -1.000000000000000000e+00 -1.000000000000000000e+00 -1.000000000000000000e+00 2.292208000000000084e+03 1.069153999999999996e+03 7.830000000000000293e-01 1.020999999999999908e+00 2.333499999999999908e+00 9.004999999999999671e-01
3.800000000000000000e+01 3.855000000000000000e+03 -1.000000000000000000e+00 -1.000000000000000000e+00 -1.000000000000000000e+00 -1.000000000000000000e+00 -1.000000000000000000e+00 2.303784000000000106e+03 1.007879000000000019e+03 8.609999999999999876e-01 1.000999999999999890e+00 2.443499999999999783e+00 8.090000000000000524e-01
3.800000000000000000e+01 3.860000000000000000e+03 -1.000000000000000000e+00 -1.000000000000000000e+00 -1.000000000000000000e+00 -1.000000000000000000e+00 -1.000000000000000000e+00 2.286876000000000204e+03 1.069438000000000102e+03 6.690000000000000391e-01 1.041500000000000092e+00 2.362999999999999989e+00 8.489999999999999769e-01
3.800000000000000000e+01 3.861000000000000000e+03 -1.000000000000000000e+00 -1.000000000000000000e+00 -1.000000000000000000e+00 -1.000000000000000000e+00 -1.000000000000000000e+00 2.284141000000000076e+03 1.069526000000000067e+03 1.145999999999999908e+00 1.233500000000000041e+00 2.714500000000000135e+00 1.097499999999999920e+00
3.800000000000000000e+01 3.866000000000000000e+03 -1.000000000000000000e+00 -1.000000000000000000e+00 -1.000000000000000000e+00 -1.000000000000000000e+00 -1.000000000000000000e+00 2.273518000000000029e+03 1.048076000000000022e+03 1.346000000000000085e+00 1.180500000000000105e+00 2.444500000000000117e+00 1.000000000000000000e+00
3.800000000000000000e+01 3.863000000000000000e+03 -1.000000000000000000e+00 -1.000000000000000000e+00 -1.000000000000000000e+00 -1.000000000000000000e+00 -1.000000000000000000e+00 2.283219667196081900e+03 1.047098654093065761e+03 1.144671563753328458e+00 1.034499999999999975e+00 2.318000000000000504e+00 9.205000000000000959e-01
3.900000000000000000e+01 3.863000000000000000e+03 -1.000000000000000000e+00 -1.000000000000000000e+00 -1.000000000000000000e+00 -1.000000000000000000e+00 -1.000000000000000000e+00 2.283217000000000098e+03 1.047162000000000035e+03 1.120000000000000107e+00 1.034499999999999975e+00 2.318000000000000060e+00 9.204999999999999849e-01
3.900000000000000000e+01 3.864000000000000000e+03 -1.000000000000000000e+00 -1.000000000000000000e+00 -1.000000000000000000e+00 -1.000000000000000000e+00 -1.000000000000000000e+00 2.288538000000000011e+03 1.047538000000000011e+03 9.419999999999999485e-01 9.809999999999999831e-01 2.317499999999999893e+00 7.520000000000000018e-01
3.900000000000000000e+01 3.865000000000000000e+03 -1.000000000000000000e+00 -1.000000000000000000e+00 -1.000000000000000000e+00 -1.000000000000000000e+00 -1.000000000000000000e+00 2.285490999999999985e+03 1.047315000000000055e+03 1.094999999999999973e+00 1.013500000000000068e+00 2.122500000000000053e+00 7.614999999999999547e-01
3.900000000000000000e+01 3.862000000000000000e+03 -1.000000000000000000e+00 -1.000000000000000000e+00 -1.000000000000000000e+00 -1.000000000000000000e+00 -1.000000000000000000e+00 2.318755999999999858e+03 1.056220000000000027e+03 1.056999999999999940e+00 1.113499999999999934e+00 2.468999999999999861e+00 9.465000000000000080e-01
3.900000000000000000e+01 3.859000000000000000e+03 -1.000000000000000000e+00 -1.000000000000000000e+00 -1.000000000000000000e+00 -1.000000000000000000e+00 -1.000000000000000000e+00 2.292208000000000084e+03 1.069153999999999996e+03 8.339999999999999636e-01 1.020999999999999908e+00 2.333499999999999908e+00 9.004999999999999671e-01
3.900000000000000000e+01 3.855000000000000000e+03 -1.000000000000000000e+00 -1.000000000000000000e+00 -1.000000000000000000e+00 -1.000000000000000000e+00 -1.000000000000000000e+00 2.303793000000000120e+03 1.007905999999999949e+03 8.880000000000000115e-01 1.000999999999999890e+00 2.443499999999999783e+00 8.090000000000000524e-01
3.900000000000000000e+01 3.861000000000000000e+03 -1.000000000000000000e+00 -1.000000000000000000e+00 -1.000000000000000000e+00 -1.000000000000000000e+00 -1.000000000000000000e+00 2.284114999999999782e+03 1.069509000000000015e+03 1.145999999999999908e+00 1.233500000000000041e+00 2.714500000000000135e+00 1.097499999999999920e+00
3.900000000000000000e+01 3.866000000000000000e+03 -1.000000000000000000e+00 -1.000000000000000000e+00 -1.000000000000000000e+00 -1.000000000000000000e+00 -1.000000000000000000e+00 2.273518999999999778e+03 1.048058999999999969e+03 1.370999999999999996e+00 1.180500000000000105e+00 2.444500000000000117e+00 1.000000000000000000e+00
4.000000000000000000e+01 3.863000000000000000e+03 -1.000000000000000000e+00 -1.000000000000000000e+00 -1.000000000000000000e+00 -1.000000000000000000e+00 -1.000000000000000000e+00 2.283215000000000146e+03 1.047193999999999960e+03 1.106999999999999984e+00 1.034499999999999975e+00 2.318000000000000060e+00 9.204999999999999849e-01
4.000000000000000000e+01 3.864000000000000000e+03 -1.000000000000000000e+00 -1.000000000000000000e+00 -1.000000000000000000e+00 -1.000000000000000000e+00 -1.000000000000000000e+00 2.288521999999999935e+03 1.047765000000000100e+03 9.330000000000000515e-01 9.809999999999999831e-01 2.317499999999999893e+00 7.520000000000000018e-01
4.000000000000000000e+01 3.862000000000000000e+03 -1.000000000000000000e+00 -1.000000000000000000e+00 -1.000000000000000000e+00 -1.000000000000000000e+00 -1.000000000000000000e+00 2.318755999999999858e+03 1.056220000000000027e+03 1.056999999999999940e+00 1.113499999999999934e+00 2.468999999999999861e+00 9.465000000000000080e-01
4.000000000000000000e+01 3.859000000000000000e+03 -1.000000000000000000e+00 -1.000000000000000000e+00 -1.000000000000000000e+00 -1.000000000000000000e+00 -1.000000000000000000e+00 2.292208000000000084e+03 1.069153999999999996e+03 8.850000000000000089e-01 1.020999999999999908e+00 2.333499999999999908e+00 9.004999999999999671e-01
4.000000000000000000e+01 3.855000000000000000e+03 -1.000000000000000000e+00 -1.000000000000000000e+00 -1.000000000000000000e+00 -1.000000000000000000e+00 -1.000000000000000000e+00 2.303802000000000135e+03 1.007932000000000016e+03 9.140000000000000346e-01 1.000999999999999890e+00 2.443499999999999783e+00 8.090000000000000524e-01
4.000000000000000000e+01 3.861000000000000000e+03 -1.000000000000000000e+00 -1.000000000000000000e+00 -1.000000000000000000e+00 -1.000000000000000000e+00 -1.000000000000000000e+00 2.284088999999999942e+03 1.069492999999999938e+03 1.145999999999999908e+00 1.233500000000000041e+00 2.714500000000000135e+00 1.097499999999999920e+00
4.000000000000000000e+01 3.866000000000000000e+03 -1.000000000000000000e+00 -1.000000000000000000e+00 -1.000000000000000000e+00 -1.000000000000000000e+00 -1.000000000000000000e+00 2.273518999999999778e+03 1.048041999999999916e+03 1.395999999999999908e+00 1.180500000000000105e+00 2.444500000000000117e+00 1.000000000000000000e+00
