1.000000000000000000e+00 5.329000000000000000e+03 -1.000000000000000000e+00 -1.000000000000000000e+00 -1.000000000000000000e+00 -1.000000000000000000e+00 -1.000000000000000000e+00 6.946480000000000246e+02 1.330339999999999918e+03 1.074999999999999956e+00 3.044999999999999929e-01 3.165000000000000036e-01 7.674999999999999600e-01
2.000000000000000000e+00 5.329000000000000000e+03 -1.000000000000000000e+00 -1.000000000000000000e+00 -1.000000000000000000e+00 -1.000000000000000000e+00 -1.000000000000000000e+00 6.946920000000000073e+02 1.330426999999999907e+03 1.516000000000000014e+00 3.044999999999999929e-01 3.165000000000000036e-01 7.674999999999999600e-01
3.000000000000000000e+00 5.329000000000000000e+03 -1.000000000000000000e+00 -1.000000000000000000e+00 -1.000000000000000000e+00 -1.000000000000000000e+00 -1.000000000000000000e+00 6.951226424489192368e+02 1.331089219050370502e+03 1.306930843614138249e+00 3.044999999999999929e-01 3.165000000000000036e-01 7.674999999999999600e-01
4.000000000000000000e+00 5.329000000000000000e+03 -1.000000000000000000e+00 -1.000000000000000000e+00 -1.000000000000000000e+00 -1.000000000000000000e+00 -1.000000000000000000e+00 6.955529999999999973e+02 1.331750999999999976e+03 1.098000000000000087e+00 3.044999999999999929e-01 3.165000000000000036e-01 7.674999999999999600e-01
5.000000000000000000e+00 5.329000000000000000e+03 -1.000000000000000000e+00 -1.000000000000000000e+00 -1.000000000000000000e+00 -1.000000000000000000e+00 -1.000000000000000000e+00 6.958139999999999645e+02 1.332316000000000031e+03 9.389999999999999458e-01 3.044999999999999929e-01 3.165000000000000036e-01 7.674999999999999600e-01
6.000000000000000000e+00 5.329000000000000000e+03 -1.000000000000000000e+00 -1.000000000000000000e+00 -1.000000000000000000e+00 -1.000000000000000000e+00 -1.000000000000000000e+00 6.961829999999999927e+02 1.332864000000000033e+03 9.499999999999999556e-01 3.044999999999999929e-01 3.165000000000000036e-01 7.674999999999999600e-01
6.000000000000000000e+00 5.350000000000000000e+03 -1.000000000000000000e+00 -1.000000000000000000e+00 -1.000000000000000000e+00 -1.000000000000000000e+00 -1.000000000000000000e+00 6.674729999999999563e+02 1.341336999999999989e+03 9.949999999999999956e-01 1.854999999999999982e-01 2.089999999999999913e-01 6.660000000000000364e-01
7.000000000000000000e+00 5.329000000000000000e+03 -1.000000000000000000e+00 -1.000000000000000000e+00 -1.000000000000000000e+00 -1.000000000000000000e+00 -1.000000000000000000e+00 6.965860000000000127e+02 1.333557999999999993e+03 9.659999999999999698e-01 3.044999999999999929e-01 3.165000000000000036e-01 7.674999999999999600e-01
1.100000000000000000e+01 5.357000000000000000e+03 -1.000000000000000000e+00 -1.000000000000000000e+00 -1.000000000000000000e+00 -1.000000000000000000e+00 -1.000000000000000000e+00 6.385850000000000364e+02 1.397432999999999993e+03 1.364999999999999991e+00 4.969999999999999973e-01 5.490000000000000435e-01 1.086000000000000076e+00
1.200000000000000000e+01 5.357000000000000000e+03 -1.000000000000000000e+00 -1.000000000000000000e+00 -1.000000000000000000e+00 -1.000000000000000000e+00 -1.000000000000000000e+00 6.390230000000000246e+02 1.397031999999999925e+03 1.316000000000000059e+00 4.969999999999999973e-01 5.490000000000000435e-01 1.086000000000000076e+00
1.300000000000000000e+01 5.357000000000000000e+03 -1.000000000000000000e+00 -1.000000000000000000e+00 -1.000000000000000000e+00 -1.000000000000000000e+00 -1.000000000000000000e+00 6.396820000000000164e+02 1.396430000000000064e+03 1.243000000000000105e+00 4.969999999999999973e-01 5.490000000000000435e-01 1.086000000000000076e+00
1.400000000000000000e+01 5.357000000000000000e+03 -1.000000000000000000e+00 -1.000000000000000000e+00 -1.000000000000000000e+00 -1.000000000000000000e+00 -1.000000000000000000e+00 6.402329999999999472e+02 1.395929000000000087e+03 1.181999999999999940e+00 4.969999999999999973e-01 5.490000000000000435e-01 1.086000000000000076e+00
1.500000000000000000e+01 5.357000000000000000e+03 -1.000000000000000000e+00 -1.000000000000000000e+00 -1.000000000000000000e+00 -1.000000000000000000e+00 -1.000000000000000000e+00 6.407830000000000155e+02 1.395428000000000111e+03 1.120999999999999996e+00 4.969999999999999973e-01 5.490000000000000435e-01 1.086000000000000076e+00
1.600000000000000000e+01 5.370000000000000000e+03 -1.000000000000000000e+00 -1.000000000000000000e+00 -1.000000000000000000e+00 -1.000000000000000000e+00 -1.000000000000000000e+00 6.346970000000000027e+02 1.423433999999999969e+03 1.350000000000000089e+00 3.345000000000000195e-01 7.299999999999999822e-01 8.305000000000000160e-01
1.600000000000000000e+01 5.357000000000000000e+03 -1.000000000000000000e+00 -1.000000000000000000e+00 -1.000000000000000000e+00 -1.000000000000000000e+00 -1.000000000000000000e+00 6.417205577005141777e+02 1.394577964475692397e+03 1.017736425195217009e+00 4.969999999999999973e-01 5.490000000000000435e-01 1.086000000000000076e+00
1.700000000000000000e+01 5.370000000000000000e+03 -1.000000000000000000e+00 -1.000000000000000000e+00 -1.000000000000000000e+00 -1.000000000000000000e+00 -1.000000000000000000e+00 6.344089999999999918e+02 1.423769999999999982e+03 1.318999999999999950e+00 3.345000000000000195e-01 7.299999999999999822e-01 8.305000000000000160e-01
1.700000000000000000e+01 5.372000000000000000e+03 -1.000000000000000000e+00 -1.000000000000000000e+00 -1.000000000000000000e+00 -1.000000000000000000e+00 -1.000000000000000000e+00 6.406219999999999573e+02 1.396589999999999918e+03 9.399999999999999467e-01 2.660000000000000142e-01 2.094999999999999918e-01 8.595000000000000417e-01
1.700000000000000000e+01 5.357000000000000000e+03 -1.000000000000000000e+00 -1.000000000000000000e+00 -1.000000000000000000e+00 -1.000000000000000000e+00 -1.000000000000000000e+00 6.412794892441731918e+02 1.394977858643630725e+03 1.066316161152187636e+00 4.969999999999999973e-01 5.490000000000000435e-01 1.085999999999999854e+00
1.800000000000000000e+01 5.370000000000000000e+03 -1.000000000000000000e+00 -1.000000000000000000e+00 -1.000000000000000000e+00 -1.000000000000000000e+00 -1.000000000000000000e+00 6.339230000000000018e+02 1.424390000000000100e+03 1.276999999999999913e+00 3.345000000000000195e-01 7.299999999999999822e-01 8.305000000000000160e-01
1.800000000000000000e+01 5.372000000000000000e+03 -1.000000000000000000e+00 -1.000000000000000000e+00 -1.000000000000000000e+00 -1.000000000000000000e+00 -1.000000000000000000e+00 6.395679999999999836e+02 1.397590999999999894e+03 9.419999999999999485e-01 2.660000000000000142e-01 2.094999999999999918e-01 8.595000000000000417e-01
1.800000000000000000e+01 5.357000000000000000e+03 -1.000000000000000000e+00 -1.000000000000000000e+00 -1.000000000000000000e+00 -1.000000000000000000e+00 -1.000000000000000000e+00 6.422720000000000482e+02 1.394077999999999975e+03 9.569999999999999618e-01 4.969999999999999973e-01 5.490000000000000435e-01 1.086000000000000076e+00
1.900000000000000000e+01 5.370000000000000000e+03 -1.000000000000000000e+00 -1.000000000000000000e+00 -1.000000000000000000e+00 -1.000000000000000000e+00 -1.000000000000000000e+00 6.335280000000000200e+02 1.424935999999999922e+03 1.193999999999999950e+00 3.345000000000000195e-01 7.299999999999999822e-01 8.305000000000000160e-01
1.900000000000000000e+01 5.372000000000000000e+03 -1.000000000000000000e+00 -1.000000000000000000e+00 -1.000000000000000000e+00 -1.000000000000000000e+00 -1.000000000000000000e+00 6.384470000000000027e+02 1.398654999999999973e+03 9.459999999999999520e-01 2.660000000000000142e-01 2.094999999999999918e-01 8.595000000000000417e-01
1.900000000000000000e+01 5.357000000000000000e+03 -1.000000000000000000e+00 -1.000000000000000000e+00 -1.000000000000000000e+00 -1.000000000000000000e+00 -1.000000000000000000e+00 6.429149999999999636e+02 1.393598999999999933e+03 8.930000000000000160e-01 4.969999999999999973e-01 5.490000000000000435e-01 1.086000000000000076e+00
2.000000000000000000e+01 5.370000000000000000e+03 -1.000000000000000000e+00 -1.000000000000000000e+00 -1.000000000000000000e+00 -1.000000000000000000e+00 -1.000000000000000000e+00 6.331100000000000136e+02 1.425462999999999965e+03 1.110999999999999988e+00 3.345000000000000195e-01 7.299999999999999822e-01 8.305000000000000160e-01
2.000000000000000000e+01 5.372000000000000000e+03 -1.000000000000000000e+00 -1.000000000000000000e+00 -1.000000000000000000e+00 -1.000000000000000000e+00 -1.000000000000000000e+00 6.373120000000000118e+02 1.399731999999999971e+03 9.499999999999999556e-01 2.660000000000000142e-01 2.094999999999999918e-01 8.595000000000000417e-01
2.000000000000000000e+01 5.357000000000000000e+03 -1.000000000000000000e+00 -1.000000000000000000e+00 -1.000000000000000000e+00 -1.000000000000000000e+00 -1.000000000000000000e+00 6.433569999999999709e+02 1.393306000000000040e+03 1.028999999999999915e+00 4.969999999999999973e-01 5.490000000000000435e-01 1.086000000000000076e+00
2.100000000000000000e+01 5.370000000000000000e+03 -1.000000000000000000e+00 -1.000000000000000000e+00 -1.000000000000000000e+00 -1.000000000000000000e+00 -1.000000000000000000e+00 6.324900000000000091e+02 1.425828999999999951e+03 1.118999999999999995e+00 3.345000000000000195e-01 7.299999999999999822e-01 8.305000000000000160e-01
2.100000000000000000e+01 5.377000000000000000e+03 -1.000000000000000000e+00 -1.000000000000000000e+00 -1.000000000000000000e+00 -1.000000000000000000e+00 -1.000000000000000000e+00 6.134600000000000364e+02 1.421392000000000053e+03 1.350999999999999979e+00 2.275000000000000078e-01 3.439999999999999725e-01 1.000000000000000000e+00
2.100000000000000000e+01 5.372000000000000000e+03 -1.000000000000000000e+00 -1.000000000000000000e+00 -1.000000000000000000e+00 -1.000000000000000000e+00 -1.000000000000000000e+00 6.361770000000000209e+02 1.400808999999999969e+03 9.549999999999999600e-01 2.660000000000000142e-01 2.094999999999999918e-01 8.595000000000000417e-01
2.100000000000000000e+01 5.378000000000000000e+03 -1.000000000000000000e+00 -1.000000000000000000e+00 -1.000000000000000000e+00 -1.000000000000000000e+00 -1.000000000000000000e+00 6.200090000000000146e+02 1.438204999999999927e+03 1.254000000000000004e+00 3.119999999999999996e-01 1.945000000000000062e-01 1.000000000000000000e+00
2.100000000000000000e+01 5.357000000000000000e+03 -1.000000000000000000e+00 -1.000000000000000000e+00 -1.000000000000000000e+00 -1.000000000000000000e+00 -1.000000000000000000e+00 6.440810000000000173e+02 1.392746000000000095e+03 1.114999999999999991e+00 4.969999999999999973e-01 5.490000000000000435e-01 1.086000000000000076e+00
2.200000000000000000e+01 5.370000000000000000e+03 -1.000000000000000000e+00 -1.000000000000000000e+00 -1.000000000000000000e+00 -1.000000000000000000e+00 -1.000000000000000000e+00 6.318759999999999764e+02 1.426800999999999931e+03 1.032000000000000028e+00 3.345000000000000195e-01 7.299999999999999822e-01 8.305000000000000160e-01
2.200000000000000000e+01 5.377000000000000000e+03 -1.000000000000000000e+00 -1.000000000000000000e+00 -1.000000000000000000e+00 -1.000000000000000000e+00 -1.000000000000000000e+00 6.139170000000000300e+02 1.420943999999999960e+03 1.350999999999999979e+00 2.275000000000000078e-01 3.439999999999999725e-01 1.000000000000000000e+00
2.200000000000000000e+01 5.378000000000000000e+03 -1.000000000000000000e+00 -1.000000000000000000e+00 -1.000000000000000000e+00 -1.000000000000000000e+00 -1.000000000000000000e+00 6.199819999999999709e+02 1.438305000000000064e+03 1.201000000000000068e+00 3.119999999999999996e-01 1.945000000000000062e-01 1.000000000000000000e+00
2.200000000000000000e+01 5.357000000000000000e+03 -1.000000000000000000e+00 -1.000000000000000000e+00 -1.000000000000000000e+00 -1.000000000000000000e+00 -1.000000000000000000e+00 6.445520000000000209e+02 1.392344000000000051e+03 1.020000000000000018e+00 4.969999999999999973e-01 5.490000000000000435e-01 1.086000000000000076e+00
2.200000000000000000e+01 5.379000000000000000e+03 -1.000000000000000000e+00 -1.000000000000000000e+00 -1.000000000000000000e+00 -1.000000000000000000e+00 -1.000000000000000000e+00 6.080860000000000127e+02 1.426229000000000042e+03 8.459999999999999742e-01 3.684999999999999942e-01 5.124999999999999556e-01 1.000000000000000000e+00
2.200000000000000000e+01 5.372000000000000000e+03 -1.000000000000000000e+00 -1.000000000000000000e+00 -1.000000000000000000e+00 -1.000000000000000000e+00 -1.000000000000000000e+00 6.349362544702378273e+02 1.401986869911699841e+03 9.597156713546706186e-01 2.660000000000000142e-01 2.094999999999999918e-01 8.595000000000000417e-01
2.300000000000000000e+01 5.370000000000000000e+03 -1.000000000000000000e+00 -1.000000000000000000e+00 -1.000000000000000000e+00 -1.000000000000000000e+00 -1.000000000000000000e+00 6.316480000000000246e+02 1.426961000000000013e+03 9.959999999999999964e-01 3.345000000000000195e-01 7.299999999999999822e-01 8.305000000000000160e-01
2.300000000000000000e+01 5.377000000000000000e+03 -1.000000000000000000e+00 -1.000000000000000000e+00 -1.000000000000000000e+00 -1.000000000000000000e+00 -1.000000000000000000e+00 6.145109999999999673e+02 1.420414999999999964e+03 1.088999999999999968e+00 2.275000000000000078e-01 3.439999999999999725e-01 1.000000000000000000e+00
2.300000000000000000e+01 5.372000000000000000e+03 -1.000000000000000000e+00 -1.000000000000000000e+00 -1.000000000000000000e+00 -1.000000000000000000e+00 -1.000000000000000000e+00 6.338089999999999691e+02 1.403057000000000016e+03 9.639999999999999680e-01 2.660000000000000142e-01 2.094999999999999918e-01 8.595000000000000417e-01
2.300000000000000000e+01 5.378000000000000000e+03 -1.000000000000000000e+00 -1.000000000000000000e+00 -1.000000000000000000e+00 -1.000000000000000000e+00 -1.000000000000000000e+00 6.197830000000000155e+02 1.438348999999999933e+03 1.149000000000000021e+00 3.119999999999999996e-01 1.945000000000000062e-01 1.000000000000000000e+00
2.300000000000000000e+01 5.382000000000000000e+03 -1.000000000000000000e+00 -1.000000000000000000e+00 -1.000000000000000000e+00 -1.000000000000000000e+00 -1.000000000000000000e+00 6.018780000000000427e+02 1.433083000000000084e+03 1.002999999999999892e+00 3.885000000000000120e-01 3.589999999999999858e-01 9.004999999999999671e-01
2.300000000000000000e+01 5.357000000000000000e+03 -1.000000000000000000e+00 -1.000000000000000000e+00 -1.000000000000000000e+00 -1.000000000000000000e+00 -1.000000000000000000e+00 6.450700000000000500e+02 1.391902000000000044e+03 9.150000000000000355e-01 4.969999999999999973e-01 5.490000000000000435e-01 1.086000000000000076e+00
2.300000000000000000e+01 5.379000000000000000e+03 -1.000000000000000000e+00 -1.000000000000000000e+00 -1.000000000000000000e+00 -1.000000000000000000e+00 -1.000000000000000000e+00 6.087190000000000509e+02 1.425694999999999936e+03 8.010000000000000453e-01 3.684999999999999942e-01 5.124999999999999556e-01 1.000000000000000000e+00
2.400000000000000000e+01 5.370000000000000000e+03 -1.000000000000000000e+00 -1.000000000000000000e+00 -1.000000000000000000e+00 -1.000000000000000000e+00 -1.000000000000000000e+00 6.310209999999999582e+02 1.427369999999999891e+03 9.070000000000000284e-01 3.345000000000000195e-01 7.299999999999999822e-01 8.305000000000000160e-01
2.400000000000000000e+01 5.377000000000000000e+03 -1.000000000000000000e+00 -1.000000000000000000e+00 -1.000000000000000000e+00 -1.000000000000000000e+00 -1.000000000000000000e+00 6.150520000000000209e+02 1.419934999999999945e+03 8.509999999999999787e-01 2.275000000000000078e-01 3.439999999999999725e-01 1.000000000000000000e+00
2.400000000000000000e+01 5.372000000000000000e+03 -1.000000000000000000e+00 -1.000000000000000000e+00 -1.000000000000000000e+00 -1.000000000000000000e+00 -1.000000000000000000e+00 6.326810000000000400e+02 1.404127999999999929e+03 9.689999999999999725e-01 2.660000000000000142e-01 2.094999999999999918e-01 8.595000000000000417e-01
2.400000000000000000e+01 5.378000000000000000e+03 -1.000000000000000000e+00 -1.000000000000000000e+00 -1.000000000000000000e+00 -1.000000000000000000e+00 -1.000000000000000000e+00 6.196259999999999764e+02 1.438484999999999900e+03 1.100999999999999979e+00 3.119999999999999996e-01 1.945000000000000062e-01 1.000000000000000000e+00
2.400000000000000000e+01 5.382000000000000000e+03 -1.000000000000000000e+00 -1.000000000000000000e+00 -1.000000000000000000e+00 -1.000000000000000000e+00 -1.000000000000000000e+00 6.023970000000000482e+02 1.432705999999999904e+03 1.002999999999999892e+00 3.885000000000000120e-01 3.589999999999999858e-01 9.004999999999999671e-01
2.400000000000000000e+01 5.357000000000000000e+03 -1.000000000000000000e+00 -1.000000000000000000e+00 -1.000000000000000000e+00 -1.000000000000000000e+00 -1.000000000000000000e+00 6.455370000000000346e+02 1.391503999999999905e+03 9.519999999999999574e-01 4.969999999999999973e-01 5.490000000000000435e-01 1.086000000000000076e+00
2.400000000000000000e+01 5.379000000000000000e+03 -1.000000000000000000e+00 -1.000000000000000000e+00 -1.000000000000000000e+00 -1.000000000000000000e+00 -1.000000000000000000e+00 6.093369999999999891e+02 1.425166999999999916e+03 8.169999999999999485e-01 3.684999999999999942e-01 5.124999999999999556e-01 1.000000000000000000e+00
2.500000000000000000e+01 5.370000000000000000e+03 -1.000000000000000000e+00 -1.000000000000000000e+00 -1.000000000000000000e+00 -1.000000000000000000e+00 -1.000000000000000000e+00 6.305579999999999927e+02 1.427692999999999984e+03 8.449999999999999734e-01 3.345000000000000195e-01 7.299999999999999822e-01 8.305000000000000160e-01
2.500000000000000000e+01 5.377000000000000000e+03 -1.000000000000000000e+00 -1.000000000000000000e+00 -1.000000000000000000e+00 -1.000000000000000000e+00 -1.000000000000000000e+00 6.155180000000000291e+02 1.419606999999999971e+03 8.750000000000000000e-01 2.275000000000000078e-01 3.439999999999999725e-01 1.000000000000000000e+00
2.500000000000000000e+01 5.372000000000000000e+03 -1.000000000000000000e+00 -1.000000000000000000e+00 -1.000000000000000000e+00 -1.000000000000000000e+00 -1.000000000000000000e+00 6.316660000000000537e+02 1.405090999999999894e+03 9.729999999999999760e-01 2.660000000000000142e-01 2.094999999999999918e-01 8.595000000000000417e-01
2.500000000000000000e+01 5.378000000000000000e+03 -1.000000000000000000e+00 -1.000000000000000000e+00 -1.000000000000000000e+00 -1.000000000000000000e+00 -1.000000000000000000e+00 6.195940000000000509e+02 1.438588999999999942e+03 1.100999999999999979e+00 3.119999999999999996e-01 1.945000000000000062e-01 1.000000000000000000e+00
2.500000000000000000e+01 5.382000000000000000e+03 -1.000000000000000000e+00 -1.000000000000000000e+00 -1.000000000000000000e+00 -1.000000000000000000e+00 -1.000000000000000000e+00 6.028519999999999754e+02 1.432348999999999933e+03 1.002999999999999892e+00 3.885000000000000120e-01 3.589999999999999858e-01 9.004999999999999671e-01
2.500000000000000000e+01 5.357000000000000000e+03 -1.000000000000000000e+00 -1.000000000000000000e+00 -1.000000000000000000e+00 -1.000000000000000000e+00 -1.000000000000000000e+00 6.459579999999999700e+02 1.391144999999999982e+03 1.064999999999999947e+00 4.969999999999999973e-01 5.490000000000000435e-01 1.086000000000000076e+00
2.500000000000000000e+01 5.379000000000000000e+03 -1.000000000000000000e+00 -1.000000000000000000e+00 -1.000000000000000000e+00 -1.000000000000000000e+00 -1.000000000000000000e+00 6.098940000000000055e+02 1.424692000000000007e+03 8.309999999999999609e-01 3.684999999999999942e-01 5.124999999999999556e-01 1.000000000000000000e+00
2.600000000000000000e+01 5.370000000000000000e+03 -1.000000000000000000e+00 -1.000000000000000000e+00 -1.000000000000000000e+00 -1.000000000000000000e+00 -1.000000000000000000e+00 6.300140000000000100e+02 1.428096999999999980e+03 9.689999999999999725e-01 3.345000000000000195e-01 7.299999999999999822e-01 8.305000000000000160e-01
2.600000000000000000e+01 5.377000000000000000e+03 -1.000000000000000000e+00 -1.000000000000000000e+00 -1.000000000000000000e+00 -1.000000000000000000e+00 -1.000000000000000000e+00 6.160130000000000337e+02 1.419211000000000013e+03 9.010000000000000231e-01 2.275000000000000078e-01 3.439999999999999725e-01 1.000000000000000000e+00
2.600000000000000000e+01 5.372000000000000000e+03 -1.000000000000000000e+00 -1.000000000000000000e+00 -1.000000000000000000e+00 -1.000000000000000000e+00 -1.000000000000000000e+00 6.307210000000000036e+02 1.406068999999999960e+03 9.769999999999999796e-01 2.660000000000000142e-01 2.094999999999999918e-01 8.595000000000000417e-01
2.600000000000000000e+01 5.378000000000000000e+03 -1.000000000000000000e+00 -1.000000000000000000e+00 -1.000000000000000000e+00 -1.000000000000000000e+00 -1.000000000000000000e+00 6.193869999999999436e+02 1.438704999999999927e+03 1.070000000000000062e+00 3.119999999999999996e-01 1.945000000000000062e-01 1.000000000000000000e+00
2.600000000000000000e+01 5.382000000000000000e+03 -1.000000000000000000e+00 -1.000000000000000000e+00 -1.000000000000000000e+00 -1.000000000000000000e+00 -1.000000000000000000e+00 6.032490000000000236e+02 1.431959000000000060e+03 1.002999999999999892e+00 3.885000000000000120e-01 3.589999999999999858e-01 9.004999999999999671e-01
2.600000000000000000e+01 5.379000000000000000e+03 -1.000000000000000000e+00 -1.000000000000000000e+00 -1.000000000000000000e+00 -1.000000000000000000e+00 -1.000000000000000000e+00 6.105130000000000337e+02 1.424163999999999987e+03 8.469999999999999751e-01 3.684999999999999942e-01 5.124999999999999556e-01 1.000000000000000000e+00
2.700000000000000000e+01 5.370000000000000000e+03 -1.000000000000000000e+00 -1.000000000000000000e+00 -1.000000000000000000e+00 -1.000000000000000000e+00 -1.000000000000000000e+00 6.295280000000000200e+02 1.428518000000000029e+03 9.479999999999999538e-01 3.345000000000000195e-01 7.299999999999999822e-01 8.305000000000000160e-01
2.700000000000000000e+01 5.377000000000000000e+03 -1.000000000000000000e+00 -1.000000000000000000e+00 -1.000000000000000000e+00 -1.000000000000000000e+00 -1.000000000000000000e+00 6.166539999999999964e+02 1.418532999999999902e+03 8.010000000000000453e-01 2.275000000000000078e-01 3.439999999999999725e-01 1.000000000000000000e+00
2.700000000000000000e+01 5.378000000000000000e+03 -1.000000000000000000e+00 -1.000000000000000000e+00 -1.000000000000000000e+00 -1.000000000000000000e+00 -1.000000000000000000e+00 6.193089999999999691e+02 1.438750999999999976e+03 1.038999999999999924e+00 3.119999999999999996e-01 1.945000000000000062e-01 1.000000000000000000e+00
2.700000000000000000e+01 5.386000000000000000e+03 -1.000000000000000000e+00 -1.000000000000000000e+00 -1.000000000000000000e+00 -1.000000000000000000e+00 -1.000000000000000000e+00 6.304869999999999663e+02 1.439876999999999953e+03 1.939000000000000057e+00 2.535000000000000031e-01 2.600000000000000089e-01 8.679999999999999938e-01
2.700000000000000000e+01 5.372000000000000000e+03 -1.000000000000000000e+00 -1.000000000000000000e+00 -1.000000000000000000e+00 -1.000000000000000000e+00 -1.000000000000000000e+00 6.270587072772199235e+02 1.409865114878488157e+03 9.936287885791095231e-01 2.660000000000000142e-01 2.094999999999999640e-01 8.595000000000000417e-01
2.700000000000000000e+01 5.379000000000000000e+03 -1.000000000000000000e+00 -1.000000000000000000e+00 -1.000000000000000000e+00 -1.000000000000000000e+00 -1.000000000000000000e+00 6.122472919221137317e+02 1.422686203440782947e+03 8.904862827899313604e-01 3.685000000000000497e-01 5.124999999999999556e-01 1.000000000000000000e+00
2.700000000000000000e+01 5.382000000000000000e+03 -1.000000000000000000e+00 -1.000000000000000000e+00 -1.000000000000000000e+00 -1.000000000000000000e+00 -1.000000000000000000e+00 6.043262079439001582e+02 1.430989191295879664e+03 8.743781559522134650e-01 3.885000000000000120e-01 3.589999999999999858e-01 9.004999999999999671e-01
2.800000000000000000e+01 5.370000000000000000e+03 -1.000000000000000000e+00 -1.000000000000000000e+00 -1.000000000000000000e+00 -1.000000000000000000e+00 -1.000000000000000000e+00 6.290629999999999882e+02 1.428919000000000096e+03 9.360000000000000542e-01 3.345000000000000195e-01 7.299999999999999822e-01 8.305000000000000160e-01
2.800000000000000000e+01 5.378000000000000000e+03 -1.000000000000000000e+00 -1.000000000000000000e+00 -1.000000000000000000e+00 -1.000000000000000000e+00 -1.000000000000000000e+00 6.191699999999999591e+02 1.438782999999999902e+03 9.579999999999999627e-01 3.119999999999999996e-01 1.945000000000000062e-01 1.000000000000000000e+00
2.800000000000000000e+01 5.386000000000000000e+03 -1.000000000000000000e+00 -1.000000000000000000e+00 -1.000000000000000000e+00 -1.000000000000000000e+00 -1.000000000000000000e+00 6.302229999999999563e+02 1.440262999999999920e+03 2.205000000000000071e+00 2.535000000000000031e-01 2.600000000000000089e-01 8.679999999999999938e-01
2.800000000000000000e+01 5.372000000000000000e+03 -1.000000000000000000e+00 -1.000000000000000000e+00 -1.000000000000000000e+00 -1.000000000000000000e+00 -1.000000000000000000e+00 6.280224429767470156e+02 1.408866163755562184e+03 9.892529075650406956e-01 2.660000000000000142e-01 2.094999999999999918e-01 8.595000000000000417e-01
2.800000000000000000e+01 5.377000000000000000e+03 -1.000000000000000000e+00 -1.000000000000000000e+00 -1.000000000000000000e+00 -1.000000000000000000e+00 -1.000000000000000000e+00 6.175469453525939798e+02 1.417540409917634861e+03 8.974303836494549325e-01 2.275000000000000355e-01 3.439999999999999725e-01 1.000000000000000000e+00
2.800000000000000000e+01 5.379000000000000000e+03 -1.000000000000000000e+00 -1.000000000000000000e+00 -1.000000000000000000e+00 -1.000000000000000000e+00 -1.000000000000000000e+00 6.116279229027304609e+02 1.423213970072259144e+03 8.749559928861452285e-01 3.684999999999999942e-01 5.124999999999999556e-01 1.000000000000000000e+00
2.800000000000000000e+01 5.382000000000000000e+03 -1.000000000000000000e+00 -1.000000000000000000e+00 -1.000000000000000000e+00 -1.000000000000000000e+00 -1.000000000000000000e+00 6.037277772900666832e+02 1.431527957520346035e+03 9.458325623801000503e-01 3.885000000000000120e-01 3.589999999999999858e-01 9.005000000000000782e-01
2.900000000000000000e+01 5.390000000000000000e+03 -1.000000000000000000e+00 -1.000000000000000000e+00 -1.000000000000000000e+00 -1.000000000000000000e+00 -1.000000000000000000e+00 5.945789999999999509e+02 1.438134000000000015e+03 1.050999999999999934e+00 3.330000000000000182e-01 4.079999999999999738e-01 1.000000000000000000e+00
2.900000000000000000e+01 5.370000000000000000e+03 -1.000000000000000000e+00 -1.000000000000000000e+00 -1.000000000000000000e+00 -1.000000000000000000e+00 -1.000000000000000000e+00 6.287019999999999982e+02 1.429231999999999971e+03 9.399999999999999467e-01 3.345000000000000195e-01 7.299999999999999822e-01 8.305000000000000160e-01
2.900000000000000000e+01 5.378000000000000000e+03 -1.000000000000000000e+00 -1.000000000000000000e+00 -1.000000000000000000e+00 -1.000000000000000000e+00 -1.000000000000000000e+00 6.191699999999999591e+02 1.438838999999999942e+03 9.330000000000000515e-01 3.119999999999999996e-01 1.945000000000000062e-01 1.000000000000000000e+00
2.900000000000000000e+01 5.382000000000000000e+03 -1.000000000000000000e+00 -1.000000000000000000e+00 -1.000000000000000000e+00 -1.000000000000000000e+00 -1.000000000000000000e+00 6.049239999999999782e+02 1.430451000000000022e+03 8.030000000000000471e-01 3.885000000000000120e-01 3.589999999999999858e-01 9.004999999999999671e-01
2.900000000000000000e+01 5.392000000000000000e+03 -1.000000000000000000e+00 -1.000000000000000000e+00 -1.000000000000000000e+00 -1.000000000000000000e+00 -1.000000000000000000e+00 5.828210000000000264e+02 1.448038999999999987e+03 1.627000000000000002e+00 3.260000000000000120e-01 2.680000000000000160e-01 8.760000000000000009e-01
2.900000000000000000e+01 5.386000000000000000e+03 -1.000000000000000000e+00 -1.000000000000000000e+00 -1.000000000000000000e+00 -1.000000000000000000e+00 -1.000000000000000000e+00 6.300230000000000246e+02 1.440578999999999951e+03 2.222999999999999865e+00 2.535000000000000031e-01 2.600000000000000089e-01 8.679999999999999938e-01
2.900000000000000000e+01 5.372000000000000000e+03 -1.000000000000000000e+00 -1.000000000000000000e+00 -1.000000000000000000e+00 -1.000000000000000000e+00 -1.000000000000000000e+00 6.287934843056032150e+02 1.408066948159770618e+03 9.857519631529374493e-01 2.660000000000000142e-01 2.095000000000000195e-01 8.595000000000001528e-01
2.900000000000000000e+01 5.377000000000000000e+03 -1.000000000000000000e+00 -1.000000000000000000e+00 -1.000000000000000000e+00 -1.000000000000000000e+00 -1.000000000000000000e+00 6.171500744732554722e+02 1.417981568044127926e+03 8.545717573709981085e-01 2.275000000000000078e-01 3.439999999999999725e-01 1.000000000000000000e+00
2.900000000000000000e+01 5.379000000000000000e+03 -1.000000000000000000e+00 -1.000000000000000000e+00 -1.000000000000000000e+00 -1.000000000000000000e+00 -1.000000000000000000e+00 6.111323937737463439e+02 1.423636212275239586e+03 8.625309106039253937e-01 3.684999999999999387e-01 5.124999999999999556e-01 1.000000000000000000e+00
3.000000000000000000e+01 5.390000000000000000e+03 -1.000000000000000000e+00 -1.000000000000000000e+00 -1.000000000000000000e+00 -1.000000000000000000e+00 -1.000000000000000000e+00 5.950800000000000409e+02 1.437693999999999960e+03 9.759999999999999787e-01 3.330000000000000182e-01 4.079999999999999738e-01 1.000000000000000000e+00
3.000000000000000000e+01 5.370000000000000000e+03 -1.000000000000000000e+00 -1.000000000000000000e+00 -1.000000000000000000e+00 -1.000000000000000000e+00 -1.000000000000000000e+00 6.282089999999999463e+02 1.429646999999999935e+03 9.320000000000000506e-01 3.345000000000000195e-01 7.299999999999999822e-01 8.305000000000000160e-01
3.000000000000000000e+01 5.377000000000000000e+03 -1.000000000000000000e+00 -1.000000000000000000e+00 -1.000000000000000000e+00 -1.000000000000000000e+00 -1.000000000000000000e+00 6.180430000000000064e+02 1.416989000000000033e+03 9.509999999999999565e-01 2.275000000000000078e-01 3.439999999999999725e-01 1.000000000000000000e+00
3.000000000000000000e+01 5.378000000000000000e+03 -1.000000000000000000e+00 -1.000000000000000000e+00 -1.000000000000000000e+00 -1.000000000000000000e+00 -1.000000000000000000e+00 6.191839999999999691e+02 1.438877999999999929e+03 9.509999999999999565e-01 3.119999999999999996e-01 1.945000000000000062e-01 1.000000000000000000e+00
3.000000000000000000e+01 5.382000000000000000e+03 -1.000000000000000000e+00 -1.000000000000000000e+00 -1.000000000000000000e+00 -1.000000000000000000e+00 -1.000000000000000000e+00 6.054990000000000236e+02 1.429953999999999951e+03 8.030000000000000471e-01 3.885000000000000120e-01 3.589999999999999858e-01 9.004999999999999671e-01
3.000000000000000000e+01 5.392000000000000000e+03 -1.000000000000000000e+00 -1.000000000000000000e+00 -1.000000000000000000e+00 -1.000000000000000000e+00 -1.000000000000000000e+00 5.828690000000000282e+02 1.448054000000000087e+03 1.677000000000000046e+00 3.260000000000000120e-01 2.680000000000000160e-01 8.760000000000000009e-01
3.000000000000000000e+01 5.379000000000000000e+03 -1.000000000000000000e+00 -1.000000000000000000e+00 -1.000000000000000000e+00 -1.000000000000000000e+00 -1.000000000000000000e+00 6.128659999999999854e+02 1.422159000000000106e+03 9.060000000000000275e-01 3.684999999999999942e-01 5.124999999999999556e-01 1.000000000000000000e+00
3.000000000000000000e+01 5.386000000000000000e+03 -1.000000000000000000e+00 -1.000000000000000000e+00 -1.000000000000000000e+00 -1.000000000000000000e+00 -1.000000000000000000e+00 6.298920000000000528e+02 1.441021999999999935e+03 2.182999999999999829e+00 2.535000000000000031e-01 2.600000000000000089e-01 8.679999999999999938e-01
3.000000000000000000e+01 5.372000000000000000e+03 -1.000000000000000000e+00 -1.000000000000000000e+00 -1.000000000000000000e+00 -1.000000000000000000e+00 -1.000000000000000000e+00 6.297572585228194839e+02 1.407067957111697979e+03 9.813759072477382661e-01 2.660000000000000142e-01 2.094999999999999918e-01 8.595000000000000417e-01
3.100000000000000000e+01 5.390000000000000000e+03 -1.000000000000000000e+00 -1.000000000000000000e+00 -1.000000000000000000e+00 -1.000000000000000000e+00 -1.000000000000000000e+00 5.955800000000000409e+02 1.437253999999999905e+03 9.010000000000000231e-01 3.330000000000000182e-01 4.079999999999999738e-01 1.000000000000000000e+00
3.100000000000000000e+01 5.370000000000000000e+03 -1.000000000000000000e+00 -1.000000000000000000e+00 -1.000000000000000000e+00 -1.000000000000000000e+00 -1.000000000000000000e+00 6.277100000000000364e+02 1.430038999999999987e+03 8.910000000000000142e-01 3.345000000000000195e-01 7.299999999999999822e-01 8.305000000000000160e-01
3.100000000000000000e+01 5.377000000000000000e+03 -1.000000000000000000e+00 -1.000000000000000000e+00 -1.000000000000000000e+00 -1.000000000000000000e+00 -1.000000000000000000e+00 6.185019999999999527e+02 1.416405999999999949e+03 9.429999999999999494e-01 2.275000000000000078e-01 3.439999999999999725e-01 1.000000000000000000e+00
3.100000000000000000e+01 5.372000000000000000e+03 -1.000000000000000000e+00 -1.000000000000000000e+00 -1.000000000000000000e+00 -1.000000000000000000e+00 -1.000000000000000000e+00 6.260960000000000036e+02 1.410863000000000056e+03 9.979999999999999982e-01 2.660000000000000142e-01 2.094999999999999918e-01 8.595000000000000417e-01
3.100000000000000000e+01 5.378000000000000000e+03 -1.000000000000000000e+00 -1.000000000000000000e+00 -1.000000000000000000e+00 -1.000000000000000000e+00 -1.000000000000000000e+00 6.191470000000000482e+02 1.438902000000000044e+03 9.509999999999999565e-01 3.119999999999999996e-01 1.945000000000000062e-01 1.000000000000000000e+00
3.100000000000000000e+01 5.382000000000000000e+03 -1.000000000000000000e+00 -1.000000000000000000e+00 -1.000000000000000000e+00 -1.000000000000000000e+00 -1.000000000000000000e+00 6.061109999999999900e+02 1.429346999999999980e+03 7.279999999999999805e-01 3.885000000000000120e-01 3.589999999999999858e-01 9.004999999999999671e-01
3.100000000000000000e+01 5.392000000000000000e+03 -1.000000000000000000e+00 -1.000000000000000000e+00 -1.000000000000000000e+00 -1.000000000000000000e+00 -1.000000000000000000e+00 5.829249999999999545e+02 1.448078999999999951e+03 1.576999999999999957e+00 3.260000000000000120e-01 2.680000000000000160e-01 8.760000000000000009e-01
3.100000000000000000e+01 5.379000000000000000e+03 -1.000000000000000000e+00 -1.000000000000000000e+00 -1.000000000000000000e+00 -1.000000000000000000e+00 -1.000000000000000000e+00 6.134189999999999827e+02 1.421561999999999898e+03 9.010000000000000231e-01 3.684999999999999942e-01 5.124999999999999556e-01 1.000000000000000000e+00
3.200000000000000000e+01 5.390000000000000000e+03 -1.000000000000000000e+00 -1.000000000000000000e+00 -1.000000000000000000e+00 -1.000000000000000000e+00 -1.000000000000000000e+00 5.960789999999999509e+02 1.436814000000000078e+03 8.639999999999999902e-01 3.330000000000000182e-01 4.079999999999999738e-01 1.000000000000000000e+00
3.200000000000000000e+01 5.370000000000000000e+03 -1.000000000000000000e+00 -1.000000000000000000e+00 -1.000000000000000000e+00 -1.000000000000000000e+00 -1.000000000000000000e+00 6.271230000000000473e+02 1.430512999999999920e+03 9.080000000000000293e-01 3.345000000000000195e-01 7.299999999999999822e-01 8.305000000000000160e-01
3.200000000000000000e+01 5.377000000000000000e+03 -1.000000000000000000e+00 -1.000000000000000000e+00 -1.000000000000000000e+00 -1.000000000000000000e+00 -1.000000000000000000e+00 6.189750000000000227e+02 1.415836000000000013e+03 9.350000000000000533e-01 2.275000000000000078e-01 3.439999999999999725e-01 1.000000000000000000e+00
3.200000000000000000e+01 5.382000000000000000e+03 -1.000000000000000000e+00 -1.000000000000000000e+00 -1.000000000000000000e+00 -1.000000000000000000e+00 -1.000000000000000000e+00 6.065729999999999791e+02 1.428882000000000062e+03 7.029999999999999583e-01 3.885000000000000120e-01 3.589999999999999858e-01 9.004999999999999671e-01
3.200000000000000000e+01 5.392000000000000000e+03 -1.000000000000000000e+00 -1.000000000000000000e+00 -1.000000000000000000e+00 -1.000000000000000000e+00 -1.000000000000000000e+00 5.828940000000000055e+02 1.448087999999999965e+03 1.502000000000000002e+00 3.260000000000000120e-01 2.680000000000000160e-01 8.760000000000000009e-01
3.200000000000000000e+01 5.379000000000000000e+03 -1.000000000000000000e+00 -1.000000000000000000e+00 -1.000000000000000000e+00 -1.000000000000000000e+00 -1.000000000000000000e+00 6.139569999999999936e+02 1.420994999999999891e+03 8.469999999999999751e-01 3.684999999999999942e-01 5.124999999999999556e-01 1.000000000000000000e+00
3.300000000000000000e+01 5.390000000000000000e+03 -1.000000000000000000e+00 -1.000000000000000000e+00 -1.000000000000000000e+00 -1.000000000000000000e+00 -1.000000000000000000e+00 5.965789999999999509e+02 1.436375000000000000e+03 8.100000000000000533e-01 3.330000000000000182e-01 4.079999999999999738e-01 1.000000000000000000e+00
3.300000000000000000e+01 5.370000000000000000e+03 -1.000000000000000000e+00 -1.000000000000000000e+00 -1.000000000000000000e+00 -1.000000000000000000e+00 -1.000000000000000000e+00 6.264710000000000036e+02 1.430952999999999975e+03 8.329999999999999627e-01 3.345000000000000195e-01 7.299999999999999822e-01 8.305000000000000160e-01
3.300000000000000000e+01 5.377000000000000000e+03 -1.000000000000000000e+00 -1.000000000000000000e+00 -1.000000000000000000e+00 -1.000000000000000000e+00 -1.000000000000000000e+00 6.194640000000000555e+02 1.415278000000000020e+03 9.260000000000000453e-01 2.275000000000000078e-01 3.439999999999999725e-01 1.000000000000000000e+00
3.300000000000000000e+01 5.382000000000000000e+03 -1.000000000000000000e+00 -1.000000000000000000e+00 -1.000000000000000000e+00 -1.000000000000000000e+00 -1.000000000000000000e+00 6.069909999999999854e+02 1.428472999999999956e+03 6.520000000000000240e-01 3.885000000000000120e-01 3.589999999999999858e-01 9.004999999999999671e-01
3.300000000000000000e+01 5.392000000000000000e+03 -1.000000000000000000e+00 -1.000000000000000000e+00 -1.000000000000000000e+00 -1.000000000000000000e+00 -1.000000000000000000e+00 5.828630000000000564e+02 1.448097999999999956e+03 1.427000000000000046e+00 3.260000000000000120e-01 2.680000000000000160e-01 8.760000000000000009e-01
3.300000000000000000e+01 5.379000000000000000e+03 -1.000000000000000000e+00 -1.000000000000000000e+00 -1.000000000000000000e+00 -1.000000000000000000e+00 -1.000000000000000000e+00 6.144969999999999573e+02 1.420425999999999931e+03 7.920000000000000373e-01 3.684999999999999942e-01 5.124999999999999556e-01 1.000000000000000000e+00
3.300000000000000000e+01 5.398000000000000000e+03 -1.000000000000000000e+00 -1.000000000000000000e+00 -1.000000000000000000e+00 -1.000000000000000000e+00 -1.000000000000000000e+00 5.717450000000000045e+02 1.459179000000000087e+03 1.443999999999999950e+00 2.030000000000000138e-01 2.790000000000000258e-01 8.569999999999999840e-01
3.400000000000000000e+01 5.390000000000000000e+03 -1.000000000000000000e+00 -1.000000000000000000e+00 -1.000000000000000000e+00 -1.000000000000000000e+00 -1.000000000000000000e+00 5.970789999999999509e+02 1.435934999999999945e+03 7.560000000000000053e-01 3.330000000000000182e-01 4.079999999999999738e-01 1.000000000000000000e+00
3.400000000000000000e+01 5.370000000000000000e+03 -1.000000000000000000e+00 -1.000000000000000000e+00 -1.000000000000000000e+00 -1.000000000000000000e+00 -1.000000000000000000e+00 6.260760000000000218e+02 1.431296000000000049e+03 7.189999999999999725e-01 3.345000000000000195e-01 7.299999999999999822e-01 8.305000000000000160e-01
3.400000000000000000e+01 5.377000000000000000e+03 -1.000000000000000000e+00 -1.000000000000000000e+00 -1.000000000000000000e+00 -1.000000000000000000e+00 -1.000000000000000000e+00 6.199669999999999845e+02 1.414733999999999924e+03 9.180000000000000382e-01 2.275000000000000078e-01 3.439999999999999725e-01 1.000000000000000000e+00
3.400000000000000000e+01 5.382000000000000000e+03 -1.000000000000000000e+00 -1.000000000000000000e+00 -1.000000000000000000e+00 -1.000000000000000000e+00 -1.000000000000000000e+00 6.073659999999999854e+02 1.428021999999999935e+03 5.530000000000000471e-01 3.885000000000000120e-01 3.589999999999999858e-01 9.004999999999999671e-01
3.400000000000000000e+01 5.392000000000000000e+03 -1.000000000000000000e+00 -1.000000000000000000e+00 -1.000000000000000000e+00 -1.000000000000000000e+00 -1.000000000000000000e+00 5.828859999999999673e+02 1.448130000000000109e+03 1.427000000000000046e+00 3.260000000000000120e-01 2.680000000000000160e-01 8.760000000000000009e-01
3.400000000000000000e+01 5.379000000000000000e+03 -1.000000000000000000e+00 -1.000000000000000000e+00 -1.000000000000000000e+00 -1.000000000000000000e+00 -1.000000000000000000e+00 6.150349999999999682e+02 1.419857999999999947e+03 7.369999999999999885e-01 3.684999999999999942e-01 5.124999999999999556e-01 1.000000000000000000e+00
3.400000000000000000e+01 5.398000000000000000e+03 -1.000000000000000000e+00 -1.000000000000000000e+00 -1.000000000000000000e+00 -1.000000000000000000e+00 -1.000000000000000000e+00 5.722690000000000055e+02 1.458693999999999960e+03 1.417000000000000037e+00 2.030000000000000138e-01 2.790000000000000258e-01 8.569999999999999840e-01
3.500000000000000000e+01 5.390000000000000000e+03 -1.000000000000000000e+00 -1.000000000000000000e+00 -1.000000000000000000e+00 -1.000000000000000000e+00 -1.000000000000000000e+00 5.975789999999999509e+02 1.435496000000000095e+03 7.009999999999999565e-01 3.330000000000000182e-01 4.079999999999999738e-01 1.000000000000000000e+00
3.500000000000000000e+01 5.382000000000000000e+03 -1.000000000000000000e+00 -1.000000000000000000e+00 -1.000000000000000000e+00 -1.000000000000000000e+00 -1.000000000000000000e+00 6.077960000000000491e+02 1.427453999999999951e+03 5.610000000000000542e-01 3.885000000000000120e-01 3.589999999999999858e-01 9.004999999999999671e-01
3.500000000000000000e+01 5.392000000000000000e+03 -1.000000000000000000e+00 -1.000000000000000000e+00 -1.000000000000000000e+00 -1.000000000000000000e+00 -1.000000000000000000e+00 5.829089999999999918e+02 1.448162000000000035e+03 1.427000000000000046e+00 3.260000000000000120e-01 2.680000000000000160e-01 8.760000000000000009e-01
3.500000000000000000e+01 5.379000000000000000e+03 -1.000000000000000000e+00 -1.000000000000000000e+00 -1.000000000000000000e+00 -1.000000000000000000e+00 -1.000000000000000000e+00 6.155919999999999845e+02 1.419313000000000102e+03 8.329999999999999627e-01 3.684999999999999942e-01 5.124999999999999556e-01 1.000000000000000000e+00
3.500000000000000000e+01 5.398000000000000000e+03 -1.000000000000000000e+00 -1.000000000000000000e+00 -1.000000000000000000e+00 -1.000000000000000000e+00 -1.000000000000000000e+00 5.727939999999999827e+02 1.458208000000000084e+03 1.356000000000000094e+00 2.030000000000000138e-01 2.790000000000000258e-01 8.569999999999999840e-01
3.600000000000000000e+01 5.390000000000000000e+03 -1.000000000000000000e+00 -1.000000000000000000e+00 -1.000000000000000000e+00 -1.000000000000000000e+00 -1.000000000000000000e+00 5.980789999999999509e+02 1.435056000000000040e+03 5.510000000000000453e-01 3.330000000000000182e-01 4.079999999999999738e-01 1.000000000000000000e+00
3.600000000000000000e+01 5.382000000000000000e+03 -1.000000000000000000e+00 -1.000000000000000000e+00 -1.000000000000000000e+00 -1.000000000000000000e+00 -1.000000000000000000e+00 6.082970000000000255e+02 1.426963999999999942e+03 4.949999999999999956e-01 3.885000000000000120e-01 3.589999999999999858e-01 9.004999999999999671e-01
3.600000000000000000e+01 5.392000000000000000e+03 -1.000000000000000000e+00 -1.000000000000000000e+00 -1.000000000000000000e+00 -1.000000000000000000e+00 -1.000000000000000000e+00 5.829320000000000164e+02 1.448193999999999960e+03 1.427000000000000046e+00 3.260000000000000120e-01 2.680000000000000160e-01 8.760000000000000009e-01
3.600000000000000000e+01 5.379000000000000000e+03 -1.000000000000000000e+00 -1.000000000000000000e+00 -1.000000000000000000e+00 -1.000000000000000000e+00 -1.000000000000000000e+00 6.161299999999999955e+02 1.418749000000000024e+03 6.780000000000000471e-01 3.684999999999999942e-01 5.124999999999999556e-01 1.000000000000000000e+00
3.600000000000000000e+01 5.398000000000000000e+03 -1.000000000000000000e+00 -1.000000000000000000e+00 -1.000000000000000000e+00 -1.000000000000000000e+00 -1.000000000000000000e+00 5.733189999999999600e+02 1.457721999999999980e+03 1.294000000000000039e+00 2.030000000000000138e-01 2.790000000000000258e-01 8.569999999999999840e-01
3.700000000000000000e+01 5.390000000000000000e+03 -1.000000000000000000e+00 -1.000000000000000000e+00 -1.000000000000000000e+00 -1.000000000000000000e+00 -1.000000000000000000e+00 5.985779999999999745e+02 1.434615999999999985e+03 6.260000000000000009e-01 3.330000000000000182e-01 4.079999999999999738e-01 1.000000000000000000e+00
3.700000000000000000e+01 5.382000000000000000e+03 -1.000000000000000000e+00 -1.000000000000000000e+00 -1.000000000000000000e+00 -1.000000000000000000e+00 -1.000000000000000000e+00 6.087619999999999436e+02 1.426423000000000002e+03 5.530000000000000471e-01 3.885000000000000120e-01 3.589999999999999858e-01 9.004999999999999671e-01
3.700000000000000000e+01 5.392000000000000000e+03 -1.000000000000000000e+00 -1.000000000000000000e+00 -1.000000000000000000e+00 -1.000000000000000000e+00 -1.000000000000000000e+00 5.829809999999999945e+02 1.448143000000000029e+03 1.401999999999999913e+00 3.260000000000000120e-01 2.680000000000000160e-01 8.760000000000000009e-01
3.700000000000000000e+01 5.398000000000000000e+03 -1.000000000000000000e+00 -1.000000000000000000e+00 -1.000000000000000000e+00 -1.000000000000000000e+00 -1.000000000000000000e+00 5.738440000000000509e+02 1.457236000000000104e+03 1.243999999999999995e+00 2.030000000000000138e-01 2.790000000000000258e-01 8.569999999999999840e-01
3.800000000000000000e+01 5.390000000000000000e+03 -1.000000000000000000e+00 -1.000000000000000000e+00 -1.000000000000000000e+00 -1.000000000000000000e+00 -1.000000000000000000e+00 5.990789999999999509e+02 1.434175999999999931e+03 7.009999999999999565e-01 3.330000000000000182e-01 4.079999999999999738e-01 1.000000000000000000e+00
3.800000000000000000e+01 5.382000000000000000e+03 -1.000000000000000000e+00 -1.000000000000000000e+00 -1.000000000000000000e+00 -1.000000000000000000e+00 -1.000000000000000000e+00 6.092390000000000327e+02 1.425892000000000053e+03 4.030000000000000249e-01 3.885000000000000120e-01 3.589999999999999858e-01 9.004999999999999671e-01
3.800000000000000000e+01 5.392000000000000000e+03 -1.000000000000000000e+00 -1.000000000000000000e+00 -1.000000000000000000e+00 -1.000000000000000000e+00 -1.000000000000000000e+00 5.830339999999999918e+02 1.448095000000000027e+03 1.377000000000000002e+00 3.260000000000000120e-01 2.680000000000000160e-01 8.760000000000000009e-01
3.800000000000000000e+01 5.398000000000000000e+03 -1.000000000000000000e+00 -1.000000000000000000e+00 -1.000000000000000000e+00 -1.000000000000000000e+00 -1.000000000000000000e+00 5.743700000000000045e+02 1.456750000000000000e+03 1.193999999999999950e+00 2.030000000000000138e-01 2.790000000000000258e-01 8.569999999999999840e-01
3.900000000000000000e+01 5.392000000000000000e+03 -1.000000000000000000e+00 -1.000000000000000000e+00 -1.000000000000000000e+00 -1.000000000000000000e+00 -1.000000000000000000e+00 5.830220000000000482e+02 1.448101000000000113e+03 1.368999999999999995e+00 3.260000000000000120e-01 2.680000000000000160e-01 8.760000000000000009e-01
3.900000000000000000e+01 5.398000000000000000e+03 -1.000000000000000000e+00 -1.000000000000000000e+00 -1.000000000000000000e+00 -1.000000000000000000e+00 -1.000000000000000000e+00 5.748410000000000082e+02 1.456310999999999922e+03 1.193999999999999950e+00 2.030000000000000138e-01 2.790000000000000258e-01 8.569999999999999840e-01
4.000000000000000000e+01 5.392000000000000000e+03 -1.000000000000000000e+00 -1.000000000000000000e+00 -1.000000000000000000e+00 -1.000000000000000000e+00 -1.000000000000000000e+00 5.830099999999999909e+02 1.448107999999999947e+03 1.360999999999999988e+00 3.260000000000000120e-01 2.680000000000000160e-01 8.760000000000000009e-01
4.000000000000000000e+01 5.398000000000000000e+03 -1.000000000000000000e+00 -1.000000000000000000e+00 -1.000000000000000000e+00 -1.000000000000000000e+00 -1.000000000000000000e+00 5.753700000000000045e+02 1.455871000000000095e+03 1.094000000000000083e+00 2.030000000000000138e-01 2.790000000000000258e-01 8.569999999999999840e-01
4.100000000000000000e+01 5.392000000000000000e+03 -1.000000000000000000e+00 -1.000000000000000000e+00 -1.000000000000000000e+00 -1.000000000000000000e+00 -1.000000000000000000e+00 5.829980000000000473e+02 1.448115000000000009e+03 1.276999999999999913e+00 3.260000000000000120e-01 2.680000000000000160e-01 8.760000000000000009e-01
