1.000000000000000000e+00 5.576000000000000000e+03 -1.000000000000000000e+00 -1.000000000000000000e+00 -1.000000000000000000e+00 -1.000000000000000000e+00 -1.000000000000000000e+00 1.291864000000000033e+03 1.212948000000000093e+03 -1.592000000000000082e+00 1.026499999999999968e+00 2.467499999999999805e+00 1.168500000000000094e+00
1.000000000000000000e+00 5.578000000000000000e+03 -1.000000000000000000e+00 -1.000000000000000000e+00 -1.000000000000000000e+00 -1.000000000000000000e+00 -1.000000000000000000e+00 1.331500000000000000e+03 1.222756000000000085e+03 -3.780000000000000027e-01 1.578500000000000014e+00 4.855999999999999872e+00 1.936500000000000110e+00
1.000000000000000000e+00 5.579000000000000000e+03 -1.000000000000000000e+00 -1.000000000000000000e+00 -1.000000000000000000e+00 -1.000000000000000000e+00 -1.000000000000000000e+00 1.302032999999999902e+03 1.213008000000000038e+03 -1.500000000000000000e+00 1.185000000000000053e+00 2.435999999999999943e+00 1.000000000000000000e+00
2.000000000000000000e+00 5.576000000000000000e+03 -1.000000000000000000e+00 -1.000000000000000000e+00 -1.000000000000000000e+00 -1.000000000000000000e+00 -1.000000000000000000e+00 1.295590999999999894e+03 1.214412000000000035e+03 -1.270999999999999908e+00 1.026499999999999968e+00 2.467499999999999805e+00 1.168500000000000094e+00
2.000000000000000000e+00 5.578000000000000000e+03 -1.000000000000000000e+00 -1.000000000000000000e+00 -1.000000000000000000e+00 -1.000000000000000000e+00 -1.000000000000000000e+00 1.331523999999999887e+03 1.222738000000000056e+03 -1.429999999999999882e-01 1.578500000000000014e+00 4.855999999999999872e+00 1.936500000000000110e+00
2.000000000000000000e+00 5.579000000000000000e+03 -1.000000000000000000e+00 -1.000000000000000000e+00 -1.000000000000000000e+00 -1.000000000000000000e+00 -1.000000000000000000e+00 1.305114000000000033e+03 1.213813000000000102e+03 -1.250000000000000000e+00 1.185000000000000053e+00 2.435999999999999943e+00 1.000000000000000000e+00
3.000000000000000000e+00 5.576000000000000000e+03 -1.000000000000000000e+00 -1.000000000000000000e+00 -1.000000000000000000e+00 -1.000000000000000000e+00 -1.000000000000000000e+00 1.298569999999999936e+03 1.215441000000000031e+03 -1.000999999999999890e+00 1.026499999999999968e+00 2.467499999999999805e+00 1.168500000000000094e+00
3.000000000000000000e+00 5.578000000000000000e+03 -1.000000000000000000e+00 -1.000000000000000000e+00 -1.000000000000000000e+00 -1.000000000000000000e+00 -1.000000000000000000e+00 1.331547000000000025e+03 1.222719000000000051e+03 9.199999999999999845e-02 1.578500000000000014e+00 4.855999999999999872e+00 1.936500000000000110e+00
3.000000000000000000e+00 5.579000000000000000e+03 -1.000000000000000000e+00 -1.000000000000000000e+00 -1.000000000000000000e+00 -1.000000000000000000e+00 -1.000000000000000000e+00 1.308114000000000033e+03 1.214457000000000107e+03 -1.018000000000000016e+00 1.185000000000000053e+00 2.435999999999999943e+00 1.000000000000000000e+00
4.000000000000000000e+00 5.576000000000000000e+03 -1.000000000000000000e+00 -1.000000000000000000e+00 -1.000000000000000000e+00 -1.000000000000000000e+00 -1.000000000000000000e+00 1.301602000000000089e+03 1.216450000000000045e+03 -6.300000000000000044e-01 1.026499999999999968e+00 2.467499999999999805e+00 1.168500000000000094e+00
4.000000000000000000e+00 5.578000000000000000e+03 -1.000000000000000000e+00 -1.000000000000000000e+00 -1.000000000000000000e+00 -1.000000000000000000e+00 -1.000000000000000000e+00 1.331569999999999936e+03 1.222701000000000022e+03 3.270000000000000129e-01 1.578500000000000014e+00 4.855999999999999872e+00 1.936500000000000110e+00
4.000000000000000000e+00 5.579000000000000000e+03 -1.000000000000000000e+00 -1.000000000000000000e+00 -1.000000000000000000e+00 -1.000000000000000000e+00 -1.000000000000000000e+00 1.311130000000000109e+03 1.214996000000000095e+03 -7.860000000000000320e-01 1.185000000000000053e+00 2.435999999999999943e+00 1.000000000000000000e+00
5.000000000000000000e+00 5.576000000000000000e+03 -1.000000000000000000e+00 -1.000000000000000000e+00 -1.000000000000000000e+00 -1.000000000000000000e+00 -1.000000000000000000e+00 1.303663999999999987e+03 1.217220000000000027e+03 -4.279999999999999916e-01 1.026499999999999968e+00 2.467499999999999805e+00 1.168500000000000094e+00
5.000000000000000000e+00 5.578000000000000000e+03 -1.000000000000000000e+00 -1.000000000000000000e+00 -1.000000000000000000e+00 -1.000000000000000000e+00 -1.000000000000000000e+00 1.331587999999999965e+03 1.222686999999999898e+03 5.150000000000000133e-01 1.578500000000000014e+00 4.855999999999999872e+00 1.936500000000000110e+00
5.000000000000000000e+00 5.579000000000000000e+03 -1.000000000000000000e+00 -1.000000000000000000e+00 -1.000000000000000000e+00 -1.000000000000000000e+00 -1.000000000000000000e+00 1.313545000000000073e+03 1.215426999999999907e+03 -5.999999999999999778e-01 1.185000000000000053e+00 2.435999999999999943e+00 1.000000000000000000e+00
6.000000000000000000e+00 5.576000000000000000e+03 -1.000000000000000000e+00 -1.000000000000000000e+00 -1.000000000000000000e+00 -1.000000000000000000e+00 -1.000000000000000000e+00 1.305923000000000002e+03 1.218391000000000076e+03 -1.000000000000000056e-01 1.026499999999999968e+00 2.467499999999999805e+00 1.168500000000000094e+00
6.000000000000000000e+00 5.578000000000000000e+03 -1.000000000000000000e+00 -1.000000000000000000e+00 -1.000000000000000000e+00 -1.000000000000000000e+00 -1.000000000000000000e+00 1.331611000000000104e+03 1.222669000000000096e+03 7.500000000000000000e-01 1.578500000000000014e+00 4.855999999999999872e+00 1.936500000000000110e+00
6.000000000000000000e+00 5.579000000000000000e+03 -1.000000000000000000e+00 -1.000000000000000000e+00 -1.000000000000000000e+00 -1.000000000000000000e+00 -1.000000000000000000e+00 1.316701000000000022e+03 1.215982999999999947e+03 -4.179999999999999827e-01 1.185000000000000053e+00 2.435999999999999943e+00 1.000000000000000000e+00
7.000000000000000000e+00 5.576000000000000000e+03 -1.000000000000000000e+00 -1.000000000000000000e+00 -1.000000000000000000e+00 -1.000000000000000000e+00 -1.000000000000000000e+00 1.307614000000000033e+03 1.219541999999999916e+03 7.900000000000000078e-02 1.026499999999999968e+00 2.467499999999999805e+00 1.168500000000000094e+00
7.000000000000000000e+00 5.578000000000000000e+03 -1.000000000000000000e+00 -1.000000000000000000e+00 -1.000000000000000000e+00 -1.000000000000000000e+00 -1.000000000000000000e+00 1.331634999999999991e+03 1.222651000000000067e+03 9.859999999999999876e-01 1.578500000000000014e+00 4.855999999999999872e+00 1.936500000000000110e+00
7.000000000000000000e+00 5.579000000000000000e+03 -1.000000000000000000e+00 -1.000000000000000000e+00 -1.000000000000000000e+00 -1.000000000000000000e+00 -1.000000000000000000e+00 1.319856999999999971e+03 1.216538999999999987e+03 -2.359999999999999876e-01 1.185000000000000053e+00 2.435999999999999943e+00 1.000000000000000000e+00
8.000000000000000000e+00 5.576000000000000000e+03 -1.000000000000000000e+00 -1.000000000000000000e+00 -1.000000000000000000e+00 -1.000000000000000000e+00 -1.000000000000000000e+00 1.308771999999999935e+03 1.220703999999999951e+03 3.069999999999999951e-01 1.026499999999999968e+00 2.467499999999999805e+00 1.168500000000000094e+00
8.000000000000000000e+00 5.578000000000000000e+03 -1.000000000000000000e+00 -1.000000000000000000e+00 -1.000000000000000000e+00 -1.000000000000000000e+00 -1.000000000000000000e+00 1.331657999999999902e+03 1.222632000000000062e+03 1.221000000000000085e+00 1.578500000000000014e+00 4.855999999999999872e+00 1.936500000000000110e+00
8.000000000000000000e+00 5.579000000000000000e+03 -1.000000000000000000e+00 -1.000000000000000000e+00 -1.000000000000000000e+00 -1.000000000000000000e+00 -1.000000000000000000e+00 1.323009999999999991e+03 1.217094000000000051e+03 -5.299999999999999850e-02 1.185000000000000053e+00 2.435999999999999943e+00 1.000000000000000000e+00
9.000000000000000000e+00 5.576000000000000000e+03 -1.000000000000000000e+00 -1.000000000000000000e+00 -1.000000000000000000e+00 -1.000000000000000000e+00 -1.000000000000000000e+00 1.309636999999999944e+03 1.222007000000000062e+03 4.849999999999999867e-01 1.026499999999999968e+00 2.467499999999999805e+00 1.168500000000000094e+00
9.000000000000000000e+00 5.578000000000000000e+03 -1.000000000000000000e+00 -1.000000000000000000e+00 -1.000000000000000000e+00 -1.000000000000000000e+00 -1.000000000000000000e+00 1.331681000000000040e+03 1.222614000000000033e+03 1.455999999999999961e+00 1.578500000000000014e+00 4.855999999999999872e+00 1.936500000000000110e+00
9.000000000000000000e+00 5.579000000000000000e+03 -1.000000000000000000e+00 -1.000000000000000000e+00 -1.000000000000000000e+00 -1.000000000000000000e+00 -1.000000000000000000e+00 1.326162000000000035e+03 1.217648999999999887e+03 1.290000000000000036e-01 1.185000000000000053e+00 2.435999999999999943e+00 1.000000000000000000e+00
1.000000000000000000e+01 5.576000000000000000e+03 -1.000000000000000000e+00 -1.000000000000000000e+00 -1.000000000000000000e+00 -1.000000000000000000e+00 -1.000000000000000000e+00 1.310172000000000025e+03 1.223301999999999907e+03 6.630000000000000338e-01 1.026499999999999968e+00 2.467499999999999805e+00 1.168500000000000094e+00
1.000000000000000000e+01 5.578000000000000000e+03 -1.000000000000000000e+00 -1.000000000000000000e+00 -1.000000000000000000e+00 -1.000000000000000000e+00 -1.000000000000000000e+00 1.331695999999999913e+03 1.222663000000000011e+03 1.518999999999999906e+00 1.578500000000000014e+00 4.855999999999999872e+00 1.936500000000000110e+00
1.000000000000000000e+01 5.579000000000000000e+03 -1.000000000000000000e+00 -1.000000000000000000e+00 -1.000000000000000000e+00 -1.000000000000000000e+00 -1.000000000000000000e+00 1.329317999999999984e+03 1.218204999999999927e+03 3.109999999999999987e-01 1.185000000000000053e+00 2.435999999999999943e+00 1.000000000000000000e+00
1.100000000000000000e+01 5.576000000000000000e+03 -1.000000000000000000e+00 -1.000000000000000000e+00 -1.000000000000000000e+00 -1.000000000000000000e+00 -1.000000000000000000e+00 1.310638999999999896e+03 1.224544000000000096e+03 6.909999999999999476e-01 1.026499999999999968e+00 2.467499999999999805e+00 1.168500000000000094e+00
1.100000000000000000e+01 5.578000000000000000e+03 -1.000000000000000000e+00 -1.000000000000000000e+00 -1.000000000000000000e+00 -1.000000000000000000e+00 -1.000000000000000000e+00 1.331710000000000036e+03 1.222711999999999989e+03 1.582000000000000073e+00 1.578500000000000014e+00 4.855999999999999872e+00 1.936500000000000110e+00
1.100000000000000000e+01 5.579000000000000000e+03 -1.000000000000000000e+00 -1.000000000000000000e+00 -1.000000000000000000e+00 -1.000000000000000000e+00 -1.000000000000000000e+00 1.332173000000000002e+03 1.219211999999999989e+03 6.440000000000000169e-01 1.185000000000000053e+00 2.435999999999999943e+00 1.000000000000000000e+00
1.200000000000000000e+01 5.576000000000000000e+03 -1.000000000000000000e+00 -1.000000000000000000e+00 -1.000000000000000000e+00 -1.000000000000000000e+00 -1.000000000000000000e+00 1.310866999999999962e+03 1.226147999999999911e+03 8.189999999999999503e-01 1.026499999999999968e+00 2.467499999999999805e+00 1.168500000000000094e+00
1.200000000000000000e+01 5.578000000000000000e+03 -1.000000000000000000e+00 -1.000000000000000000e+00 -1.000000000000000000e+00 -1.000000000000000000e+00 -1.000000000000000000e+00 1.331724999999999909e+03 1.222759999999999991e+03 1.645000000000000018e+00 1.578500000000000014e+00 4.855999999999999872e+00 1.936500000000000110e+00
1.200000000000000000e+01 5.579000000000000000e+03 -1.000000000000000000e+00 -1.000000000000000000e+00 -1.000000000000000000e+00 -1.000000000000000000e+00 -1.000000000000000000e+00 1.355941152245970670e+03 1.220161830510753589e+03 1.152068904210812983e+00 1.185000000000000053e+00 2.435999999999999943e+00 1.000000000000000000e+00
1.300000000000000000e+01 5.576000000000000000e+03 -1.000000000000000000e+00 -1.000000000000000000e+00 -1.000000000000000000e+00 -1.000000000000000000e+00 -1.000000000000000000e+00 1.310884000000000015e+03 1.227865000000000009e+03 8.469999999999999751e-01 1.026499999999999968e+00 2.467499999999999805e+00 1.168500000000000094e+00
1.300000000000000000e+01 5.578000000000000000e+03 -1.000000000000000000e+00 -1.000000000000000000e+00 -1.000000000000000000e+00 -1.000000000000000000e+00 -1.000000000000000000e+00 1.331752999999999929e+03 1.222703999999999951e+03 1.707999999999999963e+00 1.578500000000000014e+00 4.855999999999999872e+00 1.936500000000000110e+00
1.300000000000000000e+01 5.579000000000000000e+03 -1.000000000000000000e+00 -1.000000000000000000e+00 -1.000000000000000000e+00 -1.000000000000000000e+00 -1.000000000000000000e+00 1.352104309769763631e+03 1.220008501383140128e+03 1.070052417092155705e+00 1.185000000000000053e+00 2.435999999999999943e+00 1.000000000000000000e+00
1.400000000000000000e+01 5.576000000000000000e+03 -1.000000000000000000e+00 -1.000000000000000000e+00 -1.000000000000000000e+00 -1.000000000000000000e+00 -1.000000000000000000e+00 1.310634999999999991e+03 1.230075000000000045e+03 1.175000000000000044e+00 1.026499999999999968e+00 2.467499999999999805e+00 1.168500000000000094e+00
1.400000000000000000e+01 5.578000000000000000e+03 -1.000000000000000000e+00 -1.000000000000000000e+00 -1.000000000000000000e+00 -1.000000000000000000e+00 -1.000000000000000000e+00 1.331780999999999949e+03 1.222647999999999911e+03 1.770999999999999908e+00 1.578500000000000014e+00 4.855999999999999872e+00 1.936500000000000110e+00
1.400000000000000000e+01 5.579000000000000000e+03 -1.000000000000000000e+00 -1.000000000000000000e+00 -1.000000000000000000e+00 -1.000000000000000000e+00 -1.000000000000000000e+00 1.348271377674191172e+03 1.219855328523409753e+03 9.881195184150142197e-01 1.185000000000000053e+00 2.435999999999999943e+00 1.000000000000000000e+00
1.500000000000000000e+01 5.576000000000000000e+03 -1.000000000000000000e+00 -1.000000000000000000e+00 -1.000000000000000000e+00 -1.000000000000000000e+00 -1.000000000000000000e+00 1.309945999999999913e+03 1.232717000000000098e+03 1.514999999999999902e+00 1.026499999999999968e+00 2.467499999999999805e+00 1.168500000000000094e+00
1.500000000000000000e+01 5.578000000000000000e+03 -1.000000000000000000e+00 -1.000000000000000000e+00 -1.000000000000000000e+00 -1.000000000000000000e+00 -1.000000000000000000e+00 1.331814000000000078e+03 1.222580999999999904e+03 1.846000000000000085e+00 1.578500000000000014e+00 4.855999999999999872e+00 1.936500000000000110e+00
1.500000000000000000e+01 5.579000000000000000e+03 -1.000000000000000000e+00 -1.000000000000000000e+00 -1.000000000000000000e+00 -1.000000000000000000e+00 -1.000000000000000000e+00 1.343671221230742049e+03 1.219671495598619913e+03 8.897864036135543220e-01 1.185000000000000053e+00 2.435999999999999943e+00 1.000000000000000000e+00
1.600000000000000000e+01 5.576000000000000000e+03 -1.000000000000000000e+00 -1.000000000000000000e+00 -1.000000000000000000e+00 -1.000000000000000000e+00 -1.000000000000000000e+00 1.309142000000000053e+03 1.235380000000000109e+03 1.790000000000000036e+00 1.026499999999999968e+00 2.467499999999999805e+00 1.168500000000000094e+00
1.600000000000000000e+01 5.578000000000000000e+03 -1.000000000000000000e+00 -1.000000000000000000e+00 -1.000000000000000000e+00 -1.000000000000000000e+00 -1.000000000000000000e+00 1.331842000000000098e+03 1.222525000000000091e+03 1.909000000000000030e+00 1.578500000000000014e+00 4.855999999999999872e+00 1.936500000000000110e+00
1.600000000000000000e+01 5.579000000000000000e+03 -1.000000000000000000e+00 -1.000000000000000000e+00 -1.000000000000000000e+00 -1.000000000000000000e+00 -1.000000000000000000e+00 1.339838611166515648e+03 1.219518335608009465e+03 8.078603886904198728e-01 1.185000000000000053e+00 2.435999999999999943e+00 1.000000000000000000e+00
1.700000000000000000e+01 5.576000000000000000e+03 -1.000000000000000000e+00 -1.000000000000000000e+00 -1.000000000000000000e+00 -1.000000000000000000e+00 -1.000000000000000000e+00 1.308045000000000073e+03 1.238221999999999980e+03 2.015000000000000124e+00 1.026499999999999968e+00 2.467499999999999805e+00 1.168500000000000094e+00
1.700000000000000000e+01 5.578000000000000000e+03 -1.000000000000000000e+00 -1.000000000000000000e+00 -1.000000000000000000e+00 -1.000000000000000000e+00 -1.000000000000000000e+00 1.331869999999999891e+03 1.222469000000000051e+03 1.971999999999999975e+00 1.578500000000000014e+00 4.855999999999999872e+00 1.936500000000000110e+00
1.700000000000000000e+01 5.579000000000000000e+03 -1.000000000000000000e+00 -1.000000000000000000e+00 -1.000000000000000000e+00 -1.000000000000000000e+00 -1.000000000000000000e+00 1.336005909093333457e+03 1.219365171940507480e+03 7.259324069804266033e-01 1.185000000000000053e+00 2.435999999999999943e+00 1.000000000000000000e+00
1.800000000000000000e+01 5.576000000000000000e+03 -1.000000000000000000e+00 -1.000000000000000000e+00 -1.000000000000000000e+00 -1.000000000000000000e+00 -1.000000000000000000e+00 1.306775000000000091e+03 1.241288000000000011e+03 2.240000000000000213e+00 1.026499999999999968e+00 2.467499999999999805e+00 1.168500000000000094e+00
1.800000000000000000e+01 5.578000000000000000e+03 -1.000000000000000000e+00 -1.000000000000000000e+00 -1.000000000000000000e+00 -1.000000000000000000e+00 -1.000000000000000000e+00 1.331888999999999896e+03 1.222480000000000018e+03 1.959000000000000075e+00 1.578500000000000014e+00 4.855999999999999872e+00 1.936500000000000110e+00
1.800000000000000000e+01 5.579000000000000000e+03 -1.000000000000000000e+00 -1.000000000000000000e+00 -1.000000000000000000e+00 -1.000000000000000000e+00 -1.000000000000000000e+00 1.359773999999999887e+03 1.220315000000000055e+03 1.233999999999999986e+00 1.185000000000000053e+00 2.435999999999999943e+00 1.000000000000000000e+00
1.900000000000000000e+01 5.576000000000000000e+03 -1.000000000000000000e+00 -1.000000000000000000e+00 -1.000000000000000000e+00 -1.000000000000000000e+00 -1.000000000000000000e+00 1.305409000000000106e+03 1.244573000000000093e+03 2.515000000000000124e+00 1.026499999999999968e+00 2.467499999999999805e+00 1.168500000000000094e+00
1.900000000000000000e+01 5.578000000000000000e+03 -1.000000000000000000e+00 -1.000000000000000000e+00 -1.000000000000000000e+00 -1.000000000000000000e+00 -1.000000000000000000e+00 1.331907999999999902e+03 1.222490999999999985e+03 1.945999999999999952e+00 1.578500000000000014e+00 4.855999999999999872e+00 1.936500000000000110e+00
1.900000000000000000e+01 5.579000000000000000e+03 -1.000000000000000000e+00 -1.000000000000000000e+00 -1.000000000000000000e+00 -1.000000000000000000e+00 -1.000000000000000000e+00 1.363914999999999964e+03 1.219971000000000004e+03 1.266000000000000014e+00 1.185000000000000053e+00 2.435999999999999943e+00 1.000000000000000000e+00
2.000000000000000000e+01 5.576000000000000000e+03 -1.000000000000000000e+00 -1.000000000000000000e+00 -1.000000000000000000e+00 -1.000000000000000000e+00 -1.000000000000000000e+00 1.303962999999999965e+03 1.247866999999999962e+03 2.790000000000000036e+00 1.026499999999999968e+00 2.467499999999999805e+00 1.168500000000000094e+00
2.000000000000000000e+01 5.578000000000000000e+03 -1.000000000000000000e+00 -1.000000000000000000e+00 -1.000000000000000000e+00 -1.000000000000000000e+00 -1.000000000000000000e+00 1.331926999999999907e+03 1.222501999999999953e+03 1.933000000000000052e+00 1.578500000000000014e+00 4.855999999999999872e+00 1.936500000000000110e+00
2.100000000000000000e+01 5.576000000000000000e+03 -1.000000000000000000e+00 -1.000000000000000000e+00 -1.000000000000000000e+00 -1.000000000000000000e+00 -1.000000000000000000e+00 1.302479000000000042e+03 1.251153000000000020e+03 3.113999999999999879e+00 1.026499999999999968e+00 2.467499999999999805e+00 1.168500000000000094e+00
2.100000000000000000e+01 5.578000000000000000e+03 -1.000000000000000000e+00 -1.000000000000000000e+00 -1.000000000000000000e+00 -1.000000000000000000e+00 -1.000000000000000000e+00 1.331945999999999913e+03 1.222512999999999920e+03 1.919999999999999929e+00 1.578500000000000014e+00 4.855999999999999872e+00 1.936500000000000110e+00
2.200000000000000000e+01 5.576000000000000000e+03 -1.000000000000000000e+00 -1.000000000000000000e+00 -1.000000000000000000e+00 -1.000000000000000000e+00 -1.000000000000000000e+00 1.300880000000000109e+03 1.254826999999999998e+03 3.504000000000000004e+00 1.026499999999999968e+00 2.467499999999999805e+00 1.168500000000000094e+00
2.200000000000000000e+01 5.578000000000000000e+03 -1.000000000000000000e+00 -1.000000000000000000e+00 -1.000000000000000000e+00 -1.000000000000000000e+00 -1.000000000000000000e+00 1.331969000000000051e+03 1.222527000000000044e+03 1.903999999999999915e+00 1.578500000000000014e+00 4.855999999999999872e+00 1.936500000000000110e+00
2.300000000000000000e+01 5.576000000000000000e+03 -1.000000000000000000e+00 -1.000000000000000000e+00 -1.000000000000000000e+00 -1.000000000000000000e+00 -1.000000000000000000e+00 1.299557000000000016e+03 1.257891000000000076e+03 3.729000000000000092e+00 1.026499999999999968e+00 2.467499999999999805e+00 1.168500000000000094e+00
2.300000000000000000e+01 5.578000000000000000e+03 -1.000000000000000000e+00 -1.000000000000000000e+00 -1.000000000000000000e+00 -1.000000000000000000e+00 -1.000000000000000000e+00 1.331988000000000056e+03 1.222538000000000011e+03 1.891000000000000014e+00 1.578500000000000014e+00 4.855999999999999872e+00 1.936500000000000110e+00
2.400000000000000000e+01 5.576000000000000000e+03 -1.000000000000000000e+00 -1.000000000000000000e+00 -1.000000000000000000e+00 -1.000000000000000000e+00 -1.000000000000000000e+00 1.298144999999999982e+03 1.261181000000000040e+03 3.754000000000000004e+00 1.026499999999999968e+00 2.467499999999999805e+00 1.168500000000000094e+00
2.400000000000000000e+01 5.578000000000000000e+03 -1.000000000000000000e+00 -1.000000000000000000e+00 -1.000000000000000000e+00 -1.000000000000000000e+00 -1.000000000000000000e+00 1.332007000000000062e+03 1.222548999999999978e+03 1.877999999999999892e+00 1.578500000000000014e+00 4.855999999999999872e+00 1.936500000000000110e+00
2.500000000000000000e+01 5.576000000000000000e+03 -1.000000000000000000e+00 -1.000000000000000000e+00 -1.000000000000000000e+00 -1.000000000000000000e+00 -1.000000000000000000e+00 1.296626999999999953e+03 1.264650000000000091e+03 3.729999999999999982e+00 1.026499999999999968e+00 2.467499999999999805e+00 1.168500000000000094e+00
2.500000000000000000e+01 5.578000000000000000e+03 -1.000000000000000000e+00 -1.000000000000000000e+00 -1.000000000000000000e+00 -1.000000000000000000e+00 -1.000000000000000000e+00 1.332027000000000044e+03 1.222559999999999945e+03 1.864999999999999991e+00 1.578500000000000014e+00 4.855999999999999872e+00 1.936500000000000110e+00
2.600000000000000000e+01 5.576000000000000000e+03 -1.000000000000000000e+00 -1.000000000000000000e+00 -1.000000000000000000e+00 -1.000000000000000000e+00 -1.000000000000000000e+00 1.295134999999999991e+03 1.268057000000000016e+03 3.754999999999999893e+00 1.026499999999999968e+00 2.467499999999999805e+00 1.168500000000000094e+00
2.600000000000000000e+01 5.578000000000000000e+03 -1.000000000000000000e+00 -1.000000000000000000e+00 -1.000000000000000000e+00 -1.000000000000000000e+00 -1.000000000000000000e+00 1.332046000000000049e+03 1.222570999999999913e+03 1.852000000000000091e+00 1.578500000000000014e+00 4.855999999999999872e+00 1.936500000000000110e+00
2.700000000000000000e+01 5.576000000000000000e+03 -1.000000000000000000e+00 -1.000000000000000000e+00 -1.000000000000000000e+00 -1.000000000000000000e+00 -1.000000000000000000e+00 1.293615000000000009e+03 1.271442000000000007e+03 3.680000000000000160e+00 1.026499999999999968e+00 2.467499999999999805e+00 1.168500000000000094e+00
2.700000000000000000e+01 5.578000000000000000e+03 -1.000000000000000000e+00 -1.000000000000000000e+00 -1.000000000000000000e+00 -1.000000000000000000e+00 -1.000000000000000000e+00 1.331950000000000045e+03 1.222686999999999898e+03 1.870000000000000107e+00 1.578500000000000014e+00 4.855999999999999872e+00 1.936500000000000110e+00
2.800000000000000000e+01 5.578000000000000000e+03 -1.000000000000000000e+00 -1.000000000000000000e+00 -1.000000000000000000e+00 -1.000000000000000000e+00 -1.000000000000000000e+00 1.331853000000000065e+03 1.222801999999999907e+03 1.887999999999999901e+00 1.578500000000000014e+00 4.855999999999999872e+00 1.936500000000000110e+00
2.900000000000000000e+01 5.578000000000000000e+03 -1.000000000000000000e+00 -1.000000000000000000e+00 -1.000000000000000000e+00 -1.000000000000000000e+00 -1.000000000000000000e+00 1.331757000000000062e+03 1.222917999999999893e+03 1.905999999999999917e+00 1.578500000000000014e+00 4.855999999999999872e+00 1.936500000000000110e+00
3.000000000000000000e+01 5.578000000000000000e+03 -1.000000000000000000e+00 -1.000000000000000000e+00 -1.000000000000000000e+00 -1.000000000000000000e+00 -1.000000000000000000e+00 1.331874000000000024e+03 1.222763999999999896e+03 1.925000000000000044e+00 1.578500000000000014e+00 4.855999999999999872e+00 1.936500000000000110e+00
3.100000000000000000e+01 5.578000000000000000e+03 -1.000000000000000000e+00 -1.000000000000000000e+00 -1.000000000000000000e+00 -1.000000000000000000e+00 -1.000000000000000000e+00 1.331968000000000075e+03 1.222641000000000076e+03 1.939000000000000057e+00 1.578500000000000014e+00 4.855999999999999872e+00 1.936500000000000110e+00
3.200000000000000000e+01 5.578000000000000000e+03 -1.000000000000000000e+00 -1.000000000000000000e+00 -1.000000000000000000e+00 -1.000000000000000000e+00 -1.000000000000000000e+00 1.331951000000000022e+03 1.222654999999999973e+03 1.895999999999999908e+00 1.578500000000000014e+00 4.855999999999999872e+00 1.936500000000000110e+00
3.300000000000000000e+01 5.578000000000000000e+03 -1.000000000000000000e+00 -1.000000000000000000e+00 -1.000000000000000000e+00 -1.000000000000000000e+00 -1.000000000000000000e+00 1.331934999999999945e+03 1.222670000000000073e+03 1.852999999999999980e+00 1.578500000000000014e+00 4.855999999999999872e+00 1.936500000000000110e+00
3.400000000000000000e+01 5.578000000000000000e+03 -1.000000000000000000e+00 -1.000000000000000000e+00 -1.000000000000000000e+00 -1.000000000000000000e+00 -1.000000000000000000e+00 1.331919000000000096e+03 1.222683999999999969e+03 1.810000000000000053e+00 1.578500000000000014e+00 4.855999999999999872e+00 1.936500000000000110e+00
3.500000000000000000e+01 5.578000000000000000e+03 -1.000000000000000000e+00 -1.000000000000000000e+00 -1.000000000000000000e+00 -1.000000000000000000e+00 -1.000000000000000000e+00 1.331902000000000044e+03 1.222698000000000093e+03 1.766999999999999904e+00 1.578500000000000014e+00 4.855999999999999872e+00 1.936500000000000110e+00
3.600000000000000000e+01 5.578000000000000000e+03 -1.000000000000000000e+00 -1.000000000000000000e+00 -1.000000000000000000e+00 -1.000000000000000000e+00 -1.000000000000000000e+00 1.331885999999999967e+03 1.222712999999999965e+03 1.723999999999999977e+00 1.578500000000000014e+00 4.855999999999999872e+00 1.936500000000000110e+00
3.700000000000000000e+01 5.578000000000000000e+03 -1.000000000000000000e+00 -1.000000000000000000e+00 -1.000000000000000000e+00 -1.000000000000000000e+00 -1.000000000000000000e+00 1.331968000000000075e+03 1.222798000000000002e+03 1.709999999999999964e+00 1.578500000000000014e+00 4.855999999999999872e+00 1.936500000000000110e+00
3.800000000000000000e+01 5.578000000000000000e+03 -1.000000000000000000e+00 -1.000000000000000000e+00 -1.000000000000000000e+00 -1.000000000000000000e+00 -1.000000000000000000e+00 1.332047000000000025e+03 1.222884999999999991e+03 1.697000000000000064e+00 1.578500000000000014e+00 4.855999999999999872e+00 1.936500000000000110e+00
3.900000000000000000e+01 5.578000000000000000e+03 -1.000000000000000000e+00 -1.000000000000000000e+00 -1.000000000000000000e+00 -1.000000000000000000e+00 -1.000000000000000000e+00 1.332125999999999976e+03 1.222972999999999956e+03 1.683999999999999941e+00 1.578500000000000014e+00 4.855999999999999872e+00 1.936500000000000110e+00
4.000000000000000000e+01 5.578000000000000000e+03 -1.000000000000000000e+00 -1.000000000000000000e+00 -1.000000000000000000e+00 -1.000000000000000000e+00 -1.000000000000000000e+00 1.332190000000000055e+03 1.223042999999999893e+03 1.673999999999999932e+00 1.578500000000000014e+00 4.855999999999999872e+00 1.936500000000000110e+00
4.100000000000000000e+01 5.578000000000000000e+03 -1.000000000000000000e+00 -1.000000000000000000e+00 -1.000000000000000000e+00 -1.000000000000000000e+00 -1.000000000000000000e+00 1.332269000000000005e+03 1.223130000000000109e+03 1.661000000000000032e+00 1.578500000000000014e+00 4.855999999999999872e+00 1.936500000000000110e+00
