2.000000000000000000e+01 1.793000000000000000e+03 -1.000000000000000000e+00 -1.000000000000000000e+00 -1.000000000000000000e+00 -1.000000000000000000e+00 -1.000000000000000000e+00 5.900860000000000127e+02 1.188164999999999964e+03 1.256000000000000005e+00 4.749999999999999778e-01 1.022999999999999909e+00 7.325000000000000400e-01
2.100000000000000000e+01 1.793000000000000000e+03 -1.000000000000000000e+00 -1.000000000000000000e+00 -1.000000000000000000e+00 -1.000000000000000000e+00 -1.000000000000000000e+00 5.900869999999999891e+02 1.188172000000000025e+03 1.199999999999999956e+00 4.749999999999999778e-01 1.022999999999999909e+00 7.325000000000000400e-01
2.200000000000000000e+01 1.793000000000000000e+03 -1.000000000000000000e+00 -1.000000000000000000e+00 -1.000000000000000000e+00 -1.000000000000000000e+00 -1.000000000000000000e+00 5.900570000000000164e+02 1.188121000000000095e+03 1.129999999999999893e+00 4.749999999999999778e-01 1.022999999999999909e+00 7.325000000000000400e-01
2.300000000000000000e+01 1.793000000000000000e+03 -1.000000000000000000e+00 -1.000000000000000000e+00 -1.000000000000000000e+00 -1.000000000000000000e+00 -1.000000000000000000e+00 5.901230000000000473e+02 1.188086999999999989e+03 1.082999999999999963e+00 4.749999999999999778e-01 1.022999999999999909e+00 7.325000000000000400e-01
2.400000000000000000e+01 1.793000000000000000e+03 -1.000000000000000000e+00 -1.000000000000000000e+00 -1.000000000000000000e+00 -1.000000000000000000e+00 -1.000000000000000000e+00 5.900710000000000264e+02 1.188087999999999965e+03 1.062000000000000055e+00 4.749999999999999778e-01 1.022999999999999909e+00 7.325000000000000400e-01
2.500000000000000000e+01 1.793000000000000000e+03 -1.000000000000000000e+00 -1.000000000000000000e+00 -1.000000000000000000e+00 -1.000000000000000000e+00 -1.000000000000000000e+00 5.900199999999999818e+02 1.188088999999999942e+03 1.040000000000000036e+00 4.749999999999999778e-01 1.022999999999999909e+00 7.325000000000000400e-01
2.600000000000000000e+01 1.793000000000000000e+03 -1.000000000000000000e+00 -1.000000000000000000e+00 -1.000000000000000000e+00 -1.000000000000000000e+00 -1.000000000000000000e+00 5.899650000000000318e+02 1.188163000000000011e+03 1.014999999999999902e+00 4.749999999999999778e-01 1.022999999999999909e+00 7.325000000000000400e-01
2.700000000000000000e+01 1.793000000000000000e+03 -1.000000000000000000e+00 -1.000000000000000000e+00 -1.000000000000000000e+00 -1.000000000000000000e+00 -1.000000000000000000e+00 5.899099999999999682e+02 1.188238000000000056e+03 9.899999999999999911e-01 4.749999999999999778e-01 1.022999999999999909e+00 7.325000000000000400e-01
2.800000000000000000e+01 1.793000000000000000e+03 -1.000000000000000000e+00 -1.000000000000000000e+00 -1.000000000000000000e+00 -1.000000000000000000e+00 -1.000000000000000000e+00 5.898440000000000509e+02 1.188326999999999998e+03 9.599999999999999645e-01 4.749999999999999778e-01 1.022999999999999909e+00 7.325000000000000400e-01
2.900000000000000000e+01 1.793000000000000000e+03 -1.000000000000000000e+00 -1.000000000000000000e+00 -1.000000000000000000e+00 -1.000000000000000000e+00 -1.000000000000000000e+00 5.898559999999999945e+02 1.188259999999999991e+03 9.899999999999999911e-01 4.749999999999999778e-01 1.022999999999999909e+00 7.325000000000000400e-01
3.000000000000000000e+01 1.793000000000000000e+03 -1.000000000000000000e+00 -1.000000000000000000e+00 -1.000000000000000000e+00 -1.000000000000000000e+00 -1.000000000000000000e+00 5.898680000000000518e+02 1.188192000000000007e+03 1.020000000000000018e+00 4.749999999999999778e-01 1.022999999999999909e+00 7.325000000000000400e-01
3.100000000000000000e+01 1.793000000000000000e+03 -1.000000000000000000e+00 -1.000000000000000000e+00 -1.000000000000000000e+00 -1.000000000000000000e+00 -1.000000000000000000e+00 5.898790000000000191e+02 1.188124000000000024e+03 1.050000000000000044e+00 4.749999999999999778e-01 1.022999999999999909e+00 7.325000000000000400e-01
3.200000000000000000e+01 1.793000000000000000e+03 -1.000000000000000000e+00 -1.000000000000000000e+00 -1.000000000000000000e+00 -1.000000000000000000e+00 -1.000000000000000000e+00 5.898909999999999627e+02 1.188057000000000016e+03 1.080000000000000071e+00 4.749999999999999778e-01 1.022999999999999909e+00 7.325000000000000400e-01
3.300000000000000000e+01 1.793000000000000000e+03 -1.000000000000000000e+00 -1.000000000000000000e+00 -1.000000000000000000e+00 -1.000000000000000000e+00 -1.000000000000000000e+00 5.898429999999999609e+02 1.188146999999999935e+03 1.090000000000000080e+00 4.749999999999999778e-01 1.022999999999999909e+00 7.325000000000000400e-01
3.400000000000000000e+01 1.793000000000000000e+03 -1.000000000000000000e+00 -1.000000000000000000e+00 -1.000000000000000000e+00 -1.000000000000000000e+00 -1.000000000000000000e+00 5.897830000000000155e+02 1.188259999999999991e+03 1.102999999999999980e+00 4.749999999999999778e-01 1.022999999999999909e+00 7.325000000000000400e-01
3.500000000000000000e+01 1.793000000000000000e+03 -1.000000000000000000e+00 -1.000000000000000000e+00 -1.000000000000000000e+00 -1.000000000000000000e+00 -1.000000000000000000e+00 5.897490000000000236e+02 1.188282999999999902e+03 1.084000000000000075e+00 4.749999999999999778e-01 1.022999999999999909e+00 7.325000000000000400e-01
3.600000000000000000e+01 1.793000000000000000e+03 -1.000000000000000000e+00 -1.000000000000000000e+00 -1.000000000000000000e+00 -1.000000000000000000e+00 -1.000000000000000000e+00 5.897390000000000327e+02 1.188278999999999996e+03 1.131999999999999895e+00 4.749999999999999778e-01 1.022999999999999909e+00 7.325000000000000400e-01
