1.000000000000000000e+01 2.981000000000000000e+03 -1.000000000000000000e+00 -1.000000000000000000e+00 -1.000000000000000000e+00 -1.000000000000000000e+00 -1.000000000000000000e+00 1.778964999999999918e+03 1.176263999999999896e+03 2.713000000000000078e+00 1.435000000000000053e+00 7.443999999999999950e+00 2.135499999999999954e+00
1.100000000000000000e+01 2.981000000000000000e+03 -1.000000000000000000e+00 -1.000000000000000000e+00 -1.000000000000000000e+00 -1.000000000000000000e+00 -1.000000000000000000e+00 1.779055000000000064e+03 1.176347999999999956e+03 2.725000000000000089e+00 1.435000000000000053e+00 7.443999999999999950e+00 2.135499999999999954e+00
1.100000000000000000e+01 2.983000000000000000e+03 -1.000000000000000000e+00 -1.000000000000000000e+00 -1.000000000000000000e+00 -1.000000000000000000e+00 -1.000000000000000000e+00 1.782953999999999951e+03 1.176127999999999929e+03 2.466000000000000192e+00 1.284499999999999975e+00 7.378999999999999559e+00 2.041500000000000092e+00
1.200000000000000000e+01 2.981000000000000000e+03 -1.000000000000000000e+00 -1.000000000000000000e+00 -1.000000000000000000e+00 -1.000000000000000000e+00 -1.000000000000000000e+00 1.779145999999999958e+03 1.176432000000000016e+03 2.737999999999999989e+00 1.435000000000000053e+00 7.443999999999999950e+00 2.135499999999999954e+00
1.200000000000000000e+01 2.983000000000000000e+03 -1.000000000000000000e+00 -1.000000000000000000e+00 -1.000000000000000000e+00 -1.000000000000000000e+00 -1.000000000000000000e+00 1.782945999999999913e+03 1.176118999999999915e+03 2.474000000000000199e+00 1.284499999999999975e+00 7.378999999999999559e+00 2.041500000000000092e+00
1.300000000000000000e+01 2.981000000000000000e+03 -1.000000000000000000e+00 -1.000000000000000000e+00 -1.000000000000000000e+00 -1.000000000000000000e+00 -1.000000000000000000e+00 1.779170000000000073e+03 1.176443999999999960e+03 2.644000000000000128e+00 1.435000000000000053e+00 7.443999999999999950e+00 2.135499999999999954e+00
1.300000000000000000e+01 2.985000000000000000e+03 -1.000000000000000000e+00 -1.000000000000000000e+00 -1.000000000000000000e+00 -1.000000000000000000e+00 -1.000000000000000000e+00 1.785513999999999896e+03 1.174508000000000038e+03 2.398000000000000131e+00 1.416500000000000092e+00 7.214500000000000135e+00 2.121999999999999886e+00
1.300000000000000000e+01 2.983000000000000000e+03 -1.000000000000000000e+00 -1.000000000000000000e+00 -1.000000000000000000e+00 -1.000000000000000000e+00 -1.000000000000000000e+00 1.783000000000000000e+03 1.176178000000000111e+03 2.464999999999999858e+00 1.284499999999999975e+00 7.378999999999999559e+00 2.041500000000000092e+00
1.400000000000000000e+01 2.986000000000000000e+03 -1.000000000000000000e+00 -1.000000000000000000e+00 -1.000000000000000000e+00 -1.000000000000000000e+00 -1.000000000000000000e+00 1.787932999999999993e+03 1.172665999999999940e+03 2.476999999999999869e+00 1.438499999999999890e+00 7.519000000000000128e+00 1.973500000000000032e+00
1.400000000000000000e+01 2.981000000000000000e+03 -1.000000000000000000e+00 -1.000000000000000000e+00 -1.000000000000000000e+00 -1.000000000000000000e+00 -1.000000000000000000e+00 1.779193999999999960e+03 1.176454999999999927e+03 2.548999999999999932e+00 1.435000000000000053e+00 7.443999999999999950e+00 2.135499999999999954e+00
1.400000000000000000e+01 2.985000000000000000e+03 -1.000000000000000000e+00 -1.000000000000000000e+00 -1.000000000000000000e+00 -1.000000000000000000e+00 -1.000000000000000000e+00 1.785513999999999896e+03 1.174509000000000015e+03 2.384999999999999787e+00 1.416500000000000092e+00 7.214500000000000135e+00 2.121999999999999886e+00
1.400000000000000000e+01 2.983000000000000000e+03 -1.000000000000000000e+00 -1.000000000000000000e+00 -1.000000000000000000e+00 -1.000000000000000000e+00 -1.000000000000000000e+00 1.783054000000000087e+03 1.176237000000000080e+03 2.455999999999999961e+00 1.284499999999999975e+00 7.378999999999999559e+00 2.041500000000000092e+00
1.500000000000000000e+01 2.986000000000000000e+03 -1.000000000000000000e+00 -1.000000000000000000e+00 -1.000000000000000000e+00 -1.000000000000000000e+00 -1.000000000000000000e+00 1.787930000000000064e+03 1.172663000000000011e+03 2.470000000000000195e+00 1.438499999999999890e+00 7.519000000000000128e+00 1.973500000000000032e+00
1.500000000000000000e+01 2.981000000000000000e+03 -1.000000000000000000e+00 -1.000000000000000000e+00 -1.000000000000000000e+00 -1.000000000000000000e+00 -1.000000000000000000e+00 1.779219000000000051e+03 1.176467000000000098e+03 2.455000000000000071e+00 1.435000000000000053e+00 7.443999999999999950e+00 2.135499999999999954e+00
1.500000000000000000e+01 2.985000000000000000e+03 -1.000000000000000000e+00 -1.000000000000000000e+00 -1.000000000000000000e+00 -1.000000000000000000e+00 -1.000000000000000000e+00 1.785515000000000100e+03 1.174509999999999991e+03 2.370999999999999996e+00 1.416500000000000092e+00 7.214500000000000135e+00 2.121999999999999886e+00
1.500000000000000000e+01 2.988000000000000000e+03 -1.000000000000000000e+00 -1.000000000000000000e+00 -1.000000000000000000e+00 -1.000000000000000000e+00 -1.000000000000000000e+00 1.790092000000000098e+03 1.170258000000000038e+03 2.704000000000000181e+00 1.423000000000000043e+00 7.414500000000000313e+00 2.029999999999999805e+00
1.500000000000000000e+01 2.983000000000000000e+03 -1.000000000000000000e+00 -1.000000000000000000e+00 -1.000000000000000000e+00 -1.000000000000000000e+00 -1.000000000000000000e+00 1.783107999999999947e+03 1.176296000000000049e+03 2.447000000000000064e+00 1.284499999999999975e+00 7.378999999999999559e+00 2.041500000000000092e+00
1.600000000000000000e+01 2.986000000000000000e+03 -1.000000000000000000e+00 -1.000000000000000000e+00 -1.000000000000000000e+00 -1.000000000000000000e+00 -1.000000000000000000e+00 1.787928000000000111e+03 1.172661000000000058e+03 2.463999999999999968e+00 1.438499999999999890e+00 7.519000000000000128e+00 1.973500000000000032e+00
1.600000000000000000e+01 2.981000000000000000e+03 -1.000000000000000000e+00 -1.000000000000000000e+00 -1.000000000000000000e+00 -1.000000000000000000e+00 -1.000000000000000000e+00 1.779242999999999938e+03 1.176479000000000042e+03 2.361000000000000210e+00 1.435000000000000053e+00 7.443999999999999950e+00 2.135499999999999954e+00
1.600000000000000000e+01 2.985000000000000000e+03 -1.000000000000000000e+00 -1.000000000000000000e+00 -1.000000000000000000e+00 -1.000000000000000000e+00 -1.000000000000000000e+00 1.785516000000000076e+03 1.174510999999999967e+03 2.358000000000000096e+00 1.416500000000000092e+00 7.214500000000000135e+00 2.121999999999999886e+00
1.600000000000000000e+01 2.988000000000000000e+03 -1.000000000000000000e+00 -1.000000000000000000e+00 -1.000000000000000000e+00 -1.000000000000000000e+00 -1.000000000000000000e+00 1.790130000000000109e+03 1.170298000000000002e+03 2.698999999999999844e+00 1.423000000000000043e+00 7.414500000000000313e+00 2.029999999999999805e+00
1.600000000000000000e+01 2.983000000000000000e+03 -1.000000000000000000e+00 -1.000000000000000000e+00 -1.000000000000000000e+00 -1.000000000000000000e+00 -1.000000000000000000e+00 1.783162000000000035e+03 1.176355000000000018e+03 2.438000000000000167e+00 1.284499999999999975e+00 7.378999999999999559e+00 2.041500000000000092e+00
1.700000000000000000e+01 2.986000000000000000e+03 -1.000000000000000000e+00 -1.000000000000000000e+00 -1.000000000000000000e+00 -1.000000000000000000e+00 -1.000000000000000000e+00 1.787925999999999931e+03 1.172657999999999902e+03 2.456999999999999851e+00 1.438499999999999890e+00 7.519000000000000128e+00 1.973500000000000032e+00
1.700000000000000000e+01 2.981000000000000000e+03 -1.000000000000000000e+00 -1.000000000000000000e+00 -1.000000000000000000e+00 -1.000000000000000000e+00 -1.000000000000000000e+00 1.779267000000000053e+03 1.176490000000000009e+03 2.350000000000000089e+00 1.435000000000000053e+00 7.443999999999999950e+00 2.135499999999999954e+00
1.700000000000000000e+01 2.989000000000000000e+03 -1.000000000000000000e+00 -1.000000000000000000e+00 -1.000000000000000000e+00 -1.000000000000000000e+00 -1.000000000000000000e+00 1.792108999999999924e+03 1.167580999999999904e+03 2.335999999999999854e+00 1.388500000000000068e+00 8.182999999999999829e+00 2.040000000000000036e+00
1.700000000000000000e+01 2.985000000000000000e+03 -1.000000000000000000e+00 -1.000000000000000000e+00 -1.000000000000000000e+00 -1.000000000000000000e+00 -1.000000000000000000e+00 1.785517000000000053e+03 1.174511999999999944e+03 2.345000000000000195e+00 1.416500000000000092e+00 7.214500000000000135e+00 2.121999999999999886e+00
1.700000000000000000e+01 2.988000000000000000e+03 -1.000000000000000000e+00 -1.000000000000000000e+00 -1.000000000000000000e+00 -1.000000000000000000e+00 -1.000000000000000000e+00 1.790167999999999893e+03 1.170337999999999965e+03 2.693999999999999950e+00 1.423000000000000043e+00 7.414500000000000313e+00 2.029999999999999805e+00
1.700000000000000000e+01 2.983000000000000000e+03 -1.000000000000000000e+00 -1.000000000000000000e+00 -1.000000000000000000e+00 -1.000000000000000000e+00 -1.000000000000000000e+00 1.783171000000000049e+03 1.176365000000000009e+03 2.431999999999999940e+00 1.284499999999999975e+00 7.378999999999999559e+00 2.041500000000000092e+00
1.800000000000000000e+01 2.986000000000000000e+03 -1.000000000000000000e+00 -1.000000000000000000e+00 -1.000000000000000000e+00 -1.000000000000000000e+00 -1.000000000000000000e+00 1.787923000000000002e+03 1.172654999999999973e+03 2.450000000000000178e+00 1.438499999999999890e+00 7.519000000000000128e+00 1.973500000000000032e+00
1.800000000000000000e+01 2.981000000000000000e+03 -1.000000000000000000e+00 -1.000000000000000000e+00 -1.000000000000000000e+00 -1.000000000000000000e+00 -1.000000000000000000e+00 1.779290999999999940e+03 1.176501999999999953e+03 2.338000000000000078e+00 1.435000000000000053e+00 7.443999999999999950e+00 2.135499999999999954e+00
1.800000000000000000e+01 2.989000000000000000e+03 -1.000000000000000000e+00 -1.000000000000000000e+00 -1.000000000000000000e+00 -1.000000000000000000e+00 -1.000000000000000000e+00 1.792111000000000104e+03 1.167578999999999951e+03 2.330000000000000071e+00 1.388500000000000068e+00 8.182999999999999829e+00 2.040000000000000036e+00
1.800000000000000000e+01 2.985000000000000000e+03 -1.000000000000000000e+00 -1.000000000000000000e+00 -1.000000000000000000e+00 -1.000000000000000000e+00 -1.000000000000000000e+00 1.785517000000000053e+03 1.174512999999999920e+03 2.331999999999999851e+00 1.416500000000000092e+00 7.214500000000000135e+00 2.121999999999999886e+00
1.800000000000000000e+01 2.988000000000000000e+03 -1.000000000000000000e+00 -1.000000000000000000e+00 -1.000000000000000000e+00 -1.000000000000000000e+00 -1.000000000000000000e+00 1.790204999999999927e+03 1.170376999999999953e+03 2.689000000000000057e+00 1.423000000000000043e+00 7.414500000000000313e+00 2.029999999999999805e+00
1.800000000000000000e+01 2.983000000000000000e+03 -1.000000000000000000e+00 -1.000000000000000000e+00 -1.000000000000000000e+00 -1.000000000000000000e+00 -1.000000000000000000e+00 1.783181000000000040e+03 1.176375999999999976e+03 2.427000000000000046e+00 1.284499999999999975e+00 7.378999999999999559e+00 2.041500000000000092e+00
1.800000000000000000e+01 2.990000000000000000e+03 -1.000000000000000000e+00 -1.000000000000000000e+00 -1.000000000000000000e+00 -1.000000000000000000e+00 -1.000000000000000000e+00 1.811090999999999894e+03 1.178968000000000075e+03 2.269000000000000128e+00 1.102500000000000036e+00 1.743999999999999995e+00 1.894500000000000073e+00
1.900000000000000000e+01 2.986000000000000000e+03 -1.000000000000000000e+00 -1.000000000000000000e+00 -1.000000000000000000e+00 -1.000000000000000000e+00 -1.000000000000000000e+00 1.787921000000000049e+03 1.172653000000000020e+03 2.443000000000000060e+00 1.438499999999999890e+00 7.519000000000000128e+00 1.973500000000000032e+00
1.900000000000000000e+01 2.981000000000000000e+03 -1.000000000000000000e+00 -1.000000000000000000e+00 -1.000000000000000000e+00 -1.000000000000000000e+00 -1.000000000000000000e+00 1.779316000000000031e+03 1.176513999999999896e+03 2.326000000000000068e+00 1.435000000000000053e+00 7.443999999999999950e+00 2.135499999999999954e+00
1.900000000000000000e+01 2.989000000000000000e+03 -1.000000000000000000e+00 -1.000000000000000000e+00 -1.000000000000000000e+00 -1.000000000000000000e+00 -1.000000000000000000e+00 1.792113000000000056e+03 1.167576999999999998e+03 2.323999999999999844e+00 1.388500000000000068e+00 8.182999999999999829e+00 2.040000000000000036e+00
1.900000000000000000e+01 2.985000000000000000e+03 -1.000000000000000000e+00 -1.000000000000000000e+00 -1.000000000000000000e+00 -1.000000000000000000e+00 -1.000000000000000000e+00 1.785518000000000029e+03 1.174512999999999920e+03 2.318999999999999950e+00 1.416500000000000092e+00 7.214500000000000135e+00 2.121999999999999886e+00
1.900000000000000000e+01 2.988000000000000000e+03 -1.000000000000000000e+00 -1.000000000000000000e+00 -1.000000000000000000e+00 -1.000000000000000000e+00 -1.000000000000000000e+00 1.790242999999999938e+03 1.170416999999999916e+03 2.684000000000000163e+00 1.423000000000000043e+00 7.414500000000000313e+00 2.029999999999999805e+00
1.900000000000000000e+01 2.991000000000000000e+03 -1.000000000000000000e+00 -1.000000000000000000e+00 -1.000000000000000000e+00 -1.000000000000000000e+00 -1.000000000000000000e+00 1.793921000000000049e+03 1.164690000000000055e+03 2.140000000000000124e+00 1.476499999999999924e+00 8.151999999999999247e+00 2.058499999999999996e+00
1.900000000000000000e+01 2.983000000000000000e+03 -1.000000000000000000e+00 -1.000000000000000000e+00 -1.000000000000000000e+00 -1.000000000000000000e+00 -1.000000000000000000e+00 1.783191000000000031e+03 1.176386999999999944e+03 2.422000000000000153e+00 1.284499999999999975e+00 7.378999999999999559e+00 2.041500000000000092e+00
1.900000000000000000e+01 2.990000000000000000e+03 -1.000000000000000000e+00 -1.000000000000000000e+00 -1.000000000000000000e+00 -1.000000000000000000e+00 -1.000000000000000000e+00 1.811089999999999918e+03 1.178970000000000027e+03 2.250000000000000000e+00 1.102500000000000036e+00 1.743999999999999995e+00 1.894500000000000073e+00
2.000000000000000000e+01 2.986000000000000000e+03 -1.000000000000000000e+00 -1.000000000000000000e+00 -1.000000000000000000e+00 -1.000000000000000000e+00 -1.000000000000000000e+00 1.787917999999999893e+03 1.172650000000000091e+03 2.434000000000000163e+00 1.438499999999999890e+00 7.519000000000000128e+00 1.973500000000000032e+00
2.000000000000000000e+01 2.981000000000000000e+03 -1.000000000000000000e+00 -1.000000000000000000e+00 -1.000000000000000000e+00 -1.000000000000000000e+00 -1.000000000000000000e+00 1.779345000000000027e+03 1.176528000000000020e+03 2.311999999999999833e+00 1.435000000000000053e+00 7.443999999999999950e+00 2.135499999999999954e+00
2.000000000000000000e+01 2.989000000000000000e+03 -1.000000000000000000e+00 -1.000000000000000000e+00 -1.000000000000000000e+00 -1.000000000000000000e+00 -1.000000000000000000e+00 1.792115999999999985e+03 1.167574000000000069e+03 2.317000000000000171e+00 1.388500000000000068e+00 8.182999999999999829e+00 2.040000000000000036e+00
2.000000000000000000e+01 2.985000000000000000e+03 -1.000000000000000000e+00 -1.000000000000000000e+00 -1.000000000000000000e+00 -1.000000000000000000e+00 -1.000000000000000000e+00 1.785519000000000005e+03 1.174513999999999896e+03 2.302999999999999936e+00 1.416500000000000092e+00 7.214500000000000135e+00 2.121999999999999886e+00
2.000000000000000000e+01 2.988000000000000000e+03 -1.000000000000000000e+00 -1.000000000000000000e+00 -1.000000000000000000e+00 -1.000000000000000000e+00 -1.000000000000000000e+00 1.790288000000000011e+03 1.170464999999999918e+03 2.677999999999999936e+00 1.423000000000000043e+00 7.414500000000000313e+00 2.029999999999999805e+00
2.000000000000000000e+01 2.983000000000000000e+03 -1.000000000000000000e+00 -1.000000000000000000e+00 -1.000000000000000000e+00 -1.000000000000000000e+00 -1.000000000000000000e+00 1.783201999999999998e+03 1.176398999999999887e+03 2.415000000000000036e+00 1.284499999999999975e+00 7.378999999999999559e+00 2.041500000000000092e+00
2.000000000000000000e+01 2.990000000000000000e+03 -1.000000000000000000e+00 -1.000000000000000000e+00 -1.000000000000000000e+00 -1.000000000000000000e+00 -1.000000000000000000e+00 1.811087999999999965e+03 1.178971999999999980e+03 2.226999999999999869e+00 1.102500000000000036e+00 1.743999999999999995e+00 1.894500000000000073e+00
2.000000000000000000e+01 2.991000000000000000e+03 -1.000000000000000000e+00 -1.000000000000000000e+00 -1.000000000000000000e+00 -1.000000000000000000e+00 -1.000000000000000000e+00 1.793921000000000049e+03 1.164690000000000055e+03 2.140000000000000124e+00 1.476499999999999924e+00 8.151999999999999247e+00 2.058499999999999996e+00
2.100000000000000000e+01 2.986000000000000000e+03 -1.000000000000000000e+00 -1.000000000000000000e+00 -1.000000000000000000e+00 -1.000000000000000000e+00 -1.000000000000000000e+00 1.787915999999999940e+03 1.172646999999999935e+03 2.427999999999999936e+00 1.438499999999999890e+00 7.519000000000000128e+00 1.973500000000000032e+00
2.100000000000000000e+01 2.992000000000000000e+03 -1.000000000000000000e+00 -1.000000000000000000e+00 -1.000000000000000000e+00 -1.000000000000000000e+00 -1.000000000000000000e+00 1.795942999999999984e+03 1.162268000000000029e+03 2.201000000000000068e+00 1.375499999999999945e+00 8.067999999999999616e+00 1.957000000000000073e+00
2.100000000000000000e+01 2.981000000000000000e+03 -1.000000000000000000e+00 -1.000000000000000000e+00 -1.000000000000000000e+00 -1.000000000000000000e+00 -1.000000000000000000e+00 1.779368999999999915e+03 1.176538999999999987e+03 2.299999999999999822e+00 1.435000000000000053e+00 7.443999999999999950e+00 2.135499999999999954e+00
2.100000000000000000e+01 2.989000000000000000e+03 -1.000000000000000000e+00 -1.000000000000000000e+00 -1.000000000000000000e+00 -1.000000000000000000e+00 -1.000000000000000000e+00 1.792118999999999915e+03 1.167571999999999889e+03 2.311999999999999833e+00 1.388500000000000068e+00 8.182999999999999829e+00 2.040000000000000036e+00
2.100000000000000000e+01 2.985000000000000000e+03 -1.000000000000000000e+00 -1.000000000000000000e+00 -1.000000000000000000e+00 -1.000000000000000000e+00 -1.000000000000000000e+00 1.785519999999999982e+03 1.174515000000000100e+03 2.290000000000000036e+00 1.416500000000000092e+00 7.214500000000000135e+00 2.121999999999999886e+00
2.100000000000000000e+01 2.988000000000000000e+03 -1.000000000000000000e+00 -1.000000000000000000e+00 -1.000000000000000000e+00 -1.000000000000000000e+00 -1.000000000000000000e+00 1.790326000000000022e+03 1.170505000000000109e+03 2.625999999999999890e+00 1.423000000000000043e+00 7.414500000000000313e+00 2.029999999999999805e+00
2.100000000000000000e+01 2.983000000000000000e+03 -1.000000000000000000e+00 -1.000000000000000000e+00 -1.000000000000000000e+00 -1.000000000000000000e+00 -1.000000000000000000e+00 1.783211999999999989e+03 1.176410000000000082e+03 2.410000000000000142e+00 1.284499999999999975e+00 7.378999999999999559e+00 2.041500000000000092e+00
2.100000000000000000e+01 2.990000000000000000e+03 -1.000000000000000000e+00 -1.000000000000000000e+00 -1.000000000000000000e+00 -1.000000000000000000e+00 -1.000000000000000000e+00 1.811086999999999989e+03 1.178973999999999933e+03 2.208000000000000185e+00 1.102500000000000036e+00 1.743999999999999995e+00 1.894500000000000073e+00
2.100000000000000000e+01 2.991000000000000000e+03 -1.000000000000000000e+00 -1.000000000000000000e+00 -1.000000000000000000e+00 -1.000000000000000000e+00 -1.000000000000000000e+00 1.793921000000000049e+03 1.164690000000000055e+03 2.140000000000000124e+00 1.476499999999999702e+00 8.151999999999999247e+00 2.058499999999999996e+00
2.200000000000000000e+01 2.986000000000000000e+03 -1.000000000000000000e+00 -1.000000000000000000e+00 -1.000000000000000000e+00 -1.000000000000000000e+00 -1.000000000000000000e+00 1.787913000000000011e+03 1.172644999999999982e+03 2.420999999999999819e+00 1.438499999999999890e+00 7.519000000000000128e+00 1.973500000000000032e+00
2.200000000000000000e+01 2.981000000000000000e+03 -1.000000000000000000e+00 -1.000000000000000000e+00 -1.000000000000000000e+00 -1.000000000000000000e+00 -1.000000000000000000e+00 1.779393000000000029e+03 1.176550999999999931e+03 2.287999999999999812e+00 1.435000000000000053e+00 7.443999999999999950e+00 2.135499999999999954e+00
2.200000000000000000e+01 2.989000000000000000e+03 -1.000000000000000000e+00 -1.000000000000000000e+00 -1.000000000000000000e+00 -1.000000000000000000e+00 -1.000000000000000000e+00 1.792121000000000095e+03 1.167568999999999960e+03 2.306000000000000050e+00 1.388500000000000068e+00 8.182999999999999829e+00 2.040000000000000036e+00
2.200000000000000000e+01 2.985000000000000000e+03 -1.000000000000000000e+00 -1.000000000000000000e+00 -1.000000000000000000e+00 -1.000000000000000000e+00 -1.000000000000000000e+00 1.785520999999999958e+03 1.174516000000000076e+03 2.277000000000000135e+00 1.416500000000000092e+00 7.214500000000000135e+00 2.121999999999999886e+00
2.200000000000000000e+01 2.988000000000000000e+03 -1.000000000000000000e+00 -1.000000000000000000e+00 -1.000000000000000000e+00 -1.000000000000000000e+00 -1.000000000000000000e+00 1.790364000000000033e+03 1.170545000000000073e+03 2.572999999999999954e+00 1.423000000000000043e+00 7.414500000000000313e+00 2.029999999999999805e+00
2.200000000000000000e+01 2.991000000000000000e+03 -1.000000000000000000e+00 -1.000000000000000000e+00 -1.000000000000000000e+00 -1.000000000000000000e+00 -1.000000000000000000e+00 1.793921000000000049e+03 1.164690000000000055e+03 2.140000000000000124e+00 1.476499999999999924e+00 8.151999999999999247e+00 2.058499999999999996e+00
2.200000000000000000e+01 2.983000000000000000e+03 -1.000000000000000000e+00 -1.000000000000000000e+00 -1.000000000000000000e+00 -1.000000000000000000e+00 -1.000000000000000000e+00 1.783221999999999980e+03 1.176421000000000049e+03 2.403999999999999915e+00 1.284499999999999975e+00 7.378999999999999559e+00 2.041500000000000092e+00
2.200000000000000000e+01 2.990000000000000000e+03 -1.000000000000000000e+00 -1.000000000000000000e+00 -1.000000000000000000e+00 -1.000000000000000000e+00 -1.000000000000000000e+00 1.811086000000000013e+03 1.178974999999999909e+03 2.189000000000000057e+00 1.102500000000000036e+00 1.743999999999999995e+00 1.894500000000000073e+00
2.200000000000000000e+01 2.992000000000000000e+03 -1.000000000000000000e+00 -1.000000000000000000e+00 -1.000000000000000000e+00 -1.000000000000000000e+00 -1.000000000000000000e+00 1.795942999999999984e+03 1.162268000000000029e+03 2.208557096925328089e+00 1.375499999999999945e+00 8.067999999999999616e+00 1.956999999999999851e+00
2.300000000000000000e+01 2.986000000000000000e+03 -1.000000000000000000e+00 -1.000000000000000000e+00 -1.000000000000000000e+00 -1.000000000000000000e+00 -1.000000000000000000e+00 1.787911000000000058e+03 1.172643000000000029e+03 2.415000000000000036e+00 1.438499999999999890e+00 7.519000000000000128e+00 1.973500000000000032e+00
2.300000000000000000e+01 2.992000000000000000e+03 -1.000000000000000000e+00 -1.000000000000000000e+00 -1.000000000000000000e+00 -1.000000000000000000e+00 -1.000000000000000000e+00 1.795942999999999984e+03 1.162268000000000029e+03 2.217999999999999972e+00 1.375499999999999945e+00 8.067999999999999616e+00 1.957000000000000073e+00
2.300000000000000000e+01 2.981000000000000000e+03 -1.000000000000000000e+00 -1.000000000000000000e+00 -1.000000000000000000e+00 -1.000000000000000000e+00 -1.000000000000000000e+00 1.779393000000000029e+03 1.176577999999999975e+03 2.282999999999999918e+00 1.435000000000000053e+00 7.443999999999999950e+00 2.135499999999999954e+00
2.300000000000000000e+01 2.985000000000000000e+03 -1.000000000000000000e+00 -1.000000000000000000e+00 -1.000000000000000000e+00 -1.000000000000000000e+00 -1.000000000000000000e+00 1.785520999999999958e+03 1.174517000000000053e+03 2.266000000000000014e+00 1.416500000000000092e+00 7.214500000000000135e+00 2.121999999999999886e+00
2.300000000000000000e+01 2.988000000000000000e+03 -1.000000000000000000e+00 -1.000000000000000000e+00 -1.000000000000000000e+00 -1.000000000000000000e+00 -1.000000000000000000e+00 1.790394000000000005e+03 1.170576999999999998e+03 2.531000000000000139e+00 1.423000000000000043e+00 7.414500000000000313e+00 2.029999999999999805e+00
2.300000000000000000e+01 2.991000000000000000e+03 -1.000000000000000000e+00 -1.000000000000000000e+00 -1.000000000000000000e+00 -1.000000000000000000e+00 -1.000000000000000000e+00 1.793921000000000049e+03 1.164690000000000055e+03 2.140000000000000124e+00 1.476499999999999924e+00 8.151999999999999247e+00 2.058499999999999996e+00
2.300000000000000000e+01 2.983000000000000000e+03 -1.000000000000000000e+00 -1.000000000000000000e+00 -1.000000000000000000e+00 -1.000000000000000000e+00 -1.000000000000000000e+00 1.783230000000000018e+03 1.176429000000000087e+03 2.399999999999999911e+00 1.284499999999999975e+00 7.378999999999999559e+00 2.041500000000000092e+00
2.300000000000000000e+01 2.990000000000000000e+03 -1.000000000000000000e+00 -1.000000000000000000e+00 -1.000000000000000000e+00 -1.000000000000000000e+00 -1.000000000000000000e+00 1.811085000000000036e+03 1.178977000000000089e+03 2.173999999999999932e+00 1.102500000000000036e+00 1.743999999999999995e+00 1.894500000000000073e+00
2.300000000000000000e+01 2.989000000000000000e+03 -1.000000000000000000e+00 -1.000000000000000000e+00 -1.000000000000000000e+00 -1.000000000000000000e+00 -1.000000000000000000e+00 1.792123223086618054e+03 1.167566776913382000e+03 2.300442283454782633e+00 1.388500000000000068e+00 8.182999999999999829e+00 2.040000000000000036e+00
2.400000000000000000e+01 2.986000000000000000e+03 -1.000000000000000000e+00 -1.000000000000000000e+00 -1.000000000000000000e+00 -1.000000000000000000e+00 -1.000000000000000000e+00 1.787909000000000106e+03 1.172640000000000100e+03 2.407999999999999918e+00 1.438499999999999890e+00 7.519000000000000128e+00 1.973500000000000032e+00
2.400000000000000000e+01 2.992000000000000000e+03 -1.000000000000000000e+00 -1.000000000000000000e+00 -1.000000000000000000e+00 -1.000000000000000000e+00 -1.000000000000000000e+00 1.795942999999999984e+03 1.162268000000000029e+03 2.226999999999999869e+00 1.375499999999999945e+00 8.067999999999999616e+00 1.957000000000000073e+00
2.400000000000000000e+01 2.981000000000000000e+03 -1.000000000000000000e+00 -1.000000000000000000e+00 -1.000000000000000000e+00 -1.000000000000000000e+00 -1.000000000000000000e+00 1.779393000000000029e+03 1.176612000000000080e+03 2.275999999999999801e+00 1.435000000000000053e+00 7.443999999999999950e+00 2.135499999999999954e+00
2.400000000000000000e+01 2.989000000000000000e+03 -1.000000000000000000e+00 -1.000000000000000000e+00 -1.000000000000000000e+00 -1.000000000000000000e+00 -1.000000000000000000e+00 1.792125000000000000e+03 1.167565000000000055e+03 2.295999999999999819e+00 1.388500000000000068e+00 8.182999999999999829e+00 2.040000000000000036e+00
2.400000000000000000e+01 2.985000000000000000e+03 -1.000000000000000000e+00 -1.000000000000000000e+00 -1.000000000000000000e+00 -1.000000000000000000e+00 -1.000000000000000000e+00 1.785521999999999935e+03 1.174518000000000029e+03 2.253000000000000114e+00 1.416500000000000092e+00 7.214500000000000135e+00 2.121999999999999886e+00
2.400000000000000000e+01 2.988000000000000000e+03 -1.000000000000000000e+00 -1.000000000000000000e+00 -1.000000000000000000e+00 -1.000000000000000000e+00 -1.000000000000000000e+00 1.790432000000000016e+03 1.170616999999999962e+03 2.479000000000000092e+00 1.423000000000000043e+00 7.414500000000000313e+00 2.029999999999999805e+00
2.400000000000000000e+01 2.983000000000000000e+03 -1.000000000000000000e+00 -1.000000000000000000e+00 -1.000000000000000000e+00 -1.000000000000000000e+00 -1.000000000000000000e+00 1.783240000000000009e+03 1.176440000000000055e+03 2.395000000000000018e+00 1.284499999999999975e+00 7.378999999999999559e+00 2.041500000000000092e+00
2.400000000000000000e+01 2.990000000000000000e+03 -1.000000000000000000e+00 -1.000000000000000000e+00 -1.000000000000000000e+00 -1.000000000000000000e+00 -1.000000000000000000e+00 1.811084000000000060e+03 1.178978000000000065e+03 2.153999999999999915e+00 1.102500000000000036e+00 1.743999999999999995e+00 1.894500000000000073e+00
2.400000000000000000e+01 2.991000000000000000e+03 -1.000000000000000000e+00 -1.000000000000000000e+00 -1.000000000000000000e+00 -1.000000000000000000e+00 -1.000000000000000000e+00 1.793920999999999822e+03 1.164690000000000055e+03 2.140000000000000124e+00 1.476499999999999702e+00 8.151999999999997470e+00 2.058499999999999552e+00
2.500000000000000000e+01 2.986000000000000000e+03 -1.000000000000000000e+00 -1.000000000000000000e+00 -1.000000000000000000e+00 -1.000000000000000000e+00 -1.000000000000000000e+00 1.787906999999999925e+03 1.172636999999999944e+03 2.400999999999999801e+00 1.438499999999999890e+00 7.519000000000000128e+00 1.973500000000000032e+00
2.500000000000000000e+01 2.981000000000000000e+03 -1.000000000000000000e+00 -1.000000000000000000e+00 -1.000000000000000000e+00 -1.000000000000000000e+00 -1.000000000000000000e+00 1.779394000000000005e+03 1.176644999999999982e+03 2.270000000000000018e+00 1.435000000000000053e+00 7.443999999999999950e+00 2.135499999999999954e+00
2.500000000000000000e+01 2.985000000000000000e+03 -1.000000000000000000e+00 -1.000000000000000000e+00 -1.000000000000000000e+00 -1.000000000000000000e+00 -1.000000000000000000e+00 1.785522999999999911e+03 1.174518000000000029e+03 2.240000000000000213e+00 1.416500000000000092e+00 7.214500000000000135e+00 2.121999999999999886e+00
2.500000000000000000e+01 2.988000000000000000e+03 -1.000000000000000000e+00 -1.000000000000000000e+00 -1.000000000000000000e+00 -1.000000000000000000e+00 -1.000000000000000000e+00 1.790470000000000027e+03 1.170655999999999949e+03 2.426000000000000156e+00 1.423000000000000043e+00 7.414500000000000313e+00 2.029999999999999805e+00
2.500000000000000000e+01 2.991000000000000000e+03 -1.000000000000000000e+00 -1.000000000000000000e+00 -1.000000000000000000e+00 -1.000000000000000000e+00 -1.000000000000000000e+00 1.793921000000000049e+03 1.164690000000000055e+03 2.140000000000000124e+00 1.476499999999999924e+00 8.151999999999999247e+00 2.058499999999999996e+00
2.500000000000000000e+01 2.983000000000000000e+03 -1.000000000000000000e+00 -1.000000000000000000e+00 -1.000000000000000000e+00 -1.000000000000000000e+00 -1.000000000000000000e+00 1.783249000000000024e+03 1.176451000000000022e+03 2.388999999999999790e+00 1.284499999999999975e+00 7.378999999999999559e+00 2.041500000000000092e+00
2.500000000000000000e+01 2.990000000000000000e+03 -1.000000000000000000e+00 -1.000000000000000000e+00 -1.000000000000000000e+00 -1.000000000000000000e+00 -1.000000000000000000e+00 1.811083000000000084e+03 1.178980000000000018e+03 2.134999999999999787e+00 1.102500000000000036e+00 1.743999999999999995e+00 1.894500000000000073e+00
2.500000000000000000e+01 2.989000000000000000e+03 -1.000000000000000000e+00 -1.000000000000000000e+00 -1.000000000000000000e+00 -1.000000000000000000e+00 -1.000000000000000000e+00 1.792127498636402379e+03 1.167563001090878060e+03 2.290003272634471010e+00 1.388500000000000068e+00 8.182999999999999829e+00 2.040000000000000036e+00
2.500000000000000000e+01 2.992000000000000000e+03 -1.000000000000000000e+00 -1.000000000000000000e+00 -1.000000000000000000e+00 -1.000000000000000000e+00 -1.000000000000000000e+00 1.795942999999999984e+03 1.162268000000000029e+03 2.254747690948537997e+00 1.375499999999999945e+00 8.067999999999999616e+00 1.957000000000000073e+00
2.600000000000000000e+01 2.986000000000000000e+03 -1.000000000000000000e+00 -1.000000000000000000e+00 -1.000000000000000000e+00 -1.000000000000000000e+00 -1.000000000000000000e+00 1.787903999999999996e+03 1.172634999999999991e+03 2.394000000000000128e+00 1.438499999999999890e+00 7.519000000000000128e+00 1.973500000000000032e+00
2.600000000000000000e+01 2.981000000000000000e+03 -1.000000000000000000e+00 -1.000000000000000000e+00 -1.000000000000000000e+00 -1.000000000000000000e+00 -1.000000000000000000e+00 1.779394000000000005e+03 1.176679000000000087e+03 2.263999999999999790e+00 1.435000000000000053e+00 7.443999999999999950e+00 2.135499999999999954e+00
2.600000000000000000e+01 2.989000000000000000e+03 -1.000000000000000000e+00 -1.000000000000000000e+00 -1.000000000000000000e+00 -1.000000000000000000e+00 -1.000000000000000000e+00 1.792130000000000109e+03 1.167560999999999922e+03 2.283999999999999808e+00 1.388500000000000068e+00 8.182999999999999829e+00 2.040000000000000036e+00
2.600000000000000000e+01 2.985000000000000000e+03 -1.000000000000000000e+00 -1.000000000000000000e+00 -1.000000000000000000e+00 -1.000000000000000000e+00 -1.000000000000000000e+00 1.785522999999999911e+03 1.174519000000000005e+03 2.225999999999999979e+00 1.416500000000000092e+00 7.214500000000000135e+00 2.121999999999999886e+00
2.600000000000000000e+01 2.988000000000000000e+03 -1.000000000000000000e+00 -1.000000000000000000e+00 -1.000000000000000000e+00 -1.000000000000000000e+00 -1.000000000000000000e+00 1.790507000000000062e+03 1.170695999999999913e+03 2.374000000000000110e+00 1.423000000000000043e+00 7.414500000000000313e+00 2.029999999999999805e+00
2.600000000000000000e+01 2.991000000000000000e+03 -1.000000000000000000e+00 -1.000000000000000000e+00 -1.000000000000000000e+00 -1.000000000000000000e+00 -1.000000000000000000e+00 1.793921000000000049e+03 1.164690000000000055e+03 2.140000000000000124e+00 1.476499999999999924e+00 8.151999999999999247e+00 2.058499999999999996e+00
2.600000000000000000e+01 2.983000000000000000e+03 -1.000000000000000000e+00 -1.000000000000000000e+00 -1.000000000000000000e+00 -1.000000000000000000e+00 -1.000000000000000000e+00 1.783242999999999938e+03 1.176594000000000051e+03 2.411999999999999922e+00 1.284499999999999975e+00 7.378999999999999559e+00 2.041500000000000092e+00
2.600000000000000000e+01 2.990000000000000000e+03 -1.000000000000000000e+00 -1.000000000000000000e+00 -1.000000000000000000e+00 -1.000000000000000000e+00 -1.000000000000000000e+00 1.811086000000000013e+03 1.178981999999999971e+03 2.100000000000000089e+00 1.102500000000000036e+00 1.743999999999999995e+00 1.894500000000000073e+00
2.600000000000000000e+01 2.992000000000000000e+03 -1.000000000000000000e+00 -1.000000000000000000e+00 -1.000000000000000000e+00 -1.000000000000000000e+00 -1.000000000000000000e+00 1.795942999999999984e+03 1.162268000000000029e+03 2.245505469536729137e+00 1.375499999999999945e+00 8.067999999999999616e+00 1.957000000000000073e+00
2.700000000000000000e+01 2.986000000000000000e+03 -1.000000000000000000e+00 -1.000000000000000000e+00 -1.000000000000000000e+00 -1.000000000000000000e+00 -1.000000000000000000e+00 1.787919000000000096e+03 1.172651000000000067e+03 2.387000000000000011e+00 1.438499999999999890e+00 7.519000000000000128e+00 1.973500000000000032e+00
2.700000000000000000e+01 2.981000000000000000e+03 -1.000000000000000000e+00 -1.000000000000000000e+00 -1.000000000000000000e+00 -1.000000000000000000e+00 -1.000000000000000000e+00 1.779034000000000106e+03 1.176625000000000000e+03 2.278000000000000025e+00 1.435000000000000053e+00 7.443999999999999950e+00 2.135499999999999954e+00
2.700000000000000000e+01 2.989000000000000000e+03 -1.000000000000000000e+00 -1.000000000000000000e+00 -1.000000000000000000e+00 -1.000000000000000000e+00 -1.000000000000000000e+00 1.792132000000000062e+03 1.167557999999999993e+03 2.278000000000000025e+00 1.388500000000000068e+00 8.182999999999999829e+00 2.040000000000000036e+00
2.700000000000000000e+01 2.985000000000000000e+03 -1.000000000000000000e+00 -1.000000000000000000e+00 -1.000000000000000000e+00 -1.000000000000000000e+00 -1.000000000000000000e+00 1.785523999999999887e+03 1.174519999999999982e+03 2.213000000000000078e+00 1.416500000000000092e+00 7.214500000000000135e+00 2.121999999999999886e+00
2.700000000000000000e+01 2.988000000000000000e+03 -1.000000000000000000e+00 -1.000000000000000000e+00 -1.000000000000000000e+00 -1.000000000000000000e+00 -1.000000000000000000e+00 1.790544000000000096e+03 1.170635999999999967e+03 2.374000000000000110e+00 1.423000000000000043e+00 7.414500000000000313e+00 2.029999999999999805e+00
2.700000000000000000e+01 2.991000000000000000e+03 -1.000000000000000000e+00 -1.000000000000000000e+00 -1.000000000000000000e+00 -1.000000000000000000e+00 -1.000000000000000000e+00 1.793921000000000049e+03 1.164690000000000055e+03 2.140000000000000124e+00 1.476499999999999924e+00 8.151999999999999247e+00 2.058499999999999996e+00
2.700000000000000000e+01 2.983000000000000000e+03 -1.000000000000000000e+00 -1.000000000000000000e+00 -1.000000000000000000e+00 -1.000000000000000000e+00 -1.000000000000000000e+00 1.783386999999999944e+03 1.176601000000000113e+03 2.334999999999999964e+00 1.284499999999999975e+00 7.378999999999999559e+00 2.041500000000000092e+00
2.700000000000000000e+01 2.990000000000000000e+03 -1.000000000000000000e+00 -1.000000000000000000e+00 -1.000000000000000000e+00 -1.000000000000000000e+00 -1.000000000000000000e+00 1.811089999999999918e+03 1.178984999999999900e+03 2.064999999999999947e+00 1.102500000000000036e+00 1.743999999999999995e+00 1.894500000000000073e+00
2.700000000000000000e+01 2.992000000000000000e+03 -1.000000000000000000e+00 -1.000000000000000000e+00 -1.000000000000000000e+00 -1.000000000000000000e+00 -1.000000000000000000e+00 1.795942999999999756e+03 1.162268000000000029e+03 2.236252512655197755e+00 1.375499999999999945e+00 8.067999999999999616e+00 1.957000000000000073e+00
2.800000000000000000e+01 2.986000000000000000e+03 -1.000000000000000000e+00 -1.000000000000000000e+00 -1.000000000000000000e+00 -1.000000000000000000e+00 -1.000000000000000000e+00 1.787934999999999945e+03 1.172667999999999893e+03 2.379999999999999893e+00 1.438499999999999890e+00 7.519000000000000128e+00 1.973500000000000032e+00
2.800000000000000000e+01 2.992000000000000000e+03 -1.000000000000000000e+00 -1.000000000000000000e+00 -1.000000000000000000e+00 -1.000000000000000000e+00 -1.000000000000000000e+00 1.795942999999999984e+03 1.162268000000000029e+03 2.263999999999999790e+00 1.375499999999999945e+00 8.067999999999999616e+00 1.957000000000000073e+00
2.800000000000000000e+01 2.981000000000000000e+03 -1.000000000000000000e+00 -1.000000000000000000e+00 -1.000000000000000000e+00 -1.000000000000000000e+00 -1.000000000000000000e+00 1.779294000000000096e+03 1.176490999999999985e+03 2.266999999999999904e+00 1.435000000000000053e+00 7.443999999999999950e+00 2.135499999999999954e+00
2.800000000000000000e+01 2.989000000000000000e+03 -1.000000000000000000e+00 -1.000000000000000000e+00 -1.000000000000000000e+00 -1.000000000000000000e+00 -1.000000000000000000e+00 1.792134000000000015e+03 1.167556000000000040e+03 2.273000000000000131e+00 1.388500000000000068e+00 8.182999999999999829e+00 2.040000000000000036e+00
2.800000000000000000e+01 2.985000000000000000e+03 -1.000000000000000000e+00 -1.000000000000000000e+00 -1.000000000000000000e+00 -1.000000000000000000e+00 -1.000000000000000000e+00 1.785525000000000091e+03 1.174520999999999958e+03 2.200000000000000178e+00 1.416500000000000092e+00 7.214500000000000135e+00 2.121999999999999886e+00
2.800000000000000000e+01 2.988000000000000000e+03 -1.000000000000000000e+00 -1.000000000000000000e+00 -1.000000000000000000e+00 -1.000000000000000000e+00 -1.000000000000000000e+00 1.790579999999999927e+03 1.170575000000000045e+03 2.374000000000000110e+00 1.423000000000000043e+00 7.414500000000000313e+00 2.029999999999999805e+00
2.800000000000000000e+01 2.991000000000000000e+03 -1.000000000000000000e+00 -1.000000000000000000e+00 -1.000000000000000000e+00 -1.000000000000000000e+00 -1.000000000000000000e+00 1.793921000000000049e+03 1.164690000000000055e+03 2.140000000000000124e+00 1.476499999999999924e+00 8.151999999999999247e+00 2.058499999999999996e+00
2.800000000000000000e+01 2.983000000000000000e+03 -1.000000000000000000e+00 -1.000000000000000000e+00 -1.000000000000000000e+00 -1.000000000000000000e+00 -1.000000000000000000e+00 1.783364000000000033e+03 1.176576000000000022e+03 2.342000000000000082e+00 1.284499999999999975e+00 7.378999999999999559e+00 2.041500000000000092e+00
2.800000000000000000e+01 2.990000000000000000e+03 -1.000000000000000000e+00 -1.000000000000000000e+00 -1.000000000000000000e+00 -1.000000000000000000e+00 -1.000000000000000000e+00 1.811094000000000051e+03 1.178987000000000080e+03 2.029999999999999805e+00 1.102500000000000036e+00 1.743999999999999995e+00 1.894500000000000073e+00
2.900000000000000000e+01 2.986000000000000000e+03 -1.000000000000000000e+00 -1.000000000000000000e+00 -1.000000000000000000e+00 -1.000000000000000000e+00 -1.000000000000000000e+00 1.787950000000000045e+03 1.172684999999999945e+03 2.374000000000000110e+00 1.438499999999999890e+00 7.519000000000000128e+00 1.973500000000000032e+00
2.900000000000000000e+01 2.992000000000000000e+03 -1.000000000000000000e+00 -1.000000000000000000e+00 -1.000000000000000000e+00 -1.000000000000000000e+00 -1.000000000000000000e+00 1.795942999999999984e+03 1.162268000000000029e+03 2.273000000000000131e+00 1.375499999999999945e+00 8.067999999999999616e+00 1.957000000000000073e+00
2.900000000000000000e+01 2.981000000000000000e+03 -1.000000000000000000e+00 -1.000000000000000000e+00 -1.000000000000000000e+00 -1.000000000000000000e+00 -1.000000000000000000e+00 1.779250999999999976e+03 1.176633000000000038e+03 2.205999999999999961e+00 1.435000000000000053e+00 7.443999999999999950e+00 2.135499999999999954e+00
2.900000000000000000e+01 2.989000000000000000e+03 -1.000000000000000000e+00 -1.000000000000000000e+00 -1.000000000000000000e+00 -1.000000000000000000e+00 -1.000000000000000000e+00 1.792135999999999967e+03 1.167554000000000087e+03 2.266999999999999904e+00 1.388500000000000068e+00 8.182999999999999829e+00 2.040000000000000036e+00
2.900000000000000000e+01 2.985000000000000000e+03 -1.000000000000000000e+00 -1.000000000000000000e+00 -1.000000000000000000e+00 -1.000000000000000000e+00 -1.000000000000000000e+00 1.785529999999999973e+03 1.174527000000000044e+03 2.205000000000000071e+00 1.416500000000000092e+00 7.214500000000000135e+00 2.121999999999999886e+00
2.900000000000000000e+01 2.988000000000000000e+03 -1.000000000000000000e+00 -1.000000000000000000e+00 -1.000000000000000000e+00 -1.000000000000000000e+00 -1.000000000000000000e+00 1.790616999999999962e+03 1.170515000000000100e+03 2.374000000000000110e+00 1.423000000000000043e+00 7.414500000000000313e+00 2.029999999999999805e+00
2.900000000000000000e+01 2.991000000000000000e+03 -1.000000000000000000e+00 -1.000000000000000000e+00 -1.000000000000000000e+00 -1.000000000000000000e+00 -1.000000000000000000e+00 1.793921000000000049e+03 1.164690000000000055e+03 2.140000000000000124e+00 1.476499999999999924e+00 8.151999999999999247e+00 2.058499999999999996e+00
2.900000000000000000e+01 2.983000000000000000e+03 -1.000000000000000000e+00 -1.000000000000000000e+00 -1.000000000000000000e+00 -1.000000000000000000e+00 -1.000000000000000000e+00 1.783340999999999894e+03 1.176550999999999931e+03 2.347999999999999865e+00 1.284499999999999975e+00 7.378999999999999559e+00 2.041500000000000092e+00
2.900000000000000000e+01 2.990000000000000000e+03 -1.000000000000000000e+00 -1.000000000000000000e+00 -1.000000000000000000e+00 -1.000000000000000000e+00 -1.000000000000000000e+00 1.811096999999999980e+03 1.178989000000000033e+03 1.993999999999999995e+00 1.102500000000000036e+00 1.743999999999999995e+00 1.894500000000000073e+00
3.000000000000000000e+01 2.986000000000000000e+03 -1.000000000000000000e+00 -1.000000000000000000e+00 -1.000000000000000000e+00 -1.000000000000000000e+00 -1.000000000000000000e+00 1.787962999999999965e+03 1.172699000000000069e+03 2.366999999999999993e+00 1.438499999999999890e+00 7.519000000000000128e+00 1.973500000000000032e+00
3.000000000000000000e+01 2.992000000000000000e+03 -1.000000000000000000e+00 -1.000000000000000000e+00 -1.000000000000000000e+00 -1.000000000000000000e+00 -1.000000000000000000e+00 1.795942999999999984e+03 1.162268000000000029e+03 2.282000000000000028e+00 1.375499999999999945e+00 8.067999999999999616e+00 1.957000000000000073e+00
3.000000000000000000e+01 2.989000000000000000e+03 -1.000000000000000000e+00 -1.000000000000000000e+00 -1.000000000000000000e+00 -1.000000000000000000e+00 -1.000000000000000000e+00 1.792132000000000062e+03 1.167558999999999969e+03 2.278999999999999915e+00 1.388500000000000068e+00 8.182999999999999829e+00 2.040000000000000036e+00
3.000000000000000000e+01 2.985000000000000000e+03 -1.000000000000000000e+00 -1.000000000000000000e+00 -1.000000000000000000e+00 -1.000000000000000000e+00 -1.000000000000000000e+00 1.785535000000000082e+03 1.174531999999999925e+03 2.209999999999999964e+00 1.416500000000000092e+00 7.214500000000000135e+00 2.121999999999999886e+00
3.000000000000000000e+01 2.988000000000000000e+03 -1.000000000000000000e+00 -1.000000000000000000e+00 -1.000000000000000000e+00 -1.000000000000000000e+00 -1.000000000000000000e+00 1.790528000000000020e+03 1.170555000000000064e+03 2.388999999999999790e+00 1.423000000000000043e+00 7.414500000000000313e+00 2.029999999999999805e+00
3.000000000000000000e+01 2.991000000000000000e+03 -1.000000000000000000e+00 -1.000000000000000000e+00 -1.000000000000000000e+00 -1.000000000000000000e+00 -1.000000000000000000e+00 1.793921000000000049e+03 1.164690000000000055e+03 2.140000000000000124e+00 1.476499999999999924e+00 8.151999999999999247e+00 2.058499999999999996e+00
3.000000000000000000e+01 2.983000000000000000e+03 -1.000000000000000000e+00 -1.000000000000000000e+00 -1.000000000000000000e+00 -1.000000000000000000e+00 -1.000000000000000000e+00 1.783320999999999913e+03 1.176528999999999996e+03 2.354000000000000092e+00 1.284499999999999975e+00 7.378999999999999559e+00 2.041500000000000092e+00
3.000000000000000000e+01 2.990000000000000000e+03 -1.000000000000000000e+00 -1.000000000000000000e+00 -1.000000000000000000e+00 -1.000000000000000000e+00 -1.000000000000000000e+00 1.811099999999999909e+03 1.178990999999999985e+03 1.963000000000000078e+00 1.102500000000000036e+00 1.743999999999999995e+00 1.894500000000000073e+00
3.100000000000000000e+01 2.986000000000000000e+03 -1.000000000000000000e+00 -1.000000000000000000e+00 -1.000000000000000000e+00 -1.000000000000000000e+00 -1.000000000000000000e+00 1.787962999999999965e+03 1.172699000000000069e+03 2.366999999999999993e+00 1.438499999999999890e+00 7.519000000000000128e+00 1.973500000000000032e+00
3.100000000000000000e+01 2.992000000000000000e+03 -1.000000000000000000e+00 -1.000000000000000000e+00 -1.000000000000000000e+00 -1.000000000000000000e+00 -1.000000000000000000e+00 1.795942999999999984e+03 1.162268000000000029e+03 2.290999999999999925e+00 1.375499999999999945e+00 8.067999999999999616e+00 1.957000000000000073e+00
3.100000000000000000e+01 2.989000000000000000e+03 -1.000000000000000000e+00 -1.000000000000000000e+00 -1.000000000000000000e+00 -1.000000000000000000e+00 -1.000000000000000000e+00 1.792125999999999976e+03 1.167564000000000078e+03 2.293000000000000149e+00 1.388500000000000068e+00 8.182999999999999829e+00 2.040000000000000036e+00
3.100000000000000000e+01 2.985000000000000000e+03 -1.000000000000000000e+00 -1.000000000000000000e+00 -1.000000000000000000e+00 -1.000000000000000000e+00 -1.000000000000000000e+00 1.785540999999999940e+03 1.174538000000000011e+03 2.214999999999999858e+00 1.416500000000000092e+00 7.214500000000000135e+00 2.121999999999999886e+00
3.100000000000000000e+01 2.988000000000000000e+03 -1.000000000000000000e+00 -1.000000000000000000e+00 -1.000000000000000000e+00 -1.000000000000000000e+00 -1.000000000000000000e+00 1.790430000000000064e+03 1.170598999999999933e+03 2.406000000000000139e+00 1.423000000000000043e+00 7.414500000000000313e+00 2.029999999999999805e+00
3.100000000000000000e+01 2.991000000000000000e+03 -1.000000000000000000e+00 -1.000000000000000000e+00 -1.000000000000000000e+00 -1.000000000000000000e+00 -1.000000000000000000e+00 1.793921000000000049e+03 1.164690000000000055e+03 2.140000000000000124e+00 1.476499999999999924e+00 8.151999999999999247e+00 2.058499999999999996e+00
3.100000000000000000e+01 2.983000000000000000e+03 -1.000000000000000000e+00 -1.000000000000000000e+00 -1.000000000000000000e+00 -1.000000000000000000e+00 -1.000000000000000000e+00 1.783298000000000002e+03 1.176503999999999905e+03 2.359999999999999876e+00 1.284499999999999975e+00 7.378999999999999559e+00 2.041500000000000092e+00
3.100000000000000000e+01 2.990000000000000000e+03 -1.000000000000000000e+00 -1.000000000000000000e+00 -1.000000000000000000e+00 -1.000000000000000000e+00 -1.000000000000000000e+00 1.811104000000000042e+03 1.178993999999999915e+03 1.927000000000000046e+00 1.102500000000000036e+00 1.743999999999999995e+00 1.894500000000000073e+00
3.200000000000000000e+01 2.986000000000000000e+03 -1.000000000000000000e+00 -1.000000000000000000e+00 -1.000000000000000000e+00 -1.000000000000000000e+00 -1.000000000000000000e+00 1.787962999999999965e+03 1.172699000000000069e+03 2.366999999999999993e+00 1.438499999999999890e+00 7.519000000000000128e+00 1.973500000000000032e+00
3.200000000000000000e+01 2.992000000000000000e+03 -1.000000000000000000e+00 -1.000000000000000000e+00 -1.000000000000000000e+00 -1.000000000000000000e+00 -1.000000000000000000e+00 1.795942999999999984e+03 1.162268000000000029e+03 2.301000000000000156e+00 1.375499999999999945e+00 8.067999999999999616e+00 1.957000000000000073e+00
3.200000000000000000e+01 2.989000000000000000e+03 -1.000000000000000000e+00 -1.000000000000000000e+00 -1.000000000000000000e+00 -1.000000000000000000e+00 -1.000000000000000000e+00 1.792119999999999891e+03 1.167569999999999936e+03 2.307999999999999829e+00 1.388500000000000068e+00 8.182999999999999829e+00 2.040000000000000036e+00
3.200000000000000000e+01 2.985000000000000000e+03 -1.000000000000000000e+00 -1.000000000000000000e+00 -1.000000000000000000e+00 -1.000000000000000000e+00 -1.000000000000000000e+00 1.785547000000000025e+03 1.174545000000000073e+03 2.220000000000000195e+00 1.416500000000000092e+00 7.214500000000000135e+00 2.121999999999999886e+00
3.200000000000000000e+01 2.988000000000000000e+03 -1.000000000000000000e+00 -1.000000000000000000e+00 -1.000000000000000000e+00 -1.000000000000000000e+00 -1.000000000000000000e+00 1.790321999999999889e+03 1.170648999999999887e+03 2.423999999999999932e+00 1.423000000000000043e+00 7.414500000000000313e+00 2.029999999999999805e+00
3.200000000000000000e+01 2.991000000000000000e+03 -1.000000000000000000e+00 -1.000000000000000000e+00 -1.000000000000000000e+00 -1.000000000000000000e+00 -1.000000000000000000e+00 1.793921000000000049e+03 1.164690000000000055e+03 2.140000000000000124e+00 1.476499999999999924e+00 8.151999999999999247e+00 2.058499999999999996e+00
3.200000000000000000e+01 2.983000000000000000e+03 -1.000000000000000000e+00 -1.000000000000000000e+00 -1.000000000000000000e+00 -1.000000000000000000e+00 -1.000000000000000000e+00 1.783272999999999911e+03 1.176476000000000113e+03 2.366999999999999993e+00 1.284499999999999975e+00 7.378999999999999559e+00 2.041500000000000092e+00
3.200000000000000000e+01 2.990000000000000000e+03 -1.000000000000000000e+00 -1.000000000000000000e+00 -1.000000000000000000e+00 -1.000000000000000000e+00 -1.000000000000000000e+00 1.811101000000000113e+03 1.178991999999999962e+03 1.901000000000000023e+00 1.102500000000000036e+00 1.743999999999999995e+00 1.894500000000000073e+00
3.300000000000000000e+01 2.986000000000000000e+03 -1.000000000000000000e+00 -1.000000000000000000e+00 -1.000000000000000000e+00 -1.000000000000000000e+00 -1.000000000000000000e+00 1.787962999999999965e+03 1.172699000000000069e+03 2.366999999999999993e+00 1.438499999999999890e+00 7.519000000000000128e+00 1.973500000000000032e+00
3.300000000000000000e+01 2.992000000000000000e+03 -1.000000000000000000e+00 -1.000000000000000000e+00 -1.000000000000000000e+00 -1.000000000000000000e+00 -1.000000000000000000e+00 1.795942999999999984e+03 1.162268000000000029e+03 2.338000000000000078e+00 1.375499999999999945e+00 8.067999999999999616e+00 1.957000000000000073e+00
3.300000000000000000e+01 2.989000000000000000e+03 -1.000000000000000000e+00 -1.000000000000000000e+00 -1.000000000000000000e+00 -1.000000000000000000e+00 -1.000000000000000000e+00 1.792115000000000009e+03 1.167575000000000045e+03 2.321000000000000174e+00 1.388500000000000068e+00 8.182999999999999829e+00 2.040000000000000036e+00
3.300000000000000000e+01 2.985000000000000000e+03 -1.000000000000000000e+00 -1.000000000000000000e+00 -1.000000000000000000e+00 -1.000000000000000000e+00 -1.000000000000000000e+00 1.785551999999999907e+03 1.174550999999999931e+03 2.225000000000000089e+00 1.416500000000000092e+00 7.214500000000000135e+00 2.121999999999999886e+00
3.300000000000000000e+01 2.991000000000000000e+03 -1.000000000000000000e+00 -1.000000000000000000e+00 -1.000000000000000000e+00 -1.000000000000000000e+00 -1.000000000000000000e+00 1.793921000000000049e+03 1.164690000000000055e+03 2.140000000000000124e+00 1.476499999999999924e+00 8.151999999999999247e+00 2.058499999999999996e+00
3.300000000000000000e+01 2.983000000000000000e+03 -1.000000000000000000e+00 -1.000000000000000000e+00 -1.000000000000000000e+00 -1.000000000000000000e+00 -1.000000000000000000e+00 1.783250000000000000e+03 1.176451000000000022e+03 2.373000000000000220e+00 1.284499999999999975e+00 7.378999999999999559e+00 2.041500000000000092e+00
3.300000000000000000e+01 2.990000000000000000e+03 -1.000000000000000000e+00 -1.000000000000000000e+00 -1.000000000000000000e+00 -1.000000000000000000e+00 -1.000000000000000000e+00 1.811097999999999956e+03 1.178990000000000009e+03 1.877000000000000002e+00 1.102500000000000036e+00 1.743999999999999995e+00 1.894500000000000073e+00
3.300000000000000000e+01 2.988000000000000000e+03 -1.000000000000000000e+00 -1.000000000000000000e+00 -1.000000000000000000e+00 -1.000000000000000000e+00 -1.000000000000000000e+00 1.790393999279821401e+03 1.170650599983996017e+03 2.399200248061519325e+00 1.423000000000000043e+00 7.414500000000000313e+00 2.029999999999999805e+00
3.400000000000000000e+01 2.986000000000000000e+03 -1.000000000000000000e+00 -1.000000000000000000e+00 -1.000000000000000000e+00 -1.000000000000000000e+00 -1.000000000000000000e+00 1.787962999999999965e+03 1.172699000000000069e+03 2.366999999999999993e+00 1.438499999999999890e+00 7.519000000000000128e+00 1.973500000000000032e+00
3.400000000000000000e+01 2.992000000000000000e+03 -1.000000000000000000e+00 -1.000000000000000000e+00 -1.000000000000000000e+00 -1.000000000000000000e+00 -1.000000000000000000e+00 1.795942999999999984e+03 1.162268000000000029e+03 2.375999999999999890e+00 1.375499999999999945e+00 8.067999999999999616e+00 1.957000000000000073e+00
3.400000000000000000e+01 2.989000000000000000e+03 -1.000000000000000000e+00 -1.000000000000000000e+00 -1.000000000000000000e+00 -1.000000000000000000e+00 -1.000000000000000000e+00 1.792108999999999924e+03 1.167580999999999904e+03 2.334999999999999964e+00 1.388500000000000068e+00 8.182999999999999829e+00 2.040000000000000036e+00
3.400000000000000000e+01 2.991000000000000000e+03 -1.000000000000000000e+00 -1.000000000000000000e+00 -1.000000000000000000e+00 -1.000000000000000000e+00 -1.000000000000000000e+00 1.793921000000000049e+03 1.164690000000000055e+03 2.140000000000000124e+00 1.476499999999999924e+00 8.151999999999999247e+00 2.058499999999999996e+00
3.400000000000000000e+01 2.990000000000000000e+03 -1.000000000000000000e+00 -1.000000000000000000e+00 -1.000000000000000000e+00 -1.000000000000000000e+00 -1.000000000000000000e+00 1.811095000000000027e+03 1.178988000000000056e+03 1.854000000000000092e+00 1.102500000000000036e+00 1.743999999999999995e+00 1.894500000000000073e+00
3.400000000000000000e+01 2.985000000000000000e+03 -1.000000000000000000e+00 -1.000000000000000000e+00 -1.000000000000000000e+00 -1.000000000000000000e+00 -1.000000000000000000e+00 1.785573598828726062e+03 1.174574198741965120e+03 2.244998915487242286e+00 1.416500000000000092e+00 7.214500000000000135e+00 2.121999999999999886e+00
3.400000000000000000e+01 2.988000000000000000e+03 -1.000000000000000000e+00 -1.000000000000000000e+00 -1.000000000000000000e+00 -1.000000000000000000e+00 -1.000000000000000000e+00 1.790375999423857138e+03 1.170650199987196856e+03 2.405400198449215043e+00 1.423000000000000043e+00 7.414500000000000313e+00 2.029999999999999805e+00
3.500000000000000000e+01 2.986000000000000000e+03 -1.000000000000000000e+00 -1.000000000000000000e+00 -1.000000000000000000e+00 -1.000000000000000000e+00 -1.000000000000000000e+00 1.787962999999999965e+03 1.172699000000000069e+03 2.366999999999999993e+00 1.438499999999999890e+00 7.519000000000000128e+00 1.973500000000000032e+00
3.500000000000000000e+01 2.992000000000000000e+03 -1.000000000000000000e+00 -1.000000000000000000e+00 -1.000000000000000000e+00 -1.000000000000000000e+00 -1.000000000000000000e+00 1.795942999999999984e+03 1.162268000000000029e+03 2.412999999999999812e+00 1.375499999999999945e+00 8.067999999999999616e+00 1.957000000000000073e+00
3.500000000000000000e+01 2.989000000000000000e+03 -1.000000000000000000e+00 -1.000000000000000000e+00 -1.000000000000000000e+00 -1.000000000000000000e+00 -1.000000000000000000e+00 1.792104000000000042e+03 1.167586000000000013e+03 2.349000000000000199e+00 1.388500000000000068e+00 8.182999999999999829e+00 2.040000000000000036e+00
3.500000000000000000e+01 2.991000000000000000e+03 -1.000000000000000000e+00 -1.000000000000000000e+00 -1.000000000000000000e+00 -1.000000000000000000e+00 -1.000000000000000000e+00 1.793921000000000049e+03 1.164690000000000055e+03 2.140000000000000124e+00 1.476499999999999924e+00 8.151999999999999247e+00 2.058499999999999996e+00
3.500000000000000000e+01 2.990000000000000000e+03 -1.000000000000000000e+00 -1.000000000000000000e+00 -1.000000000000000000e+00 -1.000000000000000000e+00 -1.000000000000000000e+00 1.811092000000000098e+03 1.178986000000000104e+03 1.830000000000000071e+00 1.102500000000000036e+00 1.743999999999999995e+00 1.894500000000000073e+00
3.500000000000000000e+01 2.985000000000000000e+03 -1.000000000000000000e+00 -1.000000000000000000e+00 -1.000000000000000000e+00 -1.000000000000000000e+00 -1.000000000000000000e+00 1.785568197333298940e+03 1.174568397135765736e+03 2.239997530832577688e+00 1.416500000000000092e+00 7.214499999999999247e+00 2.121999999999999886e+00
3.500000000000000000e+01 2.988000000000000000e+03 -1.000000000000000000e+00 -1.000000000000000000e+00 -1.000000000000000000e+00 -1.000000000000000000e+00 -1.000000000000000000e+00 1.790357998487624855e+03 1.170649799966391583e+03 2.411600520929190417e+00 1.423000000000000043e+00 7.414500000000000313e+00 2.029999999999999805e+00
3.600000000000000000e+01 2.992000000000000000e+03 -1.000000000000000000e+00 -1.000000000000000000e+00 -1.000000000000000000e+00 -1.000000000000000000e+00 -1.000000000000000000e+00 1.795942999999999984e+03 1.162268000000000029e+03 2.451000000000000068e+00 1.375499999999999945e+00 8.067999999999999616e+00 1.957000000000000073e+00
3.600000000000000000e+01 2.989000000000000000e+03 -1.000000000000000000e+00 -1.000000000000000000e+00 -1.000000000000000000e+00 -1.000000000000000000e+00 -1.000000000000000000e+00 1.792097999999999956e+03 1.167590999999999894e+03 2.362000000000000099e+00 1.388500000000000068e+00 8.182999999999999829e+00 2.040000000000000036e+00
3.600000000000000000e+01 2.991000000000000000e+03 -1.000000000000000000e+00 -1.000000000000000000e+00 -1.000000000000000000e+00 -1.000000000000000000e+00 -1.000000000000000000e+00 1.793921000000000049e+03 1.164690000000000055e+03 2.140000000000000124e+00 1.476499999999999924e+00 8.151999999999999247e+00 2.058499999999999996e+00
3.600000000000000000e+01 2.990000000000000000e+03 -1.000000000000000000e+00 -1.000000000000000000e+00 -1.000000000000000000e+00 -1.000000000000000000e+00 -1.000000000000000000e+00 1.811088999999999942e+03 1.178983999999999924e+03 1.806000000000000050e+00 1.102500000000000036e+00 1.743999999999999995e+00 1.894500000000000073e+00
3.600000000000000000e+01 2.985000000000000000e+03 -1.000000000000000000e+00 -1.000000000000000000e+00 -1.000000000000000000e+00 -1.000000000000000000e+00 -1.000000000000000000e+00 1.785562796583424415e+03 1.174562596330344832e+03 2.234996836504299367e+00 1.416500000000000092e+00 7.214500000000000135e+00 2.121999999999999886e+00
3.600000000000000000e+01 2.988000000000000000e+03 -1.000000000000000000e+00 -1.000000000000000000e+00 -1.000000000000000000e+00 -1.000000000000000000e+00 -1.000000000000000000e+00 1.790340000036008860e+03 1.170649400000800142e+03 2.417799987596923827e+00 1.423000000000000043e+00 7.414500000000000313e+00 2.029999999999999805e+00
3.700000000000000000e+01 2.992000000000000000e+03 -1.000000000000000000e+00 -1.000000000000000000e+00 -1.000000000000000000e+00 -1.000000000000000000e+00 -1.000000000000000000e+00 1.795942999999999984e+03 1.162268000000000029e+03 2.487999999999999989e+00 1.375499999999999945e+00 8.067999999999999616e+00 1.957000000000000073e+00
3.700000000000000000e+01 2.989000000000000000e+03 -1.000000000000000000e+00 -1.000000000000000000e+00 -1.000000000000000000e+00 -1.000000000000000000e+00 -1.000000000000000000e+00 1.792093000000000075e+03 1.167596999999999980e+03 2.375999999999999890e+00 1.388500000000000068e+00 8.182999999999999829e+00 2.040000000000000036e+00
3.700000000000000000e+01 2.988000000000000000e+03 -1.000000000000000000e+00 -1.000000000000000000e+00 -1.000000000000000000e+00 -1.000000000000000000e+00 -1.000000000000000000e+00 1.790412000000000035e+03 1.170651000000000067e+03 2.392999999999999794e+00 1.423000000000000043e+00 7.414500000000000313e+00 2.029999999999999805e+00
3.700000000000000000e+01 2.991000000000000000e+03 -1.000000000000000000e+00 -1.000000000000000000e+00 -1.000000000000000000e+00 -1.000000000000000000e+00 -1.000000000000000000e+00 1.793921000000000049e+03 1.164690000000000055e+03 2.140000000000000124e+00 1.476499999999999924e+00 8.151999999999999247e+00 2.058499999999999996e+00
3.700000000000000000e+01 2.990000000000000000e+03 -1.000000000000000000e+00 -1.000000000000000000e+00 -1.000000000000000000e+00 -1.000000000000000000e+00 -1.000000000000000000e+00 1.811086000000000013e+03 1.178981999999999971e+03 1.782000000000000028e+00 1.102500000000000036e+00 1.743999999999999995e+00 1.894500000000000073e+00
3.700000000000000000e+01 3.023000000000000000e+03 -1.000000000000000000e+00 -1.000000000000000000e+00 -1.000000000000000000e+00 -1.000000000000000000e+00 -1.000000000000000000e+00 1.816647999999999911e+03 1.109410000000000082e+03 2.520999999999999908e+00 1.528499999999999970e+00 8.306499999999999773e+00 2.027499999999999858e+00
3.700000000000000000e+01 2.985000000000000000e+03 -1.000000000000000000e+00 -1.000000000000000000e+00 -1.000000000000000000e+00 -1.000000000000000000e+00 -1.000000000000000000e+00 1.785557395358125177e+03 1.174556795014282670e+03 2.229995701967890653e+00 1.416499999999999870e+00 7.214499999999999247e+00 2.121999999999999886e+00
3.800000000000000000e+01 2.992000000000000000e+03 -1.000000000000000000e+00 -1.000000000000000000e+00 -1.000000000000000000e+00 -1.000000000000000000e+00 -1.000000000000000000e+00 1.795942999999999984e+03 1.162268000000000029e+03 2.525999999999999801e+00 1.375499999999999945e+00 8.067999999999999616e+00 1.957000000000000073e+00
3.800000000000000000e+01 2.989000000000000000e+03 -1.000000000000000000e+00 -1.000000000000000000e+00 -1.000000000000000000e+00 -1.000000000000000000e+00 -1.000000000000000000e+00 1.792086999999999989e+03 1.167602000000000089e+03 2.390000000000000124e+00 1.388500000000000068e+00 8.182999999999999829e+00 2.040000000000000036e+00
3.800000000000000000e+01 2.985000000000000000e+03 -1.000000000000000000e+00 -1.000000000000000000e+00 -1.000000000000000000e+00 -1.000000000000000000e+00 -1.000000000000000000e+00 1.785578999999999951e+03 1.174579999999999927e+03 2.250000000000000000e+00 1.416500000000000092e+00 7.214500000000000135e+00 2.121999999999999886e+00
3.800000000000000000e+01 2.988000000000000000e+03 -1.000000000000000000e+00 -1.000000000000000000e+00 -1.000000000000000000e+00 -1.000000000000000000e+00 -1.000000000000000000e+00 1.790430000000000064e+03 1.170651000000000067e+03 2.387000000000000011e+00 1.423000000000000043e+00 7.414500000000000313e+00 2.029999999999999805e+00
3.800000000000000000e+01 2.991000000000000000e+03 -1.000000000000000000e+00 -1.000000000000000000e+00 -1.000000000000000000e+00 -1.000000000000000000e+00 -1.000000000000000000e+00 1.793921000000000049e+03 1.164690000000000055e+03 2.140000000000000124e+00 1.476499999999999924e+00 8.151999999999999247e+00 2.058499999999999996e+00
3.800000000000000000e+01 2.990000000000000000e+03 -1.000000000000000000e+00 -1.000000000000000000e+00 -1.000000000000000000e+00 -1.000000000000000000e+00 -1.000000000000000000e+00 1.811083000000000084e+03 1.178980000000000018e+03 1.758999999999999897e+00 1.102500000000000036e+00 1.743999999999999995e+00 1.894500000000000073e+00
3.800000000000000000e+01 3.023000000000000000e+03 -1.000000000000000000e+00 -1.000000000000000000e+00 -1.000000000000000000e+00 -1.000000000000000000e+00 -1.000000000000000000e+00 1.816679000000000087e+03 1.109082000000000107e+03 2.520999999999999908e+00 1.528499999999999970e+00 8.306499999999999773e+00 2.027499999999999858e+00
3.900000000000000000e+01 2.992000000000000000e+03 -1.000000000000000000e+00 -1.000000000000000000e+00 -1.000000000000000000e+00 -1.000000000000000000e+00 -1.000000000000000000e+00 1.795942999999999984e+03 1.162268000000000029e+03 2.563000000000000167e+00 1.375499999999999945e+00 8.067999999999999616e+00 1.957000000000000073e+00
3.900000000000000000e+01 2.989000000000000000e+03 -1.000000000000000000e+00 -1.000000000000000000e+00 -1.000000000000000000e+00 -1.000000000000000000e+00 -1.000000000000000000e+00 1.792082000000000107e+03 1.167606999999999971e+03 2.403000000000000025e+00 1.388500000000000068e+00 8.182999999999999829e+00 2.040000000000000036e+00
3.900000000000000000e+01 2.988000000000000000e+03 -1.000000000000000000e+00 -1.000000000000000000e+00 -1.000000000000000000e+00 -1.000000000000000000e+00 -1.000000000000000000e+00 1.790448000000000093e+03 1.170652000000000044e+03 2.379999999999999893e+00 1.423000000000000043e+00 7.414500000000000313e+00 2.029999999999999805e+00
3.900000000000000000e+01 2.991000000000000000e+03 -1.000000000000000000e+00 -1.000000000000000000e+00 -1.000000000000000000e+00 -1.000000000000000000e+00 -1.000000000000000000e+00 1.793921000000000049e+03 1.164690000000000055e+03 2.140000000000000124e+00 1.476499999999999924e+00 8.151999999999999247e+00 2.058499999999999996e+00
3.900000000000000000e+01 3.023000000000000000e+03 -1.000000000000000000e+00 -1.000000000000000000e+00 -1.000000000000000000e+00 -1.000000000000000000e+00 -1.000000000000000000e+00 1.816641000000000076e+03 1.109159000000000106e+03 2.520999999999999908e+00 1.528499999999999970e+00 8.306499999999999773e+00 2.027499999999999858e+00
3.900000000000000000e+01 2.985000000000000000e+03 -1.000000000000000000e+00 -1.000000000000000000e+00 -1.000000000000000000e+00 -1.000000000000000000e+00 -1.000000000000000000e+00 1.785609500335214761e+03 1.174687001175999285e+03 2.250000000000000000e+00 1.416500000000000092e+00 7.214500000000000135e+00 2.121999999999999886e+00
4.000000000000000000e+01 2.992000000000000000e+03 -1.000000000000000000e+00 -1.000000000000000000e+00 -1.000000000000000000e+00 -1.000000000000000000e+00 -1.000000000000000000e+00 1.795942999999999984e+03 1.162268000000000029e+03 2.600999999999999979e+00 1.375499999999999945e+00 8.067999999999999616e+00 1.957000000000000073e+00
4.000000000000000000e+01 2.985000000000000000e+03 -1.000000000000000000e+00 -1.000000000000000000e+00 -1.000000000000000000e+00 -1.000000000000000000e+00 -1.000000000000000000e+00 1.785640000000000100e+03 1.174794000000000096e+03 2.250000000000000000e+00 1.416500000000000092e+00 7.214500000000000135e+00 2.121999999999999886e+00
4.000000000000000000e+01 2.988000000000000000e+03 -1.000000000000000000e+00 -1.000000000000000000e+00 -1.000000000000000000e+00 -1.000000000000000000e+00 -1.000000000000000000e+00 1.790465999999999894e+03 1.170652000000000044e+03 2.374000000000000110e+00 1.423000000000000043e+00 7.414500000000000313e+00 2.029999999999999805e+00
4.000000000000000000e+01 2.991000000000000000e+03 -1.000000000000000000e+00 -1.000000000000000000e+00 -1.000000000000000000e+00 -1.000000000000000000e+00 -1.000000000000000000e+00 1.793921000000000049e+03 1.164690000000000055e+03 2.140000000000000124e+00 1.476499999999999924e+00 8.151999999999999247e+00 2.058499999999999996e+00
4.000000000000000000e+01 3.023000000000000000e+03 -1.000000000000000000e+00 -1.000000000000000000e+00 -1.000000000000000000e+00 -1.000000000000000000e+00 -1.000000000000000000e+00 1.816603000000000065e+03 1.109237000000000080e+03 2.520999999999999908e+00 1.528499999999999970e+00 8.306499999999999773e+00 2.027499999999999858e+00
