2.600000000000000000e+01 5.034000000000000000e+03 -1.000000000000000000e+00 -1.000000000000000000e+00 -1.000000000000000000e+00 -1.000000000000000000e+00 -1.000000000000000000e+00 1.330090999999999894e+03 1.093872000000000071e+03 2.587000000000000188e+00 8.339999999999999636e-01 1.215999999999999970e+00 1.484499999999999931e+00
2.700000000000000000e+01 5.034000000000000000e+03 -1.000000000000000000e+00 -1.000000000000000000e+00 -1.000000000000000000e+00 -1.000000000000000000e+00 -1.000000000000000000e+00 1.330090999999999894e+03 1.093872000000000071e+03 2.286999999999999922e+00 8.339999999999999636e-01 1.215999999999999970e+00 1.484499999999999931e+00
2.800000000000000000e+01 5.034000000000000000e+03 -1.000000000000000000e+00 -1.000000000000000000e+00 -1.000000000000000000e+00 -1.000000000000000000e+00 -1.000000000000000000e+00 1.330090999999999894e+03 1.093872000000000071e+03 2.087000000000000188e+00 8.339999999999999636e-01 1.215999999999999970e+00 1.484499999999999931e+00
2.900000000000000000e+01 5.034000000000000000e+03 -1.000000000000000000e+00 -1.000000000000000000e+00 -1.000000000000000000e+00 -1.000000000000000000e+00 -1.000000000000000000e+00 1.330090999999999894e+03 1.093872000000000071e+03 1.987000000000000099e+00 8.339999999999999636e-01 1.215999999999999970e+00 1.484499999999999931e+00
3.000000000000000000e+01 5.034000000000000000e+03 -1.000000000000000000e+00 -1.000000000000000000e+00 -1.000000000000000000e+00 -1.000000000000000000e+00 -1.000000000000000000e+00 1.330090999999999894e+03 1.093872000000000071e+03 1.887000000000000011e+00 8.339999999999999636e-01 1.215999999999999970e+00 1.484499999999999931e+00
3.100000000000000000e+01 5.034000000000000000e+03 -1.000000000000000000e+00 -1.000000000000000000e+00 -1.000000000000000000e+00 -1.000000000000000000e+00 -1.000000000000000000e+00 1.330090999999999894e+03 1.093872000000000071e+03 1.786999999999999922e+00 8.339999999999999636e-01 1.215999999999999970e+00 1.484499999999999931e+00
3.200000000000000000e+01 5.034000000000000000e+03 -1.000000000000000000e+00 -1.000000000000000000e+00 -1.000000000000000000e+00 -1.000000000000000000e+00 -1.000000000000000000e+00 1.330251999999999953e+03 1.094054000000000087e+03 1.737000000000000099e+00 8.339999999999999636e-01 1.215999999999999970e+00 1.484499999999999931e+00
3.300000000000000000e+01 5.034000000000000000e+03 -1.000000000000000000e+00 -1.000000000000000000e+00 -1.000000000000000000e+00 -1.000000000000000000e+00 -1.000000000000000000e+00 1.330251999999999953e+03 1.094054000000000087e+03 1.637000000000000011e+00 8.339999999999999636e-01 1.215999999999999970e+00 1.484499999999999931e+00
3.400000000000000000e+01 5.034000000000000000e+03 -1.000000000000000000e+00 -1.000000000000000000e+00 -1.000000000000000000e+00 -1.000000000000000000e+00 -1.000000000000000000e+00 1.330251999999999953e+03 1.094054000000000087e+03 1.637000000000000011e+00 8.339999999999999636e-01 1.215999999999999970e+00 1.484499999999999931e+00
3.500000000000000000e+01 5.034000000000000000e+03 -1.000000000000000000e+00 -1.000000000000000000e+00 -1.000000000000000000e+00 -1.000000000000000000e+00 -1.000000000000000000e+00 1.330251999999999953e+03 1.094054000000000087e+03 1.637000000000000011e+00 8.339999999999999636e-01 1.215999999999999970e+00 1.484499999999999931e+00
3.600000000000000000e+01 5.034000000000000000e+03 -1.000000000000000000e+00 -1.000000000000000000e+00 -1.000000000000000000e+00 -1.000000000000000000e+00 -1.000000000000000000e+00 1.330251999999999953e+03 1.094054000000000087e+03 1.637000000000000011e+00 8.339999999999999636e-01 1.215999999999999970e+00 1.484499999999999931e+00
3.700000000000000000e+01 5.034000000000000000e+03 -1.000000000000000000e+00 -1.000000000000000000e+00 -1.000000000000000000e+00 -1.000000000000000000e+00 -1.000000000000000000e+00 1.330251999999999953e+03 1.094054000000000087e+03 1.637000000000000011e+00 8.339999999999999636e-01 1.215999999999999970e+00 1.484499999999999931e+00
3.800000000000000000e+01 5.034000000000000000e+03 -1.000000000000000000e+00 -1.000000000000000000e+00 -1.000000000000000000e+00 -1.000000000000000000e+00 -1.000000000000000000e+00 1.330251999999999953e+03 1.094054000000000087e+03 1.637000000000000011e+00 8.339999999999999636e-01 1.215999999999999970e+00 1.484499999999999931e+00
3.900000000000000000e+01 5.034000000000000000e+03 -1.000000000000000000e+00 -1.000000000000000000e+00 -1.000000000000000000e+00 -1.000000000000000000e+00 -1.000000000000000000e+00 1.330251999999999953e+03 1.094054000000000087e+03 1.637000000000000011e+00 8.339999999999999636e-01 1.215999999999999970e+00 1.484499999999999931e+00
4.000000000000000000e+01 5.034000000000000000e+03 -1.000000000000000000e+00 -1.000000000000000000e+00 -1.000000000000000000e+00 -1.000000000000000000e+00 -1.000000000000000000e+00 1.330251999999999953e+03 1.094054000000000087e+03 1.637000000000000011e+00 8.339999999999999636e-01 1.215999999999999970e+00 1.484499999999999931e+00
