1.000000000000000000e+00 3.671000000000000000e+03 -1.000000000000000000e+00 -1.000000000000000000e+00 -1.000000000000000000e+00 -1.000000000000000000e+00 -1.000000000000000000e+00 1.572737000000000080e+03 1.311525000000000091e+03 1.189000000000000057e+00 4.385000000000000009e-01 3.724999999999999978e-01 1.000000000000000000e+00
1.000000000000000000e+00 3.675000000000000000e+03 -1.000000000000000000e+00 -1.000000000000000000e+00 -1.000000000000000000e+00 -1.000000000000000000e+00 -1.000000000000000000e+00 1.570824000000000069e+03 1.312597999999999956e+03 1.354999999999999982e+00 4.934999999999999942e-01 5.264999999999999680e-01 1.000000000000000000e+00
2.000000000000000000e+00 3.671000000000000000e+03 -1.000000000000000000e+00 -1.000000000000000000e+00 -1.000000000000000000e+00 -1.000000000000000000e+00 -1.000000000000000000e+00 1.572749000000000024e+03 1.311522999999999911e+03 1.189000000000000057e+00 4.385000000000000009e-01 3.724999999999999978e-01 1.000000000000000000e+00
2.000000000000000000e+00 3.675000000000000000e+03 -1.000000000000000000e+00 -1.000000000000000000e+00 -1.000000000000000000e+00 -1.000000000000000000e+00 -1.000000000000000000e+00 1.570824000000000069e+03 1.312597999999999956e+03 1.354999999999999982e+00 4.934999999999999942e-01 5.264999999999999680e-01 1.000000000000000000e+00
3.000000000000000000e+00 3.671000000000000000e+03 -1.000000000000000000e+00 -1.000000000000000000e+00 -1.000000000000000000e+00 -1.000000000000000000e+00 -1.000000000000000000e+00 1.572760999999999967e+03 1.311520999999999958e+03 1.189000000000000057e+00 4.385000000000000009e-01 3.724999999999999978e-01 1.000000000000000000e+00
3.000000000000000000e+00 3.675000000000000000e+03 -1.000000000000000000e+00 -1.000000000000000000e+00 -1.000000000000000000e+00 -1.000000000000000000e+00 -1.000000000000000000e+00 1.570824000000000069e+03 1.312597999999999956e+03 1.354999999999999982e+00 4.934999999999999942e-01 5.264999999999999680e-01 1.000000000000000000e+00
4.000000000000000000e+00 3.671000000000000000e+03 -1.000000000000000000e+00 -1.000000000000000000e+00 -1.000000000000000000e+00 -1.000000000000000000e+00 -1.000000000000000000e+00 1.572772999999999911e+03 1.311519000000000005e+03 1.189000000000000057e+00 4.385000000000000009e-01 3.724999999999999978e-01 1.000000000000000000e+00
4.000000000000000000e+00 3.675000000000000000e+03 -1.000000000000000000e+00 -1.000000000000000000e+00 -1.000000000000000000e+00 -1.000000000000000000e+00 -1.000000000000000000e+00 1.570824000000000069e+03 1.312597999999999956e+03 1.354999999999999982e+00 4.934999999999999942e-01 5.264999999999999680e-01 1.000000000000000000e+00
5.000000000000000000e+00 3.671000000000000000e+03 -1.000000000000000000e+00 -1.000000000000000000e+00 -1.000000000000000000e+00 -1.000000000000000000e+00 -1.000000000000000000e+00 1.572785000000000082e+03 1.311517000000000053e+03 1.189000000000000057e+00 4.385000000000000009e-01 3.724999999999999978e-01 1.000000000000000000e+00
5.000000000000000000e+00 3.675000000000000000e+03 -1.000000000000000000e+00 -1.000000000000000000e+00 -1.000000000000000000e+00 -1.000000000000000000e+00 -1.000000000000000000e+00 1.570824000000000069e+03 1.312597999999999956e+03 1.354999999999999982e+00 4.934999999999999942e-01 5.264999999999999680e-01 1.000000000000000000e+00
6.000000000000000000e+00 3.671000000000000000e+03 -1.000000000000000000e+00 -1.000000000000000000e+00 -1.000000000000000000e+00 -1.000000000000000000e+00 -1.000000000000000000e+00 1.572798000000000002e+03 1.311516000000000076e+03 1.189000000000000057e+00 4.385000000000000009e-01 3.724999999999999978e-01 1.000000000000000000e+00
6.000000000000000000e+00 3.675000000000000000e+03 -1.000000000000000000e+00 -1.000000000000000000e+00 -1.000000000000000000e+00 -1.000000000000000000e+00 -1.000000000000000000e+00 1.570824000000000069e+03 1.312597999999999956e+03 1.354999999999999982e+00 4.934999999999999942e-01 5.264999999999999680e-01 1.000000000000000000e+00
7.000000000000000000e+00 3.671000000000000000e+03 -1.000000000000000000e+00 -1.000000000000000000e+00 -1.000000000000000000e+00 -1.000000000000000000e+00 -1.000000000000000000e+00 1.572809999999999945e+03 1.311513999999999896e+03 1.189000000000000057e+00 4.385000000000000009e-01 3.724999999999999978e-01 1.000000000000000000e+00
7.000000000000000000e+00 3.675000000000000000e+03 -1.000000000000000000e+00 -1.000000000000000000e+00 -1.000000000000000000e+00 -1.000000000000000000e+00 -1.000000000000000000e+00 1.570824000000000069e+03 1.312597999999999956e+03 1.354999999999999982e+00 4.934999999999999942e-01 5.264999999999999680e-01 1.000000000000000000e+00
8.000000000000000000e+00 3.671000000000000000e+03 -1.000000000000000000e+00 -1.000000000000000000e+00 -1.000000000000000000e+00 -1.000000000000000000e+00 -1.000000000000000000e+00 1.572821999999999889e+03 1.311511999999999944e+03 1.189000000000000057e+00 4.385000000000000009e-01 3.724999999999999978e-01 1.000000000000000000e+00
8.000000000000000000e+00 3.684000000000000000e+03 -1.000000000000000000e+00 -1.000000000000000000e+00 -1.000000000000000000e+00 -1.000000000000000000e+00 -1.000000000000000000e+00 1.614625999999999976e+03 1.318307000000000016e+03 1.278999999999999915e+00 4.035000000000000253e-01 4.929999999999999938e-01 1.000000000000000000e+00
8.000000000000000000e+00 3.675000000000000000e+03 -1.000000000000000000e+00 -1.000000000000000000e+00 -1.000000000000000000e+00 -1.000000000000000000e+00 -1.000000000000000000e+00 1.570824000000000069e+03 1.312597999999999956e+03 1.354999999999999982e+00 4.934999999999999942e-01 5.264999999999999680e-01 1.000000000000000000e+00
9.000000000000000000e+00 3.671000000000000000e+03 -1.000000000000000000e+00 -1.000000000000000000e+00 -1.000000000000000000e+00 -1.000000000000000000e+00 -1.000000000000000000e+00 1.572834000000000060e+03 1.311509999999999991e+03 1.189000000000000057e+00 4.385000000000000009e-01 3.724999999999999978e-01 1.000000000000000000e+00
9.000000000000000000e+00 3.684000000000000000e+03 -1.000000000000000000e+00 -1.000000000000000000e+00 -1.000000000000000000e+00 -1.000000000000000000e+00 -1.000000000000000000e+00 1.615076999999999998e+03 1.319340999999999894e+03 1.278999999999999915e+00 4.035000000000000253e-01 4.929999999999999938e-01 1.000000000000000000e+00
9.000000000000000000e+00 3.675000000000000000e+03 -1.000000000000000000e+00 -1.000000000000000000e+00 -1.000000000000000000e+00 -1.000000000000000000e+00 -1.000000000000000000e+00 1.570824000000000069e+03 1.312597999999999956e+03 1.354999999999999982e+00 4.934999999999999942e-01 5.264999999999999680e-01 1.000000000000000000e+00
1.000000000000000000e+01 3.671000000000000000e+03 -1.000000000000000000e+00 -1.000000000000000000e+00 -1.000000000000000000e+00 -1.000000000000000000e+00 -1.000000000000000000e+00 1.572846000000000004e+03 1.311508000000000038e+03 1.189000000000000057e+00 4.385000000000000009e-01 3.724999999999999978e-01 1.000000000000000000e+00
1.000000000000000000e+01 3.684000000000000000e+03 -1.000000000000000000e+00 -1.000000000000000000e+00 -1.000000000000000000e+00 -1.000000000000000000e+00 -1.000000000000000000e+00 1.615425999999999931e+03 1.320102000000000089e+03 1.278999999999999915e+00 4.035000000000000253e-01 4.929999999999999938e-01 1.000000000000000000e+00
1.000000000000000000e+01 3.675000000000000000e+03 -1.000000000000000000e+00 -1.000000000000000000e+00 -1.000000000000000000e+00 -1.000000000000000000e+00 -1.000000000000000000e+00 1.570824000000000069e+03 1.312597999999999956e+03 1.354999999999999982e+00 4.934999999999999942e-01 5.264999999999999680e-01 1.000000000000000000e+00
1.100000000000000000e+01 3.671000000000000000e+03 -1.000000000000000000e+00 -1.000000000000000000e+00 -1.000000000000000000e+00 -1.000000000000000000e+00 -1.000000000000000000e+00 1.572857999999999947e+03 1.311506000000000085e+03 1.189000000000000057e+00 4.385000000000000009e-01 3.724999999999999978e-01 1.000000000000000000e+00
1.100000000000000000e+01 3.684000000000000000e+03 -1.000000000000000000e+00 -1.000000000000000000e+00 -1.000000000000000000e+00 -1.000000000000000000e+00 -1.000000000000000000e+00 1.615776000000000067e+03 1.320864000000000033e+03 1.278999999999999915e+00 4.035000000000000253e-01 4.929999999999999938e-01 1.000000000000000000e+00
1.100000000000000000e+01 3.675000000000000000e+03 -1.000000000000000000e+00 -1.000000000000000000e+00 -1.000000000000000000e+00 -1.000000000000000000e+00 -1.000000000000000000e+00 1.570824000000000069e+03 1.312597999999999956e+03 1.354999999999999982e+00 4.934999999999999942e-01 5.264999999999999680e-01 1.000000000000000000e+00
1.200000000000000000e+01 3.671000000000000000e+03 -1.000000000000000000e+00 -1.000000000000000000e+00 -1.000000000000000000e+00 -1.000000000000000000e+00 -1.000000000000000000e+00 1.572869999999999891e+03 1.311503999999999905e+03 1.189000000000000057e+00 4.385000000000000009e-01 3.724999999999999978e-01 1.000000000000000000e+00
1.200000000000000000e+01 3.684000000000000000e+03 -1.000000000000000000e+00 -1.000000000000000000e+00 -1.000000000000000000e+00 -1.000000000000000000e+00 -1.000000000000000000e+00 1.616111000000000104e+03 1.321513999999999896e+03 1.278999999999999915e+00 4.035000000000000253e-01 4.929999999999999938e-01 1.000000000000000000e+00
1.200000000000000000e+01 3.675000000000000000e+03 -1.000000000000000000e+00 -1.000000000000000000e+00 -1.000000000000000000e+00 -1.000000000000000000e+00 -1.000000000000000000e+00 1.570824000000000069e+03 1.312597999999999956e+03 1.354999999999999982e+00 4.934999999999999942e-01 5.264999999999999680e-01 1.000000000000000000e+00
1.200000000000000000e+01 3.688000000000000000e+03 -1.000000000000000000e+00 -1.000000000000000000e+00 -1.000000000000000000e+00 -1.000000000000000000e+00 -1.000000000000000000e+00 1.613434999999999945e+03 1.285065000000000055e+03 1.157000000000000028e+00 3.975000000000000200e-01 3.694999999999999951e-01 8.725000000000000533e-01
1.300000000000000000e+01 3.671000000000000000e+03 -1.000000000000000000e+00 -1.000000000000000000e+00 -1.000000000000000000e+00 -1.000000000000000000e+00 -1.000000000000000000e+00 1.572883000000000038e+03 1.311501999999999953e+03 1.189000000000000057e+00 4.385000000000000009e-01 3.724999999999999978e-01 1.000000000000000000e+00
1.300000000000000000e+01 3.684000000000000000e+03 -1.000000000000000000e+00 -1.000000000000000000e+00 -1.000000000000000000e+00 -1.000000000000000000e+00 -1.000000000000000000e+00 1.616479000000000042e+03 1.322146999999999935e+03 1.278999999999999915e+00 4.035000000000000253e-01 4.929999999999999938e-01 1.000000000000000000e+00
1.300000000000000000e+01 3.675000000000000000e+03 -1.000000000000000000e+00 -1.000000000000000000e+00 -1.000000000000000000e+00 -1.000000000000000000e+00 -1.000000000000000000e+00 1.570824000000000069e+03 1.312597999999999956e+03 1.354999999999999982e+00 4.934999999999999942e-01 5.264999999999999680e-01 1.000000000000000000e+00
1.300000000000000000e+01 3.688000000000000000e+03 -1.000000000000000000e+00 -1.000000000000000000e+00 -1.000000000000000000e+00 -1.000000000000000000e+00 -1.000000000000000000e+00 1.613724999999999909e+03 1.285811999999999898e+03 1.127999999999999892e+00 3.975000000000000200e-01 3.694999999999999951e-01 8.725000000000000533e-01
1.400000000000000000e+01 3.671000000000000000e+03 -1.000000000000000000e+00 -1.000000000000000000e+00 -1.000000000000000000e+00 -1.000000000000000000e+00 -1.000000000000000000e+00 1.572894999999999982e+03 1.311500999999999976e+03 1.189000000000000057e+00 4.385000000000000009e-01 3.724999999999999978e-01 1.000000000000000000e+00
1.400000000000000000e+01 3.689000000000000000e+03 -1.000000000000000000e+00 -1.000000000000000000e+00 -1.000000000000000000e+00 -1.000000000000000000e+00 -1.000000000000000000e+00 1.630391000000000076e+03 1.314470000000000027e+03 1.203000000000000069e+00 2.824999999999999734e-01 2.144999999999999962e-01 1.000000000000000000e+00
1.400000000000000000e+01 3.684000000000000000e+03 -1.000000000000000000e+00 -1.000000000000000000e+00 -1.000000000000000000e+00 -1.000000000000000000e+00 -1.000000000000000000e+00 1.616601000000000113e+03 1.322317000000000007e+03 1.278999999999999915e+00 4.035000000000000253e-01 4.929999999999999938e-01 1.000000000000000000e+00
1.400000000000000000e+01 3.675000000000000000e+03 -1.000000000000000000e+00 -1.000000000000000000e+00 -1.000000000000000000e+00 -1.000000000000000000e+00 -1.000000000000000000e+00 1.570824000000000069e+03 1.312597999999999956e+03 1.354999999999999982e+00 4.934999999999999942e-01 5.264999999999999680e-01 1.000000000000000000e+00
1.400000000000000000e+01 3.690000000000000000e+03 -1.000000000000000000e+00 -1.000000000000000000e+00 -1.000000000000000000e+00 -1.000000000000000000e+00 -1.000000000000000000e+00 1.631488000000000056e+03 1.314250999999999976e+03 1.254999999999999893e+00 3.614999999999999880e-01 2.535000000000000031e-01 1.000000000000000000e+00
1.400000000000000000e+01 3.688000000000000000e+03 -1.000000000000000000e+00 -1.000000000000000000e+00 -1.000000000000000000e+00 -1.000000000000000000e+00 -1.000000000000000000e+00 1.613963999999999942e+03 1.286566000000000031e+03 1.098999999999999977e+00 3.975000000000000200e-01 3.694999999999999951e-01 8.725000000000000533e-01
1.500000000000000000e+01 3.671000000000000000e+03 -1.000000000000000000e+00 -1.000000000000000000e+00 -1.000000000000000000e+00 -1.000000000000000000e+00 -1.000000000000000000e+00 1.572906999999999925e+03 1.311499000000000024e+03 1.189000000000000057e+00 4.385000000000000009e-01 3.724999999999999978e-01 1.000000000000000000e+00
1.500000000000000000e+01 3.689000000000000000e+03 -1.000000000000000000e+00 -1.000000000000000000e+00 -1.000000000000000000e+00 -1.000000000000000000e+00 -1.000000000000000000e+00 1.630391000000000076e+03 1.314470000000000027e+03 1.203000000000000069e+00 2.824999999999999734e-01 2.144999999999999962e-01 1.000000000000000000e+00
1.500000000000000000e+01 3.684000000000000000e+03 -1.000000000000000000e+00 -1.000000000000000000e+00 -1.000000000000000000e+00 -1.000000000000000000e+00 -1.000000000000000000e+00 1.616736000000000104e+03 1.322474999999999909e+03 1.278999999999999915e+00 4.035000000000000253e-01 4.929999999999999938e-01 1.000000000000000000e+00
1.500000000000000000e+01 3.690000000000000000e+03 -1.000000000000000000e+00 -1.000000000000000000e+00 -1.000000000000000000e+00 -1.000000000000000000e+00 -1.000000000000000000e+00 1.631488000000000056e+03 1.314250999999999976e+03 1.254999999999999893e+00 3.614999999999999880e-01 2.535000000000000031e-01 1.000000000000000000e+00
1.500000000000000000e+01 3.688000000000000000e+03 -1.000000000000000000e+00 -1.000000000000000000e+00 -1.000000000000000000e+00 -1.000000000000000000e+00 -1.000000000000000000e+00 1.614253999999999905e+03 1.287304000000000087e+03 1.070999999999999952e+00 3.975000000000000200e-01 3.694999999999999951e-01 8.725000000000000533e-01
1.500000000000000000e+01 3.675000000000000000e+03 -1.000000000000000000e+00 -1.000000000000000000e+00 -1.000000000000000000e+00 -1.000000000000000000e+00 -1.000000000000000000e+00 1.570824000000000069e+03 1.312597999999999956e+03 1.354999999999999982e+00 4.934999999999999387e-01 5.264999999999999680e-01 1.000000000000000000e+00
1.600000000000000000e+01 3.671000000000000000e+03 -1.000000000000000000e+00 -1.000000000000000000e+00 -1.000000000000000000e+00 -1.000000000000000000e+00 -1.000000000000000000e+00 1.572920000000000073e+03 1.311497000000000071e+03 1.189000000000000057e+00 4.385000000000000009e-01 3.724999999999999978e-01 1.000000000000000000e+00
1.600000000000000000e+01 3.689000000000000000e+03 -1.000000000000000000e+00 -1.000000000000000000e+00 -1.000000000000000000e+00 -1.000000000000000000e+00 -1.000000000000000000e+00 1.630391000000000076e+03 1.314470000000000027e+03 1.203000000000000069e+00 2.824999999999999734e-01 2.144999999999999962e-01 1.000000000000000000e+00
1.600000000000000000e+01 3.684000000000000000e+03 -1.000000000000000000e+00 -1.000000000000000000e+00 -1.000000000000000000e+00 -1.000000000000000000e+00 -1.000000000000000000e+00 1.617015000000000100e+03 1.322718000000000075e+03 1.252999999999999892e+00 4.035000000000000253e-01 4.929999999999999938e-01 1.000000000000000000e+00
1.600000000000000000e+01 3.675000000000000000e+03 -1.000000000000000000e+00 -1.000000000000000000e+00 -1.000000000000000000e+00 -1.000000000000000000e+00 -1.000000000000000000e+00 1.570824000000000069e+03 1.312597999999999956e+03 1.354999999999999982e+00 4.934999999999999942e-01 5.264999999999999680e-01 1.000000000000000000e+00
1.600000000000000000e+01 3.690000000000000000e+03 -1.000000000000000000e+00 -1.000000000000000000e+00 -1.000000000000000000e+00 -1.000000000000000000e+00 -1.000000000000000000e+00 1.631488000000000056e+03 1.314250999999999976e+03 1.254999999999999893e+00 3.614999999999999880e-01 2.535000000000000031e-01 1.000000000000000000e+00
1.600000000000000000e+01 3.688000000000000000e+03 -1.000000000000000000e+00 -1.000000000000000000e+00 -1.000000000000000000e+00 -1.000000000000000000e+00 -1.000000000000000000e+00 1.614464999999999918e+03 1.288148999999999887e+03 1.038999999999999924e+00 3.975000000000000200e-01 3.694999999999999951e-01 8.725000000000000533e-01
1.700000000000000000e+01 3.671000000000000000e+03 -1.000000000000000000e+00 -1.000000000000000000e+00 -1.000000000000000000e+00 -1.000000000000000000e+00 -1.000000000000000000e+00 1.572932999999999993e+03 1.311494999999999891e+03 1.189000000000000057e+00 4.385000000000000009e-01 3.724999999999999978e-01 1.000000000000000000e+00
1.700000000000000000e+01 3.684000000000000000e+03 -1.000000000000000000e+00 -1.000000000000000000e+00 -1.000000000000000000e+00 -1.000000000000000000e+00 -1.000000000000000000e+00 1.617291999999999916e+03 1.322910000000000082e+03 1.229000000000000092e+00 4.035000000000000253e-01 4.929999999999999938e-01 1.000000000000000000e+00
1.700000000000000000e+01 3.675000000000000000e+03 -1.000000000000000000e+00 -1.000000000000000000e+00 -1.000000000000000000e+00 -1.000000000000000000e+00 -1.000000000000000000e+00 1.570824000000000069e+03 1.312597999999999956e+03 1.354999999999999982e+00 4.934999999999999942e-01 5.264999999999999680e-01 1.000000000000000000e+00
1.700000000000000000e+01 3.690000000000000000e+03 -1.000000000000000000e+00 -1.000000000000000000e+00 -1.000000000000000000e+00 -1.000000000000000000e+00 -1.000000000000000000e+00 1.631488000000000056e+03 1.314250999999999976e+03 1.254999999999999893e+00 3.614999999999999880e-01 2.535000000000000031e-01 1.000000000000000000e+00
1.700000000000000000e+01 3.688000000000000000e+03 -1.000000000000000000e+00 -1.000000000000000000e+00 -1.000000000000000000e+00 -1.000000000000000000e+00 -1.000000000000000000e+00 1.614576999999999998e+03 1.288884999999999991e+03 1.010000000000000009e+00 3.975000000000000200e-01 3.694999999999999951e-01 8.725000000000000533e-01
1.700000000000000000e+01 3.689000000000000000e+03 -1.000000000000000000e+00 -1.000000000000000000e+00 -1.000000000000000000e+00 -1.000000000000000000e+00 -1.000000000000000000e+00 1.630391000000000076e+03 1.314470000000000027e+03 1.203000000000000291e+00 2.824999999999999734e-01 2.145000000000000240e-01 1.000000000000000000e+00
1.800000000000000000e+01 3.671000000000000000e+03 -1.000000000000000000e+00 -1.000000000000000000e+00 -1.000000000000000000e+00 -1.000000000000000000e+00 -1.000000000000000000e+00 1.572944999999999936e+03 1.311492999999999938e+03 1.189000000000000057e+00 4.385000000000000009e-01 3.724999999999999978e-01 1.000000000000000000e+00
1.800000000000000000e+01 3.689000000000000000e+03 -1.000000000000000000e+00 -1.000000000000000000e+00 -1.000000000000000000e+00 -1.000000000000000000e+00 -1.000000000000000000e+00 1.630391000000000076e+03 1.314470000000000027e+03 1.203000000000000069e+00 2.824999999999999734e-01 2.144999999999999962e-01 1.000000000000000000e+00
1.800000000000000000e+01 3.675000000000000000e+03 -1.000000000000000000e+00 -1.000000000000000000e+00 -1.000000000000000000e+00 -1.000000000000000000e+00 -1.000000000000000000e+00 1.570824000000000069e+03 1.312597999999999956e+03 1.354999999999999982e+00 4.934999999999999942e-01 5.264999999999999680e-01 1.000000000000000000e+00
1.800000000000000000e+01 3.690000000000000000e+03 -1.000000000000000000e+00 -1.000000000000000000e+00 -1.000000000000000000e+00 -1.000000000000000000e+00 -1.000000000000000000e+00 1.631488000000000056e+03 1.314250999999999976e+03 1.254999999999999893e+00 3.614999999999999880e-01 2.535000000000000031e-01 1.000000000000000000e+00
1.800000000000000000e+01 3.688000000000000000e+03 -1.000000000000000000e+00 -1.000000000000000000e+00 -1.000000000000000000e+00 -1.000000000000000000e+00 -1.000000000000000000e+00 1.614528999999999996e+03 1.289643000000000029e+03 9.809999999999999831e-01 3.975000000000000200e-01 3.694999999999999951e-01 8.725000000000000533e-01
1.900000000000000000e+01 3.671000000000000000e+03 -1.000000000000000000e+00 -1.000000000000000000e+00 -1.000000000000000000e+00 -1.000000000000000000e+00 -1.000000000000000000e+00 1.572957000000000107e+03 1.311490999999999985e+03 1.189000000000000057e+00 4.385000000000000009e-01 3.724999999999999978e-01 1.000000000000000000e+00
1.900000000000000000e+01 3.689000000000000000e+03 -1.000000000000000000e+00 -1.000000000000000000e+00 -1.000000000000000000e+00 -1.000000000000000000e+00 -1.000000000000000000e+00 1.630391000000000076e+03 1.314470000000000027e+03 1.203000000000000069e+00 2.824999999999999734e-01 2.144999999999999962e-01 1.000000000000000000e+00
1.900000000000000000e+01 3.675000000000000000e+03 -1.000000000000000000e+00 -1.000000000000000000e+00 -1.000000000000000000e+00 -1.000000000000000000e+00 -1.000000000000000000e+00 1.570824000000000069e+03 1.312597999999999956e+03 1.354999999999999982e+00 4.934999999999999942e-01 5.264999999999999680e-01 1.000000000000000000e+00
1.900000000000000000e+01 3.690000000000000000e+03 -1.000000000000000000e+00 -1.000000000000000000e+00 -1.000000000000000000e+00 -1.000000000000000000e+00 -1.000000000000000000e+00 1.631488000000000056e+03 1.314250999999999976e+03 1.254999999999999893e+00 3.614999999999999880e-01 2.535000000000000031e-01 1.000000000000000000e+00
1.900000000000000000e+01 3.688000000000000000e+03 -1.000000000000000000e+00 -1.000000000000000000e+00 -1.000000000000000000e+00 -1.000000000000000000e+00 -1.000000000000000000e+00 1.614438000000000102e+03 1.290397999999999911e+03 9.519999999999999574e-01 3.975000000000000200e-01 3.694999999999999951e-01 8.725000000000000533e-01
2.000000000000000000e+01 3.671000000000000000e+03 -1.000000000000000000e+00 -1.000000000000000000e+00 -1.000000000000000000e+00 -1.000000000000000000e+00 -1.000000000000000000e+00 1.572969000000000051e+03 1.311489000000000033e+03 1.189000000000000057e+00 4.385000000000000009e-01 3.724999999999999978e-01 1.000000000000000000e+00
2.000000000000000000e+01 3.689000000000000000e+03 -1.000000000000000000e+00 -1.000000000000000000e+00 -1.000000000000000000e+00 -1.000000000000000000e+00 -1.000000000000000000e+00 1.630391000000000076e+03 1.314470000000000027e+03 1.203000000000000069e+00 2.824999999999999734e-01 2.144999999999999962e-01 1.000000000000000000e+00
2.000000000000000000e+01 3.675000000000000000e+03 -1.000000000000000000e+00 -1.000000000000000000e+00 -1.000000000000000000e+00 -1.000000000000000000e+00 -1.000000000000000000e+00 1.570824000000000069e+03 1.312597999999999956e+03 1.354999999999999982e+00 4.934999999999999942e-01 5.264999999999999680e-01 1.000000000000000000e+00
2.000000000000000000e+01 3.690000000000000000e+03 -1.000000000000000000e+00 -1.000000000000000000e+00 -1.000000000000000000e+00 -1.000000000000000000e+00 -1.000000000000000000e+00 1.631488000000000056e+03 1.314250999999999976e+03 1.254999999999999893e+00 3.614999999999999880e-01 2.535000000000000031e-01 1.000000000000000000e+00
2.000000000000000000e+01 3.688000000000000000e+03 -1.000000000000000000e+00 -1.000000000000000000e+00 -1.000000000000000000e+00 -1.000000000000000000e+00 -1.000000000000000000e+00 1.614301999999999907e+03 1.291146999999999935e+03 9.230000000000000426e-01 3.975000000000000200e-01 3.694999999999999951e-01 8.725000000000000533e-01
2.100000000000000000e+01 3.689000000000000000e+03 -1.000000000000000000e+00 -1.000000000000000000e+00 -1.000000000000000000e+00 -1.000000000000000000e+00 -1.000000000000000000e+00 1.630391000000000076e+03 1.314470000000000027e+03 1.203000000000000069e+00 2.824999999999999734e-01 2.144999999999999962e-01 1.000000000000000000e+00
2.100000000000000000e+01 3.690000000000000000e+03 -1.000000000000000000e+00 -1.000000000000000000e+00 -1.000000000000000000e+00 -1.000000000000000000e+00 -1.000000000000000000e+00 1.631488000000000056e+03 1.314250999999999976e+03 1.254999999999999893e+00 3.614999999999999880e-01 2.535000000000000031e-01 1.000000000000000000e+00
2.100000000000000000e+01 3.688000000000000000e+03 -1.000000000000000000e+00 -1.000000000000000000e+00 -1.000000000000000000e+00 -1.000000000000000000e+00 -1.000000000000000000e+00 1.614134999999999991e+03 1.291846999999999980e+03 9.110000000000000320e-01 3.975000000000000200e-01 3.694999999999999951e-01 8.725000000000000533e-01
2.200000000000000000e+01 3.689000000000000000e+03 -1.000000000000000000e+00 -1.000000000000000000e+00 -1.000000000000000000e+00 -1.000000000000000000e+00 -1.000000000000000000e+00 1.630410000000000082e+03 1.314539999999999964e+03 1.203000000000000069e+00 2.824999999999999734e-01 2.144999999999999962e-01 1.000000000000000000e+00
2.200000000000000000e+01 3.690000000000000000e+03 -1.000000000000000000e+00 -1.000000000000000000e+00 -1.000000000000000000e+00 -1.000000000000000000e+00 -1.000000000000000000e+00 1.631488000000000056e+03 1.314250999999999976e+03 1.254999999999999893e+00 3.614999999999999880e-01 2.535000000000000031e-01 1.000000000000000000e+00
2.200000000000000000e+01 3.688000000000000000e+03 -1.000000000000000000e+00 -1.000000000000000000e+00 -1.000000000000000000e+00 -1.000000000000000000e+00 -1.000000000000000000e+00 1.613871000000000095e+03 1.292518000000000029e+03 8.990000000000000213e-01 3.975000000000000200e-01 3.694999999999999951e-01 8.725000000000000533e-01
2.300000000000000000e+01 3.689000000000000000e+03 -1.000000000000000000e+00 -1.000000000000000000e+00 -1.000000000000000000e+00 -1.000000000000000000e+00 -1.000000000000000000e+00 1.630429000000000087e+03 1.314608999999999924e+03 1.203000000000000069e+00 2.824999999999999734e-01 2.144999999999999962e-01 1.000000000000000000e+00
2.300000000000000000e+01 3.690000000000000000e+03 -1.000000000000000000e+00 -1.000000000000000000e+00 -1.000000000000000000e+00 -1.000000000000000000e+00 -1.000000000000000000e+00 1.631488000000000056e+03 1.314250999999999976e+03 1.254999999999999893e+00 3.614999999999999880e-01 2.535000000000000031e-01 1.000000000000000000e+00
2.300000000000000000e+01 3.688000000000000000e+03 -1.000000000000000000e+00 -1.000000000000000000e+00 -1.000000000000000000e+00 -1.000000000000000000e+00 -1.000000000000000000e+00 1.613517000000000053e+03 1.293144000000000005e+03 8.860000000000000098e-01 3.975000000000000200e-01 3.694999999999999951e-01 8.725000000000000533e-01
2.400000000000000000e+01 3.689000000000000000e+03 -1.000000000000000000e+00 -1.000000000000000000e+00 -1.000000000000000000e+00 -1.000000000000000000e+00 -1.000000000000000000e+00 1.630518000000000029e+03 1.314586000000000013e+03 1.203000000000000069e+00 2.824999999999999734e-01 2.144999999999999962e-01 1.000000000000000000e+00
2.400000000000000000e+01 3.690000000000000000e+03 -1.000000000000000000e+00 -1.000000000000000000e+00 -1.000000000000000000e+00 -1.000000000000000000e+00 -1.000000000000000000e+00 1.631488000000000056e+03 1.314250999999999976e+03 1.254999999999999893e+00 3.614999999999999880e-01 2.535000000000000031e-01 1.000000000000000000e+00
2.400000000000000000e+01 3.688000000000000000e+03 -1.000000000000000000e+00 -1.000000000000000000e+00 -1.000000000000000000e+00 -1.000000000000000000e+00 -1.000000000000000000e+00 1.613040999999999940e+03 1.293810999999999922e+03 9.110000000000000320e-01 3.975000000000000200e-01 3.694999999999999951e-01 8.725000000000000533e-01
2.500000000000000000e+01 3.689000000000000000e+03 -1.000000000000000000e+00 -1.000000000000000000e+00 -1.000000000000000000e+00 -1.000000000000000000e+00 -1.000000000000000000e+00 1.630606999999999971e+03 1.314563000000000102e+03 1.203000000000000069e+00 2.824999999999999734e-01 2.144999999999999962e-01 1.000000000000000000e+00
2.500000000000000000e+01 3.690000000000000000e+03 -1.000000000000000000e+00 -1.000000000000000000e+00 -1.000000000000000000e+00 -1.000000000000000000e+00 -1.000000000000000000e+00 1.631488000000000056e+03 1.314250999999999976e+03 1.254999999999999893e+00 3.614999999999999880e-01 2.535000000000000031e-01 1.000000000000000000e+00
2.500000000000000000e+01 3.688000000000000000e+03 -1.000000000000000000e+00 -1.000000000000000000e+00 -1.000000000000000000e+00 -1.000000000000000000e+00 -1.000000000000000000e+00 1.612460000000000036e+03 1.294391000000000076e+03 9.360000000000000542e-01 3.975000000000000200e-01 3.694999999999999951e-01 8.725000000000000533e-01
2.600000000000000000e+01 3.689000000000000000e+03 -1.000000000000000000e+00 -1.000000000000000000e+00 -1.000000000000000000e+00 -1.000000000000000000e+00 -1.000000000000000000e+00 1.630606999999999971e+03 1.314563000000000102e+03 1.203000000000000069e+00 2.824999999999999734e-01 2.144999999999999962e-01 1.000000000000000000e+00
2.600000000000000000e+01 3.690000000000000000e+03 -1.000000000000000000e+00 -1.000000000000000000e+00 -1.000000000000000000e+00 -1.000000000000000000e+00 -1.000000000000000000e+00 1.631488000000000056e+03 1.314250999999999976e+03 1.254999999999999893e+00 3.614999999999999880e-01 2.535000000000000031e-01 1.000000000000000000e+00
2.600000000000000000e+01 3.688000000000000000e+03 -1.000000000000000000e+00 -1.000000000000000000e+00 -1.000000000000000000e+00 -1.000000000000000000e+00 -1.000000000000000000e+00 1.611786000000000058e+03 1.294776000000000067e+03 9.609999999999999654e-01 3.975000000000000200e-01 3.694999999999999951e-01 8.725000000000000533e-01
2.700000000000000000e+01 3.689000000000000000e+03 -1.000000000000000000e+00 -1.000000000000000000e+00 -1.000000000000000000e+00 -1.000000000000000000e+00 -1.000000000000000000e+00 1.630606999999999971e+03 1.314563000000000102e+03 1.203000000000000069e+00 2.824999999999999734e-01 2.144999999999999962e-01 1.000000000000000000e+00
2.700000000000000000e+01 3.690000000000000000e+03 -1.000000000000000000e+00 -1.000000000000000000e+00 -1.000000000000000000e+00 -1.000000000000000000e+00 -1.000000000000000000e+00 1.631488000000000056e+03 1.314250999999999976e+03 1.254999999999999893e+00 3.614999999999999880e-01 2.535000000000000031e-01 1.000000000000000000e+00
2.700000000000000000e+01 3.688000000000000000e+03 -1.000000000000000000e+00 -1.000000000000000000e+00 -1.000000000000000000e+00 -1.000000000000000000e+00 -1.000000000000000000e+00 1.611112000000000080e+03 1.295162000000000035e+03 9.859999999999999876e-01 3.975000000000000200e-01 3.694999999999999951e-01 8.725000000000000533e-01
2.800000000000000000e+01 3.689000000000000000e+03 -1.000000000000000000e+00 -1.000000000000000000e+00 -1.000000000000000000e+00 -1.000000000000000000e+00 -1.000000000000000000e+00 1.630606999999999971e+03 1.314563000000000102e+03 1.203000000000000069e+00 2.824999999999999734e-01 2.144999999999999962e-01 1.000000000000000000e+00
2.800000000000000000e+01 3.690000000000000000e+03 -1.000000000000000000e+00 -1.000000000000000000e+00 -1.000000000000000000e+00 -1.000000000000000000e+00 -1.000000000000000000e+00 1.631488000000000056e+03 1.314250999999999976e+03 1.254999999999999893e+00 3.614999999999999880e-01 2.535000000000000031e-01 1.000000000000000000e+00
2.800000000000000000e+01 3.688000000000000000e+03 -1.000000000000000000e+00 -1.000000000000000000e+00 -1.000000000000000000e+00 -1.000000000000000000e+00 -1.000000000000000000e+00 1.610443999999999960e+03 1.295535000000000082e+03 1.010999999999999899e+00 3.975000000000000200e-01 3.694999999999999951e-01 8.725000000000000533e-01
2.900000000000000000e+01 3.689000000000000000e+03 -1.000000000000000000e+00 -1.000000000000000000e+00 -1.000000000000000000e+00 -1.000000000000000000e+00 -1.000000000000000000e+00 1.630606999999999971e+03 1.314563000000000102e+03 1.203000000000000069e+00 2.824999999999999734e-01 2.144999999999999962e-01 1.000000000000000000e+00
2.900000000000000000e+01 3.690000000000000000e+03 -1.000000000000000000e+00 -1.000000000000000000e+00 -1.000000000000000000e+00 -1.000000000000000000e+00 -1.000000000000000000e+00 1.631488000000000056e+03 1.314250999999999976e+03 1.254999999999999893e+00 3.614999999999999880e-01 2.535000000000000031e-01 1.000000000000000000e+00
2.900000000000000000e+01 3.688000000000000000e+03 -1.000000000000000000e+00 -1.000000000000000000e+00 -1.000000000000000000e+00 -1.000000000000000000e+00 -1.000000000000000000e+00 1.609825000000000045e+03 1.295982999999999947e+03 1.036000000000000032e+00 3.975000000000000200e-01 3.694999999999999951e-01 8.725000000000000533e-01
3.000000000000000000e+01 3.689000000000000000e+03 -1.000000000000000000e+00 -1.000000000000000000e+00 -1.000000000000000000e+00 -1.000000000000000000e+00 -1.000000000000000000e+00 1.630606999999999971e+03 1.314563000000000102e+03 1.203000000000000069e+00 2.824999999999999734e-01 2.144999999999999962e-01 1.000000000000000000e+00
3.000000000000000000e+01 3.690000000000000000e+03 -1.000000000000000000e+00 -1.000000000000000000e+00 -1.000000000000000000e+00 -1.000000000000000000e+00 -1.000000000000000000e+00 1.631488000000000056e+03 1.314250999999999976e+03 1.254999999999999893e+00 3.614999999999999880e-01 2.535000000000000031e-01 1.000000000000000000e+00
3.000000000000000000e+01 3.688000000000000000e+03 -1.000000000000000000e+00 -1.000000000000000000e+00 -1.000000000000000000e+00 -1.000000000000000000e+00 -1.000000000000000000e+00 1.609219000000000051e+03 1.296510999999999967e+03 1.060999999999999943e+00 3.975000000000000200e-01 3.694999999999999951e-01 8.725000000000000533e-01
3.100000000000000000e+01 3.689000000000000000e+03 -1.000000000000000000e+00 -1.000000000000000000e+00 -1.000000000000000000e+00 -1.000000000000000000e+00 -1.000000000000000000e+00 1.630606999999999971e+03 1.314563000000000102e+03 1.203000000000000069e+00 2.824999999999999734e-01 2.144999999999999962e-01 1.000000000000000000e+00
3.100000000000000000e+01 3.690000000000000000e+03 -1.000000000000000000e+00 -1.000000000000000000e+00 -1.000000000000000000e+00 -1.000000000000000000e+00 -1.000000000000000000e+00 1.631488000000000056e+03 1.314250999999999976e+03 1.254999999999999893e+00 3.614999999999999880e-01 2.535000000000000031e-01 1.000000000000000000e+00
3.100000000000000000e+01 3.688000000000000000e+03 -1.000000000000000000e+00 -1.000000000000000000e+00 -1.000000000000000000e+00 -1.000000000000000000e+00 -1.000000000000000000e+00 1.608685999999999922e+03 1.297114000000000033e+03 1.086000000000000076e+00 3.975000000000000200e-01 3.694999999999999951e-01 8.725000000000000533e-01
3.200000000000000000e+01 3.688000000000000000e+03 -1.000000000000000000e+00 -1.000000000000000000e+00 -1.000000000000000000e+00 -1.000000000000000000e+00 -1.000000000000000000e+00 1.608221999999999980e+03 1.297670000000000073e+03 1.135999999999999899e+00 3.975000000000000200e-01 3.694999999999999951e-01 8.725000000000000533e-01
3.200000000000000000e+01 3.689000000000000000e+03 -1.000000000000000000e+00 -1.000000000000000000e+00 -1.000000000000000000e+00 -1.000000000000000000e+00 -1.000000000000000000e+00 1.630606999999999971e+03 1.314563000000000102e+03 1.203000000000000069e+00 2.824999999999999734e-01 2.144999999999999962e-01 1.000000000000000000e+00
3.200000000000000000e+01 3.690000000000000000e+03 -1.000000000000000000e+00 -1.000000000000000000e+00 -1.000000000000000000e+00 -1.000000000000000000e+00 -1.000000000000000000e+00 1.631488000000000056e+03 1.314250999999999976e+03 1.254999999999999893e+00 3.614999999999999880e-01 2.535000000000000031e-01 1.000000000000000000e+00
3.300000000000000000e+01 3.689000000000000000e+03 -1.000000000000000000e+00 -1.000000000000000000e+00 -1.000000000000000000e+00 -1.000000000000000000e+00 -1.000000000000000000e+00 1.630606999999999971e+03 1.314563000000000102e+03 1.203000000000000069e+00 2.824999999999999734e-01 2.144999999999999962e-01 1.000000000000000000e+00
3.300000000000000000e+01 3.690000000000000000e+03 -1.000000000000000000e+00 -1.000000000000000000e+00 -1.000000000000000000e+00 -1.000000000000000000e+00 -1.000000000000000000e+00 1.631488000000000056e+03 1.314250999999999976e+03 1.254999999999999893e+00 3.614999999999999880e-01 2.535000000000000031e-01 1.000000000000000000e+00
3.400000000000000000e+01 3.689000000000000000e+03 -1.000000000000000000e+00 -1.000000000000000000e+00 -1.000000000000000000e+00 -1.000000000000000000e+00 -1.000000000000000000e+00 1.630606999999999971e+03 1.314563000000000102e+03 1.203000000000000069e+00 2.824999999999999734e-01 2.144999999999999962e-01 1.000000000000000000e+00
3.400000000000000000e+01 3.690000000000000000e+03 -1.000000000000000000e+00 -1.000000000000000000e+00 -1.000000000000000000e+00 -1.000000000000000000e+00 -1.000000000000000000e+00 1.631488000000000056e+03 1.314250999999999976e+03 1.254999999999999893e+00 3.614999999999999880e-01 2.535000000000000031e-01 1.000000000000000000e+00
