1.000000000000000000e+00 4.233000000000000000e+03 -1.000000000000000000e+00 -1.000000000000000000e+00 -1.000000000000000000e+00 -1.000000000000000000e+00 -1.000000000000000000e+00 1.309537000000000035e+03 8.802000000000000455e+02 9.779999999999999805e-01 9.405000000000000027e-01 2.459000000000000075e+00 8.525000000000000355e-01
1.000000000000000000e+00 4.234000000000000000e+03 -1.000000000000000000e+00 -1.000000000000000000e+00 -1.000000000000000000e+00 -1.000000000000000000e+00 -1.000000000000000000e+00 1.284377999999999929e+03 8.701319999999999482e+02 1.447000000000000064e+00 1.002499999999999947e+00 2.568000000000000060e+00 9.685000000000000275e-01
2.000000000000000000e+00 4.233000000000000000e+03 -1.000000000000000000e+00 -1.000000000000000000e+00 -1.000000000000000000e+00 -1.000000000000000000e+00 -1.000000000000000000e+00 1.309537000000000035e+03 8.802000000000000455e+02 9.789999999999999813e-01 9.405000000000000027e-01 2.459000000000000075e+00 8.525000000000000355e-01
2.000000000000000000e+00 4.234000000000000000e+03 -1.000000000000000000e+00 -1.000000000000000000e+00 -1.000000000000000000e+00 -1.000000000000000000e+00 -1.000000000000000000e+00 1.284377999999999929e+03 8.701330000000000382e+02 1.447000000000000064e+00 1.002499999999999947e+00 2.568000000000000060e+00 9.685000000000000275e-01
3.000000000000000000e+00 4.233000000000000000e+03 -1.000000000000000000e+00 -1.000000000000000000e+00 -1.000000000000000000e+00 -1.000000000000000000e+00 -1.000000000000000000e+00 1.309537000000000035e+03 8.802000000000000455e+02 9.789999999999999813e-01 9.405000000000000027e-01 2.459000000000000075e+00 8.525000000000000355e-01
3.000000000000000000e+00 4.234000000000000000e+03 -1.000000000000000000e+00 -1.000000000000000000e+00 -1.000000000000000000e+00 -1.000000000000000000e+00 -1.000000000000000000e+00 1.284377999999999929e+03 8.701330000000000382e+02 1.447000000000000064e+00 1.002499999999999947e+00 2.568000000000000060e+00 9.685000000000000275e-01
4.000000000000000000e+00 4.233000000000000000e+03 -1.000000000000000000e+00 -1.000000000000000000e+00 -1.000000000000000000e+00 -1.000000000000000000e+00 -1.000000000000000000e+00 1.309537000000000035e+03 8.802000000000000455e+02 9.789999999999999813e-01 9.405000000000000027e-01 2.459000000000000075e+00 8.525000000000000355e-01
4.000000000000000000e+00 4.234000000000000000e+03 -1.000000000000000000e+00 -1.000000000000000000e+00 -1.000000000000000000e+00 -1.000000000000000000e+00 -1.000000000000000000e+00 1.284377999999999929e+03 8.701330000000000382e+02 1.447000000000000064e+00 1.002499999999999947e+00 2.568000000000000060e+00 9.685000000000000275e-01
5.000000000000000000e+00 4.233000000000000000e+03 -1.000000000000000000e+00 -1.000000000000000000e+00 -1.000000000000000000e+00 -1.000000000000000000e+00 -1.000000000000000000e+00 1.309537000000000035e+03 8.802000000000000455e+02 9.799999999999999822e-01 9.405000000000000027e-01 2.459000000000000075e+00 8.525000000000000355e-01
5.000000000000000000e+00 4.234000000000000000e+03 -1.000000000000000000e+00 -1.000000000000000000e+00 -1.000000000000000000e+00 -1.000000000000000000e+00 -1.000000000000000000e+00 1.284377999999999929e+03 8.701330000000000382e+02 1.447000000000000064e+00 1.002499999999999947e+00 2.568000000000000060e+00 9.685000000000000275e-01
6.000000000000000000e+00 4.233000000000000000e+03 -1.000000000000000000e+00 -1.000000000000000000e+00 -1.000000000000000000e+00 -1.000000000000000000e+00 -1.000000000000000000e+00 1.309537000000000035e+03 8.802000000000000455e+02 9.799999999999999822e-01 9.405000000000000027e-01 2.459000000000000075e+00 8.525000000000000355e-01
6.000000000000000000e+00 4.234000000000000000e+03 -1.000000000000000000e+00 -1.000000000000000000e+00 -1.000000000000000000e+00 -1.000000000000000000e+00 -1.000000000000000000e+00 1.284377999999999929e+03 8.701330000000000382e+02 1.447000000000000064e+00 1.002499999999999947e+00 2.568000000000000060e+00 9.685000000000000275e-01
7.000000000000000000e+00 4.233000000000000000e+03 -1.000000000000000000e+00 -1.000000000000000000e+00 -1.000000000000000000e+00 -1.000000000000000000e+00 -1.000000000000000000e+00 1.309537000000000035e+03 8.802000000000000455e+02 9.799999999999999822e-01 9.405000000000000027e-01 2.459000000000000075e+00 8.525000000000000355e-01
7.000000000000000000e+00 4.234000000000000000e+03 -1.000000000000000000e+00 -1.000000000000000000e+00 -1.000000000000000000e+00 -1.000000000000000000e+00 -1.000000000000000000e+00 1.284377999999999929e+03 8.701330000000000382e+02 1.447000000000000064e+00 1.002499999999999947e+00 2.568000000000000060e+00 9.685000000000000275e-01
8.000000000000000000e+00 4.233000000000000000e+03 -1.000000000000000000e+00 -1.000000000000000000e+00 -1.000000000000000000e+00 -1.000000000000000000e+00 -1.000000000000000000e+00 1.309537000000000035e+03 8.802000000000000455e+02 9.809999999999999831e-01 9.405000000000000027e-01 2.459000000000000075e+00 8.525000000000000355e-01
8.000000000000000000e+00 4.234000000000000000e+03 -1.000000000000000000e+00 -1.000000000000000000e+00 -1.000000000000000000e+00 -1.000000000000000000e+00 -1.000000000000000000e+00 1.284377999999999929e+03 8.701330000000000382e+02 1.447000000000000064e+00 1.002499999999999947e+00 2.568000000000000060e+00 9.685000000000000275e-01
9.000000000000000000e+00 4.233000000000000000e+03 -1.000000000000000000e+00 -1.000000000000000000e+00 -1.000000000000000000e+00 -1.000000000000000000e+00 -1.000000000000000000e+00 1.309537000000000035e+03 8.802000000000000455e+02 9.809999999999999831e-01 9.405000000000000027e-01 2.459000000000000075e+00 8.525000000000000355e-01
9.000000000000000000e+00 4.234000000000000000e+03 -1.000000000000000000e+00 -1.000000000000000000e+00 -1.000000000000000000e+00 -1.000000000000000000e+00 -1.000000000000000000e+00 1.284377999999999929e+03 8.701330000000000382e+02 1.447000000000000064e+00 1.002499999999999947e+00 2.568000000000000060e+00 9.685000000000000275e-01
1.000000000000000000e+01 4.233000000000000000e+03 -1.000000000000000000e+00 -1.000000000000000000e+00 -1.000000000000000000e+00 -1.000000000000000000e+00 -1.000000000000000000e+00 1.309537000000000035e+03 8.802000000000000455e+02 9.809999999999999831e-01 9.405000000000000027e-01 2.459000000000000075e+00 8.525000000000000355e-01
1.000000000000000000e+01 4.234000000000000000e+03 -1.000000000000000000e+00 -1.000000000000000000e+00 -1.000000000000000000e+00 -1.000000000000000000e+00 -1.000000000000000000e+00 1.284377999999999929e+03 8.701330000000000382e+02 1.447000000000000064e+00 1.002499999999999947e+00 2.568000000000000060e+00 9.685000000000000275e-01
1.100000000000000000e+01 4.233000000000000000e+03 -1.000000000000000000e+00 -1.000000000000000000e+00 -1.000000000000000000e+00 -1.000000000000000000e+00 -1.000000000000000000e+00 1.309537000000000035e+03 8.802000000000000455e+02 9.819999999999999840e-01 9.405000000000000027e-01 2.459000000000000075e+00 8.525000000000000355e-01
1.100000000000000000e+01 4.234000000000000000e+03 -1.000000000000000000e+00 -1.000000000000000000e+00 -1.000000000000000000e+00 -1.000000000000000000e+00 -1.000000000000000000e+00 1.284377999999999929e+03 8.701330000000000382e+02 1.447000000000000064e+00 1.002499999999999947e+00 2.568000000000000060e+00 9.685000000000000275e-01
1.200000000000000000e+01 4.233000000000000000e+03 -1.000000000000000000e+00 -1.000000000000000000e+00 -1.000000000000000000e+00 -1.000000000000000000e+00 -1.000000000000000000e+00 1.309537000000000035e+03 8.802000000000000455e+02 9.819999999999999840e-01 9.405000000000000027e-01 2.459000000000000075e+00 8.525000000000000355e-01
1.200000000000000000e+01 4.234000000000000000e+03 -1.000000000000000000e+00 -1.000000000000000000e+00 -1.000000000000000000e+00 -1.000000000000000000e+00 -1.000000000000000000e+00 1.284377999999999929e+03 8.701340000000000146e+02 1.447000000000000064e+00 1.002499999999999947e+00 2.568000000000000060e+00 9.685000000000000275e-01
1.300000000000000000e+01 4.233000000000000000e+03 -1.000000000000000000e+00 -1.000000000000000000e+00 -1.000000000000000000e+00 -1.000000000000000000e+00 -1.000000000000000000e+00 1.309537000000000035e+03 8.802000000000000455e+02 9.819999999999999840e-01 9.405000000000000027e-01 2.459000000000000075e+00 8.525000000000000355e-01
1.300000000000000000e+01 4.234000000000000000e+03 -1.000000000000000000e+00 -1.000000000000000000e+00 -1.000000000000000000e+00 -1.000000000000000000e+00 -1.000000000000000000e+00 1.284377999999999929e+03 8.701340000000000146e+02 1.447000000000000064e+00 1.002499999999999947e+00 2.568000000000000060e+00 9.685000000000000275e-01
1.400000000000000000e+01 4.233000000000000000e+03 -1.000000000000000000e+00 -1.000000000000000000e+00 -1.000000000000000000e+00 -1.000000000000000000e+00 -1.000000000000000000e+00 1.309537000000000035e+03 8.802000000000000455e+02 9.829999999999999849e-01 9.405000000000000027e-01 2.459000000000000075e+00 8.525000000000000355e-01
1.400000000000000000e+01 4.234000000000000000e+03 -1.000000000000000000e+00 -1.000000000000000000e+00 -1.000000000000000000e+00 -1.000000000000000000e+00 -1.000000000000000000e+00 1.284377999999999929e+03 8.701340000000000146e+02 1.447000000000000064e+00 1.002499999999999947e+00 2.568000000000000060e+00 9.685000000000000275e-01
1.500000000000000000e+01 4.233000000000000000e+03 -1.000000000000000000e+00 -1.000000000000000000e+00 -1.000000000000000000e+00 -1.000000000000000000e+00 -1.000000000000000000e+00 1.309537000000000035e+03 8.802000000000000455e+02 9.829999999999999849e-01 9.405000000000000027e-01 2.459000000000000075e+00 8.525000000000000355e-01
1.500000000000000000e+01 4.234000000000000000e+03 -1.000000000000000000e+00 -1.000000000000000000e+00 -1.000000000000000000e+00 -1.000000000000000000e+00 -1.000000000000000000e+00 1.284377999999999929e+03 8.701340000000000146e+02 1.447000000000000064e+00 1.002499999999999947e+00 2.568000000000000060e+00 9.685000000000000275e-01
1.600000000000000000e+01 4.233000000000000000e+03 -1.000000000000000000e+00 -1.000000000000000000e+00 -1.000000000000000000e+00 -1.000000000000000000e+00 -1.000000000000000000e+00 1.309537000000000035e+03 8.802000000000000455e+02 9.829999999999999849e-01 9.405000000000000027e-01 2.459000000000000075e+00 8.525000000000000355e-01
1.600000000000000000e+01 4.234000000000000000e+03 -1.000000000000000000e+00 -1.000000000000000000e+00 -1.000000000000000000e+00 -1.000000000000000000e+00 -1.000000000000000000e+00 1.284377999999999929e+03 8.701340000000000146e+02 1.447000000000000064e+00 1.002499999999999947e+00 2.568000000000000060e+00 9.685000000000000275e-01
1.700000000000000000e+01 4.233000000000000000e+03 -1.000000000000000000e+00 -1.000000000000000000e+00 -1.000000000000000000e+00 -1.000000000000000000e+00 -1.000000000000000000e+00 1.309537000000000035e+03 8.802000000000000455e+02 9.839999999999999858e-01 9.405000000000000027e-01 2.459000000000000075e+00 8.525000000000000355e-01
1.700000000000000000e+01 4.234000000000000000e+03 -1.000000000000000000e+00 -1.000000000000000000e+00 -1.000000000000000000e+00 -1.000000000000000000e+00 -1.000000000000000000e+00 1.284377999999999929e+03 8.701340000000000146e+02 1.447000000000000064e+00 1.002499999999999947e+00 2.568000000000000060e+00 9.685000000000000275e-01
1.800000000000000000e+01 4.233000000000000000e+03 -1.000000000000000000e+00 -1.000000000000000000e+00 -1.000000000000000000e+00 -1.000000000000000000e+00 -1.000000000000000000e+00 1.309537000000000035e+03 8.802000000000000455e+02 9.839999999999999858e-01 9.405000000000000027e-01 2.459000000000000075e+00 8.525000000000000355e-01
1.800000000000000000e+01 4.234000000000000000e+03 -1.000000000000000000e+00 -1.000000000000000000e+00 -1.000000000000000000e+00 -1.000000000000000000e+00 -1.000000000000000000e+00 1.284377999999999929e+03 8.701340000000000146e+02 1.447000000000000064e+00 1.002499999999999947e+00 2.568000000000000060e+00 9.685000000000000275e-01
1.900000000000000000e+01 4.233000000000000000e+03 -1.000000000000000000e+00 -1.000000000000000000e+00 -1.000000000000000000e+00 -1.000000000000000000e+00 -1.000000000000000000e+00 1.309537000000000035e+03 8.802000000000000455e+02 9.839999999999999858e-01 9.405000000000000027e-01 2.459000000000000075e+00 8.525000000000000355e-01
1.900000000000000000e+01 4.234000000000000000e+03 -1.000000000000000000e+00 -1.000000000000000000e+00 -1.000000000000000000e+00 -1.000000000000000000e+00 -1.000000000000000000e+00 1.284377999999999929e+03 8.701340000000000146e+02 1.447000000000000064e+00 1.002499999999999947e+00 2.568000000000000060e+00 9.685000000000000275e-01
2.000000000000000000e+01 4.233000000000000000e+03 -1.000000000000000000e+00 -1.000000000000000000e+00 -1.000000000000000000e+00 -1.000000000000000000e+00 -1.000000000000000000e+00 1.309537000000000035e+03 8.802000000000000455e+02 9.849999999999999867e-01 9.405000000000000027e-01 2.459000000000000075e+00 8.525000000000000355e-01
2.000000000000000000e+01 4.234000000000000000e+03 -1.000000000000000000e+00 -1.000000000000000000e+00 -1.000000000000000000e+00 -1.000000000000000000e+00 -1.000000000000000000e+00 1.284377999999999929e+03 8.701340000000000146e+02 1.447000000000000064e+00 1.002499999999999947e+00 2.568000000000000060e+00 9.685000000000000275e-01
2.100000000000000000e+01 4.233000000000000000e+03 -1.000000000000000000e+00 -1.000000000000000000e+00 -1.000000000000000000e+00 -1.000000000000000000e+00 -1.000000000000000000e+00 1.309537000000000035e+03 8.802000000000000455e+02 9.849999999999999867e-01 9.405000000000000027e-01 2.459000000000000075e+00 8.525000000000000355e-01
2.100000000000000000e+01 4.234000000000000000e+03 -1.000000000000000000e+00 -1.000000000000000000e+00 -1.000000000000000000e+00 -1.000000000000000000e+00 -1.000000000000000000e+00 1.284377999999999929e+03 8.701340000000000146e+02 1.447000000000000064e+00 1.002499999999999947e+00 2.568000000000000060e+00 9.685000000000000275e-01
2.200000000000000000e+01 4.233000000000000000e+03 -1.000000000000000000e+00 -1.000000000000000000e+00 -1.000000000000000000e+00 -1.000000000000000000e+00 -1.000000000000000000e+00 1.309537000000000035e+03 8.802000000000000455e+02 9.849999999999999867e-01 9.405000000000000027e-01 2.459000000000000075e+00 8.525000000000000355e-01
2.200000000000000000e+01 4.234000000000000000e+03 -1.000000000000000000e+00 -1.000000000000000000e+00 -1.000000000000000000e+00 -1.000000000000000000e+00 -1.000000000000000000e+00 1.284377999999999929e+03 8.701349999999999909e+02 1.447000000000000064e+00 1.002499999999999947e+00 2.568000000000000060e+00 9.685000000000000275e-01
2.300000000000000000e+01 4.233000000000000000e+03 -1.000000000000000000e+00 -1.000000000000000000e+00 -1.000000000000000000e+00 -1.000000000000000000e+00 -1.000000000000000000e+00 1.309537000000000035e+03 8.802000000000000455e+02 9.859999999999999876e-01 9.405000000000000027e-01 2.459000000000000075e+00 8.525000000000000355e-01
2.300000000000000000e+01 4.234000000000000000e+03 -1.000000000000000000e+00 -1.000000000000000000e+00 -1.000000000000000000e+00 -1.000000000000000000e+00 -1.000000000000000000e+00 1.284377999999999929e+03 8.701349999999999909e+02 1.447000000000000064e+00 1.002499999999999947e+00 2.568000000000000060e+00 9.685000000000000275e-01
2.400000000000000000e+01 4.233000000000000000e+03 -1.000000000000000000e+00 -1.000000000000000000e+00 -1.000000000000000000e+00 -1.000000000000000000e+00 -1.000000000000000000e+00 1.309537000000000035e+03 8.802000000000000455e+02 9.859999999999999876e-01 9.405000000000000027e-01 2.459000000000000075e+00 8.525000000000000355e-01
2.400000000000000000e+01 4.234000000000000000e+03 -1.000000000000000000e+00 -1.000000000000000000e+00 -1.000000000000000000e+00 -1.000000000000000000e+00 -1.000000000000000000e+00 1.284377999999999929e+03 8.701349999999999909e+02 1.447000000000000064e+00 1.002499999999999947e+00 2.568000000000000060e+00 9.685000000000000275e-01
2.500000000000000000e+01 4.233000000000000000e+03 -1.000000000000000000e+00 -1.000000000000000000e+00 -1.000000000000000000e+00 -1.000000000000000000e+00 -1.000000000000000000e+00 1.309537000000000035e+03 8.802000000000000455e+02 9.859999999999999876e-01 9.405000000000000027e-01 2.459000000000000075e+00 8.525000000000000355e-01
2.500000000000000000e+01 4.234000000000000000e+03 -1.000000000000000000e+00 -1.000000000000000000e+00 -1.000000000000000000e+00 -1.000000000000000000e+00 -1.000000000000000000e+00 1.284377999999999929e+03 8.701349999999999909e+02 1.447000000000000064e+00 1.002499999999999947e+00 2.568000000000000060e+00 9.685000000000000275e-01
2.600000000000000000e+01 4.233000000000000000e+03 -1.000000000000000000e+00 -1.000000000000000000e+00 -1.000000000000000000e+00 -1.000000000000000000e+00 -1.000000000000000000e+00 1.309537000000000035e+03 8.802000000000000455e+02 9.869999999999999885e-01 9.405000000000000027e-01 2.459000000000000075e+00 8.525000000000000355e-01
2.600000000000000000e+01 4.234000000000000000e+03 -1.000000000000000000e+00 -1.000000000000000000e+00 -1.000000000000000000e+00 -1.000000000000000000e+00 -1.000000000000000000e+00 1.284377999999999929e+03 8.701349999999999909e+02 1.447000000000000064e+00 1.002499999999999947e+00 2.568000000000000060e+00 9.685000000000000275e-01
2.700000000000000000e+01 4.233000000000000000e+03 -1.000000000000000000e+00 -1.000000000000000000e+00 -1.000000000000000000e+00 -1.000000000000000000e+00 -1.000000000000000000e+00 1.309537000000000035e+03 8.802000000000000455e+02 9.869999999999999885e-01 9.405000000000000027e-01 2.459000000000000075e+00 8.525000000000000355e-01
2.700000000000000000e+01 4.234000000000000000e+03 -1.000000000000000000e+00 -1.000000000000000000e+00 -1.000000000000000000e+00 -1.000000000000000000e+00 -1.000000000000000000e+00 1.284377999999999929e+03 8.701349999999999909e+02 1.447000000000000064e+00 1.002499999999999947e+00 2.568000000000000060e+00 9.685000000000000275e-01
2.800000000000000000e+01 4.233000000000000000e+03 -1.000000000000000000e+00 -1.000000000000000000e+00 -1.000000000000000000e+00 -1.000000000000000000e+00 -1.000000000000000000e+00 1.309537000000000035e+03 8.802000000000000455e+02 9.869999999999999885e-01 9.405000000000000027e-01 2.459000000000000075e+00 8.525000000000000355e-01
2.800000000000000000e+01 4.234000000000000000e+03 -1.000000000000000000e+00 -1.000000000000000000e+00 -1.000000000000000000e+00 -1.000000000000000000e+00 -1.000000000000000000e+00 1.284377999999999929e+03 8.701349999999999909e+02 1.447000000000000064e+00 1.002499999999999947e+00 2.568000000000000060e+00 9.685000000000000275e-01
2.900000000000000000e+01 4.233000000000000000e+03 -1.000000000000000000e+00 -1.000000000000000000e+00 -1.000000000000000000e+00 -1.000000000000000000e+00 -1.000000000000000000e+00 1.309537000000000035e+03 8.802000000000000455e+02 9.869999999999999885e-01 9.405000000000000027e-01 2.459000000000000075e+00 8.525000000000000355e-01
2.900000000000000000e+01 4.234000000000000000e+03 -1.000000000000000000e+00 -1.000000000000000000e+00 -1.000000000000000000e+00 -1.000000000000000000e+00 -1.000000000000000000e+00 1.284377999999999929e+03 8.701349999999999909e+02 1.447000000000000064e+00 1.002499999999999947e+00 2.568000000000000060e+00 9.685000000000000275e-01
3.000000000000000000e+01 4.233000000000000000e+03 -1.000000000000000000e+00 -1.000000000000000000e+00 -1.000000000000000000e+00 -1.000000000000000000e+00 -1.000000000000000000e+00 1.309537000000000035e+03 8.802000000000000455e+02 9.879999999999999893e-01 9.405000000000000027e-01 2.459000000000000075e+00 8.525000000000000355e-01
3.000000000000000000e+01 4.234000000000000000e+03 -1.000000000000000000e+00 -1.000000000000000000e+00 -1.000000000000000000e+00 -1.000000000000000000e+00 -1.000000000000000000e+00 1.284377999999999929e+03 8.701349999999999909e+02 1.447000000000000064e+00 1.002499999999999947e+00 2.568000000000000060e+00 9.685000000000000275e-01
3.100000000000000000e+01 4.233000000000000000e+03 -1.000000000000000000e+00 -1.000000000000000000e+00 -1.000000000000000000e+00 -1.000000000000000000e+00 -1.000000000000000000e+00 1.309537000000000035e+03 8.802000000000000455e+02 9.879999999999999893e-01 9.405000000000000027e-01 2.459000000000000075e+00 8.525000000000000355e-01
3.100000000000000000e+01 4.234000000000000000e+03 -1.000000000000000000e+00 -1.000000000000000000e+00 -1.000000000000000000e+00 -1.000000000000000000e+00 -1.000000000000000000e+00 1.284377999999999929e+03 8.701349999999999909e+02 1.447000000000000064e+00 1.002499999999999947e+00 2.568000000000000060e+00 9.685000000000000275e-01
3.200000000000000000e+01 4.233000000000000000e+03 -1.000000000000000000e+00 -1.000000000000000000e+00 -1.000000000000000000e+00 -1.000000000000000000e+00 -1.000000000000000000e+00 1.309537000000000035e+03 8.802000000000000455e+02 9.889999999999999902e-01 9.405000000000000027e-01 2.459000000000000075e+00 8.525000000000000355e-01
3.200000000000000000e+01 4.234000000000000000e+03 -1.000000000000000000e+00 -1.000000000000000000e+00 -1.000000000000000000e+00 -1.000000000000000000e+00 -1.000000000000000000e+00 1.284377999999999929e+03 8.701359999999999673e+02 1.447000000000000064e+00 1.002499999999999947e+00 2.568000000000000060e+00 9.685000000000000275e-01
3.300000000000000000e+01 4.233000000000000000e+03 -1.000000000000000000e+00 -1.000000000000000000e+00 -1.000000000000000000e+00 -1.000000000000000000e+00 -1.000000000000000000e+00 1.309537000000000035e+03 8.802000000000000455e+02 9.889999999999999902e-01 9.405000000000000027e-01 2.459000000000000075e+00 8.525000000000000355e-01
3.300000000000000000e+01 4.234000000000000000e+03 -1.000000000000000000e+00 -1.000000000000000000e+00 -1.000000000000000000e+00 -1.000000000000000000e+00 -1.000000000000000000e+00 1.284377999999999929e+03 8.701359999999999673e+02 1.447000000000000064e+00 1.002499999999999947e+00 2.568000000000000060e+00 9.685000000000000275e-01
3.400000000000000000e+01 4.233000000000000000e+03 -1.000000000000000000e+00 -1.000000000000000000e+00 -1.000000000000000000e+00 -1.000000000000000000e+00 -1.000000000000000000e+00 1.309537000000000035e+03 8.802000000000000455e+02 9.889999999999999902e-01 9.405000000000000027e-01 2.459000000000000075e+00 8.525000000000000355e-01
3.400000000000000000e+01 4.234000000000000000e+03 -1.000000000000000000e+00 -1.000000000000000000e+00 -1.000000000000000000e+00 -1.000000000000000000e+00 -1.000000000000000000e+00 1.284377999999999929e+03 8.701359999999999673e+02 1.447000000000000064e+00 1.002499999999999947e+00 2.568000000000000060e+00 9.685000000000000275e-01
3.500000000000000000e+01 4.233000000000000000e+03 -1.000000000000000000e+00 -1.000000000000000000e+00 -1.000000000000000000e+00 -1.000000000000000000e+00 -1.000000000000000000e+00 1.309537000000000035e+03 8.802000000000000455e+02 9.889999999999999902e-01 9.405000000000000027e-01 2.459000000000000075e+00 8.525000000000000355e-01
3.500000000000000000e+01 4.234000000000000000e+03 -1.000000000000000000e+00 -1.000000000000000000e+00 -1.000000000000000000e+00 -1.000000000000000000e+00 -1.000000000000000000e+00 1.284377999999999929e+03 8.701359999999999673e+02 1.447000000000000064e+00 1.002499999999999947e+00 2.568000000000000060e+00 9.685000000000000275e-01
3.600000000000000000e+01 4.233000000000000000e+03 -1.000000000000000000e+00 -1.000000000000000000e+00 -1.000000000000000000e+00 -1.000000000000000000e+00 -1.000000000000000000e+00 1.309537000000000035e+03 8.802000000000000455e+02 9.899999999999999911e-01 9.405000000000000027e-01 2.459000000000000075e+00 8.525000000000000355e-01
3.600000000000000000e+01 4.234000000000000000e+03 -1.000000000000000000e+00 -1.000000000000000000e+00 -1.000000000000000000e+00 -1.000000000000000000e+00 -1.000000000000000000e+00 1.284377999999999929e+03 8.701359999999999673e+02 1.447000000000000064e+00 1.002499999999999947e+00 2.568000000000000060e+00 9.685000000000000275e-01
3.700000000000000000e+01 4.233000000000000000e+03 -1.000000000000000000e+00 -1.000000000000000000e+00 -1.000000000000000000e+00 -1.000000000000000000e+00 -1.000000000000000000e+00 1.309537000000000035e+03 8.802000000000000455e+02 9.899999999999999911e-01 9.405000000000000027e-01 2.459000000000000075e+00 8.525000000000000355e-01
3.700000000000000000e+01 4.234000000000000000e+03 -1.000000000000000000e+00 -1.000000000000000000e+00 -1.000000000000000000e+00 -1.000000000000000000e+00 -1.000000000000000000e+00 1.284377999999999929e+03 8.701359999999999673e+02 1.447000000000000064e+00 1.002499999999999947e+00 2.568000000000000060e+00 9.685000000000000275e-01
3.800000000000000000e+01 4.233000000000000000e+03 -1.000000000000000000e+00 -1.000000000000000000e+00 -1.000000000000000000e+00 -1.000000000000000000e+00 -1.000000000000000000e+00 1.309537000000000035e+03 8.802000000000000455e+02 9.909999999999999920e-01 9.405000000000000027e-01 2.459000000000000075e+00 8.525000000000000355e-01
3.800000000000000000e+01 4.234000000000000000e+03 -1.000000000000000000e+00 -1.000000000000000000e+00 -1.000000000000000000e+00 -1.000000000000000000e+00 -1.000000000000000000e+00 1.284377999999999929e+03 8.701359999999999673e+02 1.447000000000000064e+00 1.002499999999999947e+00 2.568000000000000060e+00 9.685000000000000275e-01
3.900000000000000000e+01 4.233000000000000000e+03 -1.000000000000000000e+00 -1.000000000000000000e+00 -1.000000000000000000e+00 -1.000000000000000000e+00 -1.000000000000000000e+00 1.309537000000000035e+03 8.802000000000000455e+02 9.909999999999999920e-01 9.405000000000000027e-01 2.459000000000000075e+00 8.525000000000000355e-01
3.900000000000000000e+01 4.234000000000000000e+03 -1.000000000000000000e+00 -1.000000000000000000e+00 -1.000000000000000000e+00 -1.000000000000000000e+00 -1.000000000000000000e+00 1.284376999999999953e+03 8.701359999999999673e+02 1.447000000000000064e+00 1.002499999999999947e+00 2.568000000000000060e+00 9.685000000000000275e-01
4.000000000000000000e+01 4.233000000000000000e+03 -1.000000000000000000e+00 -1.000000000000000000e+00 -1.000000000000000000e+00 -1.000000000000000000e+00 -1.000000000000000000e+00 1.309537000000000035e+03 8.802000000000000455e+02 9.909999999999999920e-01 9.405000000000000027e-01 2.459000000000000075e+00 8.525000000000000355e-01
4.000000000000000000e+01 4.234000000000000000e+03 -1.000000000000000000e+00 -1.000000000000000000e+00 -1.000000000000000000e+00 -1.000000000000000000e+00 -1.000000000000000000e+00 1.284376999999999953e+03 8.701359999999999673e+02 1.447000000000000064e+00 1.002499999999999947e+00 2.568000000000000060e+00 9.685000000000000275e-01
