1.800000000000000000e+01 5.248000000000000000e+03 -1.000000000000000000e+00 -1.000000000000000000e+00 -1.000000000000000000e+00 -1.000000000000000000e+00 -1.000000000000000000e+00 6.741699999999999591e+02 6.700119999999999436e+02 3.217000000000000082e+00 1.509500000000000064e+00 6.271499999999999631e+00 1.401999999999999913e+00
1.900000000000000000e+01 5.248000000000000000e+03 -1.000000000000000000e+00 -1.000000000000000000e+00 -1.000000000000000000e+00 -1.000000000000000000e+00 -1.000000000000000000e+00 6.741979999999999791e+02 6.700449999999999591e+02 3.192000000000000171e+00 1.509500000000000064e+00 6.271499999999999631e+00 1.401999999999999913e+00
2.000000000000000000e+01 5.248000000000000000e+03 -1.000000000000000000e+00 -1.000000000000000000e+00 -1.000000000000000000e+00 -1.000000000000000000e+00 -1.000000000000000000e+00 6.741979999999999791e+02 6.700439999999999827e+02 3.104000000000000092e+00 1.509500000000000064e+00 6.271499999999999631e+00 1.401999999999999913e+00
2.100000000000000000e+01 5.248000000000000000e+03 -1.000000000000000000e+00 -1.000000000000000000e+00 -1.000000000000000000e+00 -1.000000000000000000e+00 -1.000000000000000000e+00 6.741970000000000027e+02 6.700439999999999827e+02 3.016000000000000014e+00 1.509500000000000064e+00 6.271499999999999631e+00 1.401999999999999913e+00
2.100000000000000000e+01 5.258000000000000000e+03 -1.000000000000000000e+00 -1.000000000000000000e+00 -1.000000000000000000e+00 -1.000000000000000000e+00 -1.000000000000000000e+00 6.916040000000000418e+02 6.555149999999999864e+02 3.116000000000000103e+00 1.443500000000000005e+00 6.333499999999999908e+00 1.572999999999999954e+00
2.200000000000000000e+01 5.248000000000000000e+03 -1.000000000000000000e+00 -1.000000000000000000e+00 -1.000000000000000000e+00 -1.000000000000000000e+00 -1.000000000000000000e+00 6.741970000000000027e+02 6.700439999999999827e+02 2.928999999999999826e+00 1.509500000000000064e+00 6.271499999999999631e+00 1.401999999999999913e+00
2.200000000000000000e+01 5.258000000000000000e+03 -1.000000000000000000e+00 -1.000000000000000000e+00 -1.000000000000000000e+00 -1.000000000000000000e+00 -1.000000000000000000e+00 6.916040000000000418e+02 6.555149999999999864e+02 3.116000000000000103e+00 1.443500000000000005e+00 6.333499999999999908e+00 1.572999999999999954e+00
2.300000000000000000e+01 5.261000000000000000e+03 -1.000000000000000000e+00 -1.000000000000000000e+00 -1.000000000000000000e+00 -1.000000000000000000e+00 -1.000000000000000000e+00 6.566250000000000000e+02 6.867100000000000364e+02 2.950000000000000178e+00 1.427999999999999936e+00 5.905999999999999694e+00 1.429000000000000048e+00
2.300000000000000000e+01 5.248000000000000000e+03 -1.000000000000000000e+00 -1.000000000000000000e+00 -1.000000000000000000e+00 -1.000000000000000000e+00 -1.000000000000000000e+00 6.741779999999999973e+02 6.700220000000000482e+02 2.899999999999999911e+00 1.509500000000000064e+00 6.271499999999999631e+00 1.401999999999999913e+00
2.300000000000000000e+01 5.258000000000000000e+03 -1.000000000000000000e+00 -1.000000000000000000e+00 -1.000000000000000000e+00 -1.000000000000000000e+00 -1.000000000000000000e+00 6.916040000000000418e+02 6.555149999999999864e+02 3.116000000000000103e+00 1.443500000000000005e+00 6.333499999999999908e+00 1.572999999999999954e+00
2.400000000000000000e+01 5.261000000000000000e+03 -1.000000000000000000e+00 -1.000000000000000000e+00 -1.000000000000000000e+00 -1.000000000000000000e+00 -1.000000000000000000e+00 6.565929999999999609e+02 6.866670000000000300e+02 2.866999999999999993e+00 1.427999999999999936e+00 5.905999999999999694e+00 1.429000000000000048e+00
2.400000000000000000e+01 5.248000000000000000e+03 -1.000000000000000000e+00 -1.000000000000000000e+00 -1.000000000000000000e+00 -1.000000000000000000e+00 -1.000000000000000000e+00 6.741599999999999682e+02 6.700000000000000000e+02 2.870000000000000107e+00 1.509500000000000064e+00 6.271499999999999631e+00 1.401999999999999913e+00
2.400000000000000000e+01 5.258000000000000000e+03 -1.000000000000000000e+00 -1.000000000000000000e+00 -1.000000000000000000e+00 -1.000000000000000000e+00 -1.000000000000000000e+00 6.916040000000000418e+02 6.555149999999999864e+02 3.116000000000000103e+00 1.443500000000000005e+00 6.333499999999999908e+00 1.572999999999999954e+00
2.500000000000000000e+01 5.269000000000000000e+03 -1.000000000000000000e+00 -1.000000000000000000e+00 -1.000000000000000000e+00 -1.000000000000000000e+00 -1.000000000000000000e+00 6.503129999999999882e+02 6.933189999999999600e+02 2.617999999999999883e+00 1.425000000000000044e+00 6.302500000000000213e+00 1.475000000000000089e+00
2.500000000000000000e+01 5.261000000000000000e+03 -1.000000000000000000e+00 -1.000000000000000000e+00 -1.000000000000000000e+00 -1.000000000000000000e+00 -1.000000000000000000e+00 6.565599999999999454e+02 6.866230000000000473e+02 2.782999999999999918e+00 1.427999999999999936e+00 5.905999999999999694e+00 1.429000000000000048e+00
2.500000000000000000e+01 5.248000000000000000e+03 -1.000000000000000000e+00 -1.000000000000000000e+00 -1.000000000000000000e+00 -1.000000000000000000e+00 -1.000000000000000000e+00 6.741409999999999627e+02 6.699779999999999518e+02 2.841000000000000192e+00 1.509500000000000064e+00 6.271499999999999631e+00 1.401999999999999913e+00
2.500000000000000000e+01 5.258000000000000000e+03 -1.000000000000000000e+00 -1.000000000000000000e+00 -1.000000000000000000e+00 -1.000000000000000000e+00 -1.000000000000000000e+00 6.916040000000000418e+02 6.555149999999999864e+02 2.966000000000000192e+00 1.443500000000000005e+00 6.333499999999999908e+00 1.572999999999999954e+00
2.600000000000000000e+01 5.269000000000000000e+03 -1.000000000000000000e+00 -1.000000000000000000e+00 -1.000000000000000000e+00 -1.000000000000000000e+00 -1.000000000000000000e+00 6.503769999999999527e+02 6.932619999999999436e+02 2.617999999999999883e+00 1.425000000000000044e+00 6.302500000000000213e+00 1.475000000000000089e+00
2.600000000000000000e+01 5.261000000000000000e+03 -1.000000000000000000e+00 -1.000000000000000000e+00 -1.000000000000000000e+00 -1.000000000000000000e+00 -1.000000000000000000e+00 6.565270000000000437e+02 6.865789999999999509e+02 2.782999999999999918e+00 1.427999999999999936e+00 5.905999999999999694e+00 1.429000000000000048e+00
2.600000000000000000e+01 5.248000000000000000e+03 -1.000000000000000000e+00 -1.000000000000000000e+00 -1.000000000000000000e+00 -1.000000000000000000e+00 -1.000000000000000000e+00 6.741409999999999627e+02 6.699779999999999518e+02 2.892999999999999794e+00 1.509500000000000064e+00 6.271499999999999631e+00 1.401999999999999913e+00
2.600000000000000000e+01 5.258000000000000000e+03 -1.000000000000000000e+00 -1.000000000000000000e+00 -1.000000000000000000e+00 -1.000000000000000000e+00 -1.000000000000000000e+00 6.916040000000000418e+02 6.555149999999999864e+02 2.966000000000000192e+00 1.443500000000000005e+00 6.333499999999999908e+00 1.572999999999999954e+00
2.700000000000000000e+01 5.269000000000000000e+03 -1.000000000000000000e+00 -1.000000000000000000e+00 -1.000000000000000000e+00 -1.000000000000000000e+00 -1.000000000000000000e+00 6.503769999999999527e+02 6.932619999999999436e+02 2.617999999999999883e+00 1.425000000000000044e+00 6.302500000000000213e+00 1.475000000000000089e+00
2.700000000000000000e+01 5.261000000000000000e+03 -1.000000000000000000e+00 -1.000000000000000000e+00 -1.000000000000000000e+00 -1.000000000000000000e+00 -1.000000000000000000e+00 6.564930000000000518e+02 6.865339999999999918e+02 2.782999999999999918e+00 1.427999999999999936e+00 5.905999999999999694e+00 1.429000000000000048e+00
2.700000000000000000e+01 5.248000000000000000e+03 -1.000000000000000000e+00 -1.000000000000000000e+00 -1.000000000000000000e+00 -1.000000000000000000e+00 -1.000000000000000000e+00 6.741409999999999627e+02 6.699779999999999518e+02 2.944999999999999840e+00 1.509500000000000064e+00 6.271499999999999631e+00 1.401999999999999913e+00
2.700000000000000000e+01 5.258000000000000000e+03 -1.000000000000000000e+00 -1.000000000000000000e+00 -1.000000000000000000e+00 -1.000000000000000000e+00 -1.000000000000000000e+00 6.916040000000000418e+02 6.555149999999999864e+02 2.915999999999999925e+00 1.443500000000000005e+00 6.333499999999999908e+00 1.572999999999999954e+00
2.800000000000000000e+01 5.269000000000000000e+03 -1.000000000000000000e+00 -1.000000000000000000e+00 -1.000000000000000000e+00 -1.000000000000000000e+00 -1.000000000000000000e+00 6.503769999999999527e+02 6.932619999999999436e+02 2.617999999999999883e+00 1.425000000000000044e+00 6.302500000000000213e+00 1.475000000000000089e+00
2.800000000000000000e+01 5.261000000000000000e+03 -1.000000000000000000e+00 -1.000000000000000000e+00 -1.000000000000000000e+00 -1.000000000000000000e+00 -1.000000000000000000e+00 6.564629999999999654e+02 6.864930000000000518e+02 2.782999999999999918e+00 1.427999999999999936e+00 5.905999999999999694e+00 1.429000000000000048e+00
2.800000000000000000e+01 5.248000000000000000e+03 -1.000000000000000000e+00 -1.000000000000000000e+00 -1.000000000000000000e+00 -1.000000000000000000e+00 -1.000000000000000000e+00 6.741409999999999627e+02 6.699779999999999518e+02 2.991000000000000103e+00 1.509500000000000064e+00 6.271499999999999631e+00 1.401999999999999913e+00
2.800000000000000000e+01 5.258000000000000000e+03 -1.000000000000000000e+00 -1.000000000000000000e+00 -1.000000000000000000e+00 -1.000000000000000000e+00 -1.000000000000000000e+00 6.916620000000000346e+02 6.555800000000000409e+02 2.866000000000000103e+00 1.443500000000000005e+00 6.333499999999999908e+00 1.572999999999999954e+00
2.800000000000000000e+01 5.275000000000000000e+03 -1.000000000000000000e+00 -1.000000000000000000e+00 -1.000000000000000000e+00 -1.000000000000000000e+00 -1.000000000000000000e+00 6.406539999999999964e+02 7.033319999999999936e+02 3.023000000000000131e+00 1.358000000000000096e+00 5.915499999999999758e+00 1.391499999999999959e+00
2.900000000000000000e+01 5.269000000000000000e+03 -1.000000000000000000e+00 -1.000000000000000000e+00 -1.000000000000000000e+00 -1.000000000000000000e+00 -1.000000000000000000e+00 6.503769999999999527e+02 6.932619999999999436e+02 2.617999999999999883e+00 1.425000000000000044e+00 6.302500000000000213e+00 1.475000000000000089e+00
2.900000000000000000e+01 5.261000000000000000e+03 -1.000000000000000000e+00 -1.000000000000000000e+00 -1.000000000000000000e+00 -1.000000000000000000e+00 -1.000000000000000000e+00 6.563700000000000045e+02 6.865620000000000118e+02 2.766000000000000014e+00 1.427999999999999936e+00 5.905999999999999694e+00 1.429000000000000048e+00
2.900000000000000000e+01 5.248000000000000000e+03 -1.000000000000000000e+00 -1.000000000000000000e+00 -1.000000000000000000e+00 -1.000000000000000000e+00 -1.000000000000000000e+00 6.741209999999999809e+02 6.699550000000000409e+02 2.991000000000000103e+00 1.509500000000000064e+00 6.271499999999999631e+00 1.401999999999999913e+00
2.900000000000000000e+01 5.258000000000000000e+03 -1.000000000000000000e+00 -1.000000000000000000e+00 -1.000000000000000000e+00 -1.000000000000000000e+00 -1.000000000000000000e+00 6.916040000000000418e+02 6.555149999999999864e+02 2.866000000000000103e+00 1.443500000000000005e+00 6.333499999999999908e+00 1.572999999999999954e+00
2.900000000000000000e+01 5.277000000000000000e+03 -1.000000000000000000e+00 -1.000000000000000000e+00 -1.000000000000000000e+00 -1.000000000000000000e+00 -1.000000000000000000e+00 6.328630000000000564e+02 7.068509999999999991e+02 2.813000000000000167e+00 1.474499999999999922e+00 6.128499999999999837e+00 1.479999999999999982e+00
2.900000000000000000e+01 5.275000000000000000e+03 -1.000000000000000000e+00 -1.000000000000000000e+00 -1.000000000000000000e+00 -1.000000000000000000e+00 -1.000000000000000000e+00 6.407530000000000427e+02 7.033139999999999645e+02 3.020000000000000018e+00 1.358000000000000096e+00 5.915499999999999758e+00 1.391499999999999959e+00
3.000000000000000000e+01 5.269000000000000000e+03 -1.000000000000000000e+00 -1.000000000000000000e+00 -1.000000000000000000e+00 -1.000000000000000000e+00 -1.000000000000000000e+00 6.503129999999999882e+02 6.933189999999999600e+02 2.617999999999999883e+00 1.425000000000000044e+00 6.302500000000000213e+00 1.475000000000000089e+00
3.000000000000000000e+01 5.261000000000000000e+03 -1.000000000000000000e+00 -1.000000000000000000e+00 -1.000000000000000000e+00 -1.000000000000000000e+00 -1.000000000000000000e+00 6.562859999999999445e+02 6.866250000000000000e+02 2.750000000000000000e+00 1.427999999999999936e+00 5.905999999999999694e+00 1.429000000000000048e+00
3.000000000000000000e+01 5.248000000000000000e+03 -1.000000000000000000e+00 -1.000000000000000000e+00 -1.000000000000000000e+00 -1.000000000000000000e+00 -1.000000000000000000e+00 6.741029999999999518e+02 6.699339999999999691e+02 2.991000000000000103e+00 1.509500000000000064e+00 6.271499999999999631e+00 1.401999999999999913e+00
3.000000000000000000e+01 5.279000000000000000e+03 -1.000000000000000000e+00 -1.000000000000000000e+00 -1.000000000000000000e+00 -1.000000000000000000e+00 -1.000000000000000000e+00 6.286219999999999573e+02 7.120610000000000355e+02 2.988999999999999879e+00 1.304000000000000048e+00 6.011499999999999844e+00 1.296000000000000041e+00
3.000000000000000000e+01 5.258000000000000000e+03 -1.000000000000000000e+00 -1.000000000000000000e+00 -1.000000000000000000e+00 -1.000000000000000000e+00 -1.000000000000000000e+00 6.916609999999999445e+02 6.555810000000000173e+02 2.866000000000000103e+00 1.443500000000000005e+00 6.333499999999999908e+00 1.572999999999999954e+00
3.000000000000000000e+01 5.277000000000000000e+03 -1.000000000000000000e+00 -1.000000000000000000e+00 -1.000000000000000000e+00 -1.000000000000000000e+00 -1.000000000000000000e+00 6.328630000000000564e+02 7.068509999999999991e+02 2.762999999999999901e+00 1.474499999999999922e+00 6.128499999999999837e+00 1.479999999999999982e+00
3.000000000000000000e+01 5.275000000000000000e+03 -1.000000000000000000e+00 -1.000000000000000000e+00 -1.000000000000000000e+00 -1.000000000000000000e+00 -1.000000000000000000e+00 6.408429999999999609e+02 7.032970000000000255e+02 3.016999999999999904e+00 1.358000000000000096e+00 5.915499999999999758e+00 1.391499999999999959e+00
3.100000000000000000e+01 5.269000000000000000e+03 -1.000000000000000000e+00 -1.000000000000000000e+00 -1.000000000000000000e+00 -1.000000000000000000e+00 -1.000000000000000000e+00 6.503129999999999882e+02 6.933189999999999600e+02 2.418000000000000149e+00 1.425000000000000044e+00 6.302500000000000213e+00 1.475000000000000089e+00
3.100000000000000000e+01 5.261000000000000000e+03 -1.000000000000000000e+00 -1.000000000000000000e+00 -1.000000000000000000e+00 -1.000000000000000000e+00 -1.000000000000000000e+00 6.562019999999999982e+02 6.866879999999999882e+02 2.733000000000000096e+00 1.427999999999999936e+00 5.905999999999999694e+00 1.429000000000000048e+00
3.100000000000000000e+01 5.248000000000000000e+03 -1.000000000000000000e+00 -1.000000000000000000e+00 -1.000000000000000000e+00 -1.000000000000000000e+00 -1.000000000000000000e+00 6.740839999999999463e+02 6.699130000000000109e+02 2.991000000000000103e+00 1.509500000000000064e+00 6.271499999999999631e+00 1.401999999999999913e+00
3.100000000000000000e+01 5.279000000000000000e+03 -1.000000000000000000e+00 -1.000000000000000000e+00 -1.000000000000000000e+00 -1.000000000000000000e+00 -1.000000000000000000e+00 6.285599999999999454e+02 7.120059999999999718e+02 2.939000000000000057e+00 1.304000000000000048e+00 6.011499999999999844e+00 1.296000000000000041e+00
3.100000000000000000e+01 5.277000000000000000e+03 -1.000000000000000000e+00 -1.000000000000000000e+00 -1.000000000000000000e+00 -1.000000000000000000e+00 -1.000000000000000000e+00 6.328630000000000564e+02 7.068509999999999991e+02 2.662999999999999812e+00 1.474499999999999922e+00 6.128499999999999837e+00 1.479999999999999982e+00
3.100000000000000000e+01 5.275000000000000000e+03 -1.000000000000000000e+00 -1.000000000000000000e+00 -1.000000000000000000e+00 -1.000000000000000000e+00 -1.000000000000000000e+00 6.407329999999999472e+02 7.033179999999999836e+02 2.914000000000000146e+00 1.358000000000000096e+00 5.915499999999999758e+00 1.391499999999999959e+00
3.200000000000000000e+01 5.269000000000000000e+03 -1.000000000000000000e+00 -1.000000000000000000e+00 -1.000000000000000000e+00 -1.000000000000000000e+00 -1.000000000000000000e+00 6.503120000000000118e+02 6.933210000000000264e+02 2.367999999999999883e+00 1.425000000000000044e+00 6.302500000000000213e+00 1.475000000000000089e+00
3.200000000000000000e+01 5.261000000000000000e+03 -1.000000000000000000e+00 -1.000000000000000000e+00 -1.000000000000000000e+00 -1.000000000000000000e+00 -1.000000000000000000e+00 6.561699999999999591e+02 6.867219999999999800e+02 2.786000000000000032e+00 1.427999999999999936e+00 5.905999999999999694e+00 1.429000000000000048e+00
3.200000000000000000e+01 5.248000000000000000e+03 -1.000000000000000000e+00 -1.000000000000000000e+00 -1.000000000000000000e+00 -1.000000000000000000e+00 -1.000000000000000000e+00 6.740610000000000355e+02 6.699690000000000509e+02 2.975000000000000089e+00 1.509500000000000064e+00 6.271499999999999631e+00 1.401999999999999913e+00
3.200000000000000000e+01 5.279000000000000000e+03 -1.000000000000000000e+00 -1.000000000000000000e+00 -1.000000000000000000e+00 -1.000000000000000000e+00 -1.000000000000000000e+00 6.286219999999999573e+02 7.120610000000000355e+02 2.838999999999999968e+00 1.304000000000000048e+00 6.011499999999999844e+00 1.296000000000000041e+00
3.200000000000000000e+01 5.277000000000000000e+03 -1.000000000000000000e+00 -1.000000000000000000e+00 -1.000000000000000000e+00 -1.000000000000000000e+00 -1.000000000000000000e+00 6.328630000000000564e+02 7.068509999999999991e+02 2.612999999999999989e+00 1.474499999999999922e+00 6.128499999999999837e+00 1.479999999999999982e+00
3.200000000000000000e+01 5.275000000000000000e+03 -1.000000000000000000e+00 -1.000000000000000000e+00 -1.000000000000000000e+00 -1.000000000000000000e+00 -1.000000000000000000e+00 6.406230000000000473e+02 7.033390000000000555e+02 2.810999999999999943e+00 1.358000000000000096e+00 5.915499999999999758e+00 1.391499999999999959e+00
3.300000000000000000e+01 5.269000000000000000e+03 -1.000000000000000000e+00 -1.000000000000000000e+00 -1.000000000000000000e+00 -1.000000000000000000e+00 -1.000000000000000000e+00 6.501209999999999809e+02 6.934969999999999573e+02 2.668000000000000149e+00 1.425000000000000044e+00 6.302500000000000213e+00 1.475000000000000089e+00
3.300000000000000000e+01 5.261000000000000000e+03 -1.000000000000000000e+00 -1.000000000000000000e+00 -1.000000000000000000e+00 -1.000000000000000000e+00 -1.000000000000000000e+00 6.561409999999999627e+02 6.867519999999999527e+02 2.833000000000000185e+00 1.427999999999999936e+00 5.905999999999999694e+00 1.429000000000000048e+00
3.300000000000000000e+01 5.248000000000000000e+03 -1.000000000000000000e+00 -1.000000000000000000e+00 -1.000000000000000000e+00 -1.000000000000000000e+00 -1.000000000000000000e+00 6.740399999999999636e+02 6.700190000000000055e+02 2.960999999999999854e+00 1.509500000000000064e+00 6.271499999999999631e+00 1.401999999999999913e+00
3.300000000000000000e+01 5.279000000000000000e+03 -1.000000000000000000e+00 -1.000000000000000000e+00 -1.000000000000000000e+00 -1.000000000000000000e+00 -1.000000000000000000e+00 6.284980000000000473e+02 7.119510000000000218e+02 2.789000000000000146e+00 1.304000000000000048e+00 6.011499999999999844e+00 1.296000000000000041e+00
3.300000000000000000e+01 5.277000000000000000e+03 -1.000000000000000000e+00 -1.000000000000000000e+00 -1.000000000000000000e+00 -1.000000000000000000e+00 -1.000000000000000000e+00 6.328630000000000564e+02 7.068509999999999991e+02 2.463000000000000078e+00 1.474499999999999922e+00 6.128499999999999837e+00 1.479999999999999982e+00
3.300000000000000000e+01 5.275000000000000000e+03 -1.000000000000000000e+00 -1.000000000000000000e+00 -1.000000000000000000e+00 -1.000000000000000000e+00 -1.000000000000000000e+00 6.405240000000000009e+02 7.033579999999999472e+02 2.717999999999999972e+00 1.358000000000000096e+00 5.915499999999999758e+00 1.391499999999999959e+00
3.400000000000000000e+01 5.269000000000000000e+03 -1.000000000000000000e+00 -1.000000000000000000e+00 -1.000000000000000000e+00 -1.000000000000000000e+00 -1.000000000000000000e+00 6.500990000000000464e+02 6.935170000000000528e+02 2.652000000000000135e+00 1.425000000000000044e+00 6.302500000000000213e+00 1.475000000000000089e+00
3.400000000000000000e+01 5.261000000000000000e+03 -1.000000000000000000e+00 -1.000000000000000000e+00 -1.000000000000000000e+00 -1.000000000000000000e+00 -1.000000000000000000e+00 6.561000000000000227e+02 6.867960000000000491e+02 2.900999999999999801e+00 1.427999999999999936e+00 5.905999999999999694e+00 1.429000000000000048e+00
3.400000000000000000e+01 5.248000000000000000e+03 -1.000000000000000000e+00 -1.000000000000000000e+00 -1.000000000000000000e+00 -1.000000000000000000e+00 -1.000000000000000000e+00 6.740099999999999909e+02 6.700910000000000082e+02 2.940999999999999837e+00 1.509500000000000064e+00 6.271499999999999631e+00 1.401999999999999913e+00
3.400000000000000000e+01 5.279000000000000000e+03 -1.000000000000000000e+00 -1.000000000000000000e+00 -1.000000000000000000e+00 -1.000000000000000000e+00 -1.000000000000000000e+00 6.285539999999999736e+02 7.118890000000000100e+02 2.588999999999999968e+00 1.304000000000000048e+00 6.011499999999999844e+00 1.296000000000000041e+00
3.400000000000000000e+01 5.277000000000000000e+03 -1.000000000000000000e+00 -1.000000000000000000e+00 -1.000000000000000000e+00 -1.000000000000000000e+00 -1.000000000000000000e+00 6.328630000000000564e+02 7.068509999999999991e+02 2.463000000000000078e+00 1.474499999999999922e+00 6.128499999999999837e+00 1.479999999999999982e+00
3.400000000000000000e+01 5.275000000000000000e+03 -1.000000000000000000e+00 -1.000000000000000000e+00 -1.000000000000000000e+00 -1.000000000000000000e+00 -1.000000000000000000e+00 6.403799999999999955e+02 7.033849999999999909e+02 2.584999999999999964e+00 1.358000000000000096e+00 5.915499999999999758e+00 1.391499999999999959e+00
3.400000000000000000e+01 5.281000000000000000e+03 -1.000000000000000000e+00 -1.000000000000000000e+00 -1.000000000000000000e+00 -1.000000000000000000e+00 -1.000000000000000000e+00 6.241190000000000282e+02 7.238840000000000146e+02 2.544999999999999929e+00 1.479999999999999982e+00 6.200499999999999901e+00 1.401999999999999913e+00
3.500000000000000000e+01 5.269000000000000000e+03 -1.000000000000000000e+00 -1.000000000000000000e+00 -1.000000000000000000e+00 -1.000000000000000000e+00 -1.000000000000000000e+00 6.501630000000000109e+02 6.934579999999999700e+02 2.402000000000000135e+00 1.425000000000000044e+00 6.302500000000000213e+00 1.475000000000000089e+00
3.500000000000000000e+01 5.261000000000000000e+03 -1.000000000000000000e+00 -1.000000000000000000e+00 -1.000000000000000000e+00 -1.000000000000000000e+00 -1.000000000000000000e+00 6.561539999999999964e+02 6.868060000000000400e+02 2.876999999999999780e+00 1.427999999999999936e+00 5.905999999999999694e+00 1.429000000000000048e+00
3.500000000000000000e+01 5.279000000000000000e+03 -1.000000000000000000e+00 -1.000000000000000000e+00 -1.000000000000000000e+00 -1.000000000000000000e+00 -1.000000000000000000e+00 6.285539999999999736e+02 7.118890000000000100e+02 2.488999999999999879e+00 1.304000000000000048e+00 6.011499999999999844e+00 1.296000000000000041e+00
3.500000000000000000e+01 5.277000000000000000e+03 -1.000000000000000000e+00 -1.000000000000000000e+00 -1.000000000000000000e+00 -1.000000000000000000e+00 -1.000000000000000000e+00 6.328630000000000564e+02 7.068509999999999991e+02 2.362999999999999989e+00 1.474499999999999922e+00 6.128499999999999837e+00 1.479999999999999982e+00
3.500000000000000000e+01 5.275000000000000000e+03 -1.000000000000000000e+00 -1.000000000000000000e+00 -1.000000000000000000e+00 -1.000000000000000000e+00 -1.000000000000000000e+00 6.402880000000000109e+02 7.034700000000000273e+02 2.685000000000000053e+00 1.358000000000000096e+00 5.915499999999999758e+00 1.391499999999999959e+00
3.500000000000000000e+01 5.281000000000000000e+03 -1.000000000000000000e+00 -1.000000000000000000e+00 -1.000000000000000000e+00 -1.000000000000000000e+00 -1.000000000000000000e+00 6.241190000000000282e+02 7.238840000000000146e+02 2.544999999999999929e+00 1.479999999999999982e+00 6.200499999999999901e+00 1.401999999999999913e+00
3.600000000000000000e+01 5.269000000000000000e+03 -1.000000000000000000e+00 -1.000000000000000000e+00 -1.000000000000000000e+00 -1.000000000000000000e+00 -1.000000000000000000e+00 6.500979999999999563e+02 6.935159999999999627e+02 2.601999999999999869e+00 1.425000000000000044e+00 6.302500000000000213e+00 1.475000000000000089e+00
3.600000000000000000e+01 5.261000000000000000e+03 -1.000000000000000000e+00 -1.000000000000000000e+00 -1.000000000000000000e+00 -1.000000000000000000e+00 -1.000000000000000000e+00 6.562089999999999463e+02 6.868170000000000073e+02 2.854000000000000092e+00 1.427999999999999936e+00 5.905999999999999694e+00 1.429000000000000048e+00
3.600000000000000000e+01 5.279000000000000000e+03 -1.000000000000000000e+00 -1.000000000000000000e+00 -1.000000000000000000e+00 -1.000000000000000000e+00 -1.000000000000000000e+00 6.285539999999999736e+02 7.118890000000000100e+02 2.488999999999999879e+00 1.304000000000000048e+00 6.011499999999999844e+00 1.296000000000000041e+00
3.600000000000000000e+01 5.277000000000000000e+03 -1.000000000000000000e+00 -1.000000000000000000e+00 -1.000000000000000000e+00 -1.000000000000000000e+00 -1.000000000000000000e+00 6.328630000000000564e+02 7.068509999999999991e+02 2.713000000000000078e+00 1.474499999999999922e+00 6.128499999999999837e+00 1.479999999999999982e+00
3.600000000000000000e+01 5.275000000000000000e+03 -1.000000000000000000e+00 -1.000000000000000000e+00 -1.000000000000000000e+00 -1.000000000000000000e+00 -1.000000000000000000e+00 6.401960000000000264e+02 7.035549999999999500e+02 2.785000000000000142e+00 1.358000000000000096e+00 5.915499999999999758e+00 1.391499999999999959e+00
3.600000000000000000e+01 5.281000000000000000e+03 -1.000000000000000000e+00 -1.000000000000000000e+00 -1.000000000000000000e+00 -1.000000000000000000e+00 -1.000000000000000000e+00 6.241190000000000282e+02 7.238840000000000146e+02 2.495000000000000107e+00 1.479999999999999982e+00 6.200499999999999901e+00 1.401999999999999913e+00
3.700000000000000000e+01 5.269000000000000000e+03 -1.000000000000000000e+00 -1.000000000000000000e+00 -1.000000000000000000e+00 -1.000000000000000000e+00 -1.000000000000000000e+00 6.499759999999999991e+02 6.935090000000000146e+02 2.652000000000000135e+00 1.425000000000000044e+00 6.302500000000000213e+00 1.475000000000000089e+00
3.700000000000000000e+01 5.261000000000000000e+03 -1.000000000000000000e+00 -1.000000000000000000e+00 -1.000000000000000000e+00 -1.000000000000000000e+00 -1.000000000000000000e+00 6.562640000000000100e+02 6.868269999999999982e+02 2.830999999999999961e+00 1.427999999999999936e+00 5.905999999999999694e+00 1.429000000000000048e+00
3.700000000000000000e+01 5.279000000000000000e+03 -1.000000000000000000e+00 -1.000000000000000000e+00 -1.000000000000000000e+00 -1.000000000000000000e+00 -1.000000000000000000e+00 6.285539999999999736e+02 7.118890000000000100e+02 2.439000000000000057e+00 1.304000000000000048e+00 6.011499999999999844e+00 1.296000000000000041e+00
3.700000000000000000e+01 5.277000000000000000e+03 -1.000000000000000000e+00 -1.000000000000000000e+00 -1.000000000000000000e+00 -1.000000000000000000e+00 -1.000000000000000000e+00 6.327970000000000255e+02 7.069039999999999964e+02 2.713000000000000078e+00 1.474499999999999922e+00 6.128499999999999837e+00 1.479999999999999982e+00
3.700000000000000000e+01 5.275000000000000000e+03 -1.000000000000000000e+00 -1.000000000000000000e+00 -1.000000000000000000e+00 -1.000000000000000000e+00 -1.000000000000000000e+00 6.401050000000000182e+02 7.036399999999999864e+02 2.883999999999999897e+00 1.358000000000000096e+00 5.915499999999999758e+00 1.391499999999999959e+00
3.700000000000000000e+01 5.281000000000000000e+03 -1.000000000000000000e+00 -1.000000000000000000e+00 -1.000000000000000000e+00 -1.000000000000000000e+00 -1.000000000000000000e+00 6.241190000000000282e+02 7.238840000000000146e+02 2.544999999999999929e+00 1.479999999999999982e+00 6.200499999999999901e+00 1.401999999999999913e+00
3.800000000000000000e+01 5.269000000000000000e+03 -1.000000000000000000e+00 -1.000000000000000000e+00 -1.000000000000000000e+00 -1.000000000000000000e+00 -1.000000000000000000e+00 6.498600000000000136e+02 6.933799999999999955e+02 2.751999999999999780e+00 1.425000000000000044e+00 6.302500000000000213e+00 1.475000000000000089e+00
3.800000000000000000e+01 5.261000000000000000e+03 -1.000000000000000000e+00 -1.000000000000000000e+00 -1.000000000000000000e+00 -1.000000000000000000e+00 -1.000000000000000000e+00 6.562269999999999754e+02 6.868079999999999927e+02 2.819999999999999840e+00 1.427999999999999936e+00 5.905999999999999694e+00 1.429000000000000048e+00
3.800000000000000000e+01 5.279000000000000000e+03 -1.000000000000000000e+00 -1.000000000000000000e+00 -1.000000000000000000e+00 -1.000000000000000000e+00 -1.000000000000000000e+00 6.286699999999999591e+02 7.118819999999999482e+02 2.439000000000000057e+00 1.304000000000000048e+00 6.011499999999999844e+00 1.296000000000000041e+00
3.800000000000000000e+01 5.277000000000000000e+03 -1.000000000000000000e+00 -1.000000000000000000e+00 -1.000000000000000000e+00 -1.000000000000000000e+00 -1.000000000000000000e+00 6.327970000000000255e+02 7.069039999999999964e+02 2.713000000000000078e+00 1.474499999999999922e+00 6.128499999999999837e+00 1.479999999999999982e+00
3.800000000000000000e+01 5.275000000000000000e+03 -1.000000000000000000e+00 -1.000000000000000000e+00 -1.000000000000000000e+00 -1.000000000000000000e+00 -1.000000000000000000e+00 6.400769999999999982e+02 7.036130000000000564e+02 2.883999999999999897e+00 1.358000000000000096e+00 5.915499999999999758e+00 1.391499999999999959e+00
3.800000000000000000e+01 5.281000000000000000e+03 -1.000000000000000000e+00 -1.000000000000000000e+00 -1.000000000000000000e+00 -1.000000000000000000e+00 -1.000000000000000000e+00 6.241190000000000282e+02 7.238840000000000146e+02 2.444999999999999840e+00 1.479999999999999982e+00 6.200499999999999901e+00 1.401999999999999913e+00
3.900000000000000000e+01 5.269000000000000000e+03 -1.000000000000000000e+00 -1.000000000000000000e+00 -1.000000000000000000e+00 -1.000000000000000000e+00 -1.000000000000000000e+00 6.497300000000000182e+02 6.932350000000000136e+02 2.714999999999999858e+00 1.425000000000000044e+00 6.302500000000000213e+00 1.475000000000000089e+00
3.900000000000000000e+01 5.261000000000000000e+03 -1.000000000000000000e+00 -1.000000000000000000e+00 -1.000000000000000000e+00 -1.000000000000000000e+00 -1.000000000000000000e+00 6.561860000000000355e+02 6.867859999999999445e+02 2.806999999999999940e+00 1.427999999999999936e+00 5.905999999999999694e+00 1.429000000000000048e+00
3.900000000000000000e+01 5.279000000000000000e+03 -1.000000000000000000e+00 -1.000000000000000000e+00 -1.000000000000000000e+00 -1.000000000000000000e+00 -1.000000000000000000e+00 6.285049999999999955e+02 7.120670000000000073e+02 2.689000000000000057e+00 1.304000000000000048e+00 6.011499999999999844e+00 1.296000000000000041e+00
3.900000000000000000e+01 5.277000000000000000e+03 -1.000000000000000000e+00 -1.000000000000000000e+00 -1.000000000000000000e+00 -1.000000000000000000e+00 -1.000000000000000000e+00 6.327440000000000282e+02 7.068390000000000555e+02 2.713000000000000078e+00 1.474499999999999922e+00 6.128499999999999837e+00 1.479999999999999982e+00
3.900000000000000000e+01 5.275000000000000000e+03 -1.000000000000000000e+00 -1.000000000000000000e+00 -1.000000000000000000e+00 -1.000000000000000000e+00 -1.000000000000000000e+00 6.400460000000000491e+02 7.035839999999999463e+02 2.883999999999999897e+00 1.358000000000000096e+00 5.915499999999999758e+00 1.391499999999999959e+00
3.900000000000000000e+01 5.281000000000000000e+03 -1.000000000000000000e+00 -1.000000000000000000e+00 -1.000000000000000000e+00 -1.000000000000000000e+00 -1.000000000000000000e+00 6.240610000000000355e+02 7.239460000000000264e+02 2.444999999999999840e+00 1.479999999999999982e+00 6.200499999999999901e+00 1.401999999999999913e+00
4.000000000000000000e+01 5.269000000000000000e+03 -1.000000000000000000e+00 -1.000000000000000000e+00 -1.000000000000000000e+00 -1.000000000000000000e+00 -1.000000000000000000e+00 6.500339999999999918e+02 6.935739999999999554e+02 2.669000000000000039e+00 1.425000000000000044e+00 6.302500000000000213e+00 1.475000000000000089e+00
4.000000000000000000e+01 5.261000000000000000e+03 -1.000000000000000000e+00 -1.000000000000000000e+00 -1.000000000000000000e+00 -1.000000000000000000e+00 -1.000000000000000000e+00 6.561349999999999909e+02 6.867599999999999909e+02 2.790999999999999925e+00 1.427999999999999936e+00 5.905999999999999694e+00 1.429000000000000048e+00
4.000000000000000000e+01 5.279000000000000000e+03 -1.000000000000000000e+00 -1.000000000000000000e+00 -1.000000000000000000e+00 -1.000000000000000000e+00 -1.000000000000000000e+00 6.282910000000000537e+02 7.120579999999999927e+02 2.845000000000000195e+00 1.304000000000000048e+00 6.011499999999999844e+00 1.296000000000000041e+00
4.000000000000000000e+01 5.277000000000000000e+03 -1.000000000000000000e+00 -1.000000000000000000e+00 -1.000000000000000000e+00 -1.000000000000000000e+00 -1.000000000000000000e+00 6.327440000000000282e+02 7.068390000000000555e+02 2.713000000000000078e+00 1.474499999999999922e+00 6.128499999999999837e+00 1.479999999999999982e+00
4.000000000000000000e+01 5.275000000000000000e+03 -1.000000000000000000e+00 -1.000000000000000000e+00 -1.000000000000000000e+00 -1.000000000000000000e+00 -1.000000000000000000e+00 6.400080000000000382e+02 7.035470000000000255e+02 2.883999999999999897e+00 1.358000000000000096e+00 5.915499999999999758e+00 1.391499999999999959e+00
4.000000000000000000e+01 5.281000000000000000e+03 -1.000000000000000000e+00 -1.000000000000000000e+00 -1.000000000000000000e+00 -1.000000000000000000e+00 -1.000000000000000000e+00 6.240610000000000355e+02 7.239460000000000264e+02 2.395000000000000018e+00 1.479999999999999982e+00 6.200499999999999901e+00 1.401999999999999913e+00
