1.000000000000000000e+00 6.159000000000000000e+03 -1.000000000000000000e+00 -1.000000000000000000e+00 -1.000000000000000000e+00 -1.000000000000000000e+00 -1.000000000000000000e+00 1.706539999999999964e+02 8.722100000000000364e+02 2.023000000000000131e+00 1.487000000000000099e+00 3.772499999999999964e+00 1.373499999999999943e+00
1.000000000000000000e+00 6.163000000000000000e+03 -1.000000000000000000e+00 -1.000000000000000000e+00 -1.000000000000000000e+00 -1.000000000000000000e+00 -1.000000000000000000e+00 1.950109999999999957e+02 9.264389999999999645e+02 1.707999999999999963e+00 1.519500000000000073e+00 4.078000000000000291e+00 1.698499999999999899e+00
2.000000000000000000e+00 6.159000000000000000e+03 -1.000000000000000000e+00 -1.000000000000000000e+00 -1.000000000000000000e+00 -1.000000000000000000e+00 -1.000000000000000000e+00 1.706539999999999964e+02 8.722100000000000364e+02 2.023000000000000131e+00 1.487000000000000099e+00 3.772499999999999964e+00 1.373499999999999943e+00
2.000000000000000000e+00 6.163000000000000000e+03 -1.000000000000000000e+00 -1.000000000000000000e+00 -1.000000000000000000e+00 -1.000000000000000000e+00 -1.000000000000000000e+00 1.950840000000000032e+02 9.263959999999999582e+02 1.707999999999999963e+00 1.519500000000000073e+00 4.078000000000000291e+00 1.698499999999999899e+00
3.000000000000000000e+00 6.159000000000000000e+03 -1.000000000000000000e+00 -1.000000000000000000e+00 -1.000000000000000000e+00 -1.000000000000000000e+00 -1.000000000000000000e+00 1.707019999999999982e+02 8.722279999999999518e+02 2.023000000000000131e+00 1.487000000000000099e+00 3.772499999999999964e+00 1.373499999999999943e+00
3.000000000000000000e+00 6.163000000000000000e+03 -1.000000000000000000e+00 -1.000000000000000000e+00 -1.000000000000000000e+00 -1.000000000000000000e+00 -1.000000000000000000e+00 1.951579999999999870e+02 9.263519999999999754e+02 1.707999999999999963e+00 1.519500000000000073e+00 4.078000000000000291e+00 1.698499999999999899e+00
4.000000000000000000e+00 6.159000000000000000e+03 -1.000000000000000000e+00 -1.000000000000000000e+00 -1.000000000000000000e+00 -1.000000000000000000e+00 -1.000000000000000000e+00 1.707510000000000048e+02 8.722459999999999809e+02 2.023000000000000131e+00 1.487000000000000099e+00 3.772499999999999964e+00 1.373499999999999943e+00
4.000000000000000000e+00 6.163000000000000000e+03 -1.000000000000000000e+00 -1.000000000000000000e+00 -1.000000000000000000e+00 -1.000000000000000000e+00 -1.000000000000000000e+00 1.951080000000000041e+02 9.265040000000000191e+02 1.707999999999999963e+00 1.519500000000000073e+00 4.078000000000000291e+00 1.698499999999999899e+00
5.000000000000000000e+00 6.159000000000000000e+03 -1.000000000000000000e+00 -1.000000000000000000e+00 -1.000000000000000000e+00 -1.000000000000000000e+00 -1.000000000000000000e+00 1.707750000000000057e+02 8.722549999999999955e+02 2.023000000000000131e+00 1.487000000000000099e+00 3.772499999999999964e+00 1.373499999999999943e+00
5.000000000000000000e+00 6.163000000000000000e+03 -1.000000000000000000e+00 -1.000000000000000000e+00 -1.000000000000000000e+00 -1.000000000000000000e+00 -1.000000000000000000e+00 1.950579999999999927e+02 9.266549999999999727e+02 1.707999999999999963e+00 1.519500000000000073e+00 4.078000000000000291e+00 1.698499999999999899e+00
6.000000000000000000e+00 6.159000000000000000e+03 -1.000000000000000000e+00 -1.000000000000000000e+00 -1.000000000000000000e+00 -1.000000000000000000e+00 -1.000000000000000000e+00 1.708000000000000114e+02 8.722640000000000100e+02 2.023000000000000131e+00 1.487000000000000099e+00 3.772499999999999964e+00 1.373499999999999943e+00
6.000000000000000000e+00 6.163000000000000000e+03 -1.000000000000000000e+00 -1.000000000000000000e+00 -1.000000000000000000e+00 -1.000000000000000000e+00 -1.000000000000000000e+00 1.950600000000000023e+02 9.265430000000000064e+02 1.707999999999999963e+00 1.519500000000000073e+00 4.078000000000000291e+00 1.698499999999999899e+00
7.000000000000000000e+00 6.159000000000000000e+03 -1.000000000000000000e+00 -1.000000000000000000e+00 -1.000000000000000000e+00 -1.000000000000000000e+00 -1.000000000000000000e+00 1.708480000000000132e+02 8.722820000000000391e+02 2.023000000000000131e+00 1.487000000000000099e+00 3.772499999999999964e+00 1.373499999999999943e+00
7.000000000000000000e+00 6.163000000000000000e+03 -1.000000000000000000e+00 -1.000000000000000000e+00 -1.000000000000000000e+00 -1.000000000000000000e+00 -1.000000000000000000e+00 1.950600000000000023e+02 9.265439999999999827e+02 1.707999999999999963e+00 1.519500000000000073e+00 4.078000000000000291e+00 1.698499999999999899e+00
8.000000000000000000e+00 6.159000000000000000e+03 -1.000000000000000000e+00 -1.000000000000000000e+00 -1.000000000000000000e+00 -1.000000000000000000e+00 -1.000000000000000000e+00 1.708969999999999914e+02 8.722999999999999545e+02 2.023000000000000131e+00 1.487000000000000099e+00 3.772499999999999964e+00 1.373499999999999943e+00
8.000000000000000000e+00 6.163000000000000000e+03 -1.000000000000000000e+00 -1.000000000000000000e+00 -1.000000000000000000e+00 -1.000000000000000000e+00 -1.000000000000000000e+00 1.950600000000000023e+02 9.265439999999999827e+02 1.707999999999999963e+00 1.519500000000000073e+00 4.078000000000000291e+00 1.698499999999999899e+00
9.000000000000000000e+00 6.159000000000000000e+03 -1.000000000000000000e+00 -1.000000000000000000e+00 -1.000000000000000000e+00 -1.000000000000000000e+00 -1.000000000000000000e+00 1.709459999999999980e+02 8.723170000000000073e+02 2.023000000000000131e+00 1.487000000000000099e+00 3.772499999999999964e+00 1.373499999999999943e+00
9.000000000000000000e+00 6.163000000000000000e+03 -1.000000000000000000e+00 -1.000000000000000000e+00 -1.000000000000000000e+00 -1.000000000000000000e+00 -1.000000000000000000e+00 1.950780000000000030e+02 9.265449999999999591e+02 1.707999999999999963e+00 1.519500000000000073e+00 4.078000000000000291e+00 1.698499999999999899e+00
1.000000000000000000e+01 6.159000000000000000e+03 -1.000000000000000000e+00 -1.000000000000000000e+00 -1.000000000000000000e+00 -1.000000000000000000e+00 -1.000000000000000000e+00 1.709720000000000084e+02 8.723269999999999982e+02 2.023000000000000131e+00 1.487000000000000099e+00 3.772499999999999964e+00 1.373499999999999943e+00
1.000000000000000000e+01 6.163000000000000000e+03 -1.000000000000000000e+00 -1.000000000000000000e+00 -1.000000000000000000e+00 -1.000000000000000000e+00 -1.000000000000000000e+00 1.950989999999999895e+02 9.265449999999999591e+02 1.707999999999999963e+00 1.519500000000000073e+00 4.078000000000000291e+00 1.698499999999999899e+00
1.100000000000000000e+01 6.159000000000000000e+03 -1.000000000000000000e+00 -1.000000000000000000e+00 -1.000000000000000000e+00 -1.000000000000000000e+00 -1.000000000000000000e+00 1.709939999999999998e+02 8.723350000000000364e+02 2.023000000000000131e+00 1.487000000000000099e+00 3.772499999999999964e+00 1.373499999999999943e+00
1.100000000000000000e+01 6.163000000000000000e+03 -1.000000000000000000e+00 -1.000000000000000000e+00 -1.000000000000000000e+00 -1.000000000000000000e+00 -1.000000000000000000e+00 1.951160000000000139e+02 9.265449999999999591e+02 1.707999999999999963e+00 1.519500000000000073e+00 4.078000000000000291e+00 1.698499999999999899e+00
1.200000000000000000e+01 6.163000000000000000e+03 -1.000000000000000000e+00 -1.000000000000000000e+00 -1.000000000000000000e+00 -1.000000000000000000e+00 -1.000000000000000000e+00 1.951160000000000139e+02 9.265289999999999964e+02 1.707999999999999963e+00 1.519500000000000073e+00 4.078000000000000291e+00 1.698499999999999899e+00
1.300000000000000000e+01 6.163000000000000000e+03 -1.000000000000000000e+00 -1.000000000000000000e+00 -1.000000000000000000e+00 -1.000000000000000000e+00 -1.000000000000000000e+00 1.951169999999999902e+02 9.265090000000000146e+02 1.707999999999999963e+00 1.519500000000000073e+00 4.078000000000000291e+00 1.698499999999999899e+00
1.400000000000000000e+01 6.163000000000000000e+03 -1.000000000000000000e+00 -1.000000000000000000e+00 -1.000000000000000000e+00 -1.000000000000000000e+00 -1.000000000000000000e+00 1.951169999999999902e+02 9.264890000000000327e+02 1.707999999999999963e+00 1.519500000000000073e+00 4.078000000000000291e+00 1.698499999999999899e+00
1.500000000000000000e+01 6.163000000000000000e+03 -1.000000000000000000e+00 -1.000000000000000000e+00 -1.000000000000000000e+00 -1.000000000000000000e+00 -1.000000000000000000e+00 1.951169999999999902e+02 9.264890000000000327e+02 1.733000000000000096e+00 1.519500000000000073e+00 4.078000000000000291e+00 1.698499999999999899e+00
1.600000000000000000e+01 6.163000000000000000e+03 -1.000000000000000000e+00 -1.000000000000000000e+00 -1.000000000000000000e+00 -1.000000000000000000e+00 -1.000000000000000000e+00 1.951169999999999902e+02 9.264890000000000327e+02 1.758000000000000007e+00 1.519500000000000073e+00 4.078000000000000291e+00 1.698499999999999899e+00
1.700000000000000000e+01 6.163000000000000000e+03 -1.000000000000000000e+00 -1.000000000000000000e+00 -1.000000000000000000e+00 -1.000000000000000000e+00 -1.000000000000000000e+00 1.951169999999999902e+02 9.264890000000000327e+02 1.782999999999999918e+00 1.519500000000000073e+00 4.078000000000000291e+00 1.698499999999999899e+00
