1.000000000000000000e+00 4.003000000000000000e+03 -1.000000000000000000e+00 -1.000000000000000000e+00 -1.000000000000000000e+00 -1.000000000000000000e+00 -1.000000000000000000e+00 2.004140000000000100e+03 1.090657999999999902e+03 6.610000000000000320e-01 1.040000000000000036e+00 2.216000000000000192e+00 8.165000000000000036e-01
1.000000000000000000e+00 4.005000000000000000e+03 -1.000000000000000000e+00 -1.000000000000000000e+00 -1.000000000000000000e+00 -1.000000000000000000e+00 -1.000000000000000000e+00 1.977250000000000000e+03 1.046556000000000040e+03 9.919999999999999929e-01 1.030499999999999972e+00 2.472500000000000142e+00 9.929999999999999938e-01
1.000000000000000000e+00 4.007000000000000000e+03 -1.000000000000000000e+00 -1.000000000000000000e+00 -1.000000000000000000e+00 -1.000000000000000000e+00 -1.000000000000000000e+00 1.982987000000000080e+03 1.052486000000000104e+03 7.489999999999999991e-01 8.084999999999999964e-01 2.213999999999999968e+00 7.395000000000000462e-01
1.000000000000000000e+00 4.008000000000000000e+03 -1.000000000000000000e+00 -1.000000000000000000e+00 -1.000000000000000000e+00 -1.000000000000000000e+00 -1.000000000000000000e+00 2.009751999999999953e+03 1.101055000000000064e+03 9.040000000000000258e-01 1.052000000000000046e+00 2.232000000000000206e+00 1.000000000000000000e+00
1.000000000000000000e+00 4.009000000000000000e+03 -1.000000000000000000e+00 -1.000000000000000000e+00 -1.000000000000000000e+00 -1.000000000000000000e+00 -1.000000000000000000e+00 2.006842000000000098e+03 1.089513999999999896e+03 7.449999999999999956e-01 1.052499999999999991e+00 2.514499999999999957e+00 1.000000000000000000e+00
1.000000000000000000e+00 4.010000000000000000e+03 -1.000000000000000000e+00 -1.000000000000000000e+00 -1.000000000000000000e+00 -1.000000000000000000e+00 -1.000000000000000000e+00 2.015326000000000022e+03 1.082815000000000055e+03 7.500000000000000000e-01 1.072000000000000064e+00 2.314999999999999947e+00 1.000000000000000000e+00
1.000000000000000000e+00 4.012000000000000000e+03 -1.000000000000000000e+00 -1.000000000000000000e+00 -1.000000000000000000e+00 -1.000000000000000000e+00 -1.000000000000000000e+00 2.010554000000000087e+03 1.086036000000000058e+03 7.980000000000000426e-01 1.094500000000000028e+00 2.423999999999999932e+00 9.685000000000000275e-01
1.000000000000000000e+00 4.014000000000000000e+03 -1.000000000000000000e+00 -1.000000000000000000e+00 -1.000000000000000000e+00 -1.000000000000000000e+00 -1.000000000000000000e+00 1.993663999999999987e+03 1.105869999999999891e+03 8.449999999999999734e-01 1.070999999999999952e+00 2.138500000000000068e+00 1.000000000000000000e+00
1.000000000000000000e+00 4.016000000000000000e+03 -1.000000000000000000e+00 -1.000000000000000000e+00 -1.000000000000000000e+00 -1.000000000000000000e+00 -1.000000000000000000e+00 1.972249000000000024e+03 1.040980000000000018e+03 8.499999999999999778e-01 9.014999999999999680e-01 2.247500000000000053e+00 7.039999999999999591e-01
1.000000000000000000e+00 4.017000000000000000e+03 -1.000000000000000000e+00 -1.000000000000000000e+00 -1.000000000000000000e+00 -1.000000000000000000e+00 -1.000000000000000000e+00 2.014644999999999982e+03 1.098681000000000040e+03 8.249999999999999556e-01 1.104999999999999982e+00 2.277499999999999858e+00 1.000000000000000000e+00
1.000000000000000000e+00 4.018000000000000000e+03 -1.000000000000000000e+00 -1.000000000000000000e+00 -1.000000000000000000e+00 -1.000000000000000000e+00 -1.000000000000000000e+00 2.006327999999999975e+03 1.103553000000000111e+03 1.114999999999999991e+00 1.112500000000000044e+00 2.402000000000000135e+00 1.000000000000000000e+00
1.000000000000000000e+00 4.023000000000000000e+03 -1.000000000000000000e+00 -1.000000000000000000e+00 -1.000000000000000000e+00 -1.000000000000000000e+00 -1.000000000000000000e+00 2.012946999999999889e+03 1.084662000000000035e+03 7.770000000000000240e-01 1.079499999999999904e+00 2.412999999999999812e+00 1.000000000000000000e+00
1.000000000000000000e+00 4.027000000000000000e+03 -1.000000000000000000e+00 -1.000000000000000000e+00 -1.000000000000000000e+00 -1.000000000000000000e+00 -1.000000000000000000e+00 1.989180000000000064e+03 1.109567000000000007e+03 8.449999999999999734e-01 1.085499999999999909e+00 2.241499999999999826e+00 1.000000000000000000e+00
2.000000000000000000e+00 4.003000000000000000e+03 -1.000000000000000000e+00 -1.000000000000000000e+00 -1.000000000000000000e+00 -1.000000000000000000e+00 -1.000000000000000000e+00 2.004106999999999971e+03 1.090569999999999936e+03 6.740000000000000435e-01 1.040000000000000036e+00 2.216000000000000192e+00 8.165000000000000036e-01
2.000000000000000000e+00 4.005000000000000000e+03 -1.000000000000000000e+00 -1.000000000000000000e+00 -1.000000000000000000e+00 -1.000000000000000000e+00 -1.000000000000000000e+00 1.977231999999999971e+03 1.046528000000000020e+03 1.008000000000000007e+00 1.030499999999999972e+00 2.472500000000000142e+00 9.929999999999999938e-01
2.000000000000000000e+00 4.007000000000000000e+03 -1.000000000000000000e+00 -1.000000000000000000e+00 -1.000000000000000000e+00 -1.000000000000000000e+00 -1.000000000000000000e+00 1.982961000000000013e+03 1.052430000000000064e+03 7.560000000000000053e-01 8.084999999999999964e-01 2.213999999999999968e+00 7.395000000000000462e-01
2.000000000000000000e+00 4.008000000000000000e+03 -1.000000000000000000e+00 -1.000000000000000000e+00 -1.000000000000000000e+00 -1.000000000000000000e+00 -1.000000000000000000e+00 2.009737000000000080e+03 1.101028999999999996e+03 9.040000000000000258e-01 1.052000000000000046e+00 2.232000000000000206e+00 1.000000000000000000e+00
2.000000000000000000e+00 4.009000000000000000e+03 -1.000000000000000000e+00 -1.000000000000000000e+00 -1.000000000000000000e+00 -1.000000000000000000e+00 -1.000000000000000000e+00 2.006808999999999969e+03 1.089452999999999975e+03 7.780000000000000249e-01 1.052499999999999991e+00 2.514499999999999957e+00 1.000000000000000000e+00
2.000000000000000000e+00 4.010000000000000000e+03 -1.000000000000000000e+00 -1.000000000000000000e+00 -1.000000000000000000e+00 -1.000000000000000000e+00 -1.000000000000000000e+00 2.015334000000000060e+03 1.082827999999999975e+03 7.500000000000000000e-01 1.072000000000000064e+00 2.314999999999999947e+00 1.000000000000000000e+00
2.000000000000000000e+00 4.012000000000000000e+03 -1.000000000000000000e+00 -1.000000000000000000e+00 -1.000000000000000000e+00 -1.000000000000000000e+00 -1.000000000000000000e+00 2.010519999999999982e+03 1.085978000000000065e+03 7.980000000000000426e-01 1.094500000000000028e+00 2.423999999999999932e+00 9.685000000000000275e-01
2.000000000000000000e+00 4.014000000000000000e+03 -1.000000000000000000e+00 -1.000000000000000000e+00 -1.000000000000000000e+00 -1.000000000000000000e+00 -1.000000000000000000e+00 1.991778000000000020e+03 1.102523999999999887e+03 8.449999999999999734e-01 1.070999999999999952e+00 2.138500000000000068e+00 1.000000000000000000e+00
2.000000000000000000e+00 4.016000000000000000e+03 -1.000000000000000000e+00 -1.000000000000000000e+00 -1.000000000000000000e+00 -1.000000000000000000e+00 -1.000000000000000000e+00 1.972369999999999891e+03 1.040877999999999929e+03 7.500000000000000000e-01 9.014999999999999680e-01 2.247500000000000053e+00 7.039999999999999591e-01
2.000000000000000000e+00 4.017000000000000000e+03 -1.000000000000000000e+00 -1.000000000000000000e+00 -1.000000000000000000e+00 -1.000000000000000000e+00 -1.000000000000000000e+00 2.014661000000000058e+03 1.098708000000000084e+03 8.249999999999999556e-01 1.104999999999999982e+00 2.277499999999999858e+00 1.000000000000000000e+00
2.000000000000000000e+00 4.018000000000000000e+03 -1.000000000000000000e+00 -1.000000000000000000e+00 -1.000000000000000000e+00 -1.000000000000000000e+00 -1.000000000000000000e+00 2.006317000000000007e+03 1.103534000000000106e+03 1.131999999999999895e+00 1.112500000000000044e+00 2.402000000000000135e+00 1.000000000000000000e+00
2.000000000000000000e+00 4.023000000000000000e+03 -1.000000000000000000e+00 -1.000000000000000000e+00 -1.000000000000000000e+00 -1.000000000000000000e+00 -1.000000000000000000e+00 2.012883000000000038e+03 1.084555000000000064e+03 8.269999999999999574e-01 1.079499999999999904e+00 2.412999999999999812e+00 1.000000000000000000e+00
2.000000000000000000e+00 4.027000000000000000e+03 -1.000000000000000000e+00 -1.000000000000000000e+00 -1.000000000000000000e+00 -1.000000000000000000e+00 -1.000000000000000000e+00 1.989101000000000113e+03 1.109525000000000091e+03 8.449999999999999734e-01 1.085499999999999909e+00 2.241499999999999826e+00 1.000000000000000000e+00
3.000000000000000000e+00 4.003000000000000000e+03 -1.000000000000000000e+00 -1.000000000000000000e+00 -1.000000000000000000e+00 -1.000000000000000000e+00 -1.000000000000000000e+00 2.004074000000000069e+03 1.090481999999999971e+03 6.860000000000000542e-01 1.040000000000000036e+00 2.216000000000000192e+00 8.165000000000000036e-01
3.000000000000000000e+00 4.005000000000000000e+03 -1.000000000000000000e+00 -1.000000000000000000e+00 -1.000000000000000000e+00 -1.000000000000000000e+00 -1.000000000000000000e+00 1.977213999999999942e+03 1.046499000000000024e+03 1.024000000000000021e+00 1.030499999999999972e+00 2.472500000000000142e+00 9.929999999999999938e-01
3.000000000000000000e+00 4.007000000000000000e+03 -1.000000000000000000e+00 -1.000000000000000000e+00 -1.000000000000000000e+00 -1.000000000000000000e+00 -1.000000000000000000e+00 1.982935999999999922e+03 1.052373000000000047e+03 7.620000000000000107e-01 8.084999999999999964e-01 2.213999999999999968e+00 7.395000000000000462e-01
3.000000000000000000e+00 4.008000000000000000e+03 -1.000000000000000000e+00 -1.000000000000000000e+00 -1.000000000000000000e+00 -1.000000000000000000e+00 -1.000000000000000000e+00 2.009721000000000004e+03 1.101001999999999953e+03 9.040000000000000258e-01 1.052000000000000046e+00 2.232000000000000206e+00 1.000000000000000000e+00
3.000000000000000000e+00 4.009000000000000000e+03 -1.000000000000000000e+00 -1.000000000000000000e+00 -1.000000000000000000e+00 -1.000000000000000000e+00 -1.000000000000000000e+00 2.006776000000000067e+03 1.089392000000000053e+03 8.110000000000000542e-01 1.052499999999999991e+00 2.514499999999999957e+00 1.000000000000000000e+00
3.000000000000000000e+00 4.010000000000000000e+03 -1.000000000000000000e+00 -1.000000000000000000e+00 -1.000000000000000000e+00 -1.000000000000000000e+00 -1.000000000000000000e+00 2.015342000000000098e+03 1.082842000000000098e+03 7.500000000000000000e-01 1.072000000000000064e+00 2.314999999999999947e+00 1.000000000000000000e+00
3.000000000000000000e+00 4.012000000000000000e+03 -1.000000000000000000e+00 -1.000000000000000000e+00 -1.000000000000000000e+00 -1.000000000000000000e+00 -1.000000000000000000e+00 2.010501999999999953e+03 1.085950000000000045e+03 7.479999999999999982e-01 1.094500000000000028e+00 2.423999999999999932e+00 9.685000000000000275e-01
3.000000000000000000e+00 4.014000000000000000e+03 -1.000000000000000000e+00 -1.000000000000000000e+00 -1.000000000000000000e+00 -1.000000000000000000e+00 -1.000000000000000000e+00 1.990048000000000002e+03 1.099449000000000069e+03 8.449999999999999734e-01 1.070999999999999952e+00 2.138500000000000068e+00 1.000000000000000000e+00
3.000000000000000000e+00 4.016000000000000000e+03 -1.000000000000000000e+00 -1.000000000000000000e+00 -1.000000000000000000e+00 -1.000000000000000000e+00 -1.000000000000000000e+00 1.972390000000000100e+03 1.040983999999999924e+03 7.129999999999999671e-01 9.014999999999999680e-01 2.247500000000000053e+00 7.039999999999999591e-01
3.000000000000000000e+00 4.017000000000000000e+03 -1.000000000000000000e+00 -1.000000000000000000e+00 -1.000000000000000000e+00 -1.000000000000000000e+00 -1.000000000000000000e+00 2.014640000000000100e+03 1.098672000000000025e+03 8.249999999999999556e-01 1.104999999999999982e+00 2.277499999999999858e+00 1.000000000000000000e+00
3.000000000000000000e+00 4.018000000000000000e+03 -1.000000000000000000e+00 -1.000000000000000000e+00 -1.000000000000000000e+00 -1.000000000000000000e+00 -1.000000000000000000e+00 2.006305000000000064e+03 1.103515000000000100e+03 1.149000000000000021e+00 1.112500000000000044e+00 2.402000000000000135e+00 1.000000000000000000e+00
3.000000000000000000e+00 4.023000000000000000e+03 -1.000000000000000000e+00 -1.000000000000000000e+00 -1.000000000000000000e+00 -1.000000000000000000e+00 -1.000000000000000000e+00 2.012818999999999960e+03 1.084448000000000093e+03 8.770000000000000018e-01 1.079499999999999904e+00 2.412999999999999812e+00 1.000000000000000000e+00
3.000000000000000000e+00 4.027000000000000000e+03 -1.000000000000000000e+00 -1.000000000000000000e+00 -1.000000000000000000e+00 -1.000000000000000000e+00 -1.000000000000000000e+00 1.989021999999999935e+03 1.109481999999999971e+03 8.449999999999999734e-01 1.085499999999999909e+00 2.241499999999999826e+00 1.000000000000000000e+00
4.000000000000000000e+00 4.003000000000000000e+03 -1.000000000000000000e+00 -1.000000000000000000e+00 -1.000000000000000000e+00 -1.000000000000000000e+00 -1.000000000000000000e+00 2.004040999999999940e+03 1.090394000000000005e+03 6.989999999999999547e-01 1.040000000000000036e+00 2.216000000000000192e+00 8.165000000000000036e-01
4.000000000000000000e+00 4.005000000000000000e+03 -1.000000000000000000e+00 -1.000000000000000000e+00 -1.000000000000000000e+00 -1.000000000000000000e+00 -1.000000000000000000e+00 1.977195999999999913e+03 1.046471000000000004e+03 1.038999999999999924e+00 1.030499999999999972e+00 2.472500000000000142e+00 9.929999999999999938e-01
4.000000000000000000e+00 4.007000000000000000e+03 -1.000000000000000000e+00 -1.000000000000000000e+00 -1.000000000000000000e+00 -1.000000000000000000e+00 -1.000000000000000000e+00 1.982911000000000058e+03 1.052317000000000007e+03 7.690000000000000169e-01 8.084999999999999964e-01 2.213999999999999968e+00 7.395000000000000462e-01
4.000000000000000000e+00 4.008000000000000000e+03 -1.000000000000000000e+00 -1.000000000000000000e+00 -1.000000000000000000e+00 -1.000000000000000000e+00 -1.000000000000000000e+00 2.009695999999999913e+03 1.100960000000000036e+03 9.539999999999999591e-01 1.052000000000000046e+00 2.232000000000000206e+00 1.000000000000000000e+00
4.000000000000000000e+00 4.009000000000000000e+03 -1.000000000000000000e+00 -1.000000000000000000e+00 -1.000000000000000000e+00 -1.000000000000000000e+00 -1.000000000000000000e+00 2.006743999999999915e+03 1.089330999999999904e+03 8.449999999999999734e-01 1.052499999999999991e+00 2.514499999999999957e+00 1.000000000000000000e+00
4.000000000000000000e+00 4.010000000000000000e+03 -1.000000000000000000e+00 -1.000000000000000000e+00 -1.000000000000000000e+00 -1.000000000000000000e+00 -1.000000000000000000e+00 2.015393000000000029e+03 1.082923000000000002e+03 7.500000000000000000e-01 1.072000000000000064e+00 2.314999999999999947e+00 1.000000000000000000e+00
4.000000000000000000e+00 4.012000000000000000e+03 -1.000000000000000000e+00 -1.000000000000000000e+00 -1.000000000000000000e+00 -1.000000000000000000e+00 -1.000000000000000000e+00 2.010484999999999900e+03 1.085921000000000049e+03 6.969999999999999529e-01 1.094500000000000028e+00 2.423999999999999932e+00 9.685000000000000275e-01
4.000000000000000000e+00 4.014000000000000000e+03 -1.000000000000000000e+00 -1.000000000000000000e+00 -1.000000000000000000e+00 -1.000000000000000000e+00 -1.000000000000000000e+00 1.988317000000000007e+03 1.096371000000000095e+03 8.449999999999999734e-01 1.070999999999999952e+00 2.138500000000000068e+00 1.000000000000000000e+00
4.000000000000000000e+00 4.016000000000000000e+03 -1.000000000000000000e+00 -1.000000000000000000e+00 -1.000000000000000000e+00 -1.000000000000000000e+00 -1.000000000000000000e+00 1.972413000000000011e+03 1.041088999999999942e+03 6.750000000000000444e-01 9.014999999999999680e-01 2.247500000000000053e+00 7.039999999999999591e-01
4.000000000000000000e+00 4.018000000000000000e+03 -1.000000000000000000e+00 -1.000000000000000000e+00 -1.000000000000000000e+00 -1.000000000000000000e+00 -1.000000000000000000e+00 2.006294000000000096e+03 1.103496000000000095e+03 1.165000000000000036e+00 1.112500000000000044e+00 2.402000000000000135e+00 1.000000000000000000e+00
4.000000000000000000e+00 4.023000000000000000e+03 -1.000000000000000000e+00 -1.000000000000000000e+00 -1.000000000000000000e+00 -1.000000000000000000e+00 -1.000000000000000000e+00 2.012806000000000040e+03 1.084426999999999907e+03 7.770000000000000240e-01 1.079499999999999904e+00 2.412999999999999812e+00 1.000000000000000000e+00
4.000000000000000000e+00 4.027000000000000000e+03 -1.000000000000000000e+00 -1.000000000000000000e+00 -1.000000000000000000e+00 -1.000000000000000000e+00 -1.000000000000000000e+00 1.988978000000000065e+03 1.109499000000000024e+03 8.449999999999999734e-01 1.085499999999999909e+00 2.241499999999999826e+00 1.000000000000000000e+00
5.000000000000000000e+00 4.003000000000000000e+03 -1.000000000000000000e+00 -1.000000000000000000e+00 -1.000000000000000000e+00 -1.000000000000000000e+00 -1.000000000000000000e+00 2.004106999999999971e+03 1.090403000000000020e+03 7.109999999999999654e-01 1.040000000000000036e+00 2.216000000000000192e+00 8.165000000000000036e-01
5.000000000000000000e+00 4.005000000000000000e+03 -1.000000000000000000e+00 -1.000000000000000000e+00 -1.000000000000000000e+00 -1.000000000000000000e+00 -1.000000000000000000e+00 1.977178000000000111e+03 1.046442999999999984e+03 1.054999999999999938e+00 1.030499999999999972e+00 2.472500000000000142e+00 9.929999999999999938e-01
5.000000000000000000e+00 4.007000000000000000e+03 -1.000000000000000000e+00 -1.000000000000000000e+00 -1.000000000000000000e+00 -1.000000000000000000e+00 -1.000000000000000000e+00 1.982875000000000000e+03 1.052343000000000075e+03 7.690000000000000169e-01 8.084999999999999964e-01 2.213999999999999968e+00 7.395000000000000462e-01
5.000000000000000000e+00 4.008000000000000000e+03 -1.000000000000000000e+00 -1.000000000000000000e+00 -1.000000000000000000e+00 -1.000000000000000000e+00 -1.000000000000000000e+00 2.009671000000000049e+03 1.100916999999999916e+03 1.004000000000000004e+00 1.052000000000000046e+00 2.232000000000000206e+00 1.000000000000000000e+00
5.000000000000000000e+00 4.009000000000000000e+03 -1.000000000000000000e+00 -1.000000000000000000e+00 -1.000000000000000000e+00 -1.000000000000000000e+00 -1.000000000000000000e+00 2.006724999999999909e+03 1.089295000000000073e+03 8.449999999999999734e-01 1.052499999999999991e+00 2.514499999999999957e+00 1.000000000000000000e+00
5.000000000000000000e+00 4.012000000000000000e+03 -1.000000000000000000e+00 -1.000000000000000000e+00 -1.000000000000000000e+00 -1.000000000000000000e+00 -1.000000000000000000e+00 2.010468000000000075e+03 1.085892000000000053e+03 6.480000000000000204e-01 1.094500000000000028e+00 2.423999999999999932e+00 9.685000000000000275e-01
5.000000000000000000e+00 4.014000000000000000e+03 -1.000000000000000000e+00 -1.000000000000000000e+00 -1.000000000000000000e+00 -1.000000000000000000e+00 -1.000000000000000000e+00 1.986484999999999900e+03 1.093181000000000040e+03 8.569999999999999840e-01 1.070999999999999952e+00 2.138500000000000068e+00 1.000000000000000000e+00
5.000000000000000000e+00 4.016000000000000000e+03 -1.000000000000000000e+00 -1.000000000000000000e+00 -1.000000000000000000e+00 -1.000000000000000000e+00 -1.000000000000000000e+00 1.972434999999999945e+03 1.041193999999999960e+03 6.380000000000000115e-01 9.014999999999999680e-01 2.247500000000000053e+00 7.039999999999999591e-01
5.000000000000000000e+00 4.018000000000000000e+03 -1.000000000000000000e+00 -1.000000000000000000e+00 -1.000000000000000000e+00 -1.000000000000000000e+00 -1.000000000000000000e+00 2.006278000000000020e+03 1.103468000000000075e+03 1.165000000000000036e+00 1.112500000000000044e+00 2.402000000000000135e+00 1.000000000000000000e+00
5.000000000000000000e+00 4.023000000000000000e+03 -1.000000000000000000e+00 -1.000000000000000000e+00 -1.000000000000000000e+00 -1.000000000000000000e+00 -1.000000000000000000e+00 2.012792999999999893e+03 1.084405999999999949e+03 6.770000000000000462e-01 1.079499999999999904e+00 2.412999999999999812e+00 1.000000000000000000e+00
5.000000000000000000e+00 4.027000000000000000e+03 -1.000000000000000000e+00 -1.000000000000000000e+00 -1.000000000000000000e+00 -1.000000000000000000e+00 -1.000000000000000000e+00 1.988933999999999969e+03 1.109516000000000076e+03 8.449999999999999734e-01 1.085499999999999909e+00 2.241499999999999826e+00 1.000000000000000000e+00
6.000000000000000000e+00 4.003000000000000000e+03 -1.000000000000000000e+00 -1.000000000000000000e+00 -1.000000000000000000e+00 -1.000000000000000000e+00 -1.000000000000000000e+00 2.004015000000000100e+03 1.090353000000000065e+03 6.199999999999999956e-01 1.040000000000000036e+00 2.216000000000000192e+00 8.165000000000000036e-01
6.000000000000000000e+00 4.005000000000000000e+03 -1.000000000000000000e+00 -1.000000000000000000e+00 -1.000000000000000000e+00 -1.000000000000000000e+00 -1.000000000000000000e+00 1.977160000000000082e+03 1.046414999999999964e+03 1.070000000000000062e+00 1.030499999999999972e+00 2.472500000000000142e+00 9.929999999999999938e-01
6.000000000000000000e+00 4.007000000000000000e+03 -1.000000000000000000e+00 -1.000000000000000000e+00 -1.000000000000000000e+00 -1.000000000000000000e+00 -1.000000000000000000e+00 1.982839999999999918e+03 1.052367999999999938e+03 7.690000000000000169e-01 8.084999999999999964e-01 2.213999999999999968e+00 7.395000000000000462e-01
6.000000000000000000e+00 4.009000000000000000e+03 -1.000000000000000000e+00 -1.000000000000000000e+00 -1.000000000000000000e+00 -1.000000000000000000e+00 -1.000000000000000000e+00 2.006705999999999904e+03 1.089259999999999991e+03 8.449999999999999734e-01 1.052499999999999991e+00 2.514499999999999957e+00 1.000000000000000000e+00
6.000000000000000000e+00 4.012000000000000000e+03 -1.000000000000000000e+00 -1.000000000000000000e+00 -1.000000000000000000e+00 -1.000000000000000000e+00 -1.000000000000000000e+00 2.010460000000000036e+03 1.085877999999999929e+03 6.480000000000000204e-01 1.094500000000000028e+00 2.423999999999999932e+00 9.685000000000000275e-01
6.000000000000000000e+00 4.014000000000000000e+03 -1.000000000000000000e+00 -1.000000000000000000e+00 -1.000000000000000000e+00 -1.000000000000000000e+00 -1.000000000000000000e+00 1.984749000000000024e+03 1.090155999999999949e+03 8.699999999999999956e-01 1.070999999999999952e+00 2.138500000000000068e+00 1.000000000000000000e+00
6.000000000000000000e+00 4.016000000000000000e+03 -1.000000000000000000e+00 -1.000000000000000000e+00 -1.000000000000000000e+00 -1.000000000000000000e+00 -1.000000000000000000e+00 1.972388999999999896e+03 1.041188000000000102e+03 6.720000000000000417e-01 9.014999999999999680e-01 2.247500000000000053e+00 7.039999999999999591e-01
6.000000000000000000e+00 4.023000000000000000e+03 -1.000000000000000000e+00 -1.000000000000000000e+00 -1.000000000000000000e+00 -1.000000000000000000e+00 -1.000000000000000000e+00 2.012770999999999958e+03 1.084368999999999915e+03 6.899999999999999467e-01 1.079499999999999904e+00 2.412999999999999812e+00 1.000000000000000000e+00
6.000000000000000000e+00 4.027000000000000000e+03 -1.000000000000000000e+00 -1.000000000000000000e+00 -1.000000000000000000e+00 -1.000000000000000000e+00 -1.000000000000000000e+00 1.988891000000000076e+03 1.109532999999999902e+03 8.449999999999999734e-01 1.085499999999999909e+00 2.241499999999999826e+00 1.000000000000000000e+00
7.000000000000000000e+00 4.003000000000000000e+03 -1.000000000000000000e+00 -1.000000000000000000e+00 -1.000000000000000000e+00 -1.000000000000000000e+00 -1.000000000000000000e+00 2.004025000000000091e+03 1.090372000000000071e+03 6.860000000000000542e-01 1.040000000000000036e+00 2.216000000000000192e+00 8.165000000000000036e-01
7.000000000000000000e+00 4.005000000000000000e+03 -1.000000000000000000e+00 -1.000000000000000000e+00 -1.000000000000000000e+00 -1.000000000000000000e+00 -1.000000000000000000e+00 1.977142000000000053e+03 1.046386999999999944e+03 1.086000000000000076e+00 1.030499999999999972e+00 2.472500000000000142e+00 9.929999999999999938e-01
7.000000000000000000e+00 4.007000000000000000e+03 -1.000000000000000000e+00 -1.000000000000000000e+00 -1.000000000000000000e+00 -1.000000000000000000e+00 -1.000000000000000000e+00 1.982731999999999971e+03 1.052278000000000020e+03 7.690000000000000169e-01 8.084999999999999964e-01 2.213999999999999968e+00 7.395000000000000462e-01
7.000000000000000000e+00 4.009000000000000000e+03 -1.000000000000000000e+00 -1.000000000000000000e+00 -1.000000000000000000e+00 -1.000000000000000000e+00 -1.000000000000000000e+00 2.006685999999999922e+03 1.089223999999999933e+03 8.449999999999999734e-01 1.052499999999999991e+00 2.514499999999999957e+00 1.000000000000000000e+00
7.000000000000000000e+00 4.012000000000000000e+03 -1.000000000000000000e+00 -1.000000000000000000e+00 -1.000000000000000000e+00 -1.000000000000000000e+00 -1.000000000000000000e+00 2.010451000000000022e+03 1.085864000000000033e+03 6.480000000000000204e-01 1.094500000000000028e+00 2.423999999999999932e+00 9.685000000000000275e-01
7.000000000000000000e+00 4.014000000000000000e+03 -1.000000000000000000e+00 -1.000000000000000000e+00 -1.000000000000000000e+00 -1.000000000000000000e+00 -1.000000000000000000e+00 1.983011999999999944e+03 1.087126999999999953e+03 8.820000000000000062e-01 1.070999999999999952e+00 2.138500000000000068e+00 1.000000000000000000e+00
7.000000000000000000e+00 4.016000000000000000e+03 -1.000000000000000000e+00 -1.000000000000000000e+00 -1.000000000000000000e+00 -1.000000000000000000e+00 -1.000000000000000000e+00 1.972343000000000075e+03 1.041180000000000064e+03 7.059999999999999609e-01 9.014999999999999680e-01 2.247500000000000053e+00 7.039999999999999591e-01
7.000000000000000000e+00 4.023000000000000000e+03 -1.000000000000000000e+00 -1.000000000000000000e+00 -1.000000000000000000e+00 -1.000000000000000000e+00 -1.000000000000000000e+00 2.012749000000000024e+03 1.084332000000000107e+03 7.029999999999999583e-01 1.079499999999999904e+00 2.412999999999999812e+00 1.000000000000000000e+00
8.000000000000000000e+00 4.003000000000000000e+03 -1.000000000000000000e+00 -1.000000000000000000e+00 -1.000000000000000000e+00 -1.000000000000000000e+00 -1.000000000000000000e+00 2.004035000000000082e+03 1.090390000000000100e+03 7.520000000000000018e-01 1.040000000000000036e+00 2.216000000000000192e+00 8.165000000000000036e-01
8.000000000000000000e+00 4.005000000000000000e+03 -1.000000000000000000e+00 -1.000000000000000000e+00 -1.000000000000000000e+00 -1.000000000000000000e+00 -1.000000000000000000e+00 1.977125000000000000e+03 1.046358999999999924e+03 1.102000000000000091e+00 1.030499999999999972e+00 2.472500000000000142e+00 9.929999999999999938e-01
8.000000000000000000e+00 4.007000000000000000e+03 -1.000000000000000000e+00 -1.000000000000000000e+00 -1.000000000000000000e+00 -1.000000000000000000e+00 -1.000000000000000000e+00 1.982624000000000024e+03 1.052186999999999898e+03 7.690000000000000169e-01 8.084999999999999964e-01 2.213999999999999968e+00 7.395000000000000462e-01
8.000000000000000000e+00 4.009000000000000000e+03 -1.000000000000000000e+00 -1.000000000000000000e+00 -1.000000000000000000e+00 -1.000000000000000000e+00 -1.000000000000000000e+00 2.006708000000000084e+03 1.089265000000000100e+03 8.950000000000000178e-01 1.052499999999999991e+00 2.514499999999999957e+00 1.000000000000000000e+00
8.000000000000000000e+00 4.014000000000000000e+03 -1.000000000000000000e+00 -1.000000000000000000e+00 -1.000000000000000000e+00 -1.000000000000000000e+00 -1.000000000000000000e+00 1.981342000000000098e+03 1.084217000000000098e+03 8.950000000000000178e-01 1.070999999999999952e+00 2.138500000000000068e+00 1.000000000000000000e+00
8.000000000000000000e+00 4.016000000000000000e+03 -1.000000000000000000e+00 -1.000000000000000000e+00 -1.000000000000000000e+00 -1.000000000000000000e+00 -1.000000000000000000e+00 1.972297000000000025e+03 1.041172000000000025e+03 7.389999999999999902e-01 9.014999999999999680e-01 2.247500000000000053e+00 7.039999999999999591e-01
9.000000000000000000e+00 4.003000000000000000e+03 -1.000000000000000000e+00 -1.000000000000000000e+00 -1.000000000000000000e+00 -1.000000000000000000e+00 -1.000000000000000000e+00 2.004044000000000096e+03 1.090405999999999949e+03 8.110000000000000542e-01 1.040000000000000036e+00 2.216000000000000192e+00 8.165000000000000036e-01
9.000000000000000000e+00 4.005000000000000000e+03 -1.000000000000000000e+00 -1.000000000000000000e+00 -1.000000000000000000e+00 -1.000000000000000000e+00 -1.000000000000000000e+00 1.977092000000000098e+03 1.046305000000000064e+03 1.086999999999999966e+00 1.030499999999999972e+00 2.472500000000000142e+00 9.929999999999999938e-01
9.000000000000000000e+00 4.007000000000000000e+03 -1.000000000000000000e+00 -1.000000000000000000e+00 -1.000000000000000000e+00 -1.000000000000000000e+00 -1.000000000000000000e+00 1.982646999999999935e+03 1.052172000000000025e+03 8.040000000000000480e-01 8.084999999999999964e-01 2.213999999999999968e+00 7.395000000000000462e-01
9.000000000000000000e+00 4.014000000000000000e+03 -1.000000000000000000e+00 -1.000000000000000000e+00 -1.000000000000000000e+00 -1.000000000000000000e+00 -1.000000000000000000e+00 1.979864000000000033e+03 1.081694999999999936e+03 9.170000000000000373e-01 1.070999999999999952e+00 2.138500000000000068e+00 1.000000000000000000e+00
9.000000000000000000e+00 4.016000000000000000e+03 -1.000000000000000000e+00 -1.000000000000000000e+00 -1.000000000000000000e+00 -1.000000000000000000e+00 -1.000000000000000000e+00 1.972280999999999949e+03 1.041151000000000067e+03 7.510000000000000009e-01 9.014999999999999680e-01 2.247500000000000053e+00 7.039999999999999591e-01
1.000000000000000000e+01 4.005000000000000000e+03 -1.000000000000000000e+00 -1.000000000000000000e+00 -1.000000000000000000e+00 -1.000000000000000000e+00 -1.000000000000000000e+00 1.977051999999999907e+03 1.046240000000000009e+03 1.068000000000000060e+00 1.030499999999999972e+00 2.472500000000000142e+00 9.929999999999999938e-01
1.000000000000000000e+01 4.007000000000000000e+03 -1.000000000000000000e+00 -1.000000000000000000e+00 -1.000000000000000000e+00 -1.000000000000000000e+00 -1.000000000000000000e+00 1.982674999999999955e+03 1.052153999999999996e+03 8.459999999999999742e-01 8.084999999999999964e-01 2.213999999999999968e+00 7.395000000000000462e-01
1.000000000000000000e+01 4.014000000000000000e+03 -1.000000000000000000e+00 -1.000000000000000000e+00 -1.000000000000000000e+00 -1.000000000000000000e+00 -1.000000000000000000e+00 1.978058999999999969e+03 1.078615999999999985e+03 9.449999999999999512e-01 1.070999999999999952e+00 2.138500000000000068e+00 1.000000000000000000e+00
1.000000000000000000e+01 4.016000000000000000e+03 -1.000000000000000000e+00 -1.000000000000000000e+00 -1.000000000000000000e+00 -1.000000000000000000e+00 -1.000000000000000000e+00 1.972259999999999991e+03 1.041124000000000024e+03 7.650000000000000133e-01 9.014999999999999680e-01 2.247500000000000053e+00 7.039999999999999591e-01
1.100000000000000000e+01 4.005000000000000000e+03 -1.000000000000000000e+00 -1.000000000000000000e+00 -1.000000000000000000e+00 -1.000000000000000000e+00 -1.000000000000000000e+00 1.977016000000000076e+03 1.046181000000000040e+03 1.052000000000000046e+00 1.030499999999999972e+00 2.472500000000000142e+00 9.929999999999999938e-01
1.100000000000000000e+01 4.007000000000000000e+03 -1.000000000000000000e+00 -1.000000000000000000e+00 -1.000000000000000000e+00 -1.000000000000000000e+00 -1.000000000000000000e+00 1.982701000000000022e+03 1.052136999999999944e+03 8.840000000000000080e-01 8.084999999999999964e-01 2.213999999999999968e+00 7.395000000000000462e-01
1.100000000000000000e+01 4.014000000000000000e+03 -1.000000000000000000e+00 -1.000000000000000000e+00 -1.000000000000000000e+00 -1.000000000000000000e+00 -1.000000000000000000e+00 1.976416999999999916e+03 1.075815000000000055e+03 9.709999999999999742e-01 1.070999999999999952e+00 2.138500000000000068e+00 1.000000000000000000e+00
1.100000000000000000e+01 4.016000000000000000e+03 -1.000000000000000000e+00 -1.000000000000000000e+00 -1.000000000000000000e+00 -1.000000000000000000e+00 -1.000000000000000000e+00 1.972240999999999985e+03 1.041101000000000113e+03 7.780000000000000249e-01 9.014999999999999680e-01 2.247500000000000053e+00 7.039999999999999591e-01
1.200000000000000000e+01 4.005000000000000000e+03 -1.000000000000000000e+00 -1.000000000000000000e+00 -1.000000000000000000e+00 -1.000000000000000000e+00 -1.000000000000000000e+00 1.976979000000000042e+03 1.046171000000000049e+03 1.076000000000000068e+00 1.030499999999999972e+00 2.472500000000000142e+00 9.929999999999999938e-01
1.200000000000000000e+01 4.007000000000000000e+03 -1.000000000000000000e+00 -1.000000000000000000e+00 -1.000000000000000000e+00 -1.000000000000000000e+00 -1.000000000000000000e+00 1.982723999999999933e+03 1.052122000000000071e+03 9.190000000000000391e-01 8.084999999999999964e-01 2.213999999999999968e+00 7.395000000000000462e-01
1.200000000000000000e+01 4.014000000000000000e+03 -1.000000000000000000e+00 -1.000000000000000000e+00 -1.000000000000000000e+00 -1.000000000000000000e+00 -1.000000000000000000e+00 1.974925999999999931e+03 1.073354000000000042e+03 9.929999999999999938e-01 1.070999999999999952e+00 2.138500000000000068e+00 1.000000000000000000e+00
1.200000000000000000e+01 4.016000000000000000e+03 -1.000000000000000000e+00 -1.000000000000000000e+00 -1.000000000000000000e+00 -1.000000000000000000e+00 -1.000000000000000000e+00 1.972223999999999933e+03 1.041079999999999927e+03 7.890000000000000346e-01 9.014999999999999680e-01 2.247500000000000053e+00 7.039999999999999591e-01
1.300000000000000000e+01 4.005000000000000000e+03 -1.000000000000000000e+00 -1.000000000000000000e+00 -1.000000000000000000e+00 -1.000000000000000000e+00 -1.000000000000000000e+00 1.976936999999999898e+03 1.046160000000000082e+03 1.102999999999999980e+00 1.030499999999999972e+00 2.472500000000000142e+00 9.929999999999999938e-01
1.300000000000000000e+01 4.007000000000000000e+03 -1.000000000000000000e+00 -1.000000000000000000e+00 -1.000000000000000000e+00 -1.000000000000000000e+00 -1.000000000000000000e+00 1.982669000000000096e+03 1.052089999999999918e+03 9.489999999999999547e-01 8.084999999999999964e-01 2.213999999999999968e+00 7.395000000000000462e-01
1.300000000000000000e+01 4.014000000000000000e+03 -1.000000000000000000e+00 -1.000000000000000000e+00 -1.000000000000000000e+00 -1.000000000000000000e+00 -1.000000000000000000e+00 1.973412000000000035e+03 1.070794000000000096e+03 9.889999999999999902e-01 1.070999999999999952e+00 2.138500000000000068e+00 1.000000000000000000e+00
1.300000000000000000e+01 4.016000000000000000e+03 -1.000000000000000000e+00 -1.000000000000000000e+00 -1.000000000000000000e+00 -1.000000000000000000e+00 -1.000000000000000000e+00 1.972181000000000040e+03 1.041064000000000078e+03 7.890000000000000346e-01 9.014999999999999680e-01 2.247500000000000053e+00 7.039999999999999591e-01
1.400000000000000000e+01 4.005000000000000000e+03 -1.000000000000000000e+00 -1.000000000000000000e+00 -1.000000000000000000e+00 -1.000000000000000000e+00 -1.000000000000000000e+00 1.976894999999999982e+03 1.046147999999999911e+03 1.129999999999999893e+00 1.030499999999999972e+00 2.472500000000000142e+00 9.929999999999999938e-01
1.400000000000000000e+01 4.007000000000000000e+03 -1.000000000000000000e+00 -1.000000000000000000e+00 -1.000000000000000000e+00 -1.000000000000000000e+00 -1.000000000000000000e+00 1.982614000000000033e+03 1.052057999999999993e+03 9.779999999999999805e-01 8.084999999999999964e-01 2.213999999999999968e+00 7.395000000000000462e-01
1.400000000000000000e+01 4.014000000000000000e+03 -1.000000000000000000e+00 -1.000000000000000000e+00 -1.000000000000000000e+00 -1.000000000000000000e+00 -1.000000000000000000e+00 1.971830999999999904e+03 1.068275000000000091e+03 9.849999999999999867e-01 1.070999999999999952e+00 2.138500000000000068e+00 1.000000000000000000e+00
1.400000000000000000e+01 4.016000000000000000e+03 -1.000000000000000000e+00 -1.000000000000000000e+00 -1.000000000000000000e+00 -1.000000000000000000e+00 -1.000000000000000000e+00 1.972137999999999920e+03 1.041046000000000049e+03 7.890000000000000346e-01 9.014999999999999680e-01 2.247500000000000053e+00 7.039999999999999591e-01
1.500000000000000000e+01 4.005000000000000000e+03 -1.000000000000000000e+00 -1.000000000000000000e+00 -1.000000000000000000e+00 -1.000000000000000000e+00 -1.000000000000000000e+00 1.976853000000000065e+03 1.046136999999999944e+03 1.157000000000000028e+00 1.030499999999999972e+00 2.472500000000000142e+00 9.929999999999999938e-01
1.500000000000000000e+01 4.007000000000000000e+03 -1.000000000000000000e+00 -1.000000000000000000e+00 -1.000000000000000000e+00 -1.000000000000000000e+00 -1.000000000000000000e+00 1.982558999999999969e+03 1.052026000000000067e+03 1.006999999999999895e+00 8.084999999999999964e-01 2.213999999999999968e+00 7.395000000000000462e-01
1.500000000000000000e+01 4.014000000000000000e+03 -1.000000000000000000e+00 -1.000000000000000000e+00 -1.000000000000000000e+00 -1.000000000000000000e+00 -1.000000000000000000e+00 1.970250000000000000e+03 1.065756000000000085e+03 9.809999999999999831e-01 1.070999999999999952e+00 2.138500000000000068e+00 1.000000000000000000e+00
1.500000000000000000e+01 4.016000000000000000e+03 -1.000000000000000000e+00 -1.000000000000000000e+00 -1.000000000000000000e+00 -1.000000000000000000e+00 -1.000000000000000000e+00 1.972095000000000027e+03 1.041028999999999996e+03 7.890000000000000346e-01 9.014999999999999680e-01 2.247500000000000053e+00 7.039999999999999591e-01
1.600000000000000000e+01 4.005000000000000000e+03 -1.000000000000000000e+00 -1.000000000000000000e+00 -1.000000000000000000e+00 -1.000000000000000000e+00 -1.000000000000000000e+00 1.976826000000000022e+03 1.046140000000000100e+03 1.173000000000000043e+00 1.030499999999999972e+00 2.472500000000000142e+00 9.929999999999999938e-01
1.600000000000000000e+01 4.007000000000000000e+03 -1.000000000000000000e+00 -1.000000000000000000e+00 -1.000000000000000000e+00 -1.000000000000000000e+00 -1.000000000000000000e+00 1.982503999999999905e+03 1.051992999999999938e+03 1.036999999999999922e+00 8.084999999999999964e-01 2.213999999999999968e+00 7.395000000000000462e-01
1.600000000000000000e+01 4.014000000000000000e+03 -1.000000000000000000e+00 -1.000000000000000000e+00 -1.000000000000000000e+00 -1.000000000000000000e+00 -1.000000000000000000e+00 1.968640000000000100e+03 1.063617999999999938e+03 1.052999999999999936e+00 1.070999999999999952e+00 2.138500000000000068e+00 1.000000000000000000e+00
1.600000000000000000e+01 4.016000000000000000e+03 -1.000000000000000000e+00 -1.000000000000000000e+00 -1.000000000000000000e+00 -1.000000000000000000e+00 -1.000000000000000000e+00 1.972109999999999900e+03 1.041032999999999902e+03 8.379999999999999671e-01 9.014999999999999680e-01 2.247500000000000053e+00 7.039999999999999591e-01
1.700000000000000000e+01 4.005000000000000000e+03 -1.000000000000000000e+00 -1.000000000000000000e+00 -1.000000000000000000e+00 -1.000000000000000000e+00 -1.000000000000000000e+00 1.976795000000000073e+03 1.046142000000000053e+03 1.189999999999999947e+00 1.030499999999999972e+00 2.472500000000000142e+00 9.929999999999999938e-01
1.700000000000000000e+01 4.007000000000000000e+03 -1.000000000000000000e+00 -1.000000000000000000e+00 -1.000000000000000000e+00 -1.000000000000000000e+00 -1.000000000000000000e+00 1.982443999999999960e+03 1.051958000000000084e+03 1.068999999999999950e+00 8.084999999999999964e-01 2.213999999999999968e+00 7.395000000000000462e-01
1.700000000000000000e+01 4.014000000000000000e+03 -1.000000000000000000e+00 -1.000000000000000000e+00 -1.000000000000000000e+00 -1.000000000000000000e+00 -1.000000000000000000e+00 1.966963999999999942e+03 1.061172000000000025e+03 1.084999999999999964e+00 1.070999999999999952e+00 2.138500000000000068e+00 1.000000000000000000e+00
1.700000000000000000e+01 4.016000000000000000e+03 -1.000000000000000000e+00 -1.000000000000000000e+00 -1.000000000000000000e+00 -1.000000000000000000e+00 -1.000000000000000000e+00 1.972071999999999889e+03 1.040935999999999922e+03 8.649999999999999911e-01 9.014999999999999680e-01 2.247500000000000053e+00 7.039999999999999591e-01
1.800000000000000000e+01 4.005000000000000000e+03 -1.000000000000000000e+00 -1.000000000000000000e+00 -1.000000000000000000e+00 -1.000000000000000000e+00 -1.000000000000000000e+00 1.976767000000000053e+03 1.046144999999999982e+03 1.207000000000000073e+00 1.030499999999999972e+00 2.472500000000000142e+00 9.929999999999999938e-01
1.800000000000000000e+01 4.007000000000000000e+03 -1.000000000000000000e+00 -1.000000000000000000e+00 -1.000000000000000000e+00 -1.000000000000000000e+00 -1.000000000000000000e+00 1.982463999999999942e+03 1.052056000000000040e+03 1.056999999999999940e+00 8.084999999999999964e-01 2.213999999999999968e+00 7.395000000000000462e-01
1.800000000000000000e+01 4.014000000000000000e+03 -1.000000000000000000e+00 -1.000000000000000000e+00 -1.000000000000000000e+00 -1.000000000000000000e+00 -1.000000000000000000e+00 1.965691000000000031e+03 1.059220000000000027e+03 9.699999999999999734e-01 1.070999999999999952e+00 2.138500000000000068e+00 1.000000000000000000e+00
1.800000000000000000e+01 4.016000000000000000e+03 -1.000000000000000000e+00 -1.000000000000000000e+00 -1.000000000000000000e+00 -1.000000000000000000e+00 -1.000000000000000000e+00 1.972036000000000058e+03 1.040848999999999933e+03 8.890000000000000124e-01 9.014999999999999680e-01 2.247500000000000053e+00 7.039999999999999591e-01
1.900000000000000000e+01 4.005000000000000000e+03 -1.000000000000000000e+00 -1.000000000000000000e+00 -1.000000000000000000e+00 -1.000000000000000000e+00 -1.000000000000000000e+00 1.976750999999999976e+03 1.046211999999999989e+03 1.217000000000000082e+00 1.030499999999999972e+00 2.472500000000000142e+00 9.929999999999999938e-01
1.900000000000000000e+01 4.007000000000000000e+03 -1.000000000000000000e+00 -1.000000000000000000e+00 -1.000000000000000000e+00 -1.000000000000000000e+00 -1.000000000000000000e+00 1.982484999999999900e+03 1.052154999999999973e+03 1.044000000000000039e+00 8.084999999999999964e-01 2.213999999999999968e+00 7.395000000000000462e-01
1.900000000000000000e+01 4.014000000000000000e+03 -1.000000000000000000e+00 -1.000000000000000000e+00 -1.000000000000000000e+00 -1.000000000000000000e+00 -1.000000000000000000e+00 1.964799999999999955e+03 1.057751999999999953e+03 9.409999999999999476e-01 1.070999999999999952e+00 2.138500000000000068e+00 1.000000000000000000e+00
1.900000000000000000e+01 4.016000000000000000e+03 -1.000000000000000000e+00 -1.000000000000000000e+00 -1.000000000000000000e+00 -1.000000000000000000e+00 -1.000000000000000000e+00 1.972076000000000022e+03 1.040922000000000025e+03 8.890000000000000124e-01 9.014999999999999680e-01 2.247500000000000053e+00 7.039999999999999591e-01
2.000000000000000000e+01 4.005000000000000000e+03 -1.000000000000000000e+00 -1.000000000000000000e+00 -1.000000000000000000e+00 -1.000000000000000000e+00 -1.000000000000000000e+00 1.976736000000000104e+03 1.046279999999999973e+03 1.227000000000000091e+00 1.030499999999999972e+00 2.472500000000000142e+00 9.929999999999999938e-01
2.000000000000000000e+01 4.007000000000000000e+03 -1.000000000000000000e+00 -1.000000000000000000e+00 -1.000000000000000000e+00 -1.000000000000000000e+00 -1.000000000000000000e+00 1.982505000000000109e+03 1.052252999999999929e+03 1.032000000000000028e+00 8.084999999999999964e-01 2.213999999999999968e+00 7.395000000000000462e-01
2.000000000000000000e+01 4.014000000000000000e+03 -1.000000000000000000e+00 -1.000000000000000000e+00 -1.000000000000000000e+00 -1.000000000000000000e+00 -1.000000000000000000e+00 1.964007000000000062e+03 1.056464999999999918e+03 9.120000000000000329e-01 1.070999999999999952e+00 2.138500000000000068e+00 1.000000000000000000e+00
2.000000000000000000e+01 4.016000000000000000e+03 -1.000000000000000000e+00 -1.000000000000000000e+00 -1.000000000000000000e+00 -1.000000000000000000e+00 -1.000000000000000000e+00 1.972115999999999985e+03 1.040994999999999891e+03 8.890000000000000124e-01 9.014999999999999680e-01 2.247500000000000053e+00 7.039999999999999591e-01
2.100000000000000000e+01 4.005000000000000000e+03 -1.000000000000000000e+00 -1.000000000000000000e+00 -1.000000000000000000e+00 -1.000000000000000000e+00 -1.000000000000000000e+00 1.976720000000000027e+03 1.046346999999999980e+03 1.237000000000000099e+00 1.030499999999999972e+00 2.472500000000000142e+00 9.929999999999999938e-01
2.100000000000000000e+01 4.007000000000000000e+03 -1.000000000000000000e+00 -1.000000000000000000e+00 -1.000000000000000000e+00 -1.000000000000000000e+00 -1.000000000000000000e+00 1.982525000000000091e+03 1.052351000000000113e+03 1.018999999999999906e+00 8.084999999999999964e-01 2.213999999999999968e+00 7.395000000000000462e-01
2.100000000000000000e+01 4.014000000000000000e+03 -1.000000000000000000e+00 -1.000000000000000000e+00 -1.000000000000000000e+00 -1.000000000000000000e+00 -1.000000000000000000e+00 1.963490000000000009e+03 1.055675999999999931e+03 9.589999999999999636e-01 1.070999999999999952e+00 2.138500000000000068e+00 1.000000000000000000e+00
2.100000000000000000e+01 4.016000000000000000e+03 -1.000000000000000000e+00 -1.000000000000000000e+00 -1.000000000000000000e+00 -1.000000000000000000e+00 -1.000000000000000000e+00 1.972107999999999947e+03 1.041003999999999905e+03 9.060000000000000275e-01 9.014999999999999680e-01 2.247500000000000053e+00 7.039999999999999591e-01
2.100000000000000000e+01 4.029000000000000000e+03 -1.000000000000000000e+00 -1.000000000000000000e+00 -1.000000000000000000e+00 -1.000000000000000000e+00 -1.000000000000000000e+00 1.926682999999999993e+03 1.047699000000000069e+03 7.900000000000000355e-01 1.066000000000000059e+00 2.834999999999999964e+00 1.000000000000000000e+00
2.200000000000000000e+01 4.005000000000000000e+03 -1.000000000000000000e+00 -1.000000000000000000e+00 -1.000000000000000000e+00 -1.000000000000000000e+00 -1.000000000000000000e+00 1.976768000000000029e+03 1.046305000000000064e+03 1.247000000000000108e+00 1.030499999999999972e+00 2.472500000000000142e+00 9.929999999999999938e-01
2.200000000000000000e+01 4.007000000000000000e+03 -1.000000000000000000e+00 -1.000000000000000000e+00 -1.000000000000000000e+00 -1.000000000000000000e+00 -1.000000000000000000e+00 1.982525000000000091e+03 1.052287000000000035e+03 1.072999999999999954e+00 8.084999999999999964e-01 2.213999999999999968e+00 7.395000000000000462e-01
2.200000000000000000e+01 4.030000000000000000e+03 -1.000000000000000000e+00 -1.000000000000000000e+00 -1.000000000000000000e+00 -1.000000000000000000e+00 -1.000000000000000000e+00 1.913576999999999998e+03 1.054575000000000045e+03 8.629999999999999893e-01 1.116000000000000103e+00 2.403999999999999915e+00 1.000000000000000000e+00
2.200000000000000000e+01 4.014000000000000000e+03 -1.000000000000000000e+00 -1.000000000000000000e+00 -1.000000000000000000e+00 -1.000000000000000000e+00 -1.000000000000000000e+00 1.963064000000000078e+03 1.054900000000000091e+03 1.004999999999999893e+00 1.070999999999999952e+00 2.138500000000000068e+00 1.000000000000000000e+00
2.200000000000000000e+01 4.016000000000000000e+03 -1.000000000000000000e+00 -1.000000000000000000e+00 -1.000000000000000000e+00 -1.000000000000000000e+00 -1.000000000000000000e+00 1.972099999999999909e+03 1.041012999999999920e+03 9.230000000000000426e-01 9.014999999999999680e-01 2.247500000000000053e+00 7.039999999999999591e-01
2.200000000000000000e+01 4.029000000000000000e+03 -1.000000000000000000e+00 -1.000000000000000000e+00 -1.000000000000000000e+00 -1.000000000000000000e+00 -1.000000000000000000e+00 1.930528000000000020e+03 1.045319999999999936e+03 7.620000000000000107e-01 1.066000000000000059e+00 2.834999999999999964e+00 1.000000000000000000e+00
2.300000000000000000e+01 4.005000000000000000e+03 -1.000000000000000000e+00 -1.000000000000000000e+00 -1.000000000000000000e+00 -1.000000000000000000e+00 -1.000000000000000000e+00 1.976816000000000031e+03 1.046262999999999920e+03 1.256999999999999895e+00 1.030499999999999972e+00 2.472500000000000142e+00 9.929999999999999938e-01
2.300000000000000000e+01 4.007000000000000000e+03 -1.000000000000000000e+00 -1.000000000000000000e+00 -1.000000000000000000e+00 -1.000000000000000000e+00 -1.000000000000000000e+00 1.982523999999999887e+03 1.052222999999999956e+03 1.127000000000000002e+00 8.084999999999999964e-01 2.213999999999999968e+00 7.395000000000000462e-01
2.300000000000000000e+01 4.030000000000000000e+03 -1.000000000000000000e+00 -1.000000000000000000e+00 -1.000000000000000000e+00 -1.000000000000000000e+00 -1.000000000000000000e+00 1.918401000000000067e+03 1.051210000000000036e+03 8.629999999999999893e-01 1.116000000000000103e+00 2.403999999999999915e+00 1.000000000000000000e+00
2.300000000000000000e+01 4.014000000000000000e+03 -1.000000000000000000e+00 -1.000000000000000000e+00 -1.000000000000000000e+00 -1.000000000000000000e+00 -1.000000000000000000e+00 1.962637999999999920e+03 1.054124000000000024e+03 1.050999999999999934e+00 1.070999999999999952e+00 2.138500000000000068e+00 1.000000000000000000e+00
2.300000000000000000e+01 4.016000000000000000e+03 -1.000000000000000000e+00 -1.000000000000000000e+00 -1.000000000000000000e+00 -1.000000000000000000e+00 -1.000000000000000000e+00 1.972090999999999894e+03 1.041021999999999935e+03 9.389999999999999458e-01 9.014999999999999680e-01 2.247500000000000053e+00 7.039999999999999591e-01
2.300000000000000000e+01 4.029000000000000000e+03 -1.000000000000000000e+00 -1.000000000000000000e+00 -1.000000000000000000e+00 -1.000000000000000000e+00 -1.000000000000000000e+00 1.934201000000000022e+03 1.043040999999999940e+03 7.339999999999999858e-01 1.066000000000000059e+00 2.834999999999999964e+00 1.000000000000000000e+00
2.400000000000000000e+01 4.005000000000000000e+03 -1.000000000000000000e+00 -1.000000000000000000e+00 -1.000000000000000000e+00 -1.000000000000000000e+00 -1.000000000000000000e+00 1.976747000000000071e+03 1.046285000000000082e+03 1.381999999999999895e+00 1.030499999999999972e+00 2.472500000000000142e+00 9.929999999999999938e-01
2.400000000000000000e+01 4.007000000000000000e+03 -1.000000000000000000e+00 -1.000000000000000000e+00 -1.000000000000000000e+00 -1.000000000000000000e+00 -1.000000000000000000e+00 1.982522999999999911e+03 1.052159000000000106e+03 1.131999999999999895e+00 8.084999999999999964e-01 2.213999999999999968e+00 7.395000000000000462e-01
2.400000000000000000e+01 4.030000000000000000e+03 -1.000000000000000000e+00 -1.000000000000000000e+00 -1.000000000000000000e+00 -1.000000000000000000e+00 -1.000000000000000000e+00 1.923223999999999933e+03 1.047845000000000027e+03 8.629999999999999893e-01 1.116000000000000103e+00 2.403999999999999915e+00 1.000000000000000000e+00
2.400000000000000000e+01 4.014000000000000000e+03 -1.000000000000000000e+00 -1.000000000000000000e+00 -1.000000000000000000e+00 -1.000000000000000000e+00 -1.000000000000000000e+00 1.962333000000000084e+03 1.053382000000000062e+03 1.098000000000000087e+00 1.070999999999999952e+00 2.138500000000000068e+00 1.000000000000000000e+00
2.400000000000000000e+01 4.029000000000000000e+03 -1.000000000000000000e+00 -1.000000000000000000e+00 -1.000000000000000000e+00 -1.000000000000000000e+00 -1.000000000000000000e+00 1.937637999999999920e+03 1.040901000000000067e+03 8.900000000000000133e-01 1.066000000000000059e+00 2.834999999999999964e+00 1.000000000000000000e+00
2.400000000000000000e+01 4.016000000000000000e+03 -1.000000000000000000e+00 -1.000000000000000000e+00 -1.000000000000000000e+00 -1.000000000000000000e+00 -1.000000000000000000e+00 1.972098500179853545e+03 1.041035500323736414e+03 1.064002997559986285e+00 9.014999999999999680e-01 2.247500000000000053e+00 7.039999999999999591e-01
2.500000000000000000e+01 4.005000000000000000e+03 -1.000000000000000000e+00 -1.000000000000000000e+00 -1.000000000000000000e+00 -1.000000000000000000e+00 -1.000000000000000000e+00 1.976678000000000111e+03 1.046307000000000016e+03 1.506999999999999895e+00 1.030499999999999972e+00 2.472500000000000142e+00 9.929999999999999938e-01
2.500000000000000000e+01 4.007000000000000000e+03 -1.000000000000000000e+00 -1.000000000000000000e+00 -1.000000000000000000e+00 -1.000000000000000000e+00 -1.000000000000000000e+00 1.982521999999999935e+03 1.052095000000000027e+03 1.135999999999999899e+00 8.084999999999999964e-01 2.213999999999999968e+00 7.395000000000000462e-01
2.500000000000000000e+01 4.030000000000000000e+03 -1.000000000000000000e+00 -1.000000000000000000e+00 -1.000000000000000000e+00 -1.000000000000000000e+00 -1.000000000000000000e+00 1.928115999999999985e+03 1.044433999999999969e+03 9.879999999999999893e-01 1.116000000000000103e+00 2.403999999999999915e+00 1.000000000000000000e+00
2.500000000000000000e+01 4.014000000000000000e+03 -1.000000000000000000e+00 -1.000000000000000000e+00 -1.000000000000000000e+00 -1.000000000000000000e+00 -1.000000000000000000e+00 1.961887999999999920e+03 1.052551999999999907e+03 1.193999999999999950e+00 1.070999999999999952e+00 2.138500000000000068e+00 1.000000000000000000e+00
2.500000000000000000e+01 4.016000000000000000e+03 -1.000000000000000000e+00 -1.000000000000000000e+00 -1.000000000000000000e+00 -1.000000000000000000e+00 -1.000000000000000000e+00 1.972105999999999995e+03 1.041048999999999978e+03 1.189000000000000057e+00 9.014999999999999680e-01 2.247500000000000053e+00 7.039999999999999591e-01
2.500000000000000000e+01 4.029000000000000000e+03 -1.000000000000000000e+00 -1.000000000000000000e+00 -1.000000000000000000e+00 -1.000000000000000000e+00 -1.000000000000000000e+00 1.940489000000000033e+03 1.039320999999999913e+03 7.790000000000000258e-01 1.066000000000000059e+00 2.834999999999999964e+00 1.000000000000000000e+00
2.600000000000000000e+01 4.005000000000000000e+03 -1.000000000000000000e+00 -1.000000000000000000e+00 -1.000000000000000000e+00 -1.000000000000000000e+00 -1.000000000000000000e+00 1.976705999999999904e+03 1.046227000000000089e+03 1.556999999999999940e+00 1.030499999999999972e+00 2.472500000000000142e+00 9.929999999999999938e-01
2.600000000000000000e+01 4.007000000000000000e+03 -1.000000000000000000e+00 -1.000000000000000000e+00 -1.000000000000000000e+00 -1.000000000000000000e+00 -1.000000000000000000e+00 1.982521999999999935e+03 1.052030999999999949e+03 1.326999999999999957e+00 8.084999999999999964e-01 2.213999999999999968e+00 7.395000000000000462e-01
2.600000000000000000e+01 4.030000000000000000e+03 -1.000000000000000000e+00 -1.000000000000000000e+00 -1.000000000000000000e+00 -1.000000000000000000e+00 -1.000000000000000000e+00 1.933008000000000038e+03 1.041021999999999935e+03 1.112999999999999989e+00 1.116000000000000103e+00 2.403999999999999915e+00 1.000000000000000000e+00
2.600000000000000000e+01 4.014000000000000000e+03 -1.000000000000000000e+00 -1.000000000000000000e+00 -1.000000000000000000e+00 -1.000000000000000000e+00 -1.000000000000000000e+00 1.961442999999999984e+03 1.051722999999999956e+03 1.290000000000000036e+00 1.070999999999999952e+00 2.138500000000000068e+00 1.000000000000000000e+00
2.600000000000000000e+01 4.016000000000000000e+03 -1.000000000000000000e+00 -1.000000000000000000e+00 -1.000000000000000000e+00 -1.000000000000000000e+00 -1.000000000000000000e+00 1.972151000000000067e+03 1.041130000000000109e+03 1.288999999999999924e+00 9.014999999999999680e-01 2.247500000000000053e+00 7.039999999999999591e-01
2.600000000000000000e+01 4.029000000000000000e+03 -1.000000000000000000e+00 -1.000000000000000000e+00 -1.000000000000000000e+00 -1.000000000000000000e+00 -1.000000000000000000e+00 1.943040999999999940e+03 1.038028000000000020e+03 1.022999999999999909e+00 1.066000000000000059e+00 2.834999999999999964e+00 1.000000000000000000e+00
2.700000000000000000e+01 4.005000000000000000e+03 -1.000000000000000000e+00 -1.000000000000000000e+00 -1.000000000000000000e+00 -1.000000000000000000e+00 -1.000000000000000000e+00 1.976733999999999924e+03 1.046146999999999935e+03 1.606999999999999984e+00 1.030499999999999972e+00 2.472500000000000142e+00 9.929999999999999938e-01
2.700000000000000000e+01 4.007000000000000000e+03 -1.000000000000000000e+00 -1.000000000000000000e+00 -1.000000000000000000e+00 -1.000000000000000000e+00 -1.000000000000000000e+00 1.982520999999999958e+03 1.051965999999999894e+03 1.419000000000000039e+00 8.084999999999999964e-01 2.213999999999999968e+00 7.395000000000000462e-01
2.700000000000000000e+01 4.030000000000000000e+03 -1.000000000000000000e+00 -1.000000000000000000e+00 -1.000000000000000000e+00 -1.000000000000000000e+00 -1.000000000000000000e+00 1.938032999999999902e+03 1.037721000000000004e+03 1.062999999999999945e+00 1.116000000000000103e+00 2.403999999999999915e+00 1.000000000000000000e+00
2.700000000000000000e+01 4.014000000000000000e+03 -1.000000000000000000e+00 -1.000000000000000000e+00 -1.000000000000000000e+00 -1.000000000000000000e+00 -1.000000000000000000e+00 1.960999000000000024e+03 1.050894000000000005e+03 1.387000000000000011e+00 1.070999999999999952e+00 2.138500000000000068e+00 1.000000000000000000e+00
2.700000000000000000e+01 4.016000000000000000e+03 -1.000000000000000000e+00 -1.000000000000000000e+00 -1.000000000000000000e+00 -1.000000000000000000e+00 -1.000000000000000000e+00 1.972194999999999936e+03 1.041211999999999989e+03 1.389000000000000012e+00 9.014999999999999680e-01 2.247500000000000053e+00 7.039999999999999591e-01
2.700000000000000000e+01 4.031000000000000000e+03 -1.000000000000000000e+00 -1.000000000000000000e+00 -1.000000000000000000e+00 -1.000000000000000000e+00 -1.000000000000000000e+00 1.909760999999999967e+03 1.049403999999999996e+03 8.870000000000000107e-01 1.121499999999999941e+00 2.583000000000000185e+00 8.739999999999999991e-01
2.700000000000000000e+01 4.029000000000000000e+03 -1.000000000000000000e+00 -1.000000000000000000e+00 -1.000000000000000000e+00 -1.000000000000000000e+00 -1.000000000000000000e+00 1.945486000000000104e+03 1.037155999999999949e+03 9.779999999999999805e-01 1.066000000000000059e+00 2.834999999999999964e+00 1.000000000000000000e+00
2.800000000000000000e+01 4.005000000000000000e+03 -1.000000000000000000e+00 -1.000000000000000000e+00 -1.000000000000000000e+00 -1.000000000000000000e+00 -1.000000000000000000e+00 1.976880000000000109e+03 1.046074000000000069e+03 1.707000000000000073e+00 1.030499999999999972e+00 2.472500000000000142e+00 9.929999999999999938e-01
2.800000000000000000e+01 4.007000000000000000e+03 -1.000000000000000000e+00 -1.000000000000000000e+00 -1.000000000000000000e+00 -1.000000000000000000e+00 -1.000000000000000000e+00 1.982617999999999938e+03 1.051903999999999996e+03 1.526999999999999913e+00 8.084999999999999964e-01 2.213999999999999968e+00 7.395000000000000462e-01
2.800000000000000000e+01 4.030000000000000000e+03 -1.000000000000000000e+00 -1.000000000000000000e+00 -1.000000000000000000e+00 -1.000000000000000000e+00 -1.000000000000000000e+00 1.943355000000000018e+03 1.034221000000000004e+03 1.012999999999999901e+00 1.116000000000000103e+00 2.403999999999999915e+00 1.000000000000000000e+00
2.800000000000000000e+01 4.014000000000000000e+03 -1.000000000000000000e+00 -1.000000000000000000e+00 -1.000000000000000000e+00 -1.000000000000000000e+00 -1.000000000000000000e+00 1.960431000000000040e+03 1.049993999999999915e+03 1.383000000000000007e+00 1.070999999999999952e+00 2.138500000000000068e+00 1.000000000000000000e+00
2.800000000000000000e+01 4.016000000000000000e+03 -1.000000000000000000e+00 -1.000000000000000000e+00 -1.000000000000000000e+00 -1.000000000000000000e+00 -1.000000000000000000e+00 1.972044000000000096e+03 1.040935999999999922e+03 1.473000000000000087e+00 9.014999999999999680e-01 2.247500000000000053e+00 7.039999999999999591e-01
2.800000000000000000e+01 4.031000000000000000e+03 -1.000000000000000000e+00 -1.000000000000000000e+00 -1.000000000000000000e+00 -1.000000000000000000e+00 -1.000000000000000000e+00 1.909622000000000071e+03 1.049482999999999947e+03 8.870000000000000107e-01 1.121499999999999941e+00 2.583000000000000185e+00 8.739999999999999991e-01
2.800000000000000000e+01 4.029000000000000000e+03 -1.000000000000000000e+00 -1.000000000000000000e+00 -1.000000000000000000e+00 -1.000000000000000000e+00 -1.000000000000000000e+00 1.947828999999999951e+03 1.036708000000000084e+03 1.000999999999999890e+00 1.066000000000000059e+00 2.834999999999999964e+00 1.000000000000000000e+00
2.900000000000000000e+01 4.005000000000000000e+03 -1.000000000000000000e+00 -1.000000000000000000e+00 -1.000000000000000000e+00 -1.000000000000000000e+00 -1.000000000000000000e+00 1.977027000000000044e+03 1.046000000000000000e+03 1.806999999999999940e+00 1.030499999999999972e+00 2.472500000000000142e+00 9.929999999999999938e-01
2.900000000000000000e+01 4.030000000000000000e+03 -1.000000000000000000e+00 -1.000000000000000000e+00 -1.000000000000000000e+00 -1.000000000000000000e+00 -1.000000000000000000e+00 1.948453999999999951e+03 1.030864000000000033e+03 9.629999999999999671e-01 1.116000000000000103e+00 2.403999999999999915e+00 1.000000000000000000e+00
2.900000000000000000e+01 4.014000000000000000e+03 -1.000000000000000000e+00 -1.000000000000000000e+00 -1.000000000000000000e+00 -1.000000000000000000e+00 -1.000000000000000000e+00 1.959833000000000084e+03 1.049114000000000033e+03 1.379000000000000004e+00 1.070999999999999952e+00 2.138500000000000068e+00 1.000000000000000000e+00
2.900000000000000000e+01 4.016000000000000000e+03 -1.000000000000000000e+00 -1.000000000000000000e+00 -1.000000000000000000e+00 -1.000000000000000000e+00 -1.000000000000000000e+00 1.972041999999999916e+03 1.040931000000000040e+03 1.556000000000000050e+00 9.014999999999999680e-01 2.247500000000000053e+00 7.039999999999999591e-01
2.900000000000000000e+01 4.031000000000000000e+03 -1.000000000000000000e+00 -1.000000000000000000e+00 -1.000000000000000000e+00 -1.000000000000000000e+00 -1.000000000000000000e+00 1.909482999999999947e+03 1.049561999999999898e+03 8.870000000000000107e-01 1.121499999999999941e+00 2.583000000000000185e+00 8.739999999999999991e-01
2.900000000000000000e+01 4.029000000000000000e+03 -1.000000000000000000e+00 -1.000000000000000000e+00 -1.000000000000000000e+00 -1.000000000000000000e+00 -1.000000000000000000e+00 1.950212999999999965e+03 1.036653000000000020e+03 1.022999999999999909e+00 1.066000000000000059e+00 2.834999999999999964e+00 1.000000000000000000e+00
2.900000000000000000e+01 4.007000000000000000e+03 -1.000000000000000000e+00 -1.000000000000000000e+00 -1.000000000000000000e+00 -1.000000000000000000e+00 -1.000000000000000000e+00 1.982715500000000020e+03 1.051840999999999894e+03 1.610500000000000043e+00 8.084999999999999964e-01 2.213999999999999968e+00 7.395000000000000462e-01
3.000000000000000000e+01 4.005000000000000000e+03 -1.000000000000000000e+00 -1.000000000000000000e+00 -1.000000000000000000e+00 -1.000000000000000000e+00 -1.000000000000000000e+00 1.977173000000000002e+03 1.045925999999999931e+03 1.907000000000000028e+00 1.030499999999999972e+00 2.472500000000000142e+00 9.929999999999999938e-01
3.000000000000000000e+01 4.007000000000000000e+03 -1.000000000000000000e+00 -1.000000000000000000e+00 -1.000000000000000000e+00 -1.000000000000000000e+00 -1.000000000000000000e+00 1.982813000000000102e+03 1.051778000000000020e+03 1.693999999999999950e+00 8.084999999999999964e-01 2.213999999999999968e+00 7.395000000000000462e-01
3.000000000000000000e+01 4.030000000000000000e+03 -1.000000000000000000e+00 -1.000000000000000000e+00 -1.000000000000000000e+00 -1.000000000000000000e+00 -1.000000000000000000e+00 1.954246000000000095e+03 1.027272999999999911e+03 1.088000000000000078e+00 1.116000000000000103e+00 2.403999999999999915e+00 1.000000000000000000e+00
3.000000000000000000e+01 4.014000000000000000e+03 -1.000000000000000000e+00 -1.000000000000000000e+00 -1.000000000000000000e+00 -1.000000000000000000e+00 -1.000000000000000000e+00 1.959204999999999927e+03 1.048256000000000085e+03 1.375999999999999890e+00 1.070999999999999952e+00 2.138500000000000068e+00 1.000000000000000000e+00
3.000000000000000000e+01 4.016000000000000000e+03 -1.000000000000000000e+00 -1.000000000000000000e+00 -1.000000000000000000e+00 -1.000000000000000000e+00 -1.000000000000000000e+00 1.972076000000000022e+03 1.040993999999999915e+03 1.639000000000000012e+00 9.014999999999999680e-01 2.247500000000000053e+00 7.039999999999999591e-01
3.000000000000000000e+01 4.031000000000000000e+03 -1.000000000000000000e+00 -1.000000000000000000e+00 -1.000000000000000000e+00 -1.000000000000000000e+00 -1.000000000000000000e+00 1.909575000000000045e+03 1.049509000000000015e+03 8.529999999999999805e-01 1.121499999999999941e+00 2.583000000000000185e+00 8.739999999999999991e-01
3.000000000000000000e+01 4.029000000000000000e+03 -1.000000000000000000e+00 -1.000000000000000000e+00 -1.000000000000000000e+00 -1.000000000000000000e+00 -1.000000000000000000e+00 1.952368999999999915e+03 1.037086999999999989e+03 1.034999999999999920e+00 1.066000000000000059e+00 2.834999999999999964e+00 1.000000000000000000e+00
3.000000000000000000e+01 4.032000000000000000e+03 -1.000000000000000000e+00 -1.000000000000000000e+00 -1.000000000000000000e+00 -1.000000000000000000e+00 -1.000000000000000000e+00 1.899385999999999967e+03 1.054349999999999909e+03 7.510000000000000009e-01 1.072000000000000064e+00 2.607000000000000206e+00 8.820000000000000062e-01
3.100000000000000000e+01 4.005000000000000000e+03 -1.000000000000000000e+00 -1.000000000000000000e+00 -1.000000000000000000e+00 -1.000000000000000000e+00 -1.000000000000000000e+00 1.976834000000000060e+03 1.046172000000000025e+03 1.907000000000000028e+00 1.030499999999999972e+00 2.472500000000000142e+00 9.929999999999999938e-01
3.100000000000000000e+01 4.030000000000000000e+03 -1.000000000000000000e+00 -1.000000000000000000e+00 -1.000000000000000000e+00 -1.000000000000000000e+00 -1.000000000000000000e+00 1.960025000000000091e+03 1.023690000000000055e+03 1.213000000000000078e+00 1.116000000000000103e+00 2.403999999999999915e+00 1.000000000000000000e+00
3.100000000000000000e+01 4.014000000000000000e+03 -1.000000000000000000e+00 -1.000000000000000000e+00 -1.000000000000000000e+00 -1.000000000000000000e+00 -1.000000000000000000e+00 1.958287000000000035e+03 1.047169000000000096e+03 1.322000000000000064e+00 1.070999999999999952e+00 2.138500000000000068e+00 1.000000000000000000e+00
3.100000000000000000e+01 4.031000000000000000e+03 -1.000000000000000000e+00 -1.000000000000000000e+00 -1.000000000000000000e+00 -1.000000000000000000e+00 -1.000000000000000000e+00 1.909667999999999893e+03 1.049457000000000107e+03 8.199999999999999512e-01 1.121499999999999941e+00 2.583000000000000185e+00 8.739999999999999991e-01
3.100000000000000000e+01 4.029000000000000000e+03 -1.000000000000000000e+00 -1.000000000000000000e+00 -1.000000000000000000e+00 -1.000000000000000000e+00 -1.000000000000000000e+00 1.954384000000000015e+03 1.037958000000000084e+03 1.048000000000000043e+00 1.066000000000000059e+00 2.834999999999999964e+00 1.000000000000000000e+00
3.100000000000000000e+01 4.032000000000000000e+03 -1.000000000000000000e+00 -1.000000000000000000e+00 -1.000000000000000000e+00 -1.000000000000000000e+00 -1.000000000000000000e+00 1.900281999999999925e+03 1.053959000000000060e+03 7.259999999999999787e-01 1.072000000000000064e+00 2.607000000000000206e+00 8.820000000000000062e-01
3.100000000000000000e+01 4.007000000000000000e+03 -1.000000000000000000e+00 -1.000000000000000000e+00 -1.000000000000000000e+00 -1.000000000000000000e+00 -1.000000000000000000e+00 1.982828008235746893e+03 1.051991116947603814e+03 1.719013726244579487e+00 8.084999999999999964e-01 2.213999999999999968e+00 7.395000000000000462e-01
3.100000000000000000e+01 4.016000000000000000e+03 -1.000000000000000000e+00 -1.000000000000000000e+00 -1.000000000000000000e+00 -1.000000000000000000e+00 -1.000000000000000000e+00 1.972076000000000022e+03 1.040993999999999915e+03 1.664013726244579772e+00 9.014999999999999680e-01 2.247500000000000053e+00 7.039999999999999591e-01
3.200000000000000000e+01 4.005000000000000000e+03 -1.000000000000000000e+00 -1.000000000000000000e+00 -1.000000000000000000e+00 -1.000000000000000000e+00 -1.000000000000000000e+00 1.976876999999999953e+03 1.046275000000000091e+03 1.907000000000000028e+00 1.030499999999999972e+00 2.472500000000000142e+00 9.929999999999999938e-01
3.200000000000000000e+01 4.007000000000000000e+03 -1.000000000000000000e+00 -1.000000000000000000e+00 -1.000000000000000000e+00 -1.000000000000000000e+00 -1.000000000000000000e+00 1.982843000000000075e+03 1.052203999999999951e+03 1.743999999999999995e+00 8.084999999999999964e-01 2.213999999999999968e+00 7.395000000000000462e-01
3.200000000000000000e+01 4.030000000000000000e+03 -1.000000000000000000e+00 -1.000000000000000000e+00 -1.000000000000000000e+00 -1.000000000000000000e+00 -1.000000000000000000e+00 1.965726000000000113e+03 1.020154999999999973e+03 1.288000000000000034e+00 1.116000000000000103e+00 2.403999999999999915e+00 1.000000000000000000e+00
3.200000000000000000e+01 4.014000000000000000e+03 -1.000000000000000000e+00 -1.000000000000000000e+00 -1.000000000000000000e+00 -1.000000000000000000e+00 -1.000000000000000000e+00 1.957304000000000087e+03 1.046137999999999920e+03 1.268000000000000016e+00 1.070999999999999952e+00 2.138500000000000068e+00 1.000000000000000000e+00
3.200000000000000000e+01 4.016000000000000000e+03 -1.000000000000000000e+00 -1.000000000000000000e+00 -1.000000000000000000e+00 -1.000000000000000000e+00 -1.000000000000000000e+00 1.972076000000000022e+03 1.040993999999999915e+03 1.689000000000000057e+00 9.014999999999999680e-01 2.247500000000000053e+00 7.039999999999999591e-01
3.200000000000000000e+01 4.031000000000000000e+03 -1.000000000000000000e+00 -1.000000000000000000e+00 -1.000000000000000000e+00 -1.000000000000000000e+00 -1.000000000000000000e+00 1.909760999999999967e+03 1.049403999999999996e+03 7.870000000000000329e-01 1.121499999999999941e+00 2.583000000000000185e+00 8.739999999999999991e-01
3.200000000000000000e+01 4.029000000000000000e+03 -1.000000000000000000e+00 -1.000000000000000000e+00 -1.000000000000000000e+00 -1.000000000000000000e+00 -1.000000000000000000e+00 1.956208000000000084e+03 1.039222999999999956e+03 1.060000000000000053e+00 1.066000000000000059e+00 2.834999999999999964e+00 1.000000000000000000e+00
3.200000000000000000e+01 4.032000000000000000e+03 -1.000000000000000000e+00 -1.000000000000000000e+00 -1.000000000000000000e+00 -1.000000000000000000e+00 -1.000000000000000000e+00 1.901179000000000087e+03 1.053567999999999984e+03 7.009999999999999565e-01 1.072000000000000064e+00 2.607000000000000206e+00 8.820000000000000062e-01
3.300000000000000000e+01 4.005000000000000000e+03 -1.000000000000000000e+00 -1.000000000000000000e+00 -1.000000000000000000e+00 -1.000000000000000000e+00 -1.000000000000000000e+00 1.976921000000000049e+03 1.046377999999999929e+03 1.907000000000000028e+00 1.030499999999999972e+00 2.472500000000000142e+00 9.929999999999999938e-01
3.300000000000000000e+01 4.007000000000000000e+03 -1.000000000000000000e+00 -1.000000000000000000e+00 -1.000000000000000000e+00 -1.000000000000000000e+00 -1.000000000000000000e+00 1.982755000000000109e+03 1.052157999999999902e+03 1.768999999999999906e+00 8.084999999999999964e-01 2.213999999999999968e+00 7.395000000000000462e-01
3.300000000000000000e+01 4.030000000000000000e+03 -1.000000000000000000e+00 -1.000000000000000000e+00 -1.000000000000000000e+00 -1.000000000000000000e+00 -1.000000000000000000e+00 1.971440000000000055e+03 1.016611999999999966e+03 1.362999999999999989e+00 1.116000000000000103e+00 2.403999999999999915e+00 1.000000000000000000e+00
3.300000000000000000e+01 4.014000000000000000e+03 -1.000000000000000000e+00 -1.000000000000000000e+00 -1.000000000000000000e+00 -1.000000000000000000e+00 -1.000000000000000000e+00 1.956258000000000038e+03 1.045167999999999893e+03 1.213999999999999968e+00 1.070999999999999952e+00 2.138500000000000068e+00 1.000000000000000000e+00
3.300000000000000000e+01 4.031000000000000000e+03 -1.000000000000000000e+00 -1.000000000000000000e+00 -1.000000000000000000e+00 -1.000000000000000000e+00 -1.000000000000000000e+00 1.909696999999999889e+03 1.049413000000000011e+03 7.369999999999999885e-01 1.121499999999999941e+00 2.583000000000000185e+00 8.739999999999999991e-01
3.300000000000000000e+01 4.029000000000000000e+03 -1.000000000000000000e+00 -1.000000000000000000e+00 -1.000000000000000000e+00 -1.000000000000000000e+00 -1.000000000000000000e+00 1.957890000000000100e+03 1.040903999999999996e+03 1.072999999999999954e+00 1.066000000000000059e+00 2.834999999999999964e+00 1.000000000000000000e+00
3.300000000000000000e+01 4.032000000000000000e+03 -1.000000000000000000e+00 -1.000000000000000000e+00 -1.000000000000000000e+00 -1.000000000000000000e+00 -1.000000000000000000e+00 1.901929000000000087e+03 1.053397999999999911e+03 6.760000000000000453e-01 1.072000000000000064e+00 2.607000000000000206e+00 8.820000000000000062e-01
3.300000000000000000e+01 4.016000000000000000e+03 -1.000000000000000000e+00 -1.000000000000000000e+00 -1.000000000000000000e+00 -1.000000000000000000e+00 -1.000000000000000000e+00 1.972076000000000022e+03 1.040993999999999915e+03 1.649004662034486257e+00 9.014999999999999680e-01 2.247500000000000053e+00 7.039999999999999591e-01
3.400000000000000000e+01 4.005000000000000000e+03 -1.000000000000000000e+00 -1.000000000000000000e+00 -1.000000000000000000e+00 -1.000000000000000000e+00 -1.000000000000000000e+00 1.976964999999999918e+03 1.046480000000000018e+03 1.907000000000000028e+00 1.030499999999999972e+00 2.472500000000000142e+00 9.929999999999999938e-01
3.400000000000000000e+01 4.014000000000000000e+03 -1.000000000000000000e+00 -1.000000000000000000e+00 -1.000000000000000000e+00 -1.000000000000000000e+00 -1.000000000000000000e+00 1.955154999999999973e+03 1.044263999999999896e+03 1.161000000000000032e+00 1.070999999999999952e+00 2.138500000000000068e+00 1.000000000000000000e+00
3.400000000000000000e+01 4.031000000000000000e+03 -1.000000000000000000e+00 -1.000000000000000000e+00 -1.000000000000000000e+00 -1.000000000000000000e+00 -1.000000000000000000e+00 1.909634000000000015e+03 1.049421000000000049e+03 6.870000000000000551e-01 1.121499999999999941e+00 2.583000000000000185e+00 8.739999999999999991e-01
3.400000000000000000e+01 4.029000000000000000e+03 -1.000000000000000000e+00 -1.000000000000000000e+00 -1.000000000000000000e+00 -1.000000000000000000e+00 -1.000000000000000000e+00 1.959394999999999982e+03 1.042722999999999956e+03 1.284999999999999920e+00 1.066000000000000059e+00 2.834999999999999964e+00 1.000000000000000000e+00
3.400000000000000000e+01 4.032000000000000000e+03 -1.000000000000000000e+00 -1.000000000000000000e+00 -1.000000000000000000e+00 -1.000000000000000000e+00 -1.000000000000000000e+00 1.902678000000000111e+03 1.053229000000000042e+03 6.510000000000000231e-01 1.072000000000000064e+00 2.607000000000000206e+00 8.820000000000000062e-01
3.400000000000000000e+01 4.016000000000000000e+03 -1.000000000000000000e+00 -1.000000000000000000e+00 -1.000000000000000000e+00 -1.000000000000000000e+00 -1.000000000000000000e+00 1.972076000000000022e+03 1.040993999999999915e+03 1.658998308713046654e+00 9.014999999999999680e-01 2.247500000000000053e+00 7.039999999999999591e-01
3.500000000000000000e+01 4.014000000000000000e+03 -1.000000000000000000e+00 -1.000000000000000000e+00 -1.000000000000000000e+00 -1.000000000000000000e+00 -1.000000000000000000e+00 1.953337999999999965e+03 1.043298000000000002e+03 1.090000000000000080e+00 1.070999999999999952e+00 2.138500000000000068e+00 1.000000000000000000e+00
3.500000000000000000e+01 4.031000000000000000e+03 -1.000000000000000000e+00 -1.000000000000000000e+00 -1.000000000000000000e+00 -1.000000000000000000e+00 -1.000000000000000000e+00 1.909570999999999913e+03 1.049430000000000064e+03 6.370000000000000107e-01 1.121499999999999941e+00 2.583000000000000185e+00 8.739999999999999991e-01
3.500000000000000000e+01 4.029000000000000000e+03 -1.000000000000000000e+00 -1.000000000000000000e+00 -1.000000000000000000e+00 -1.000000000000000000e+00 -1.000000000000000000e+00 1.960988000000000056e+03 1.044978000000000065e+03 1.497999999999999998e+00 1.066000000000000059e+00 2.834999999999999964e+00 1.000000000000000000e+00
3.500000000000000000e+01 4.032000000000000000e+03 -1.000000000000000000e+00 -1.000000000000000000e+00 -1.000000000000000000e+00 -1.000000000000000000e+00 -1.000000000000000000e+00 1.903429000000000087e+03 1.053059999999999945e+03 6.260000000000000009e-01 1.072000000000000064e+00 2.607000000000000206e+00 8.820000000000000062e-01
3.500000000000000000e+01 4.016000000000000000e+03 -1.000000000000000000e+00 -1.000000000000000000e+00 -1.000000000000000000e+00 -1.000000000000000000e+00 -1.000000000000000000e+00 1.972076000000000022e+03 1.040993999999999915e+03 1.669002490949815565e+00 9.014999999999999680e-01 2.247500000000000053e+00 7.039999999999999591e-01
3.600000000000000000e+01 4.014000000000000000e+03 -1.000000000000000000e+00 -1.000000000000000000e+00 -1.000000000000000000e+00 -1.000000000000000000e+00 -1.000000000000000000e+00 1.951193999999999960e+03 1.042627999999999929e+03 1.020000000000000018e+00 1.070999999999999952e+00 2.138500000000000068e+00 1.000000000000000000e+00
3.600000000000000000e+01 4.031000000000000000e+03 -1.000000000000000000e+00 -1.000000000000000000e+00 -1.000000000000000000e+00 -1.000000000000000000e+00 -1.000000000000000000e+00 1.909617999999999938e+03 1.049403999999999996e+03 6.199999999999999956e-01 1.121499999999999941e+00 2.583000000000000185e+00 8.739999999999999991e-01
3.600000000000000000e+01 4.029000000000000000e+03 -1.000000000000000000e+00 -1.000000000000000000e+00 -1.000000000000000000e+00 -1.000000000000000000e+00 -1.000000000000000000e+00 1.962381000000000085e+03 1.046884000000000015e+03 1.711000000000000076e+00 1.066000000000000059e+00 2.834999999999999964e+00 1.000000000000000000e+00
3.600000000000000000e+01 4.032000000000000000e+03 -1.000000000000000000e+00 -1.000000000000000000e+00 -1.000000000000000000e+00 -1.000000000000000000e+00 -1.000000000000000000e+00 1.904179000000000087e+03 1.052891000000000076e+03 6.009999999999999787e-01 1.072000000000000064e+00 2.607000000000000206e+00 8.820000000000000062e-01
3.600000000000000000e+01 4.016000000000000000e+03 -1.000000000000000000e+00 -1.000000000000000000e+00 -1.000000000000000000e+00 -1.000000000000000000e+00 -1.000000000000000000e+00 1.972076000000000022e+03 1.040993999999999915e+03 1.679006713169727716e+00 9.014999999999999680e-01 2.247500000000000053e+00 7.039999999999999591e-01
3.700000000000000000e+01 4.014000000000000000e+03 -1.000000000000000000e+00 -1.000000000000000000e+00 -1.000000000000000000e+00 -1.000000000000000000e+00 -1.000000000000000000e+00 1.948968000000000075e+03 1.042339999999999918e+03 9.489999999999999547e-01 1.070999999999999952e+00 2.138500000000000068e+00 1.000000000000000000e+00
3.700000000000000000e+01 4.016000000000000000e+03 -1.000000000000000000e+00 -1.000000000000000000e+00 -1.000000000000000000e+00 -1.000000000000000000e+00 -1.000000000000000000e+00 1.972076000000000022e+03 1.040993999999999915e+03 1.639000000000000012e+00 9.014999999999999680e-01 2.247500000000000053e+00 7.039999999999999591e-01
3.700000000000000000e+01 4.033000000000000000e+03 -1.000000000000000000e+00 -1.000000000000000000e+00 -1.000000000000000000e+00 -1.000000000000000000e+00 -1.000000000000000000e+00 1.879655999999999949e+03 1.059929000000000087e+03 5.580000000000000515e-01 1.102500000000000036e+00 2.186500000000000110e+00 7.754999999999999671e-01
3.700000000000000000e+01 4.031000000000000000e+03 -1.000000000000000000e+00 -1.000000000000000000e+00 -1.000000000000000000e+00 -1.000000000000000000e+00 -1.000000000000000000e+00 1.909663999999999987e+03 1.049376999999999953e+03 6.029999999999999805e-01 1.121499999999999941e+00 2.583000000000000185e+00 8.739999999999999991e-01
3.700000000000000000e+01 4.032000000000000000e+03 -1.000000000000000000e+00 -1.000000000000000000e+00 -1.000000000000000000e+00 -1.000000000000000000e+00 -1.000000000000000000e+00 1.904179000000000087e+03 1.052891000000000076e+03 6.009999999999999787e-01 1.072000000000000064e+00 2.607000000000000206e+00 8.820000000000000062e-01
3.800000000000000000e+01 4.014000000000000000e+03 -1.000000000000000000e+00 -1.000000000000000000e+00 -1.000000000000000000e+00 -1.000000000000000000e+00 -1.000000000000000000e+00 1.946156999999999925e+03 1.042784000000000106e+03 9.709999999999999742e-01 1.070999999999999952e+00 2.138500000000000068e+00 1.000000000000000000e+00
3.800000000000000000e+01 4.031000000000000000e+03 -1.000000000000000000e+00 -1.000000000000000000e+00 -1.000000000000000000e+00 -1.000000000000000000e+00 -1.000000000000000000e+00 1.909710000000000036e+03 1.049351000000000113e+03 5.869999999999999662e-01 1.121499999999999941e+00 2.583000000000000185e+00 8.739999999999999991e-01
3.800000000000000000e+01 4.032000000000000000e+03 -1.000000000000000000e+00 -1.000000000000000000e+00 -1.000000000000000000e+00 -1.000000000000000000e+00 -1.000000000000000000e+00 1.904179000000000087e+03 1.052891000000000076e+03 6.009999999999999787e-01 1.072000000000000064e+00 2.607000000000000206e+00 8.820000000000000062e-01
3.800000000000000000e+01 4.033000000000000000e+03 -1.000000000000000000e+00 -1.000000000000000000e+00 -1.000000000000000000e+00 -1.000000000000000000e+00 -1.000000000000000000e+00 1.879670492476734580e+03 1.059952987547698285e+03 5.415085609573957459e-01 1.102500000000000036e+00 2.186500000000000110e+00 7.755000000000000782e-01
3.900000000000000000e+01 4.014000000000000000e+03 -1.000000000000000000e+00 -1.000000000000000000e+00 -1.000000000000000000e+00 -1.000000000000000000e+00 -1.000000000000000000e+00 1.943020999999999958e+03 1.043656999999999925e+03 9.919999999999999929e-01 1.070999999999999952e+00 2.138500000000000068e+00 1.000000000000000000e+00
3.900000000000000000e+01 4.033000000000000000e+03 -1.000000000000000000e+00 -1.000000000000000000e+00 -1.000000000000000000e+00 -1.000000000000000000e+00 -1.000000000000000000e+00 1.879684999999999945e+03 1.059977000000000089e+03 5.250000000000000222e-01 1.102500000000000036e+00 2.186500000000000110e+00 7.754999999999999671e-01
3.900000000000000000e+01 4.031000000000000000e+03 -1.000000000000000000e+00 -1.000000000000000000e+00 -1.000000000000000000e+00 -1.000000000000000000e+00 -1.000000000000000000e+00 1.909880000000000109e+03 1.049253999999999905e+03 5.869999999999999662e-01 1.121499999999999941e+00 2.583000000000000185e+00 8.739999999999999991e-01
3.900000000000000000e+01 4.032000000000000000e+03 -1.000000000000000000e+00 -1.000000000000000000e+00 -1.000000000000000000e+00 -1.000000000000000000e+00 -1.000000000000000000e+00 1.904196999999999889e+03 1.052922000000000025e+03 6.009999999999999787e-01 1.072000000000000064e+00 2.607000000000000206e+00 8.820000000000000062e-01
4.000000000000000000e+01 4.014000000000000000e+03 -1.000000000000000000e+00 -1.000000000000000000e+00 -1.000000000000000000e+00 -1.000000000000000000e+00 -1.000000000000000000e+00 1.939713999999999942e+03 1.044921000000000049e+03 9.379999999999999449e-01 1.070999999999999952e+00 2.138500000000000068e+00 1.000000000000000000e+00
4.000000000000000000e+01 4.033000000000000000e+03 -1.000000000000000000e+00 -1.000000000000000000e+00 -1.000000000000000000e+00 -1.000000000000000000e+00 -1.000000000000000000e+00 1.879700000000000045e+03 1.060000999999999976e+03 5.090000000000000080e-01 1.102500000000000036e+00 2.186500000000000110e+00 7.754999999999999671e-01
4.000000000000000000e+01 4.031000000000000000e+03 -1.000000000000000000e+00 -1.000000000000000000e+00 -1.000000000000000000e+00 -1.000000000000000000e+00 -1.000000000000000000e+00 1.910049999999999955e+03 1.049156999999999925e+03 5.869999999999999662e-01 1.121499999999999941e+00 2.583000000000000185e+00 8.739999999999999991e-01
4.000000000000000000e+01 4.032000000000000000e+03 -1.000000000000000000e+00 -1.000000000000000000e+00 -1.000000000000000000e+00 -1.000000000000000000e+00 -1.000000000000000000e+00 1.904213999999999942e+03 1.052952999999999975e+03 6.009999999999999787e-01 1.072000000000000064e+00 2.607000000000000206e+00 8.820000000000000062e-01
