1.000000000000000000e+00 6.381000000000000000e+03 -1.000000000000000000e+00 -1.000000000000000000e+00 -1.000000000000000000e+00 -1.000000000000000000e+00 -1.000000000000000000e+00 1.048367999999999938e+03 2.663574000000000069e+03 8.110000000000000542e-01 9.080000000000000293e-01 2.148000000000000131e+00 7.215000000000000302e-01
1.000000000000000000e+00 6.382000000000000000e+03 -1.000000000000000000e+00 -1.000000000000000000e+00 -1.000000000000000000e+00 -1.000000000000000000e+00 -1.000000000000000000e+00 1.041164999999999964e+03 2.659552999999999884e+03 8.649999999999999911e-01 8.425000000000000266e-01 2.190999999999999837e+00 6.925000000000000044e-01
1.000000000000000000e+00 6.383000000000000000e+03 -1.000000000000000000e+00 -1.000000000000000000e+00 -1.000000000000000000e+00 -1.000000000000000000e+00 -1.000000000000000000e+00 1.070987000000000080e+03 2.705822000000000116e+03 8.229999999999999538e-01 9.749999999999999778e-01 2.228000000000000203e+00 8.689999999999999947e-01
1.000000000000000000e+00 6.384000000000000000e+03 -1.000000000000000000e+00 -1.000000000000000000e+00 -1.000000000000000000e+00 -1.000000000000000000e+00 -1.000000000000000000e+00 1.048444999999999936e+03 2.671684000000000196e+03 1.088000000000000078e+00 1.058499999999999996e+00 2.628000000000000114e+00 1.074000000000000066e+00
1.000000000000000000e+00 6.385000000000000000e+03 -1.000000000000000000e+00 -1.000000000000000000e+00 -1.000000000000000000e+00 -1.000000000000000000e+00 -1.000000000000000000e+00 1.045701999999999998e+03 2.666617000000000189e+03 8.589999999999999858e-01 9.070000000000000284e-01 2.001500000000000057e+00 7.674999999999999600e-01
1.000000000000000000e+00 6.386000000000000000e+03 -1.000000000000000000e+00 -1.000000000000000000e+00 -1.000000000000000000e+00 -1.000000000000000000e+00 -1.000000000000000000e+00 1.037051999999999907e+03 2.653056000000000040e+03 9.449999999999999512e-01 8.569999999999999840e-01 2.444999999999999840e+00 7.045000000000000151e-01
1.000000000000000000e+00 6.387000000000000000e+03 -1.000000000000000000e+00 -1.000000000000000000e+00 -1.000000000000000000e+00 -1.000000000000000000e+00 -1.000000000000000000e+00 1.055365999999999985e+03 2.681472999999999956e+03 7.640000000000000124e-01 9.364999999999999991e-01 2.321000000000000174e+00 7.504999999999999449e-01
1.000000000000000000e+00 6.388000000000000000e+03 -1.000000000000000000e+00 -1.000000000000000000e+00 -1.000000000000000000e+00 -1.000000000000000000e+00 -1.000000000000000000e+00 1.075637999999999920e+03 2.712538000000000011e+03 9.949999999999999956e-01 9.865000000000000435e-01 2.347999999999999865e+00 9.475000000000000089e-01
1.000000000000000000e+00 6.389000000000000000e+03 -1.000000000000000000e+00 -1.000000000000000000e+00 -1.000000000000000000e+00 -1.000000000000000000e+00 -1.000000000000000000e+00 1.066757000000000062e+03 2.699416999999999916e+03 8.439999999999999725e-01 8.950000000000000178e-01 2.000000000000000000e+00 8.904999999999999583e-01
1.000000000000000000e+00 6.390000000000000000e+03 -1.000000000000000000e+00 -1.000000000000000000e+00 -1.000000000000000000e+00 -1.000000000000000000e+00 -1.000000000000000000e+00 1.063269999999999982e+03 2.693706000000000131e+03 8.169999999999999485e-01 9.935000000000000497e-01 2.335500000000000131e+00 7.349999999999999867e-01
1.000000000000000000e+00 6.391000000000000000e+03 -1.000000000000000000e+00 -1.000000000000000000e+00 -1.000000000000000000e+00 -1.000000000000000000e+00 -1.000000000000000000e+00 1.058901000000000067e+03 2.687297000000000025e+03 8.950000000000000178e-01 1.006499999999999950e+00 2.319500000000000117e+00 7.804999999999999716e-01
2.000000000000000000e+00 6.381000000000000000e+03 -1.000000000000000000e+00 -1.000000000000000000e+00 -1.000000000000000000e+00 -1.000000000000000000e+00 -1.000000000000000000e+00 1.045676999999999907e+03 2.659664999999999964e+03 8.539999999999999813e-01 9.080000000000000293e-01 2.148000000000000131e+00 7.215000000000000302e-01
2.000000000000000000e+00 6.382000000000000000e+03 -1.000000000000000000e+00 -1.000000000000000000e+00 -1.000000000000000000e+00 -1.000000000000000000e+00 -1.000000000000000000e+00 1.041186999999999898e+03 2.659514999999999873e+03 8.549999999999999822e-01 8.425000000000000266e-01 2.190999999999999837e+00 6.925000000000000044e-01
2.000000000000000000e+00 6.383000000000000000e+03 -1.000000000000000000e+00 -1.000000000000000000e+00 -1.000000000000000000e+00 -1.000000000000000000e+00 -1.000000000000000000e+00 1.070996000000000095e+03 2.705786000000000058e+03 8.439999999999999725e-01 9.749999999999999778e-01 2.228000000000000203e+00 8.689999999999999947e-01
2.000000000000000000e+00 6.384000000000000000e+03 -1.000000000000000000e+00 -1.000000000000000000e+00 -1.000000000000000000e+00 -1.000000000000000000e+00 -1.000000000000000000e+00 1.048432000000000016e+03 2.671644999999999982e+03 1.088000000000000078e+00 1.058499999999999996e+00 2.628000000000000114e+00 1.074000000000000066e+00
2.000000000000000000e+00 6.385000000000000000e+03 -1.000000000000000000e+00 -1.000000000000000000e+00 -1.000000000000000000e+00 -1.000000000000000000e+00 -1.000000000000000000e+00 1.045682999999999993e+03 2.666590999999999894e+03 8.499999999999999778e-01 9.070000000000000284e-01 2.001500000000000057e+00 7.674999999999999600e-01
2.000000000000000000e+00 6.386000000000000000e+03 -1.000000000000000000e+00 -1.000000000000000000e+00 -1.000000000000000000e+00 -1.000000000000000000e+00 -1.000000000000000000e+00 1.037097999999999956e+03 2.653041000000000167e+03 9.280000000000000471e-01 8.569999999999999840e-01 2.444999999999999840e+00 7.045000000000000151e-01
2.000000000000000000e+00 6.387000000000000000e+03 -1.000000000000000000e+00 -1.000000000000000000e+00 -1.000000000000000000e+00 -1.000000000000000000e+00 -1.000000000000000000e+00 1.055377999999999929e+03 2.681467999999999847e+03 7.870000000000000329e-01 9.364999999999999991e-01 2.321000000000000174e+00 7.504999999999999449e-01
2.000000000000000000e+00 6.389000000000000000e+03 -1.000000000000000000e+00 -1.000000000000000000e+00 -1.000000000000000000e+00 -1.000000000000000000e+00 -1.000000000000000000e+00 1.066846999999999980e+03 2.699353000000000065e+03 8.439999999999999725e-01 8.950000000000000178e-01 2.000000000000000000e+00 8.904999999999999583e-01
2.000000000000000000e+00 6.392000000000000000e+03 -1.000000000000000000e+00 -1.000000000000000000e+00 -1.000000000000000000e+00 -1.000000000000000000e+00 -1.000000000000000000e+00 1.028459000000000060e+03 2.640347999999999956e+03 1.052000000000000046e+00 8.770000000000000018e-01 2.185000000000000053e+00 8.090000000000000524e-01
2.000000000000000000e+00 6.390000000000000000e+03 -1.000000000000000000e+00 -1.000000000000000000e+00 -1.000000000000000000e+00 -1.000000000000000000e+00 -1.000000000000000000e+00 1.063269999999999982e+03 2.693706000000000131e+03 8.169999999999999485e-01 9.935000000000000497e-01 2.335500000000000131e+00 7.349999999999999867e-01
2.000000000000000000e+00 6.391000000000000000e+03 -1.000000000000000000e+00 -1.000000000000000000e+00 -1.000000000000000000e+00 -1.000000000000000000e+00 -1.000000000000000000e+00 1.058880000000000109e+03 2.687233000000000175e+03 8.659999999999999920e-01 1.006499999999999950e+00 2.319500000000000117e+00 7.804999999999999716e-01
2.000000000000000000e+00 6.388000000000000000e+03 -1.000000000000000000e+00 -1.000000000000000000e+00 -1.000000000000000000e+00 -1.000000000000000000e+00 -1.000000000000000000e+00 1.075617431670891619e+03 2.712517987571678532e+03 9.949999999999998845e-01 9.864999999999999325e-01 2.347999999999999865e+00 9.475000000000000089e-01
3.000000000000000000e+00 6.381000000000000000e+03 -1.000000000000000000e+00 -1.000000000000000000e+00 -1.000000000000000000e+00 -1.000000000000000000e+00 -1.000000000000000000e+00 1.042309999999999945e+03 2.654762999999999920e+03 9.070000000000000284e-01 9.080000000000000293e-01 2.148000000000000131e+00 7.215000000000000302e-01
3.000000000000000000e+00 6.382000000000000000e+03 -1.000000000000000000e+00 -1.000000000000000000e+00 -1.000000000000000000e+00 -1.000000000000000000e+00 -1.000000000000000000e+00 1.041213999999999942e+03 2.659467999999999847e+03 8.409999999999999698e-01 8.425000000000000266e-01 2.190999999999999837e+00 6.925000000000000044e-01
3.000000000000000000e+00 6.383000000000000000e+03 -1.000000000000000000e+00 -1.000000000000000000e+00 -1.000000000000000000e+00 -1.000000000000000000e+00 -1.000000000000000000e+00 1.071007000000000062e+03 2.705742000000000189e+03 8.699999999999999956e-01 9.749999999999999778e-01 2.228000000000000203e+00 8.689999999999999947e-01
3.000000000000000000e+00 6.384000000000000000e+03 -1.000000000000000000e+00 -1.000000000000000000e+00 -1.000000000000000000e+00 -1.000000000000000000e+00 -1.000000000000000000e+00 1.048414999999999964e+03 2.671597000000000207e+03 1.088000000000000078e+00 1.058499999999999996e+00 2.628000000000000114e+00 1.074000000000000066e+00
3.000000000000000000e+00 6.385000000000000000e+03 -1.000000000000000000e+00 -1.000000000000000000e+00 -1.000000000000000000e+00 -1.000000000000000000e+00 -1.000000000000000000e+00 1.045660000000000082e+03 2.666559999999999945e+03 8.379999999999999671e-01 9.070000000000000284e-01 2.001500000000000057e+00 7.674999999999999600e-01
3.000000000000000000e+00 6.386000000000000000e+03 -1.000000000000000000e+00 -1.000000000000000000e+00 -1.000000000000000000e+00 -1.000000000000000000e+00 -1.000000000000000000e+00 1.037154999999999973e+03 2.653021000000000186e+03 9.060000000000000275e-01 8.569999999999999840e-01 2.444999999999999840e+00 7.045000000000000151e-01
3.000000000000000000e+00 6.387000000000000000e+03 -1.000000000000000000e+00 -1.000000000000000000e+00 -1.000000000000000000e+00 -1.000000000000000000e+00 -1.000000000000000000e+00 1.055394000000000005e+03 2.681461999999999989e+03 8.139999999999999458e-01 9.364999999999999991e-01 2.321000000000000174e+00 7.504999999999999449e-01
3.000000000000000000e+00 6.388000000000000000e+03 -1.000000000000000000e+00 -1.000000000000000000e+00 -1.000000000000000000e+00 -1.000000000000000000e+00 -1.000000000000000000e+00 1.075601000000000113e+03 2.712501999999999953e+03 9.949999999999999956e-01 9.865000000000000435e-01 2.347999999999999865e+00 9.475000000000000089e-01
3.000000000000000000e+00 6.389000000000000000e+03 -1.000000000000000000e+00 -1.000000000000000000e+00 -1.000000000000000000e+00 -1.000000000000000000e+00 -1.000000000000000000e+00 1.066846999999999980e+03 2.699353000000000065e+03 8.439999999999999725e-01 8.950000000000000178e-01 2.000000000000000000e+00 8.904999999999999583e-01
3.000000000000000000e+00 6.392000000000000000e+03 -1.000000000000000000e+00 -1.000000000000000000e+00 -1.000000000000000000e+00 -1.000000000000000000e+00 -1.000000000000000000e+00 1.028507000000000062e+03 2.640230000000000018e+03 1.024999999999999911e+00 8.770000000000000018e-01 2.185000000000000053e+00 8.090000000000000524e-01
3.000000000000000000e+00 6.390000000000000000e+03 -1.000000000000000000e+00 -1.000000000000000000e+00 -1.000000000000000000e+00 -1.000000000000000000e+00 -1.000000000000000000e+00 1.063269999999999982e+03 2.693706000000000131e+03 8.169999999999999485e-01 9.935000000000000497e-01 2.335500000000000131e+00 7.349999999999999867e-01
3.000000000000000000e+00 6.391000000000000000e+03 -1.000000000000000000e+00 -1.000000000000000000e+00 -1.000000000000000000e+00 -1.000000000000000000e+00 -1.000000000000000000e+00 1.058854000000000042e+03 2.687152999999999793e+03 8.299999999999999600e-01 1.006499999999999950e+00 2.319500000000000117e+00 7.804999999999999716e-01
3.000000000000000000e+00 6.393000000000000000e+03 -1.000000000000000000e+00 -1.000000000000000000e+00 -1.000000000000000000e+00 -1.000000000000000000e+00 -1.000000000000000000e+00 1.033075000000000045e+03 2.647021999999999935e+03 8.960000000000000187e-01 9.100000000000000311e-01 2.178999999999999826e+00 7.279999999999999805e-01
4.000000000000000000e+00 6.381000000000000000e+03 -1.000000000000000000e+00 -1.000000000000000000e+00 -1.000000000000000000e+00 -1.000000000000000000e+00 -1.000000000000000000e+00 1.039042999999999893e+03 2.649719000000000051e+03 9.030000000000000249e-01 9.080000000000000293e-01 2.148000000000000131e+00 7.215000000000000302e-01
4.000000000000000000e+00 6.382000000000000000e+03 -1.000000000000000000e+00 -1.000000000000000000e+00 -1.000000000000000000e+00 -1.000000000000000000e+00 -1.000000000000000000e+00 1.041241999999999962e+03 2.659420000000000073e+03 8.279999999999999583e-01 8.425000000000000266e-01 2.190999999999999837e+00 6.925000000000000044e-01
4.000000000000000000e+00 6.383000000000000000e+03 -1.000000000000000000e+00 -1.000000000000000000e+00 -1.000000000000000000e+00 -1.000000000000000000e+00 -1.000000000000000000e+00 1.071018000000000029e+03 2.705697999999999865e+03 8.960000000000000187e-01 9.749999999999999778e-01 2.228000000000000203e+00 8.689999999999999947e-01
4.000000000000000000e+00 6.384000000000000000e+03 -1.000000000000000000e+00 -1.000000000000000000e+00 -1.000000000000000000e+00 -1.000000000000000000e+00 -1.000000000000000000e+00 1.048453999999999951e+03 2.671634000000000015e+03 1.088000000000000078e+00 1.058499999999999996e+00 2.628000000000000114e+00 1.074000000000000066e+00
4.000000000000000000e+00 6.385000000000000000e+03 -1.000000000000000000e+00 -1.000000000000000000e+00 -1.000000000000000000e+00 -1.000000000000000000e+00 -1.000000000000000000e+00 1.045635999999999967e+03 2.666527999999999793e+03 8.269999999999999574e-01 9.070000000000000284e-01 2.001500000000000057e+00 7.674999999999999600e-01
4.000000000000000000e+00 6.386000000000000000e+03 -1.000000000000000000e+00 -1.000000000000000000e+00 -1.000000000000000000e+00 -1.000000000000000000e+00 -1.000000000000000000e+00 1.037212999999999965e+03 2.653001000000000204e+03 8.840000000000000080e-01 8.569999999999999840e-01 2.444999999999999840e+00 7.045000000000000151e-01
4.000000000000000000e+00 6.387000000000000000e+03 -1.000000000000000000e+00 -1.000000000000000000e+00 -1.000000000000000000e+00 -1.000000000000000000e+00 -1.000000000000000000e+00 1.055376999999999953e+03 2.681474999999999909e+03 8.679999999999999938e-01 9.364999999999999991e-01 2.321000000000000174e+00 7.504999999999999449e-01
4.000000000000000000e+00 6.389000000000000000e+03 -1.000000000000000000e+00 -1.000000000000000000e+00 -1.000000000000000000e+00 -1.000000000000000000e+00 -1.000000000000000000e+00 1.066846999999999980e+03 2.699353000000000065e+03 8.439999999999999725e-01 8.950000000000000178e-01 2.000000000000000000e+00 8.904999999999999583e-01
4.000000000000000000e+00 6.392000000000000000e+03 -1.000000000000000000e+00 -1.000000000000000000e+00 -1.000000000000000000e+00 -1.000000000000000000e+00 -1.000000000000000000e+00 1.028551999999999907e+03 2.640110999999999876e+03 9.979999999999999982e-01 8.770000000000000018e-01 2.185000000000000053e+00 8.090000000000000524e-01
4.000000000000000000e+00 6.390000000000000000e+03 -1.000000000000000000e+00 -1.000000000000000000e+00 -1.000000000000000000e+00 -1.000000000000000000e+00 -1.000000000000000000e+00 1.063269999999999982e+03 2.693706000000000131e+03 8.169999999999999485e-01 9.935000000000000497e-01 2.335500000000000131e+00 7.349999999999999867e-01
4.000000000000000000e+00 6.391000000000000000e+03 -1.000000000000000000e+00 -1.000000000000000000e+00 -1.000000000000000000e+00 -1.000000000000000000e+00 -1.000000000000000000e+00 1.058827999999999975e+03 2.687072000000000116e+03 7.950000000000000400e-01 1.006499999999999950e+00 2.319500000000000117e+00 7.804999999999999716e-01
4.000000000000000000e+00 6.393000000000000000e+03 -1.000000000000000000e+00 -1.000000000000000000e+00 -1.000000000000000000e+00 -1.000000000000000000e+00 -1.000000000000000000e+00 1.033056000000000040e+03 2.646969999999999800e+03 8.960000000000000187e-01 9.100000000000000311e-01 2.178999999999999826e+00 7.279999999999999805e-01
5.000000000000000000e+00 6.381000000000000000e+03 -1.000000000000000000e+00 -1.000000000000000000e+00 -1.000000000000000000e+00 -1.000000000000000000e+00 -1.000000000000000000e+00 1.035779999999999973e+03 2.644681000000000040e+03 8.980000000000000204e-01 9.080000000000000293e-01 2.148000000000000131e+00 7.215000000000000302e-01
5.000000000000000000e+00 6.382000000000000000e+03 -1.000000000000000000e+00 -1.000000000000000000e+00 -1.000000000000000000e+00 -1.000000000000000000e+00 -1.000000000000000000e+00 1.041269000000000005e+03 2.659371999999999844e+03 8.149999999999999467e-01 8.425000000000000266e-01 2.190999999999999837e+00 6.925000000000000044e-01
5.000000000000000000e+00 6.384000000000000000e+03 -1.000000000000000000e+00 -1.000000000000000000e+00 -1.000000000000000000e+00 -1.000000000000000000e+00 -1.000000000000000000e+00 1.048433999999999969e+03 2.671646999999999935e+03 1.137999999999999901e+00 1.058499999999999996e+00 2.628000000000000114e+00 1.074000000000000066e+00
5.000000000000000000e+00 6.385000000000000000e+03 -1.000000000000000000e+00 -1.000000000000000000e+00 -1.000000000000000000e+00 -1.000000000000000000e+00 -1.000000000000000000e+00 1.045613000000000056e+03 2.666496999999999844e+03 8.509999999999999787e-01 9.070000000000000284e-01 2.001500000000000057e+00 7.674999999999999600e-01
5.000000000000000000e+00 6.386000000000000000e+03 -1.000000000000000000e+00 -1.000000000000000000e+00 -1.000000000000000000e+00 -1.000000000000000000e+00 -1.000000000000000000e+00 1.037269999999999982e+03 2.652981000000000222e+03 8.629999999999999893e-01 8.569999999999999840e-01 2.444999999999999840e+00 7.045000000000000151e-01
5.000000000000000000e+00 6.387000000000000000e+03 -1.000000000000000000e+00 -1.000000000000000000e+00 -1.000000000000000000e+00 -1.000000000000000000e+00 -1.000000000000000000e+00 1.055359999999999900e+03 2.681487999999999829e+03 9.220000000000000417e-01 9.364999999999999991e-01 2.321000000000000174e+00 7.504999999999999449e-01
5.000000000000000000e+00 6.392000000000000000e+03 -1.000000000000000000e+00 -1.000000000000000000e+00 -1.000000000000000000e+00 -1.000000000000000000e+00 -1.000000000000000000e+00 1.028545000000000073e+03 2.640086999999999989e+03 9.719999999999999751e-01 8.770000000000000018e-01 2.185000000000000053e+00 8.090000000000000524e-01
5.000000000000000000e+00 6.390000000000000000e+03 -1.000000000000000000e+00 -1.000000000000000000e+00 -1.000000000000000000e+00 -1.000000000000000000e+00 -1.000000000000000000e+00 1.063269999999999982e+03 2.693706000000000131e+03 8.669999999999999929e-01 9.935000000000000497e-01 2.335500000000000131e+00 7.349999999999999867e-01
5.000000000000000000e+00 6.391000000000000000e+03 -1.000000000000000000e+00 -1.000000000000000000e+00 -1.000000000000000000e+00 -1.000000000000000000e+00 -1.000000000000000000e+00 1.058724999999999909e+03 2.687146999999999935e+03 7.950000000000000400e-01 1.006499999999999950e+00 2.319500000000000117e+00 7.804999999999999716e-01
5.000000000000000000e+00 6.393000000000000000e+03 -1.000000000000000000e+00 -1.000000000000000000e+00 -1.000000000000000000e+00 -1.000000000000000000e+00 -1.000000000000000000e+00 1.033038000000000011e+03 2.646918000000000120e+03 8.960000000000000187e-01 9.100000000000000311e-01 2.178999999999999826e+00 7.279999999999999805e-01
6.000000000000000000e+00 6.381000000000000000e+03 -1.000000000000000000e+00 -1.000000000000000000e+00 -1.000000000000000000e+00 -1.000000000000000000e+00 -1.000000000000000000e+00 1.033108999999999924e+03 2.640706999999999880e+03 8.950000000000000178e-01 9.080000000000000293e-01 2.148000000000000131e+00 7.215000000000000302e-01
6.000000000000000000e+00 6.382000000000000000e+03 -1.000000000000000000e+00 -1.000000000000000000e+00 -1.000000000000000000e+00 -1.000000000000000000e+00 -1.000000000000000000e+00 1.041240000000000009e+03 2.659384000000000015e+03 8.010000000000000453e-01 8.425000000000000266e-01 2.190999999999999837e+00 6.925000000000000044e-01
6.000000000000000000e+00 6.384000000000000000e+03 -1.000000000000000000e+00 -1.000000000000000000e+00 -1.000000000000000000e+00 -1.000000000000000000e+00 -1.000000000000000000e+00 1.048417999999999893e+03 2.671657000000000153e+03 1.118000000000000105e+00 1.058499999999999996e+00 2.628000000000000114e+00 1.074000000000000066e+00
6.000000000000000000e+00 6.385000000000000000e+03 -1.000000000000000000e+00 -1.000000000000000000e+00 -1.000000000000000000e+00 -1.000000000000000000e+00 -1.000000000000000000e+00 1.045619999999999891e+03 2.666487999999999829e+03 8.699999999999999956e-01 9.070000000000000284e-01 2.001500000000000057e+00 7.674999999999999600e-01
6.000000000000000000e+00 6.386000000000000000e+03 -1.000000000000000000e+00 -1.000000000000000000e+00 -1.000000000000000000e+00 -1.000000000000000000e+00 -1.000000000000000000e+00 1.037316000000000031e+03 2.652965000000000146e+03 8.449999999999999734e-01 8.569999999999999840e-01 2.444999999999999840e+00 7.045000000000000151e-01
6.000000000000000000e+00 6.387000000000000000e+03 -1.000000000000000000e+00 -1.000000000000000000e+00 -1.000000000000000000e+00 -1.000000000000000000e+00 -1.000000000000000000e+00 1.055346999999999980e+03 2.681498000000000047e+03 9.639999999999999680e-01 9.364999999999999991e-01 2.321000000000000174e+00 7.504999999999999449e-01
6.000000000000000000e+00 6.392000000000000000e+03 -1.000000000000000000e+00 -1.000000000000000000e+00 -1.000000000000000000e+00 -1.000000000000000000e+00 -1.000000000000000000e+00 1.028538999999999987e+03 2.640067000000000007e+03 9.509999999999999565e-01 8.770000000000000018e-01 2.185000000000000053e+00 8.090000000000000524e-01
6.000000000000000000e+00 6.390000000000000000e+03 -1.000000000000000000e+00 -1.000000000000000000e+00 -1.000000000000000000e+00 -1.000000000000000000e+00 -1.000000000000000000e+00 1.063269999999999982e+03 2.693706000000000131e+03 8.870000000000000107e-01 9.935000000000000497e-01 2.335500000000000131e+00 7.349999999999999867e-01
6.000000000000000000e+00 6.393000000000000000e+03 -1.000000000000000000e+00 -1.000000000000000000e+00 -1.000000000000000000e+00 -1.000000000000000000e+00 -1.000000000000000000e+00 1.033022999999999911e+03 2.646876999999999953e+03 8.960000000000000187e-01 9.100000000000000311e-01 2.178999999999999826e+00 7.279999999999999805e-01
7.000000000000000000e+00 6.381000000000000000e+03 -1.000000000000000000e+00 -1.000000000000000000e+00 -1.000000000000000000e+00 -1.000000000000000000e+00 -1.000000000000000000e+00 1.029082000000000107e+03 2.634755999999999858e+03 9.230000000000000426e-01 9.080000000000000293e-01 2.148000000000000131e+00 7.215000000000000302e-01
7.000000000000000000e+00 6.382000000000000000e+03 -1.000000000000000000e+00 -1.000000000000000000e+00 -1.000000000000000000e+00 -1.000000000000000000e+00 -1.000000000000000000e+00 1.041195999999999913e+03 2.659402999999999793e+03 7.790000000000000258e-01 8.425000000000000266e-01 2.190999999999999837e+00 6.925000000000000044e-01
7.000000000000000000e+00 6.384000000000000000e+03 -1.000000000000000000e+00 -1.000000000000000000e+00 -1.000000000000000000e+00 -1.000000000000000000e+00 -1.000000000000000000e+00 1.048394000000000005e+03 2.671672999999999774e+03 1.088000000000000078e+00 1.058499999999999996e+00 2.628000000000000114e+00 1.074000000000000066e+00
7.000000000000000000e+00 6.385000000000000000e+03 -1.000000000000000000e+00 -1.000000000000000000e+00 -1.000000000000000000e+00 -1.000000000000000000e+00 -1.000000000000000000e+00 1.045632000000000062e+03 2.666474999999999909e+03 8.990000000000000213e-01 9.070000000000000284e-01 2.001500000000000057e+00 7.674999999999999600e-01
7.000000000000000000e+00 6.386000000000000000e+03 -1.000000000000000000e+00 -1.000000000000000000e+00 -1.000000000000000000e+00 -1.000000000000000000e+00 -1.000000000000000000e+00 1.037105000000000018e+03 2.652773000000000138e+03 7.449999999999999956e-01 8.569999999999999840e-01 2.444999999999999840e+00 7.045000000000000151e-01
7.000000000000000000e+00 6.387000000000000000e+03 -1.000000000000000000e+00 -1.000000000000000000e+00 -1.000000000000000000e+00 -1.000000000000000000e+00 -1.000000000000000000e+00 1.055353000000000065e+03 2.681474000000000160e+03 9.040000000000000258e-01 9.364999999999999991e-01 2.321000000000000174e+00 7.504999999999999449e-01
7.000000000000000000e+00 6.394000000000000000e+03 -1.000000000000000000e+00 -1.000000000000000000e+00 -1.000000000000000000e+00 -1.000000000000000000e+00 -1.000000000000000000e+00 1.020498000000000047e+03 2.628992999999999938e+03 9.459999999999999520e-01 8.880000000000000115e-01 2.265000000000000124e+00 6.889999999999999458e-01
7.000000000000000000e+00 6.395000000000000000e+03 -1.000000000000000000e+00 -1.000000000000000000e+00 -1.000000000000000000e+00 -1.000000000000000000e+00 -1.000000000000000000e+00 1.023809999999999945e+03 2.634744999999999891e+03 7.309999999999999831e-01 1.113499999999999934e+00 2.660000000000000142e+00 7.974999999999999867e-01
7.000000000000000000e+00 6.392000000000000000e+03 -1.000000000000000000e+00 -1.000000000000000000e+00 -1.000000000000000000e+00 -1.000000000000000000e+00 -1.000000000000000000e+00 1.028529999999999973e+03 2.640038000000000011e+03 9.200000000000000400e-01 8.770000000000000018e-01 2.185000000000000053e+00 8.090000000000000524e-01
7.000000000000000000e+00 6.393000000000000000e+03 -1.000000000000000000e+00 -1.000000000000000000e+00 -1.000000000000000000e+00 -1.000000000000000000e+00 -1.000000000000000000e+00 1.033046000000000049e+03 2.646918999999999869e+03 8.459999999999999742e-01 9.100000000000000311e-01 2.178999999999999826e+00 7.279999999999999805e-01
8.000000000000000000e+00 6.381000000000000000e+03 -1.000000000000000000e+00 -1.000000000000000000e+00 -1.000000000000000000e+00 -1.000000000000000000e+00 -1.000000000000000000e+00 1.026384000000000015e+03 2.630802000000000135e+03 9.210000000000000409e-01 9.080000000000000293e-01 2.148000000000000131e+00 7.215000000000000302e-01
8.000000000000000000e+00 6.382000000000000000e+03 -1.000000000000000000e+00 -1.000000000000000000e+00 -1.000000000000000000e+00 -1.000000000000000000e+00 -1.000000000000000000e+00 1.041166999999999916e+03 2.659416000000000167e+03 7.650000000000000133e-01 8.425000000000000266e-01 2.190999999999999837e+00 6.925000000000000044e-01
8.000000000000000000e+00 6.384000000000000000e+03 -1.000000000000000000e+00 -1.000000000000000000e+00 -1.000000000000000000e+00 -1.000000000000000000e+00 -1.000000000000000000e+00 1.048394000000000005e+03 2.671672999999999774e+03 1.088000000000000078e+00 1.058499999999999996e+00 2.628000000000000114e+00 1.074000000000000066e+00
8.000000000000000000e+00 6.385000000000000000e+03 -1.000000000000000000e+00 -1.000000000000000000e+00 -1.000000000000000000e+00 -1.000000000000000000e+00 -1.000000000000000000e+00 1.045640000000000100e+03 2.666465999999999894e+03 9.180000000000000382e-01 9.070000000000000284e-01 2.001500000000000057e+00 7.674999999999999600e-01
8.000000000000000000e+00 6.386000000000000000e+03 -1.000000000000000000e+00 -1.000000000000000000e+00 -1.000000000000000000e+00 -1.000000000000000000e+00 -1.000000000000000000e+00 1.037076000000000022e+03 2.652744999999999891e+03 7.449999999999999956e-01 8.569999999999999840e-01 2.444999999999999840e+00 7.045000000000000151e-01
8.000000000000000000e+00 6.387000000000000000e+03 -1.000000000000000000e+00 -1.000000000000000000e+00 -1.000000000000000000e+00 -1.000000000000000000e+00 -1.000000000000000000e+00 1.055355999999999995e+03 2.681456999999999880e+03 8.639999999999999902e-01 9.364999999999999991e-01 2.321000000000000174e+00 7.504999999999999449e-01
8.000000000000000000e+00 6.394000000000000000e+03 -1.000000000000000000e+00 -1.000000000000000000e+00 -1.000000000000000000e+00 -1.000000000000000000e+00 -1.000000000000000000e+00 1.020527000000000044e+03 2.628916000000000167e+03 9.240000000000000435e-01 8.880000000000000115e-01 2.265000000000000124e+00 6.889999999999999458e-01
8.000000000000000000e+00 6.395000000000000000e+03 -1.000000000000000000e+00 -1.000000000000000000e+00 -1.000000000000000000e+00 -1.000000000000000000e+00 -1.000000000000000000e+00 1.023825000000000045e+03 2.634748999999999796e+03 7.309999999999999831e-01 1.113499999999999934e+00 2.660000000000000142e+00 7.974999999999999867e-01
8.000000000000000000e+00 6.396000000000000000e+03 -1.000000000000000000e+00 -1.000000000000000000e+00 -1.000000000000000000e+00 -1.000000000000000000e+00 -1.000000000000000000e+00 1.015677999999999997e+03 2.621447999999999865e+03 1.094999999999999973e+00 8.725000000000000533e-01 2.318499999999999783e+00 7.455000000000000515e-01
8.000000000000000000e+00 6.392000000000000000e+03 -1.000000000000000000e+00 -1.000000000000000000e+00 -1.000000000000000000e+00 -1.000000000000000000e+00 -1.000000000000000000e+00 1.028525000000000091e+03 2.640018000000000029e+03 8.980000000000000204e-01 8.770000000000000018e-01 2.185000000000000053e+00 8.090000000000000524e-01
8.000000000000000000e+00 6.397000000000000000e+03 -1.000000000000000000e+00 -1.000000000000000000e+00 -1.000000000000000000e+00 -1.000000000000000000e+00 -1.000000000000000000e+00 1.011376999999999953e+03 2.616429999999999836e+03 6.919999999999999485e-01 1.066999999999999948e+00 2.437500000000000000e+00 8.080000000000000515e-01
8.000000000000000000e+00 6.393000000000000000e+03 -1.000000000000000000e+00 -1.000000000000000000e+00 -1.000000000000000000e+00 -1.000000000000000000e+00 -1.000000000000000000e+00 1.032914999999999964e+03 2.646795000000000073e+03 7.149999999999999689e-01 9.100000000000000311e-01 2.178999999999999826e+00 7.279999999999999805e-01
9.000000000000000000e+00 6.381000000000000000e+03 -1.000000000000000000e+00 -1.000000000000000000e+00 -1.000000000000000000e+00 -1.000000000000000000e+00 -1.000000000000000000e+00 1.023009999999999991e+03 2.625858999999999924e+03 9.170000000000000373e-01 9.080000000000000293e-01 2.148000000000000131e+00 7.215000000000000302e-01
9.000000000000000000e+00 6.382000000000000000e+03 -1.000000000000000000e+00 -1.000000000000000000e+00 -1.000000000000000000e+00 -1.000000000000000000e+00 -1.000000000000000000e+00 1.041281999999999925e+03 2.659442000000000007e+03 7.479999999999999982e-01 8.425000000000000266e-01 2.190999999999999837e+00 6.925000000000000044e-01
9.000000000000000000e+00 6.384000000000000000e+03 -1.000000000000000000e+00 -1.000000000000000000e+00 -1.000000000000000000e+00 -1.000000000000000000e+00 -1.000000000000000000e+00 1.048394000000000005e+03 2.671672999999999774e+03 1.088000000000000078e+00 1.058499999999999996e+00 2.628000000000000114e+00 1.074000000000000066e+00
9.000000000000000000e+00 6.385000000000000000e+03 -1.000000000000000000e+00 -1.000000000000000000e+00 -1.000000000000000000e+00 -1.000000000000000000e+00 -1.000000000000000000e+00 1.045634000000000015e+03 2.666458000000000084e+03 8.659999999999999920e-01 9.070000000000000284e-01 2.001500000000000057e+00 7.674999999999999600e-01
9.000000000000000000e+00 6.386000000000000000e+03 -1.000000000000000000e+00 -1.000000000000000000e+00 -1.000000000000000000e+00 -1.000000000000000000e+00 -1.000000000000000000e+00 1.037039999999999964e+03 2.652710000000000036e+03 7.449999999999999956e-01 8.569999999999999840e-01 2.444999999999999840e+00 7.045000000000000151e-01
9.000000000000000000e+00 6.387000000000000000e+03 -1.000000000000000000e+00 -1.000000000000000000e+00 -1.000000000000000000e+00 -1.000000000000000000e+00 -1.000000000000000000e+00 1.055381000000000085e+03 2.681469999999999800e+03 8.639999999999999902e-01 9.364999999999999991e-01 2.321000000000000174e+00 7.504999999999999449e-01
9.000000000000000000e+00 6.394000000000000000e+03 -1.000000000000000000e+00 -1.000000000000000000e+00 -1.000000000000000000e+00 -1.000000000000000000e+00 -1.000000000000000000e+00 1.020563999999999965e+03 2.628818000000000211e+03 8.960000000000000187e-01 8.880000000000000115e-01 2.265000000000000124e+00 6.889999999999999458e-01
9.000000000000000000e+00 6.395000000000000000e+03 -1.000000000000000000e+00 -1.000000000000000000e+00 -1.000000000000000000e+00 -1.000000000000000000e+00 -1.000000000000000000e+00 1.023842999999999961e+03 2.634753000000000156e+03 7.309999999999999831e-01 1.113499999999999934e+00 2.660000000000000142e+00 7.974999999999999867e-01
9.000000000000000000e+00 6.396000000000000000e+03 -1.000000000000000000e+00 -1.000000000000000000e+00 -1.000000000000000000e+00 -1.000000000000000000e+00 -1.000000000000000000e+00 1.015645999999999958e+03 2.621403999999999996e+03 1.026000000000000023e+00 8.725000000000000533e-01 2.318499999999999783e+00 7.455000000000000515e-01
9.000000000000000000e+00 6.392000000000000000e+03 -1.000000000000000000e+00 -1.000000000000000000e+00 -1.000000000000000000e+00 -1.000000000000000000e+00 -1.000000000000000000e+00 1.028461000000000013e+03 2.639878999999999905e+03 8.729999999999999982e-01 8.770000000000000018e-01 2.185000000000000053e+00 8.090000000000000524e-01
9.000000000000000000e+00 6.397000000000000000e+03 -1.000000000000000000e+00 -1.000000000000000000e+00 -1.000000000000000000e+00 -1.000000000000000000e+00 -1.000000000000000000e+00 1.011365999999999985e+03 2.616438000000000102e+03 6.919999999999999485e-01 1.066999999999999948e+00 2.437500000000000000e+00 8.080000000000000515e-01
9.000000000000000000e+00 6.393000000000000000e+03 -1.000000000000000000e+00 -1.000000000000000000e+00 -1.000000000000000000e+00 -1.000000000000000000e+00 -1.000000000000000000e+00 1.032815000000000055e+03 2.646614000000000033e+03 6.460000000000000187e-01 9.100000000000000311e-01 2.178999999999999826e+00 7.279999999999999805e-01
1.000000000000000000e+01 6.381000000000000000e+03 -1.000000000000000000e+00 -1.000000000000000000e+00 -1.000000000000000000e+00 -1.000000000000000000e+00 -1.000000000000000000e+00 1.019631999999999948e+03 2.620909999999999854e+03 9.140000000000000346e-01 9.080000000000000293e-01 2.148000000000000131e+00 7.215000000000000302e-01
1.000000000000000000e+01 6.382000000000000000e+03 -1.000000000000000000e+00 -1.000000000000000000e+00 -1.000000000000000000e+00 -1.000000000000000000e+00 -1.000000000000000000e+00 1.041397999999999911e+03 2.659467999999999847e+03 7.309999999999999831e-01 8.425000000000000266e-01 2.190999999999999837e+00 6.925000000000000044e-01
1.000000000000000000e+01 6.384000000000000000e+03 -1.000000000000000000e+00 -1.000000000000000000e+00 -1.000000000000000000e+00 -1.000000000000000000e+00 -1.000000000000000000e+00 1.048394000000000005e+03 2.671672999999999774e+03 1.088000000000000078e+00 1.058499999999999996e+00 2.628000000000000114e+00 1.074000000000000066e+00
1.000000000000000000e+01 6.385000000000000000e+03 -1.000000000000000000e+00 -1.000000000000000000e+00 -1.000000000000000000e+00 -1.000000000000000000e+00 -1.000000000000000000e+00 1.045626999999999953e+03 2.666449999999999818e+03 8.149999999999999467e-01 9.070000000000000284e-01 2.001500000000000057e+00 7.674999999999999600e-01
1.000000000000000000e+01 6.398000000000000000e+03 -1.000000000000000000e+00 -1.000000000000000000e+00 -1.000000000000000000e+00 -1.000000000000000000e+00 -1.000000000000000000e+00 1.005682000000000016e+03 2.607583000000000084e+03 1.032000000000000028e+00 9.290000000000000480e-01 2.400999999999999801e+00 7.700000000000000178e-01
1.000000000000000000e+01 6.386000000000000000e+03 -1.000000000000000000e+00 -1.000000000000000000e+00 -1.000000000000000000e+00 -1.000000000000000000e+00 -1.000000000000000000e+00 1.037105999999999995e+03 2.652606000000000222e+03 7.449999999999999956e-01 8.569999999999999840e-01 2.444999999999999840e+00 7.045000000000000151e-01
1.000000000000000000e+01 6.394000000000000000e+03 -1.000000000000000000e+00 -1.000000000000000000e+00 -1.000000000000000000e+00 -1.000000000000000000e+00 -1.000000000000000000e+00 1.020535999999999945e+03 2.628797999999999774e+03 8.279999999999999583e-01 8.880000000000000115e-01 2.265000000000000124e+00 6.889999999999999458e-01
1.000000000000000000e+01 6.395000000000000000e+03 -1.000000000000000000e+00 -1.000000000000000000e+00 -1.000000000000000000e+00 -1.000000000000000000e+00 -1.000000000000000000e+00 1.023798000000000002e+03 2.634664999999999964e+03 7.309999999999999831e-01 1.113499999999999934e+00 2.660000000000000142e+00 7.974999999999999867e-01
1.000000000000000000e+01 6.396000000000000000e+03 -1.000000000000000000e+00 -1.000000000000000000e+00 -1.000000000000000000e+00 -1.000000000000000000e+00 -1.000000000000000000e+00 1.015614000000000033e+03 2.621360000000000127e+03 9.569999999999999618e-01 8.725000000000000533e-01 2.318499999999999783e+00 7.455000000000000515e-01
1.000000000000000000e+01 6.392000000000000000e+03 -1.000000000000000000e+00 -1.000000000000000000e+00 -1.000000000000000000e+00 -1.000000000000000000e+00 -1.000000000000000000e+00 1.028396999999999935e+03 2.639739999999999782e+03 8.479999999999999760e-01 8.770000000000000018e-01 2.185000000000000053e+00 8.090000000000000524e-01
1.000000000000000000e+01 6.397000000000000000e+03 -1.000000000000000000e+00 -1.000000000000000000e+00 -1.000000000000000000e+00 -1.000000000000000000e+00 -1.000000000000000000e+00 1.011355999999999995e+03 2.616445000000000164e+03 6.919999999999999485e-01 1.066999999999999948e+00 2.437500000000000000e+00 8.080000000000000515e-01
1.000000000000000000e+01 6.393000000000000000e+03 -1.000000000000000000e+00 -1.000000000000000000e+00 -1.000000000000000000e+00 -1.000000000000000000e+00 -1.000000000000000000e+00 1.032810999999999922e+03 2.646567000000000007e+03 7.770000000000000240e-01 9.100000000000000311e-01 2.178999999999999826e+00 7.279999999999999805e-01
1.100000000000000000e+01 6.381000000000000000e+03 -1.000000000000000000e+00 -1.000000000000000000e+00 -1.000000000000000000e+00 -1.000000000000000000e+00 -1.000000000000000000e+00 1.016594000000000051e+03 2.616458999999999833e+03 9.110000000000000320e-01 9.080000000000000293e-01 2.148000000000000131e+00 7.215000000000000302e-01
1.100000000000000000e+01 6.382000000000000000e+03 -1.000000000000000000e+00 -1.000000000000000000e+00 -1.000000000000000000e+00 -1.000000000000000000e+00 -1.000000000000000000e+00 1.041501999999999953e+03 2.659492000000000189e+03 7.149999999999999689e-01 8.425000000000000266e-01 2.190999999999999837e+00 6.925000000000000044e-01
1.100000000000000000e+01 6.384000000000000000e+03 -1.000000000000000000e+00 -1.000000000000000000e+00 -1.000000000000000000e+00 -1.000000000000000000e+00 -1.000000000000000000e+00 1.048394000000000005e+03 2.671672999999999774e+03 1.088000000000000078e+00 1.058499999999999996e+00 2.628000000000000114e+00 1.074000000000000066e+00
1.100000000000000000e+01 6.385000000000000000e+03 -1.000000000000000000e+00 -1.000000000000000000e+00 -1.000000000000000000e+00 -1.000000000000000000e+00 -1.000000000000000000e+00 1.045621000000000095e+03 2.666442000000000007e+03 7.680000000000000160e-01 9.070000000000000284e-01 2.001500000000000057e+00 7.674999999999999600e-01
1.100000000000000000e+01 6.398000000000000000e+03 -1.000000000000000000e+00 -1.000000000000000000e+00 -1.000000000000000000e+00 -1.000000000000000000e+00 -1.000000000000000000e+00 1.005917000000000030e+03 2.607833000000000084e+03 9.849999999999999867e-01 9.290000000000000480e-01 2.400999999999999801e+00 7.700000000000000178e-01
1.100000000000000000e+01 6.386000000000000000e+03 -1.000000000000000000e+00 -1.000000000000000000e+00 -1.000000000000000000e+00 -1.000000000000000000e+00 -1.000000000000000000e+00 1.037165999999999940e+03 2.652512000000000171e+03 7.449999999999999956e-01 8.569999999999999840e-01 2.444999999999999840e+00 7.045000000000000151e-01
1.100000000000000000e+01 6.394000000000000000e+03 -1.000000000000000000e+00 -1.000000000000000000e+00 -1.000000000000000000e+00 -1.000000000000000000e+00 -1.000000000000000000e+00 1.020510999999999967e+03 2.628778999999999996e+03 7.660000000000000142e-01 8.880000000000000115e-01 2.265000000000000124e+00 6.889999999999999458e-01
1.100000000000000000e+01 6.395000000000000000e+03 -1.000000000000000000e+00 -1.000000000000000000e+00 -1.000000000000000000e+00 -1.000000000000000000e+00 -1.000000000000000000e+00 1.023639000000000010e+03 2.634434000000000196e+03 7.309999999999999831e-01 1.113499999999999934e+00 2.660000000000000142e+00 7.974999999999999867e-01
1.100000000000000000e+01 6.396000000000000000e+03 -1.000000000000000000e+00 -1.000000000000000000e+00 -1.000000000000000000e+00 -1.000000000000000000e+00 -1.000000000000000000e+00 1.015586000000000013e+03 2.621320999999999913e+03 8.950000000000000178e-01 8.725000000000000533e-01 2.318499999999999783e+00 7.455000000000000515e-01
1.100000000000000000e+01 6.392000000000000000e+03 -1.000000000000000000e+00 -1.000000000000000000e+00 -1.000000000000000000e+00 -1.000000000000000000e+00 -1.000000000000000000e+00 1.028403000000000020e+03 2.639764000000000124e+03 8.329999999999999627e-01 8.770000000000000018e-01 2.185000000000000053e+00 8.090000000000000524e-01
1.100000000000000000e+01 6.397000000000000000e+03 -1.000000000000000000e+00 -1.000000000000000000e+00 -1.000000000000000000e+00 -1.000000000000000000e+00 -1.000000000000000000e+00 1.011346999999999980e+03 2.616452000000000226e+03 6.919999999999999485e-01 1.066999999999999948e+00 2.437500000000000000e+00 8.080000000000000515e-01
1.100000000000000000e+01 6.393000000000000000e+03 -1.000000000000000000e+00 -1.000000000000000000e+00 -1.000000000000000000e+00 -1.000000000000000000e+00 -1.000000000000000000e+00 1.032807000000000016e+03 2.646523999999999887e+03 7.630000000000000115e-01 9.100000000000000311e-01 2.178999999999999826e+00 7.279999999999999805e-01
1.200000000000000000e+01 6.381000000000000000e+03 -1.000000000000000000e+00 -1.000000000000000000e+00 -1.000000000000000000e+00 -1.000000000000000000e+00 -1.000000000000000000e+00 1.013405999999999949e+03 2.611797999999999774e+03 8.820000000000000062e-01 9.080000000000000293e-01 2.148000000000000131e+00 7.215000000000000302e-01
1.200000000000000000e+01 6.385000000000000000e+03 -1.000000000000000000e+00 -1.000000000000000000e+00 -1.000000000000000000e+00 -1.000000000000000000e+00 -1.000000000000000000e+00 1.045612000000000080e+03 2.666432999999999993e+03 7.179999999999999716e-01 9.070000000000000284e-01 2.001500000000000057e+00 7.674999999999999600e-01
1.200000000000000000e+01 6.398000000000000000e+03 -1.000000000000000000e+00 -1.000000000000000000e+00 -1.000000000000000000e+00 -1.000000000000000000e+00 -1.000000000000000000e+00 1.006178999999999974e+03 2.608110999999999876e+03 9.320000000000000506e-01 9.290000000000000480e-01 2.400999999999999801e+00 7.700000000000000178e-01
1.200000000000000000e+01 6.386000000000000000e+03 -1.000000000000000000e+00 -1.000000000000000000e+00 -1.000000000000000000e+00 -1.000000000000000000e+00 -1.000000000000000000e+00 1.037164999999999964e+03 2.652516000000000076e+03 7.820000000000000284e-01 8.569999999999999840e-01 2.444999999999999840e+00 7.045000000000000151e-01
1.200000000000000000e+01 6.394000000000000000e+03 -1.000000000000000000e+00 -1.000000000000000000e+00 -1.000000000000000000e+00 -1.000000000000000000e+00 -1.000000000000000000e+00 1.020376999999999953e+03 2.628606999999999971e+03 6.959999999999999520e-01 8.880000000000000115e-01 2.265000000000000124e+00 6.889999999999999458e-01
1.200000000000000000e+01 6.395000000000000000e+03 -1.000000000000000000e+00 -1.000000000000000000e+00 -1.000000000000000000e+00 -1.000000000000000000e+00 -1.000000000000000000e+00 1.023634000000000015e+03 2.634427000000000135e+03 7.309999999999999831e-01 1.113499999999999934e+00 2.660000000000000142e+00 7.974999999999999867e-01
1.200000000000000000e+01 6.396000000000000000e+03 -1.000000000000000000e+00 -1.000000000000000000e+00 -1.000000000000000000e+00 -1.000000000000000000e+00 -1.000000000000000000e+00 1.015567999999999984e+03 2.621289000000000215e+03 8.850000000000000089e-01 8.725000000000000533e-01 2.318499999999999783e+00 7.455000000000000515e-01
1.200000000000000000e+01 6.392000000000000000e+03 -1.000000000000000000e+00 -1.000000000000000000e+00 -1.000000000000000000e+00 -1.000000000000000000e+00 -1.000000000000000000e+00 1.028410000000000082e+03 2.639791000000000167e+03 8.159999999999999476e-01 8.770000000000000018e-01 2.185000000000000053e+00 8.090000000000000524e-01
1.200000000000000000e+01 6.397000000000000000e+03 -1.000000000000000000e+00 -1.000000000000000000e+00 -1.000000000000000000e+00 -1.000000000000000000e+00 -1.000000000000000000e+00 1.011336000000000013e+03 2.616458999999999833e+03 6.919999999999999485e-01 1.066999999999999948e+00 2.437500000000000000e+00 8.080000000000000515e-01
1.200000000000000000e+01 6.393000000000000000e+03 -1.000000000000000000e+00 -1.000000000000000000e+00 -1.000000000000000000e+00 -1.000000000000000000e+00 -1.000000000000000000e+00 1.032804000000000087e+03 2.646476000000000113e+03 7.469999999999999973e-01 9.100000000000000311e-01 2.178999999999999826e+00 7.279999999999999805e-01
1.300000000000000000e+01 6.381000000000000000e+03 -1.000000000000000000e+00 -1.000000000000000000e+00 -1.000000000000000000e+00 -1.000000000000000000e+00 -1.000000000000000000e+00 1.010216999999999985e+03 2.607137000000000171e+03 8.519999999999999796e-01 9.080000000000000293e-01 2.148000000000000131e+00 7.215000000000000302e-01
1.300000000000000000e+01 6.398000000000000000e+03 -1.000000000000000000e+00 -1.000000000000000000e+00 -1.000000000000000000e+00 -1.000000000000000000e+00 -1.000000000000000000e+00 1.006207999999999970e+03 2.608164000000000215e+03 7.820000000000000284e-01 9.290000000000000480e-01 2.400999999999999801e+00 7.700000000000000178e-01
1.300000000000000000e+01 6.386000000000000000e+03 -1.000000000000000000e+00 -1.000000000000000000e+00 -1.000000000000000000e+00 -1.000000000000000000e+00 -1.000000000000000000e+00 1.037164999999999964e+03 2.652518999999999778e+03 8.179999999999999494e-01 8.569999999999999840e-01 2.444999999999999840e+00 7.045000000000000151e-01
1.300000000000000000e+01 6.394000000000000000e+03 -1.000000000000000000e+00 -1.000000000000000000e+00 -1.000000000000000000e+00 -1.000000000000000000e+00 -1.000000000000000000e+00 1.020388000000000034e+03 2.628641000000000076e+03 7.459999999999999964e-01 8.880000000000000115e-01 2.265000000000000124e+00 6.889999999999999458e-01
1.300000000000000000e+01 6.395000000000000000e+03 -1.000000000000000000e+00 -1.000000000000000000e+00 -1.000000000000000000e+00 -1.000000000000000000e+00 -1.000000000000000000e+00 1.023687000000000012e+03 2.634474000000000160e+03 7.309999999999999831e-01 1.113499999999999934e+00 2.660000000000000142e+00 7.974999999999999867e-01
1.300000000000000000e+01 6.396000000000000000e+03 -1.000000000000000000e+00 -1.000000000000000000e+00 -1.000000000000000000e+00 -1.000000000000000000e+00 -1.000000000000000000e+00 1.015551000000000045e+03 2.621257999999999811e+03 8.750000000000000000e-01 8.725000000000000533e-01 2.318499999999999783e+00 7.455000000000000515e-01
1.300000000000000000e+01 6.392000000000000000e+03 -1.000000000000000000e+00 -1.000000000000000000e+00 -1.000000000000000000e+00 -1.000000000000000000e+00 -1.000000000000000000e+00 1.028415999999999940e+03 2.639818000000000211e+03 7.980000000000000426e-01 8.770000000000000018e-01 2.185000000000000053e+00 8.090000000000000524e-01
1.300000000000000000e+01 6.397000000000000000e+03 -1.000000000000000000e+00 -1.000000000000000000e+00 -1.000000000000000000e+00 -1.000000000000000000e+00 -1.000000000000000000e+00 1.011326000000000022e+03 2.616465999999999894e+03 6.919999999999999485e-01 1.066999999999999948e+00 2.437500000000000000e+00 8.080000000000000515e-01
1.300000000000000000e+01 6.393000000000000000e+03 -1.000000000000000000e+00 -1.000000000000000000e+00 -1.000000000000000000e+00 -1.000000000000000000e+00 -1.000000000000000000e+00 1.032858999999999924e+03 2.646577000000000226e+03 7.940000000000000391e-01 9.100000000000000311e-01 2.178999999999999826e+00 7.279999999999999805e-01
1.400000000000000000e+01 6.381000000000000000e+03 -1.000000000000000000e+00 -1.000000000000000000e+00 -1.000000000000000000e+00 -1.000000000000000000e+00 -1.000000000000000000e+00 1.006730000000000018e+03 2.601998000000000047e+03 8.339999999999999636e-01 9.080000000000000293e-01 2.148000000000000131e+00 7.215000000000000302e-01
1.400000000000000000e+01 6.398000000000000000e+03 -1.000000000000000000e+00 -1.000000000000000000e+00 -1.000000000000000000e+00 -1.000000000000000000e+00 -1.000000000000000000e+00 1.006178999999999974e+03 2.608070999999999913e+03 8.840000000000000080e-01 9.290000000000000480e-01 2.400999999999999801e+00 7.700000000000000178e-01
1.400000000000000000e+01 6.386000000000000000e+03 -1.000000000000000000e+00 -1.000000000000000000e+00 -1.000000000000000000e+00 -1.000000000000000000e+00 -1.000000000000000000e+00 1.037164999999999964e+03 2.652523000000000138e+03 8.589999999999999858e-01 8.569999999999999840e-01 2.444999999999999840e+00 7.045000000000000151e-01
1.400000000000000000e+01 6.394000000000000000e+03 -1.000000000000000000e+00 -1.000000000000000000e+00 -1.000000000000000000e+00 -1.000000000000000000e+00 -1.000000000000000000e+00 1.020399999999999977e+03 2.628679000000000087e+03 8.010000000000000453e-01 8.880000000000000115e-01 2.265000000000000124e+00 6.889999999999999458e-01
1.400000000000000000e+01 6.395000000000000000e+03 -1.000000000000000000e+00 -1.000000000000000000e+00 -1.000000000000000000e+00 -1.000000000000000000e+00 -1.000000000000000000e+00 1.023745000000000005e+03 2.634523999999999887e+03 7.309999999999999831e-01 1.113499999999999934e+00 2.660000000000000142e+00 7.974999999999999867e-01
1.400000000000000000e+01 6.396000000000000000e+03 -1.000000000000000000e+00 -1.000000000000000000e+00 -1.000000000000000000e+00 -1.000000000000000000e+00 -1.000000000000000000e+00 1.015532000000000039e+03 2.621222999999999956e+03 8.649999999999999911e-01 8.725000000000000533e-01 2.318499999999999783e+00 7.455000000000000515e-01
1.400000000000000000e+01 6.392000000000000000e+03 -1.000000000000000000e+00 -1.000000000000000000e+00 -1.000000000000000000e+00 -1.000000000000000000e+00 -1.000000000000000000e+00 1.028502999999999929e+03 2.639681000000000040e+03 9.479999999999999538e-01 8.770000000000000018e-01 2.185000000000000053e+00 8.090000000000000524e-01
1.400000000000000000e+01 6.397000000000000000e+03 -1.000000000000000000e+00 -1.000000000000000000e+00 -1.000000000000000000e+00 -1.000000000000000000e+00 -1.000000000000000000e+00 1.011197999999999979e+03 2.616217000000000098e+03 7.409999999999999920e-01 1.066999999999999948e+00 2.437500000000000000e+00 8.080000000000000515e-01
1.400000000000000000e+01 6.393000000000000000e+03 -1.000000000000000000e+00 -1.000000000000000000e+00 -1.000000000000000000e+00 -1.000000000000000000e+00 -1.000000000000000000e+00 1.032920000000000073e+03 2.646688000000000102e+03 8.469999999999999751e-01 9.100000000000000311e-01 2.178999999999999826e+00 7.279999999999999805e-01
1.500000000000000000e+01 6.381000000000000000e+03 -1.000000000000000000e+00 -1.000000000000000000e+00 -1.000000000000000000e+00 -1.000000000000000000e+00 -1.000000000000000000e+00 1.003554999999999950e+03 2.597318999999999960e+03 8.179999999999999494e-01 9.080000000000000293e-01 2.148000000000000131e+00 7.215000000000000302e-01
1.500000000000000000e+01 6.398000000000000000e+03 -1.000000000000000000e+00 -1.000000000000000000e+00 -1.000000000000000000e+00 -1.000000000000000000e+00 -1.000000000000000000e+00 1.006152000000000044e+03 2.607985999999999876e+03 8.820000000000000062e-01 9.290000000000000480e-01 2.400999999999999801e+00 7.700000000000000178e-01
1.500000000000000000e+01 6.386000000000000000e+03 -1.000000000000000000e+00 -1.000000000000000000e+00 -1.000000000000000000e+00 -1.000000000000000000e+00 -1.000000000000000000e+00 1.037163999999999987e+03 2.652525999999999840e+03 8.950000000000000178e-01 8.569999999999999840e-01 2.444999999999999840e+00 7.045000000000000151e-01
1.500000000000000000e+01 6.394000000000000000e+03 -1.000000000000000000e+00 -1.000000000000000000e+00 -1.000000000000000000e+00 -1.000000000000000000e+00 -1.000000000000000000e+00 1.020428999999999974e+03 2.628639000000000124e+03 8.010000000000000453e-01 8.880000000000000115e-01 2.265000000000000124e+00 6.889999999999999458e-01
1.500000000000000000e+01 6.396000000000000000e+03 -1.000000000000000000e+00 -1.000000000000000000e+00 -1.000000000000000000e+00 -1.000000000000000000e+00 -1.000000000000000000e+00 1.015514000000000010e+03 2.621192000000000007e+03 8.549999999999999822e-01 8.725000000000000533e-01 2.318499999999999783e+00 7.455000000000000515e-01
1.500000000000000000e+01 6.392000000000000000e+03 -1.000000000000000000e+00 -1.000000000000000000e+00 -1.000000000000000000e+00 -1.000000000000000000e+00 -1.000000000000000000e+00 1.028586000000000013e+03 2.639769999999999982e+03 9.729999999999999760e-01 8.770000000000000018e-01 2.185000000000000053e+00 8.090000000000000524e-01
1.500000000000000000e+01 6.397000000000000000e+03 -1.000000000000000000e+00 -1.000000000000000000e+00 -1.000000000000000000e+00 -1.000000000000000000e+00 -1.000000000000000000e+00 1.010995000000000005e+03 2.616050999999999931e+03 7.850000000000000311e-01 1.066999999999999948e+00 2.437500000000000000e+00 8.080000000000000515e-01
1.500000000000000000e+01 6.393000000000000000e+03 -1.000000000000000000e+00 -1.000000000000000000e+00 -1.000000000000000000e+00 -1.000000000000000000e+00 -1.000000000000000000e+00 1.033074000000000069e+03 2.646797999999999774e+03 8.970000000000000195e-01 9.100000000000000311e-01 2.178999999999999826e+00 7.279999999999999805e-01
1.600000000000000000e+01 6.381000000000000000e+03 -1.000000000000000000e+00 -1.000000000000000000e+00 -1.000000000000000000e+00 -1.000000000000000000e+00 -1.000000000000000000e+00 1.000384000000000015e+03 2.592644999999999982e+03 8.010000000000000453e-01 9.080000000000000293e-01 2.148000000000000131e+00 7.215000000000000302e-01
1.600000000000000000e+01 6.400000000000000000e+03 -1.000000000000000000e+00 -1.000000000000000000e+00 -1.000000000000000000e+00 -1.000000000000000000e+00 -1.000000000000000000e+00 9.850750000000000455e+02 2.578349000000000160e+03 8.489999999999999769e-01 8.934999999999999609e-01 2.140499999999999847e+00 7.189999999999999725e-01
1.600000000000000000e+01 6.398000000000000000e+03 -1.000000000000000000e+00 -1.000000000000000000e+00 -1.000000000000000000e+00 -1.000000000000000000e+00 -1.000000000000000000e+00 1.006135999999999967e+03 2.607853999999999814e+03 7.820000000000000284e-01 9.290000000000000480e-01 2.400999999999999801e+00 7.700000000000000178e-01
1.600000000000000000e+01 6.394000000000000000e+03 -1.000000000000000000e+00 -1.000000000000000000e+00 -1.000000000000000000e+00 -1.000000000000000000e+00 -1.000000000000000000e+00 1.020457999999999970e+03 2.628599999999999909e+03 8.010000000000000453e-01 8.880000000000000115e-01 2.265000000000000124e+00 6.889999999999999458e-01
1.600000000000000000e+01 6.396000000000000000e+03 -1.000000000000000000e+00 -1.000000000000000000e+00 -1.000000000000000000e+00 -1.000000000000000000e+00 -1.000000000000000000e+00 1.015496999999999957e+03 2.621159999999999854e+03 8.449999999999999734e-01 8.725000000000000533e-01 2.318499999999999783e+00 7.455000000000000515e-01
1.600000000000000000e+01 6.392000000000000000e+03 -1.000000000000000000e+00 -1.000000000000000000e+00 -1.000000000000000000e+00 -1.000000000000000000e+00 -1.000000000000000000e+00 1.028667999999999893e+03 2.639858000000000175e+03 9.979999999999999982e-01 8.770000000000000018e-01 2.185000000000000053e+00 8.090000000000000524e-01
1.600000000000000000e+01 6.397000000000000000e+03 -1.000000000000000000e+00 -1.000000000000000000e+00 -1.000000000000000000e+00 -1.000000000000000000e+00 -1.000000000000000000e+00 1.011029999999999973e+03 2.616036000000000058e+03 7.970000000000000417e-01 1.066999999999999948e+00 2.437500000000000000e+00 8.080000000000000515e-01
1.700000000000000000e+01 6.381000000000000000e+03 -1.000000000000000000e+00 -1.000000000000000000e+00 -1.000000000000000000e+00 -1.000000000000000000e+00 -1.000000000000000000e+00 9.972129999999999654e+02 2.587971000000000004e+03 7.840000000000000302e-01 9.080000000000000293e-01 2.148000000000000131e+00 7.215000000000000302e-01
1.700000000000000000e+01 6.400000000000000000e+03 -1.000000000000000000e+00 -1.000000000000000000e+00 -1.000000000000000000e+00 -1.000000000000000000e+00 -1.000000000000000000e+00 9.876059999999999945e+02 2.581856000000000222e+03 8.489999999999999769e-01 8.934999999999999609e-01 2.140499999999999847e+00 7.189999999999999725e-01
1.700000000000000000e+01 6.398000000000000000e+03 -1.000000000000000000e+00 -1.000000000000000000e+00 -1.000000000000000000e+00 -1.000000000000000000e+00 -1.000000000000000000e+00 1.006073999999999955e+03 2.607878999999999905e+03 8.509999999999999787e-01 9.290000000000000480e-01 2.400999999999999801e+00 7.700000000000000178e-01
1.700000000000000000e+01 6.394000000000000000e+03 -1.000000000000000000e+00 -1.000000000000000000e+00 -1.000000000000000000e+00 -1.000000000000000000e+00 -1.000000000000000000e+00 1.020522000000000048e+03 2.628554999999999836e+03 8.259999999999999565e-01 8.880000000000000115e-01 2.265000000000000124e+00 6.889999999999999458e-01
1.700000000000000000e+01 6.396000000000000000e+03 -1.000000000000000000e+00 -1.000000000000000000e+00 -1.000000000000000000e+00 -1.000000000000000000e+00 -1.000000000000000000e+00 1.015528000000000020e+03 2.621108000000000175e+03 8.449999999999999734e-01 8.725000000000000533e-01 2.318499999999999783e+00 7.455000000000000515e-01
1.700000000000000000e+01 6.392000000000000000e+03 -1.000000000000000000e+00 -1.000000000000000000e+00 -1.000000000000000000e+00 -1.000000000000000000e+00 -1.000000000000000000e+00 1.028678000000000111e+03 2.639815000000000055e+03 9.979999999999999982e-01 8.770000000000000018e-01 2.185000000000000053e+00 8.090000000000000524e-01
1.700000000000000000e+01 6.397000000000000000e+03 -1.000000000000000000e+00 -1.000000000000000000e+00 -1.000000000000000000e+00 -1.000000000000000000e+00 -1.000000000000000000e+00 1.011065000000000055e+03 2.616021000000000186e+03 8.090000000000000524e-01 1.066999999999999948e+00 2.437500000000000000e+00 8.080000000000000515e-01
1.800000000000000000e+01 6.381000000000000000e+03 -1.000000000000000000e+00 -1.000000000000000000e+00 -1.000000000000000000e+00 -1.000000000000000000e+00 -1.000000000000000000e+00 9.939569999999999936e+02 2.583326000000000022e+03 7.570000000000000062e-01 9.080000000000000293e-01 2.148000000000000131e+00 7.215000000000000302e-01
1.800000000000000000e+01 6.400000000000000000e+03 -1.000000000000000000e+00 -1.000000000000000000e+00 -1.000000000000000000e+00 -1.000000000000000000e+00 -1.000000000000000000e+00 9.896309999999999718e+02 2.584748000000000047e+03 7.990000000000000435e-01 8.934999999999999609e-01 2.140499999999999847e+00 7.189999999999999725e-01
1.800000000000000000e+01 6.398000000000000000e+03 -1.000000000000000000e+00 -1.000000000000000000e+00 -1.000000000000000000e+00 -1.000000000000000000e+00 -1.000000000000000000e+00 1.006013000000000034e+03 2.607905000000000200e+03 9.200000000000000400e-01 9.290000000000000480e-01 2.400999999999999801e+00 7.700000000000000178e-01
1.800000000000000000e+01 6.394000000000000000e+03 -1.000000000000000000e+00 -1.000000000000000000e+00 -1.000000000000000000e+00 -1.000000000000000000e+00 -1.000000000000000000e+00 1.020585000000000036e+03 2.628510000000000218e+03 8.509999999999999787e-01 8.880000000000000115e-01 2.265000000000000124e+00 6.889999999999999458e-01
1.800000000000000000e+01 6.396000000000000000e+03 -1.000000000000000000e+00 -1.000000000000000000e+00 -1.000000000000000000e+00 -1.000000000000000000e+00 -1.000000000000000000e+00 1.015559999999999945e+03 2.621056000000000040e+03 8.449999999999999734e-01 8.725000000000000533e-01 2.318499999999999783e+00 7.455000000000000515e-01
1.800000000000000000e+01 6.392000000000000000e+03 -1.000000000000000000e+00 -1.000000000000000000e+00 -1.000000000000000000e+00 -1.000000000000000000e+00 -1.000000000000000000e+00 1.028686999999999898e+03 2.639771000000000186e+03 9.979999999999999982e-01 8.770000000000000018e-01 2.185000000000000053e+00 8.090000000000000524e-01
1.800000000000000000e+01 6.397000000000000000e+03 -1.000000000000000000e+00 -1.000000000000000000e+00 -1.000000000000000000e+00 -1.000000000000000000e+00 -1.000000000000000000e+00 1.011099000000000046e+03 2.616005000000000109e+03 8.199999999999999512e-01 1.066999999999999948e+00 2.437500000000000000e+00 8.080000000000000515e-01
1.900000000000000000e+01 6.381000000000000000e+03 -1.000000000000000000e+00 -1.000000000000000000e+00 -1.000000000000000000e+00 -1.000000000000000000e+00 -1.000000000000000000e+00 9.907019999999999982e+02 2.578682999999999993e+03 7.299999999999999822e-01 9.080000000000000293e-01 2.148000000000000131e+00 7.215000000000000302e-01
1.900000000000000000e+01 6.400000000000000000e+03 -1.000000000000000000e+00 -1.000000000000000000e+00 -1.000000000000000000e+00 -1.000000000000000000e+00 -1.000000000000000000e+00 9.912469999999999573e+02 2.587063000000000102e+03 7.990000000000000435e-01 8.934999999999999609e-01 2.140499999999999847e+00 7.189999999999999725e-01
1.900000000000000000e+01 6.398000000000000000e+03 -1.000000000000000000e+00 -1.000000000000000000e+00 -1.000000000000000000e+00 -1.000000000000000000e+00 -1.000000000000000000e+00 1.006047000000000025e+03 2.607920999999999822e+03 9.140000000000000346e-01 9.290000000000000480e-01 2.400999999999999801e+00 7.700000000000000178e-01
1.900000000000000000e+01 6.394000000000000000e+03 -1.000000000000000000e+00 -1.000000000000000000e+00 -1.000000000000000000e+00 -1.000000000000000000e+00 -1.000000000000000000e+00 1.020559999999999945e+03 2.628527999999999793e+03 8.010000000000000453e-01 8.880000000000000115e-01 2.265000000000000124e+00 6.889999999999999458e-01
1.900000000000000000e+01 6.396000000000000000e+03 -1.000000000000000000e+00 -1.000000000000000000e+00 -1.000000000000000000e+00 -1.000000000000000000e+00 -1.000000000000000000e+00 1.015591999999999985e+03 2.621003999999999905e+03 8.449999999999999734e-01 8.725000000000000533e-01 2.318499999999999783e+00 7.455000000000000515e-01
1.900000000000000000e+01 6.397000000000000000e+03 -1.000000000000000000e+00 -1.000000000000000000e+00 -1.000000000000000000e+00 -1.000000000000000000e+00 -1.000000000000000000e+00 1.011134000000000015e+03 2.615989999999999782e+03 8.319999999999999618e-01 1.066999999999999948e+00 2.437500000000000000e+00 8.080000000000000515e-01
2.000000000000000000e+01 6.381000000000000000e+03 -1.000000000000000000e+00 -1.000000000000000000e+00 -1.000000000000000000e+00 -1.000000000000000000e+00 -1.000000000000000000e+00 9.874059999999999491e+02 2.574068000000000211e+03 7.770000000000000240e-01 9.080000000000000293e-01 2.148000000000000131e+00 7.215000000000000302e-01
2.000000000000000000e+01 6.400000000000000000e+03 -1.000000000000000000e+00 -1.000000000000000000e+00 -1.000000000000000000e+00 -1.000000000000000000e+00 -1.000000000000000000e+00 9.925240000000000009e+02 2.588896000000000186e+03 7.990000000000000435e-01 8.934999999999999609e-01 2.140499999999999847e+00 7.189999999999999725e-01
2.000000000000000000e+01 6.398000000000000000e+03 -1.000000000000000000e+00 -1.000000000000000000e+00 -1.000000000000000000e+00 -1.000000000000000000e+00 -1.000000000000000000e+00 1.006081000000000017e+03 2.607936999999999898e+03 9.090000000000000302e-01 9.290000000000000480e-01 2.400999999999999801e+00 7.700000000000000178e-01
2.000000000000000000e+01 6.396000000000000000e+03 -1.000000000000000000e+00 -1.000000000000000000e+00 -1.000000000000000000e+00 -1.000000000000000000e+00 -1.000000000000000000e+00 1.015623000000000047e+03 2.620952000000000226e+03 8.449999999999999734e-01 8.725000000000000533e-01 2.318499999999999783e+00 7.455000000000000515e-01
2.000000000000000000e+01 6.397000000000000000e+03 -1.000000000000000000e+00 -1.000000000000000000e+00 -1.000000000000000000e+00 -1.000000000000000000e+00 -1.000000000000000000e+00 1.011046000000000049e+03 2.615806000000000040e+03 8.319999999999999618e-01 1.066999999999999948e+00 2.437500000000000000e+00 8.080000000000000515e-01
2.100000000000000000e+01 6.381000000000000000e+03 -1.000000000000000000e+00 -1.000000000000000000e+00 -1.000000000000000000e+00 -1.000000000000000000e+00 -1.000000000000000000e+00 9.841109999999999900e+02 2.569454000000000178e+03 8.249999999999999556e-01 9.080000000000000293e-01 2.148000000000000131e+00 7.215000000000000302e-01
2.100000000000000000e+01 6.401000000000000000e+03 -1.000000000000000000e+00 -1.000000000000000000e+00 -1.000000000000000000e+00 -1.000000000000000000e+00 -1.000000000000000000e+00 9.682970000000000255e+02 2.553034999999999854e+03 7.189999999999999725e-01 9.949999999999999956e-01 2.406000000000000139e+00 7.375000000000000444e-01
2.100000000000000000e+01 6.400000000000000000e+03 -1.000000000000000000e+00 -1.000000000000000000e+00 -1.000000000000000000e+00 -1.000000000000000000e+00 -1.000000000000000000e+00 9.935860000000000127e+02 2.590375000000000000e+03 8.489999999999999769e-01 8.934999999999999609e-01 2.140499999999999847e+00 7.189999999999999725e-01
2.100000000000000000e+01 6.398000000000000000e+03 -1.000000000000000000e+00 -1.000000000000000000e+00 -1.000000000000000000e+00 -1.000000000000000000e+00 -1.000000000000000000e+00 1.006139000000000010e+03 2.607791999999999916e+03 9.529999999999999583e-01 9.290000000000000480e-01 2.400999999999999801e+00 7.700000000000000178e-01
2.100000000000000000e+01 6.396000000000000000e+03 -1.000000000000000000e+00 -1.000000000000000000e+00 -1.000000000000000000e+00 -1.000000000000000000e+00 -1.000000000000000000e+00 1.015634000000000015e+03 2.621021999999999935e+03 8.699999999999999956e-01 8.725000000000000533e-01 2.318499999999999783e+00 7.455000000000000515e-01
2.100000000000000000e+01 6.397000000000000000e+03 -1.000000000000000000e+00 -1.000000000000000000e+00 -1.000000000000000000e+00 -1.000000000000000000e+00 -1.000000000000000000e+00 1.011293999999999983e+03 2.616041999999999916e+03 8.319999999999999618e-01 1.066999999999999948e+00 2.437500000000000000e+00 8.080000000000000515e-01
2.200000000000000000e+01 6.381000000000000000e+03 -1.000000000000000000e+00 -1.000000000000000000e+00 -1.000000000000000000e+00 -1.000000000000000000e+00 -1.000000000000000000e+00 9.808160000000000309e+02 2.564840000000000146e+03 8.729999999999999982e-01 9.080000000000000293e-01 2.148000000000000131e+00 7.215000000000000302e-01
2.200000000000000000e+01 6.401000000000000000e+03 -1.000000000000000000e+00 -1.000000000000000000e+00 -1.000000000000000000e+00 -1.000000000000000000e+00 -1.000000000000000000e+00 9.712140000000000555e+02 2.557030000000000200e+03 7.189999999999999725e-01 9.949999999999999956e-01 2.406000000000000139e+00 7.375000000000000444e-01
2.200000000000000000e+01 6.400000000000000000e+03 -1.000000000000000000e+00 -1.000000000000000000e+00 -1.000000000000000000e+00 -1.000000000000000000e+00 -1.000000000000000000e+00 9.944489999999999554e+02 2.591545000000000073e+03 8.990000000000000213e-01 8.934999999999999609e-01 2.140499999999999847e+00 7.189999999999999725e-01
2.200000000000000000e+01 6.398000000000000000e+03 -1.000000000000000000e+00 -1.000000000000000000e+00 -1.000000000000000000e+00 -1.000000000000000000e+00 -1.000000000000000000e+00 1.006197000000000003e+03 2.607646000000000186e+03 9.969999999999999973e-01 9.290000000000000480e-01 2.400999999999999801e+00 7.700000000000000178e-01
2.200000000000000000e+01 6.396000000000000000e+03 -1.000000000000000000e+00 -1.000000000000000000e+00 -1.000000000000000000e+00 -1.000000000000000000e+00 -1.000000000000000000e+00 1.015644999999999982e+03 2.621092000000000098e+03 8.950000000000000178e-01 8.725000000000000533e-01 2.318499999999999783e+00 7.455000000000000515e-01
2.300000000000000000e+01 6.381000000000000000e+03 -1.000000000000000000e+00 -1.000000000000000000e+00 -1.000000000000000000e+00 -1.000000000000000000e+00 -1.000000000000000000e+00 9.776290000000000191e+02 2.560202000000000226e+03 8.479999999999999760e-01 9.080000000000000293e-01 2.148000000000000131e+00 7.215000000000000302e-01
2.300000000000000000e+01 6.401000000000000000e+03 -1.000000000000000000e+00 -1.000000000000000000e+00 -1.000000000000000000e+00 -1.000000000000000000e+00 -1.000000000000000000e+00 9.741799999999999500e+02 2.561367000000000189e+03 7.690000000000000169e-01 9.949999999999999956e-01 2.406000000000000139e+00 7.375000000000000444e-01
2.300000000000000000e+01 6.400000000000000000e+03 -1.000000000000000000e+00 -1.000000000000000000e+00 -1.000000000000000000e+00 -1.000000000000000000e+00 -1.000000000000000000e+00 9.950940000000000509e+02 2.592425000000000182e+03 9.489999999999999547e-01 8.934999999999999609e-01 2.140499999999999847e+00 7.189999999999999725e-01
2.300000000000000000e+01 6.402000000000000000e+03 -1.000000000000000000e+00 -1.000000000000000000e+00 -1.000000000000000000e+00 -1.000000000000000000e+00 -1.000000000000000000e+00 9.653460000000000036e+02 2.549280999999999949e+03 7.620000000000000107e-01 9.070000000000000284e-01 2.079000000000000181e+00 7.065000000000000169e-01
2.400000000000000000e+01 6.381000000000000000e+03 -1.000000000000000000e+00 -1.000000000000000000e+00 -1.000000000000000000e+00 -1.000000000000000000e+00 -1.000000000000000000e+00 9.744410000000000309e+02 2.555565000000000055e+03 8.239999999999999547e-01 9.080000000000000293e-01 2.148000000000000131e+00 7.215000000000000302e-01
2.400000000000000000e+01 6.401000000000000000e+03 -1.000000000000000000e+00 -1.000000000000000000e+00 -1.000000000000000000e+00 -1.000000000000000000e+00 -1.000000000000000000e+00 9.768940000000000055e+02 2.565144999999999982e+03 7.690000000000000169e-01 9.949999999999999956e-01 2.406000000000000139e+00 7.375000000000000444e-01
2.400000000000000000e+01 6.400000000000000000e+03 -1.000000000000000000e+00 -1.000000000000000000e+00 -1.000000000000000000e+00 -1.000000000000000000e+00 -1.000000000000000000e+00 9.954529999999999745e+02 2.593001000000000204e+03 9.989999999999999991e-01 8.934999999999999609e-01 2.140499999999999847e+00 7.189999999999999725e-01
2.400000000000000000e+01 6.402000000000000000e+03 -1.000000000000000000e+00 -1.000000000000000000e+00 -1.000000000000000000e+00 -1.000000000000000000e+00 -1.000000000000000000e+00 9.682150000000000318e+02 2.553347999999999956e+03 7.119999999999999662e-01 9.070000000000000284e-01 2.079000000000000181e+00 7.065000000000000169e-01
2.500000000000000000e+01 6.381000000000000000e+03 -1.000000000000000000e+00 -1.000000000000000000e+00 -1.000000000000000000e+00 -1.000000000000000000e+00 -1.000000000000000000e+00 9.712509999999999764e+02 2.550922999999999774e+03 7.990000000000000435e-01 9.080000000000000293e-01 2.148000000000000131e+00 7.215000000000000302e-01
2.500000000000000000e+01 6.401000000000000000e+03 -1.000000000000000000e+00 -1.000000000000000000e+00 -1.000000000000000000e+00 -1.000000000000000000e+00 -1.000000000000000000e+00 9.791900000000000546e+02 2.568601000000000113e+03 7.690000000000000169e-01 9.949999999999999956e-01 2.406000000000000139e+00 7.375000000000000444e-01
2.500000000000000000e+01 6.400000000000000000e+03 -1.000000000000000000e+00 -1.000000000000000000e+00 -1.000000000000000000e+00 -1.000000000000000000e+00 -1.000000000000000000e+00 9.957219999999999800e+02 2.593246000000000095e+03 9.989999999999999991e-01 8.934999999999999609e-01 2.140499999999999847e+00 7.189999999999999725e-01
2.500000000000000000e+01 6.402000000000000000e+03 -1.000000000000000000e+00 -1.000000000000000000e+00 -1.000000000000000000e+00 -1.000000000000000000e+00 -1.000000000000000000e+00 9.710489999999999782e+02 2.557168999999999869e+03 7.119999999999999662e-01 9.070000000000000284e-01 2.079000000000000181e+00 7.065000000000000169e-01
2.600000000000000000e+01 6.381000000000000000e+03 -1.000000000000000000e+00 -1.000000000000000000e+00 -1.000000000000000000e+00 -1.000000000000000000e+00 -1.000000000000000000e+00 9.680639999999999645e+02 2.546284999999999854e+03 7.740000000000000213e-01 9.080000000000000293e-01 2.148000000000000131e+00 7.215000000000000302e-01
2.600000000000000000e+01 6.401000000000000000e+03 -1.000000000000000000e+00 -1.000000000000000000e+00 -1.000000000000000000e+00 -1.000000000000000000e+00 -1.000000000000000000e+00 9.816009999999999991e+02 2.572048999999999978e+03 9.190000000000000391e-01 9.949999999999999956e-01 2.406000000000000139e+00 7.375000000000000444e-01
2.600000000000000000e+01 6.400000000000000000e+03 -1.000000000000000000e+00 -1.000000000000000000e+00 -1.000000000000000000e+00 -1.000000000000000000e+00 -1.000000000000000000e+00 9.960059999999999718e+02 2.593639999999999873e+03 1.048999999999999932e+00 8.934999999999999609e-01 2.140499999999999847e+00 7.189999999999999725e-01
2.600000000000000000e+01 6.402000000000000000e+03 -1.000000000000000000e+00 -1.000000000000000000e+00 -1.000000000000000000e+00 -1.000000000000000000e+00 -1.000000000000000000e+00 9.735670000000000073e+02 2.560965000000000146e+03 7.119999999999999662e-01 9.070000000000000284e-01 2.079000000000000181e+00 7.065000000000000169e-01
2.700000000000000000e+01 6.381000000000000000e+03 -1.000000000000000000e+00 -1.000000000000000000e+00 -1.000000000000000000e+00 -1.000000000000000000e+00 -1.000000000000000000e+00 9.648049999999999500e+02 2.541701000000000022e+03 6.999999999999999556e-01 9.080000000000000293e-01 2.148000000000000131e+00 7.215000000000000302e-01
2.700000000000000000e+01 6.401000000000000000e+03 -1.000000000000000000e+00 -1.000000000000000000e+00 -1.000000000000000000e+00 -1.000000000000000000e+00 -1.000000000000000000e+00 9.838329999999999700e+02 2.575300999999999931e+03 9.689999999999999725e-01 9.949999999999999956e-01 2.406000000000000139e+00 7.375000000000000444e-01
2.700000000000000000e+01 6.400000000000000000e+03 -1.000000000000000000e+00 -1.000000000000000000e+00 -1.000000000000000000e+00 -1.000000000000000000e+00 -1.000000000000000000e+00 9.960529999999999973e+02 2.593697999999999865e+03 1.048999999999999932e+00 8.934999999999999609e-01 2.140499999999999847e+00 7.189999999999999725e-01
2.700000000000000000e+01 6.402000000000000000e+03 -1.000000000000000000e+00 -1.000000000000000000e+00 -1.000000000000000000e+00 -1.000000000000000000e+00 -1.000000000000000000e+00 9.759429999999999836e+02 2.564411999999999807e+03 8.120000000000000551e-01 9.070000000000000284e-01 2.079000000000000181e+00 7.065000000000000169e-01
2.800000000000000000e+01 6.381000000000000000e+03 -1.000000000000000000e+00 -1.000000000000000000e+00 -1.000000000000000000e+00 -1.000000000000000000e+00 -1.000000000000000000e+00 9.615430000000000064e+02 2.537110999999999876e+03 6.250000000000000000e-01 9.080000000000000293e-01 2.148000000000000131e+00 7.215000000000000302e-01
2.800000000000000000e+01 6.401000000000000000e+03 -1.000000000000000000e+00 -1.000000000000000000e+00 -1.000000000000000000e+00 -1.000000000000000000e+00 -1.000000000000000000e+00 9.857870000000000346e+02 2.578105000000000018e+03 1.068999999999999950e+00 9.949999999999999956e-01 2.406000000000000139e+00 7.375000000000000444e-01
2.800000000000000000e+01 6.402000000000000000e+03 -1.000000000000000000e+00 -1.000000000000000000e+00 -1.000000000000000000e+00 -1.000000000000000000e+00 -1.000000000000000000e+00 9.780629999999999882e+02 2.567449999999999818e+03 9.120000000000000329e-01 9.070000000000000284e-01 2.079000000000000181e+00 7.065000000000000169e-01
2.900000000000000000e+01 6.381000000000000000e+03 -1.000000000000000000e+00 -1.000000000000000000e+00 -1.000000000000000000e+00 -1.000000000000000000e+00 -1.000000000000000000e+00 9.582839999999999918e+02 2.532527000000000044e+03 5.500000000000000444e-01 9.080000000000000293e-01 2.148000000000000131e+00 7.215000000000000302e-01
2.900000000000000000e+01 6.401000000000000000e+03 -1.000000000000000000e+00 -1.000000000000000000e+00 -1.000000000000000000e+00 -1.000000000000000000e+00 -1.000000000000000000e+00 9.877400000000000091e+02 2.580905000000000200e+03 1.169000000000000039e+00 9.949999999999999956e-01 2.406000000000000139e+00 7.375000000000000444e-01
2.900000000000000000e+01 6.402000000000000000e+03 -1.000000000000000000e+00 -1.000000000000000000e+00 -1.000000000000000000e+00 -1.000000000000000000e+00 -1.000000000000000000e+00 9.799829999999999472e+02 2.570206000000000131e+03 9.619999999999999662e-01 9.070000000000000284e-01 2.079000000000000181e+00 7.065000000000000169e-01
3.000000000000000000e+01 6.381000000000000000e+03 -1.000000000000000000e+00 -1.000000000000000000e+00 -1.000000000000000000e+00 -1.000000000000000000e+00 -1.000000000000000000e+00 9.553559999999999945e+02 2.528166999999999916e+03 5.620000000000000551e-01 9.080000000000000293e-01 2.148000000000000131e+00 7.215000000000000302e-01
3.000000000000000000e+01 6.402000000000000000e+03 -1.000000000000000000e+00 -1.000000000000000000e+00 -1.000000000000000000e+00 -1.000000000000000000e+00 -1.000000000000000000e+00 9.818049999999999500e+02 2.572699999999999818e+03 1.062000000000000055e+00 9.070000000000000284e-01 2.079000000000000181e+00 7.065000000000000169e-01
3.100000000000000000e+01 6.381000000000000000e+03 -1.000000000000000000e+00 -1.000000000000000000e+00 -1.000000000000000000e+00 -1.000000000000000000e+00 -1.000000000000000000e+00 9.524279999999999973e+02 2.523807999999999993e+03 5.729999999999999538e-01 9.080000000000000293e-01 2.148000000000000131e+00 7.215000000000000302e-01
3.100000000000000000e+01 6.402000000000000000e+03 -1.000000000000000000e+00 -1.000000000000000000e+00 -1.000000000000000000e+00 -1.000000000000000000e+00 -1.000000000000000000e+00 9.833490000000000464e+02 2.574902000000000044e+03 1.161999999999999922e+00 9.070000000000000284e-01 2.079000000000000181e+00 7.065000000000000169e-01
3.200000000000000000e+01 6.381000000000000000e+03 -1.000000000000000000e+00 -1.000000000000000000e+00 -1.000000000000000000e+00 -1.000000000000000000e+00 -1.000000000000000000e+00 9.494990000000000236e+02 2.519449000000000069e+03 5.849999999999999645e-01 9.080000000000000293e-01 2.148000000000000131e+00 7.215000000000000302e-01
3.300000000000000000e+01 6.381000000000000000e+03 -1.000000000000000000e+00 -1.000000000000000000e+00 -1.000000000000000000e+00 -1.000000000000000000e+00 -1.000000000000000000e+00 9.465639999999999645e+02 2.515079000000000178e+03 5.959999999999999742e-01 9.080000000000000293e-01 2.148000000000000131e+00 7.215000000000000302e-01
3.400000000000000000e+01 6.381000000000000000e+03 -1.000000000000000000e+00 -1.000000000000000000e+00 -1.000000000000000000e+00 -1.000000000000000000e+00 -1.000000000000000000e+00 9.436810000000000400e+02 2.510721000000000004e+03 6.340000000000000080e-01 9.080000000000000293e-01 2.148000000000000131e+00 7.215000000000000302e-01
3.500000000000000000e+01 6.381000000000000000e+03 -1.000000000000000000e+00 -1.000000000000000000e+00 -1.000000000000000000e+00 -1.000000000000000000e+00 -1.000000000000000000e+00 9.408630000000000564e+02 2.506490999999999985e+03 6.219999999999999973e-01 9.080000000000000293e-01 2.148000000000000131e+00 7.215000000000000302e-01
3.600000000000000000e+01 6.381000000000000000e+03 -1.000000000000000000e+00 -1.000000000000000000e+00 -1.000000000000000000e+00 -1.000000000000000000e+00 -1.000000000000000000e+00 9.383250000000000455e+02 2.502681999999999789e+03 6.119999999999999885e-01 9.080000000000000293e-01 2.148000000000000131e+00 7.215000000000000302e-01
3.700000000000000000e+01 6.381000000000000000e+03 -1.000000000000000000e+00 -1.000000000000000000e+00 -1.000000000000000000e+00 -1.000000000000000000e+00 -1.000000000000000000e+00 9.352259999999999991e+02 2.498030000000000200e+03 5.979999999999999760e-01 9.080000000000000293e-01 2.148000000000000131e+00 7.215000000000000302e-01
3.800000000000000000e+01 6.381000000000000000e+03 -1.000000000000000000e+00 -1.000000000000000000e+00 -1.000000000000000000e+00 -1.000000000000000000e+00 -1.000000000000000000e+00 9.324080000000000155e+02 2.493800000000000182e+03 5.869999999999999662e-01 9.080000000000000293e-01 2.148000000000000131e+00 7.215000000000000302e-01
3.900000000000000000e+01 6.381000000000000000e+03 -1.000000000000000000e+00 -1.000000000000000000e+00 -1.000000000000000000e+00 -1.000000000000000000e+00 -1.000000000000000000e+00 9.295900000000000318e+02 2.489570000000000164e+03 5.749999999999999556e-01 9.080000000000000293e-01 2.148000000000000131e+00 7.215000000000000302e-01
4.000000000000000000e+01 6.381000000000000000e+03 -1.000000000000000000e+00 -1.000000000000000000e+00 -1.000000000000000000e+00 -1.000000000000000000e+00 -1.000000000000000000e+00 9.268179999999999836e+02 2.485516999999999825e+03 6.089999999999999858e-01 9.080000000000000293e-01 2.148000000000000131e+00 7.215000000000000302e-01
4.100000000000000000e+01 6.381000000000000000e+03 -1.000000000000000000e+00 -1.000000000000000000e+00 -1.000000000000000000e+00 -1.000000000000000000e+00 -1.000000000000000000e+00 9.240460000000000491e+02 2.481463999999999942e+03 6.430000000000000160e-01 9.080000000000000293e-01 2.148000000000000131e+00 7.215000000000000302e-01
