1.000000000000000000e+00 5.929000000000000000e+03 -1.000000000000000000e+00 -1.000000000000000000e+00 -1.000000000000000000e+00 -1.000000000000000000e+00 -1.000000000000000000e+00 1.073559999999999945e+03 5.773980000000000246e+02 1.312999999999999945e+00 1.146500000000000075e+00 3.883500000000000174e+00 1.479000000000000092e+00
2.000000000000000000e+00 5.929000000000000000e+03 -1.000000000000000000e+00 -1.000000000000000000e+00 -1.000000000000000000e+00 -1.000000000000000000e+00 -1.000000000000000000e+00 1.073547000000000025e+03 5.773809999999999718e+02 1.292999999999999927e+00 1.146500000000000075e+00 3.883500000000000174e+00 1.479000000000000092e+00
3.000000000000000000e+00 5.929000000000000000e+03 -1.000000000000000000e+00 -1.000000000000000000e+00 -1.000000000000000000e+00 -1.000000000000000000e+00 -1.000000000000000000e+00 1.073534000000000106e+03 5.773640000000000327e+02 1.272999999999999909e+00 1.146500000000000075e+00 3.883500000000000174e+00 1.479000000000000092e+00
4.000000000000000000e+00 5.929000000000000000e+03 -1.000000000000000000e+00 -1.000000000000000000e+00 -1.000000000000000000e+00 -1.000000000000000000e+00 -1.000000000000000000e+00 1.073521999999999935e+03 5.773490000000000464e+02 1.254999999999999893e+00 1.146500000000000075e+00 3.883500000000000174e+00 1.479000000000000092e+00
5.000000000000000000e+00 5.929000000000000000e+03 -1.000000000000000000e+00 -1.000000000000000000e+00 -1.000000000000000000e+00 -1.000000000000000000e+00 -1.000000000000000000e+00 1.073508000000000038e+03 5.773300000000000409e+02 1.233000000000000096e+00 1.146500000000000075e+00 3.883500000000000174e+00 1.479000000000000092e+00
6.000000000000000000e+00 5.929000000000000000e+03 -1.000000000000000000e+00 -1.000000000000000000e+00 -1.000000000000000000e+00 -1.000000000000000000e+00 -1.000000000000000000e+00 1.073494999999999891e+03 5.773129999999999882e+02 1.213000000000000078e+00 1.146500000000000075e+00 3.883500000000000174e+00 1.479000000000000092e+00
7.000000000000000000e+00 5.929000000000000000e+03 -1.000000000000000000e+00 -1.000000000000000000e+00 -1.000000000000000000e+00 -1.000000000000000000e+00 -1.000000000000000000e+00 1.073494999999999891e+03 5.773129999999999882e+02 1.231000000000000094e+00 1.146500000000000075e+00 3.883500000000000174e+00 1.479000000000000092e+00
8.000000000000000000e+00 5.929000000000000000e+03 -1.000000000000000000e+00 -1.000000000000000000e+00 -1.000000000000000000e+00 -1.000000000000000000e+00 -1.000000000000000000e+00 1.073494999999999891e+03 5.773129999999999882e+02 1.250999999999999890e+00 1.146500000000000075e+00 3.883500000000000174e+00 1.479000000000000092e+00
9.000000000000000000e+00 5.929000000000000000e+03 -1.000000000000000000e+00 -1.000000000000000000e+00 -1.000000000000000000e+00 -1.000000000000000000e+00 -1.000000000000000000e+00 1.073494999999999891e+03 5.773129999999999882e+02 1.272999999999999909e+00 1.146500000000000075e+00 3.883500000000000174e+00 1.479000000000000092e+00
1.000000000000000000e+01 5.929000000000000000e+03 -1.000000000000000000e+00 -1.000000000000000000e+00 -1.000000000000000000e+00 -1.000000000000000000e+00 -1.000000000000000000e+00 1.073494999999999891e+03 5.773129999999999882e+02 1.292999999999999927e+00 1.146500000000000075e+00 3.883500000000000174e+00 1.479000000000000092e+00
1.100000000000000000e+01 5.929000000000000000e+03 -1.000000000000000000e+00 -1.000000000000000000e+00 -1.000000000000000000e+00 -1.000000000000000000e+00 -1.000000000000000000e+00 1.073494999999999891e+03 5.773129999999999882e+02 1.312999999999999945e+00 1.146500000000000075e+00 3.883500000000000174e+00 1.479000000000000092e+00
1.200000000000000000e+01 5.929000000000000000e+03 -1.000000000000000000e+00 -1.000000000000000000e+00 -1.000000000000000000e+00 -1.000000000000000000e+00 -1.000000000000000000e+00 1.073494999999999891e+03 5.773129999999999882e+02 1.342999999999999972e+00 1.146500000000000075e+00 3.883500000000000174e+00 1.479000000000000092e+00
1.300000000000000000e+01 5.929000000000000000e+03 -1.000000000000000000e+00 -1.000000000000000000e+00 -1.000000000000000000e+00 -1.000000000000000000e+00 -1.000000000000000000e+00 1.073494999999999891e+03 5.773129999999999882e+02 1.372999999999999998e+00 1.146500000000000075e+00 3.883500000000000174e+00 1.479000000000000092e+00
1.400000000000000000e+01 5.929000000000000000e+03 -1.000000000000000000e+00 -1.000000000000000000e+00 -1.000000000000000000e+00 -1.000000000000000000e+00 -1.000000000000000000e+00 1.073494999999999891e+03 5.773129999999999882e+02 1.403000000000000025e+00 1.146500000000000075e+00 3.883500000000000174e+00 1.479000000000000092e+00
1.500000000000000000e+01 5.929000000000000000e+03 -1.000000000000000000e+00 -1.000000000000000000e+00 -1.000000000000000000e+00 -1.000000000000000000e+00 -1.000000000000000000e+00 1.073494999999999891e+03 5.773129999999999882e+02 1.433000000000000052e+00 1.146500000000000075e+00 3.883500000000000174e+00 1.479000000000000092e+00
1.600000000000000000e+01 5.929000000000000000e+03 -1.000000000000000000e+00 -1.000000000000000000e+00 -1.000000000000000000e+00 -1.000000000000000000e+00 -1.000000000000000000e+00 1.073494999999999891e+03 5.773129999999999882e+02 1.463000000000000078e+00 1.146500000000000075e+00 3.883500000000000174e+00 1.479000000000000092e+00
1.700000000000000000e+01 5.929000000000000000e+03 -1.000000000000000000e+00 -1.000000000000000000e+00 -1.000000000000000000e+00 -1.000000000000000000e+00 -1.000000000000000000e+00 1.073481999999999971e+03 5.772960000000000491e+02 1.413000000000000034e+00 1.146500000000000075e+00 3.883500000000000174e+00 1.479000000000000092e+00
1.800000000000000000e+01 5.929000000000000000e+03 -1.000000000000000000e+00 -1.000000000000000000e+00 -1.000000000000000000e+00 -1.000000000000000000e+00 -1.000000000000000000e+00 1.073468000000000075e+03 5.772799999999999727e+02 1.362999999999999989e+00 1.146500000000000075e+00 3.883500000000000174e+00 1.479000000000000092e+00
1.900000000000000000e+01 5.929000000000000000e+03 -1.000000000000000000e+00 -1.000000000000000000e+00 -1.000000000000000000e+00 -1.000000000000000000e+00 -1.000000000000000000e+00 1.073454999999999927e+03 5.772630000000000337e+02 1.312999999999999945e+00 1.146500000000000075e+00 3.883500000000000174e+00 1.479000000000000092e+00
2.000000000000000000e+01 5.929000000000000000e+03 -1.000000000000000000e+00 -1.000000000000000000e+00 -1.000000000000000000e+00 -1.000000000000000000e+00 -1.000000000000000000e+00 1.073442000000000007e+03 5.772459999999999809e+02 1.262999999999999901e+00 1.146500000000000075e+00 3.883500000000000174e+00 1.479000000000000092e+00
2.100000000000000000e+01 5.929000000000000000e+03 -1.000000000000000000e+00 -1.000000000000000000e+00 -1.000000000000000000e+00 -1.000000000000000000e+00 -1.000000000000000000e+00 1.073429000000000087e+03 5.772290000000000418e+02 1.213000000000000078e+00 1.146500000000000075e+00 3.883500000000000174e+00 1.479000000000000092e+00
2.200000000000000000e+01 5.929000000000000000e+03 -1.000000000000000000e+00 -1.000000000000000000e+00 -1.000000000000000000e+00 -1.000000000000000000e+00 -1.000000000000000000e+00 1.073435999999999922e+03 5.772369999999999663e+02 1.193000000000000060e+00 1.146500000000000075e+00 3.883500000000000174e+00 1.479000000000000092e+00
2.300000000000000000e+01 5.929000000000000000e+03 -1.000000000000000000e+00 -1.000000000000000000e+00 -1.000000000000000000e+00 -1.000000000000000000e+00 -1.000000000000000000e+00 1.073442000000000007e+03 5.772459999999999809e+02 1.173000000000000043e+00 1.146500000000000075e+00 3.883500000000000174e+00 1.479000000000000092e+00
2.400000000000000000e+01 5.929000000000000000e+03 -1.000000000000000000e+00 -1.000000000000000000e+00 -1.000000000000000000e+00 -1.000000000000000000e+00 -1.000000000000000000e+00 1.073449000000000069e+03 5.772540000000000191e+02 1.153000000000000025e+00 1.146500000000000075e+00 3.883500000000000174e+00 1.479000000000000092e+00
