1.000000000000000000e+00 8.870000000000000000e+02 -1.000000000000000000e+00 -1.000000000000000000e+00 -1.000000000000000000e+00 -1.000000000000000000e+00 -1.000000000000000000e+00 6.274600000000000364e+02 1.506148999999999887e+03 1.812000000000000055e+00 3.770000000000000018e-01 3.659999999999999920e-01 9.310000000000000497e-01
1.000000000000000000e+00 8.920000000000000000e+02 -1.000000000000000000e+00 -1.000000000000000000e+00 -1.000000000000000000e+00 -1.000000000000000000e+00 -1.000000000000000000e+00 6.045140000000000100e+02 1.519920000000000073e+03 1.199000000000000066e+00 3.539999999999999813e-01 3.704999999999999960e-01 9.859999999999999876e-01
2.000000000000000000e+00 8.870000000000000000e+02 -1.000000000000000000e+00 -1.000000000000000000e+00 -1.000000000000000000e+00 -1.000000000000000000e+00 -1.000000000000000000e+00 6.268260000000000218e+02 1.506442999999999984e+03 1.786999999999999922e+00 3.770000000000000018e-01 3.659999999999999920e-01 9.310000000000000497e-01
2.000000000000000000e+00 8.920000000000000000e+02 -1.000000000000000000e+00 -1.000000000000000000e+00 -1.000000000000000000e+00 -1.000000000000000000e+00 -1.000000000000000000e+00 6.050180000000000291e+02 1.519676999999999907e+03 1.199000000000000066e+00 3.539999999999999813e-01 3.704999999999999960e-01 9.859999999999999876e-01
3.000000000000000000e+00 8.870000000000000000e+02 -1.000000000000000000e+00 -1.000000000000000000e+00 -1.000000000000000000e+00 -1.000000000000000000e+00 -1.000000000000000000e+00 6.262359999999999900e+02 1.506807000000000016e+03 1.762000000000000011e+00 3.770000000000000018e-01 3.659999999999999920e-01 9.310000000000000497e-01
3.000000000000000000e+00 8.920000000000000000e+02 -1.000000000000000000e+00 -1.000000000000000000e+00 -1.000000000000000000e+00 -1.000000000000000000e+00 -1.000000000000000000e+00 6.056000000000000227e+02 1.519384999999999991e+03 1.249000000000000110e+00 3.539999999999999813e-01 3.704999999999999960e-01 9.859999999999999876e-01
4.000000000000000000e+00 8.870000000000000000e+02 -1.000000000000000000e+00 -1.000000000000000000e+00 -1.000000000000000000e+00 -1.000000000000000000e+00 -1.000000000000000000e+00 6.256470000000000482e+02 1.507172000000000025e+03 1.737000000000000099e+00 3.770000000000000018e-01 3.659999999999999920e-01 9.310000000000000497e-01
4.000000000000000000e+00 8.920000000000000000e+02 -1.000000000000000000e+00 -1.000000000000000000e+00 -1.000000000000000000e+00 -1.000000000000000000e+00 -1.000000000000000000e+00 6.061549999999999727e+02 1.519066000000000031e+03 1.249000000000000110e+00 3.539999999999999813e-01 3.704999999999999960e-01 9.859999999999999876e-01
5.000000000000000000e+00 8.870000000000000000e+02 -1.000000000000000000e+00 -1.000000000000000000e+00 -1.000000000000000000e+00 -1.000000000000000000e+00 -1.000000000000000000e+00 6.250599999999999454e+02 1.507535000000000082e+03 1.737000000000000099e+00 3.770000000000000018e-01 3.659999999999999920e-01 9.310000000000000497e-01
5.000000000000000000e+00 8.920000000000000000e+02 -1.000000000000000000e+00 -1.000000000000000000e+00 -1.000000000000000000e+00 -1.000000000000000000e+00 -1.000000000000000000e+00 6.067269999999999754e+02 1.518775000000000091e+03 1.249000000000000110e+00 3.539999999999999813e-01 3.704999999999999960e-01 9.859999999999999876e-01
6.000000000000000000e+00 8.870000000000000000e+02 -1.000000000000000000e+00 -1.000000000000000000e+00 -1.000000000000000000e+00 -1.000000000000000000e+00 -1.000000000000000000e+00 6.244729999999999563e+02 1.507897999999999911e+03 1.737000000000000099e+00 3.770000000000000018e-01 3.659999999999999920e-01 9.310000000000000497e-01
6.000000000000000000e+00 8.920000000000000000e+02 -1.000000000000000000e+00 -1.000000000000000000e+00 -1.000000000000000000e+00 -1.000000000000000000e+00 -1.000000000000000000e+00 6.073029999999999973e+02 1.518490000000000009e+03 1.199000000000000066e+00 3.539999999999999813e-01 3.704999999999999960e-01 9.859999999999999876e-01
7.000000000000000000e+00 8.870000000000000000e+02 -1.000000000000000000e+00 -1.000000000000000000e+00 -1.000000000000000000e+00 -1.000000000000000000e+00 -1.000000000000000000e+00 6.238859999999999673e+02 1.508260999999999967e+03 1.661999999999999922e+00 3.770000000000000018e-01 3.659999999999999920e-01 9.310000000000000497e-01
7.000000000000000000e+00 8.920000000000000000e+02 -1.000000000000000000e+00 -1.000000000000000000e+00 -1.000000000000000000e+00 -1.000000000000000000e+00 -1.000000000000000000e+00 6.078630000000000564e+02 1.518135999999999967e+03 1.249000000000000110e+00 3.539999999999999813e-01 3.704999999999999960e-01 9.859999999999999876e-01
8.000000000000000000e+00 8.870000000000000000e+02 -1.000000000000000000e+00 -1.000000000000000000e+00 -1.000000000000000000e+00 -1.000000000000000000e+00 -1.000000000000000000e+00 6.232989999999999782e+02 1.508625000000000000e+03 1.637000000000000011e+00 3.770000000000000018e-01 3.659999999999999920e-01 9.310000000000000497e-01
8.000000000000000000e+00 8.920000000000000000e+02 -1.000000000000000000e+00 -1.000000000000000000e+00 -1.000000000000000000e+00 -1.000000000000000000e+00 -1.000000000000000000e+00 6.084360000000000355e+02 1.517801999999999907e+03 1.249000000000000110e+00 3.539999999999999813e-01 3.704999999999999960e-01 9.859999999999999876e-01
9.000000000000000000e+00 8.870000000000000000e+02 -1.000000000000000000e+00 -1.000000000000000000e+00 -1.000000000000000000e+00 -1.000000000000000000e+00 -1.000000000000000000e+00 6.226789999999999736e+02 1.509008000000000038e+03 1.612000000000000099e+00 3.770000000000000018e-01 3.659999999999999920e-01 9.310000000000000497e-01
9.000000000000000000e+00 9.030000000000000000e+02 -1.000000000000000000e+00 -1.000000000000000000e+00 -1.000000000000000000e+00 -1.000000000000000000e+00 -1.000000000000000000e+00 6.324349999999999454e+02 1.503084000000000060e+03 1.889000000000000012e+00 3.200000000000000067e-01 2.790000000000000258e-01 1.000000000000000000e+00
9.000000000000000000e+00 8.920000000000000000e+02 -1.000000000000000000e+00 -1.000000000000000000e+00 -1.000000000000000000e+00 -1.000000000000000000e+00 -1.000000000000000000e+00 6.089809999999999945e+02 1.517482999999999947e+03 1.278000000000000025e+00 3.539999999999999813e-01 3.704999999999999960e-01 9.859999999999999876e-01
1.000000000000000000e+01 8.870000000000000000e+02 -1.000000000000000000e+00 -1.000000000000000000e+00 -1.000000000000000000e+00 -1.000000000000000000e+00 -1.000000000000000000e+00 6.220599999999999454e+02 1.509392000000000053e+03 1.586999999999999966e+00 3.770000000000000018e-01 3.659999999999999920e-01 9.310000000000000497e-01
1.000000000000000000e+01 9.030000000000000000e+02 -1.000000000000000000e+00 -1.000000000000000000e+00 -1.000000000000000000e+00 -1.000000000000000000e+00 -1.000000000000000000e+00 6.317949999999999591e+02 1.503474999999999909e+03 1.870999999999999996e+00 3.200000000000000067e-01 2.790000000000000258e-01 1.000000000000000000e+00
1.000000000000000000e+01 8.920000000000000000e+02 -1.000000000000000000e+00 -1.000000000000000000e+00 -1.000000000000000000e+00 -1.000000000000000000e+00 -1.000000000000000000e+00 6.095489999999999782e+02 1.517223999999999933e+03 1.306999999999999940e+00 3.539999999999999813e-01 3.704999999999999960e-01 9.859999999999999876e-01
1.100000000000000000e+01 8.870000000000000000e+02 -1.000000000000000000e+00 -1.000000000000000000e+00 -1.000000000000000000e+00 -1.000000000000000000e+00 -1.000000000000000000e+00 6.214410000000000309e+02 1.509776000000000067e+03 1.562000000000000055e+00 3.770000000000000018e-01 3.659999999999999920e-01 9.310000000000000497e-01
1.100000000000000000e+01 9.030000000000000000e+02 -1.000000000000000000e+00 -1.000000000000000000e+00 -1.000000000000000000e+00 -1.000000000000000000e+00 -1.000000000000000000e+00 6.311549999999999727e+02 1.503865999999999985e+03 1.852000000000000091e+00 3.200000000000000067e-01 2.790000000000000258e-01 1.000000000000000000e+00
1.100000000000000000e+01 8.920000000000000000e+02 -1.000000000000000000e+00 -1.000000000000000000e+00 -1.000000000000000000e+00 -1.000000000000000000e+00 -1.000000000000000000e+00 6.101580000000000155e+02 1.517017000000000053e+03 1.286999999999999922e+00 3.539999999999999813e-01 3.704999999999999960e-01 9.859999999999999876e-01
1.100000000000000000e+01 9.040000000000000000e+02 -1.000000000000000000e+00 -1.000000000000000000e+00 -1.000000000000000000e+00 -1.000000000000000000e+00 -1.000000000000000000e+00 6.045170000000000528e+02 1.486420000000000073e+03 1.145000000000000018e+00 3.654999999999999916e-01 2.740000000000000213e-01 9.429999999999999494e-01
1.200000000000000000e+01 8.870000000000000000e+02 -1.000000000000000000e+00 -1.000000000000000000e+00 -1.000000000000000000e+00 -1.000000000000000000e+00 -1.000000000000000000e+00 6.208220000000000027e+02 1.510159000000000106e+03 1.536999999999999922e+00 3.770000000000000018e-01 3.659999999999999920e-01 9.310000000000000497e-01
1.200000000000000000e+01 9.030000000000000000e+02 -1.000000000000000000e+00 -1.000000000000000000e+00 -1.000000000000000000e+00 -1.000000000000000000e+00 -1.000000000000000000e+00 6.305149999999999864e+02 1.504258000000000038e+03 1.832999999999999963e+00 3.200000000000000067e-01 2.790000000000000258e-01 1.000000000000000000e+00
1.200000000000000000e+01 8.920000000000000000e+02 -1.000000000000000000e+00 -1.000000000000000000e+00 -1.000000000000000000e+00 -1.000000000000000000e+00 -1.000000000000000000e+00 6.107490000000000236e+02 1.516881000000000085e+03 1.316000000000000059e+00 3.539999999999999813e-01 3.704999999999999960e-01 9.859999999999999876e-01
1.200000000000000000e+01 9.040000000000000000e+02 -1.000000000000000000e+00 -1.000000000000000000e+00 -1.000000000000000000e+00 -1.000000000000000000e+00 -1.000000000000000000e+00 6.041639999999999873e+02 1.486654999999999973e+03 1.145000000000000018e+00 3.654999999999999916e-01 2.740000000000000213e-01 9.429999999999999494e-01
1.300000000000000000e+01 8.870000000000000000e+02 -1.000000000000000000e+00 -1.000000000000000000e+00 -1.000000000000000000e+00 -1.000000000000000000e+00 -1.000000000000000000e+00 6.202039999999999509e+02 1.510541999999999916e+03 1.516000000000000014e+00 3.770000000000000018e-01 3.659999999999999920e-01 9.310000000000000497e-01
1.300000000000000000e+01 9.030000000000000000e+02 -1.000000000000000000e+00 -1.000000000000000000e+00 -1.000000000000000000e+00 -1.000000000000000000e+00 -1.000000000000000000e+00 6.298750000000000000e+02 1.504648999999999887e+03 1.814999999999999947e+00 3.200000000000000067e-01 2.790000000000000258e-01 1.000000000000000000e+00
1.300000000000000000e+01 8.920000000000000000e+02 -1.000000000000000000e+00 -1.000000000000000000e+00 -1.000000000000000000e+00 -1.000000000000000000e+00 -1.000000000000000000e+00 6.113920000000000528e+02 1.516785000000000082e+03 1.431999999999999940e+00 3.539999999999999813e-01 3.704999999999999960e-01 9.859999999999999876e-01
1.300000000000000000e+01 9.040000000000000000e+02 -1.000000000000000000e+00 -1.000000000000000000e+00 -1.000000000000000000e+00 -1.000000000000000000e+00 -1.000000000000000000e+00 6.038120000000000118e+02 1.486891000000000076e+03 1.145000000000000018e+00 3.654999999999999916e-01 2.740000000000000213e-01 9.429999999999999494e-01
1.400000000000000000e+01 8.870000000000000000e+02 -1.000000000000000000e+00 -1.000000000000000000e+00 -1.000000000000000000e+00 -1.000000000000000000e+00 -1.000000000000000000e+00 6.195860000000000127e+02 1.510924999999999955e+03 1.594999999999999973e+00 3.770000000000000018e-01 3.659999999999999920e-01 9.310000000000000497e-01
1.400000000000000000e+01 9.030000000000000000e+02 -1.000000000000000000e+00 -1.000000000000000000e+00 -1.000000000000000000e+00 -1.000000000000000000e+00 -1.000000000000000000e+00 6.292350000000000136e+02 1.505039999999999964e+03 1.796000000000000041e+00 3.200000000000000067e-01 2.790000000000000258e-01 1.000000000000000000e+00
1.400000000000000000e+01 8.920000000000000000e+02 -1.000000000000000000e+00 -1.000000000000000000e+00 -1.000000000000000000e+00 -1.000000000000000000e+00 -1.000000000000000000e+00 6.120009999999999764e+02 1.516869999999999891e+03 1.598999999999999977e+00 3.539999999999999813e-01 3.704999999999999960e-01 9.859999999999999876e-01
1.400000000000000000e+01 9.040000000000000000e+02 -1.000000000000000000e+00 -1.000000000000000000e+00 -1.000000000000000000e+00 -1.000000000000000000e+00 -1.000000000000000000e+00 6.033730000000000473e+02 1.487186999999999898e+03 1.145000000000000018e+00 3.654999999999999916e-01 2.740000000000000213e-01 9.429999999999999494e-01
1.500000000000000000e+01 8.870000000000000000e+02 -1.000000000000000000e+00 -1.000000000000000000e+00 -1.000000000000000000e+00 -1.000000000000000000e+00 -1.000000000000000000e+00 6.189679999999999609e+02 1.511307999999999993e+03 1.548999999999999932e+00 3.770000000000000018e-01 3.659999999999999920e-01 9.310000000000000497e-01
1.500000000000000000e+01 9.030000000000000000e+02 -1.000000000000000000e+00 -1.000000000000000000e+00 -1.000000000000000000e+00 -1.000000000000000000e+00 -1.000000000000000000e+00 6.285960000000000036e+02 1.505432000000000016e+03 1.778000000000000025e+00 3.200000000000000067e-01 2.790000000000000258e-01 1.000000000000000000e+00
1.500000000000000000e+01 8.920000000000000000e+02 -1.000000000000000000e+00 -1.000000000000000000e+00 -1.000000000000000000e+00 -1.000000000000000000e+00 -1.000000000000000000e+00 6.126090000000000373e+02 1.516901000000000067e+03 1.673999999999999932e+00 3.539999999999999813e-01 3.704999999999999960e-01 9.859999999999999876e-01
1.500000000000000000e+01 9.040000000000000000e+02 -1.000000000000000000e+00 -1.000000000000000000e+00 -1.000000000000000000e+00 -1.000000000000000000e+00 -1.000000000000000000e+00 6.029349999999999454e+02 1.487482999999999947e+03 1.145000000000000018e+00 3.654999999999999916e-01 2.740000000000000213e-01 9.429999999999999494e-01
1.600000000000000000e+01 8.870000000000000000e+02 -1.000000000000000000e+00 -1.000000000000000000e+00 -1.000000000000000000e+00 -1.000000000000000000e+00 -1.000000000000000000e+00 6.183500000000000227e+02 1.511691000000000031e+03 1.487000000000000099e+00 3.770000000000000018e-01 3.659999999999999920e-01 9.310000000000000497e-01
1.600000000000000000e+01 9.030000000000000000e+02 -1.000000000000000000e+00 -1.000000000000000000e+00 -1.000000000000000000e+00 -1.000000000000000000e+00 -1.000000000000000000e+00 6.279560000000000173e+02 1.505823000000000093e+03 1.758999999999999897e+00 3.200000000000000067e-01 2.790000000000000258e-01 1.000000000000000000e+00
1.600000000000000000e+01 8.920000000000000000e+02 -1.000000000000000000e+00 -1.000000000000000000e+00 -1.000000000000000000e+00 -1.000000000000000000e+00 -1.000000000000000000e+00 6.132229999999999563e+02 1.516864000000000033e+03 1.798999999999999932e+00 3.539999999999999813e-01 3.704999999999999960e-01 9.859999999999999876e-01
1.600000000000000000e+01 9.040000000000000000e+02 -1.000000000000000000e+00 -1.000000000000000000e+00 -1.000000000000000000e+00 -1.000000000000000000e+00 -1.000000000000000000e+00 6.024959999999999809e+02 1.487778999999999996e+03 1.145000000000000018e+00 3.654999999999999916e-01 2.740000000000000213e-01 9.429999999999999494e-01
1.700000000000000000e+01 8.870000000000000000e+02 -1.000000000000000000e+00 -1.000000000000000000e+00 -1.000000000000000000e+00 -1.000000000000000000e+00 -1.000000000000000000e+00 6.177319999999999709e+02 1.512074000000000069e+03 1.411999999999999922e+00 3.770000000000000018e-01 3.659999999999999920e-01 9.310000000000000497e-01
1.700000000000000000e+01 9.030000000000000000e+02 -1.000000000000000000e+00 -1.000000000000000000e+00 -1.000000000000000000e+00 -1.000000000000000000e+00 -1.000000000000000000e+00 6.273160000000000309e+02 1.506213999999999942e+03 1.739999999999999991e+00 3.200000000000000067e-01 2.790000000000000258e-01 1.000000000000000000e+00
1.700000000000000000e+01 8.920000000000000000e+02 -1.000000000000000000e+00 -1.000000000000000000e+00 -1.000000000000000000e+00 -1.000000000000000000e+00 -1.000000000000000000e+00 6.138350000000000364e+02 1.516840999999999894e+03 1.699000000000000066e+00 3.539999999999999813e-01 3.704999999999999960e-01 9.859999999999999876e-01
1.700000000000000000e+01 9.040000000000000000e+02 -1.000000000000000000e+00 -1.000000000000000000e+00 -1.000000000000000000e+00 -1.000000000000000000e+00 -1.000000000000000000e+00 6.020389999999999873e+02 1.488109999999999900e+03 1.169999999999999929e+00 3.654999999999999916e-01 2.740000000000000213e-01 9.429999999999999494e-01
1.800000000000000000e+01 8.870000000000000000e+02 -1.000000000000000000e+00 -1.000000000000000000e+00 -1.000000000000000000e+00 -1.000000000000000000e+00 -1.000000000000000000e+00 6.171349999999999909e+02 1.512443999999999960e+03 1.453999999999999959e+00 3.770000000000000018e-01 3.659999999999999920e-01 9.310000000000000497e-01
1.800000000000000000e+01 9.030000000000000000e+02 -1.000000000000000000e+00 -1.000000000000000000e+00 -1.000000000000000000e+00 -1.000000000000000000e+00 -1.000000000000000000e+00 6.266660000000000537e+02 1.506532999999999902e+03 1.721999999999999975e+00 3.200000000000000067e-01 2.790000000000000258e-01 1.000000000000000000e+00
1.800000000000000000e+01 8.920000000000000000e+02 -1.000000000000000000e+00 -1.000000000000000000e+00 -1.000000000000000000e+00 -1.000000000000000000e+00 -1.000000000000000000e+00 6.145389999999999873e+02 1.516840999999999894e+03 1.749000000000000110e+00 3.539999999999999813e-01 3.704999999999999960e-01 9.859999999999999876e-01
1.800000000000000000e+01 9.040000000000000000e+02 -1.000000000000000000e+00 -1.000000000000000000e+00 -1.000000000000000000e+00 -1.000000000000000000e+00 -1.000000000000000000e+00 6.015810000000000173e+02 1.488441000000000031e+03 1.195000000000000062e+00 3.654999999999999916e-01 2.740000000000000213e-01 9.429999999999999494e-01
1.900000000000000000e+01 8.870000000000000000e+02 -1.000000000000000000e+00 -1.000000000000000000e+00 -1.000000000000000000e+00 -1.000000000000000000e+00 -1.000000000000000000e+00 6.165380000000000109e+02 1.512814000000000078e+03 1.395000000000000018e+00 3.770000000000000018e-01 3.659999999999999920e-01 9.310000000000000497e-01
1.900000000000000000e+01 9.030000000000000000e+02 -1.000000000000000000e+00 -1.000000000000000000e+00 -1.000000000000000000e+00 -1.000000000000000000e+00 -1.000000000000000000e+00 6.260159999999999627e+02 1.506851000000000113e+03 1.703000000000000069e+00 3.200000000000000067e-01 2.790000000000000258e-01 1.000000000000000000e+00
1.900000000000000000e+01 8.920000000000000000e+02 -1.000000000000000000e+00 -1.000000000000000000e+00 -1.000000000000000000e+00 -1.000000000000000000e+00 -1.000000000000000000e+00 6.152430000000000518e+02 1.516839999999999918e+03 1.798999999999999932e+00 3.539999999999999813e-01 3.704999999999999960e-01 9.859999999999999876e-01
1.900000000000000000e+01 9.040000000000000000e+02 -1.000000000000000000e+00 -1.000000000000000000e+00 -1.000000000000000000e+00 -1.000000000000000000e+00 -1.000000000000000000e+00 6.011240000000000236e+02 1.488771999999999935e+03 1.219999999999999973e+00 3.654999999999999916e-01 2.740000000000000213e-01 9.429999999999999494e-01
2.000000000000000000e+01 8.870000000000000000e+02 -1.000000000000000000e+00 -1.000000000000000000e+00 -1.000000000000000000e+00 -1.000000000000000000e+00 -1.000000000000000000e+00 6.159420000000000073e+02 1.513183999999999969e+03 1.387000000000000011e+00 3.770000000000000018e-01 3.659999999999999920e-01 9.310000000000000497e-01
2.000000000000000000e+01 9.030000000000000000e+02 -1.000000000000000000e+00 -1.000000000000000000e+00 -1.000000000000000000e+00 -1.000000000000000000e+00 -1.000000000000000000e+00 6.254070000000000391e+02 1.507250000000000000e+03 1.679999999999999938e+00 3.200000000000000067e-01 2.790000000000000258e-01 1.000000000000000000e+00
2.000000000000000000e+01 9.040000000000000000e+02 -1.000000000000000000e+00 -1.000000000000000000e+00 -1.000000000000000000e+00 -1.000000000000000000e+00 -1.000000000000000000e+00 6.006670000000000300e+02 1.489104000000000042e+03 1.245000000000000107e+00 3.654999999999999916e-01 2.740000000000000213e-01 9.429999999999999494e-01
2.100000000000000000e+01 8.870000000000000000e+02 -1.000000000000000000e+00 -1.000000000000000000e+00 -1.000000000000000000e+00 -1.000000000000000000e+00 -1.000000000000000000e+00 6.153450000000000273e+02 1.513553000000000111e+03 1.312000000000000055e+00 3.770000000000000018e-01 3.659999999999999920e-01 9.310000000000000497e-01
2.100000000000000000e+01 9.030000000000000000e+02 -1.000000000000000000e+00 -1.000000000000000000e+00 -1.000000000000000000e+00 -1.000000000000000000e+00 -1.000000000000000000e+00 6.247989999999999782e+02 1.507648999999999887e+03 1.657999999999999918e+00 3.200000000000000067e-01 2.790000000000000258e-01 1.000000000000000000e+00
2.100000000000000000e+01 9.040000000000000000e+02 -1.000000000000000000e+00 -1.000000000000000000e+00 -1.000000000000000000e+00 -1.000000000000000000e+00 -1.000000000000000000e+00 6.002920000000000300e+02 1.489354000000000042e+03 1.215999999999999970e+00 3.654999999999999916e-01 2.740000000000000213e-01 9.429999999999999494e-01
2.200000000000000000e+01 8.870000000000000000e+02 -1.000000000000000000e+00 -1.000000000000000000e+00 -1.000000000000000000e+00 -1.000000000000000000e+00 -1.000000000000000000e+00 6.147740000000000009e+02 1.513906999999999925e+03 1.374000000000000110e+00 3.770000000000000018e-01 3.659999999999999920e-01 9.310000000000000497e-01
2.200000000000000000e+01 9.030000000000000000e+02 -1.000000000000000000e+00 -1.000000000000000000e+00 -1.000000000000000000e+00 -1.000000000000000000e+00 -1.000000000000000000e+00 6.241910000000000309e+02 1.508048999999999978e+03 1.635000000000000009e+00 3.200000000000000067e-01 2.790000000000000258e-01 1.000000000000000000e+00
2.200000000000000000e+01 9.040000000000000000e+02 -1.000000000000000000e+00 -1.000000000000000000e+00 -1.000000000000000000e+00 -1.000000000000000000e+00 -1.000000000000000000e+00 5.998750000000000000e+02 1.489615000000000009e+03 1.237999999999999989e+00 3.654999999999999916e-01 2.740000000000000213e-01 9.429999999999999494e-01
2.300000000000000000e+01 8.870000000000000000e+02 -1.000000000000000000e+00 -1.000000000000000000e+00 -1.000000000000000000e+00 -1.000000000000000000e+00 -1.000000000000000000e+00 6.142029999999999745e+02 1.514260999999999967e+03 1.334999999999999964e+00 3.770000000000000018e-01 3.659999999999999920e-01 9.310000000000000497e-01
2.300000000000000000e+01 9.030000000000000000e+02 -1.000000000000000000e+00 -1.000000000000000000e+00 -1.000000000000000000e+00 -1.000000000000000000e+00 -1.000000000000000000e+00 6.235829999999999700e+02 1.508448000000000093e+03 1.612999999999999989e+00 3.200000000000000067e-01 2.790000000000000258e-01 1.000000000000000000e+00
2.300000000000000000e+01 9.070000000000000000e+02 -1.000000000000000000e+00 -1.000000000000000000e+00 -1.000000000000000000e+00 -1.000000000000000000e+00 -1.000000000000000000e+00 6.035869999999999891e+02 1.488192999999999984e+03 1.116999999999999993e+00 2.685000000000000164e-01 3.180000000000000049e-01 9.310000000000000497e-01
2.300000000000000000e+01 9.040000000000000000e+02 -1.000000000000000000e+00 -1.000000000000000000e+00 -1.000000000000000000e+00 -1.000000000000000000e+00 -1.000000000000000000e+00 5.994579999999999700e+02 1.489875000000000000e+03 1.258999999999999897e+00 3.654999999999999916e-01 2.740000000000000213e-01 9.429999999999999494e-01
2.400000000000000000e+01 8.870000000000000000e+02 -1.000000000000000000e+00 -1.000000000000000000e+00 -1.000000000000000000e+00 -1.000000000000000000e+00 -1.000000000000000000e+00 6.136319999999999482e+02 1.514615000000000009e+03 1.346999999999999975e+00 3.770000000000000018e-01 3.659999999999999920e-01 9.310000000000000497e-01
2.400000000000000000e+01 9.030000000000000000e+02 -1.000000000000000000e+00 -1.000000000000000000e+00 -1.000000000000000000e+00 -1.000000000000000000e+00 -1.000000000000000000e+00 6.229740000000000464e+02 1.508846999999999980e+03 1.590000000000000080e+00 3.200000000000000067e-01 2.790000000000000258e-01 1.000000000000000000e+00
2.400000000000000000e+01 9.070000000000000000e+02 -1.000000000000000000e+00 -1.000000000000000000e+00 -1.000000000000000000e+00 -1.000000000000000000e+00 -1.000000000000000000e+00 6.029470000000000027e+02 1.488596999999999980e+03 1.092000000000000082e+00 2.685000000000000164e-01 3.180000000000000049e-01 9.310000000000000497e-01
2.400000000000000000e+01 9.040000000000000000e+02 -1.000000000000000000e+00 -1.000000000000000000e+00 -1.000000000000000000e+00 -1.000000000000000000e+00 -1.000000000000000000e+00 5.989289999999999736e+02 1.490189000000000078e+03 1.280999999999999917e+00 3.654999999999999916e-01 2.740000000000000213e-01 9.429999999999999494e-01
2.500000000000000000e+01 8.870000000000000000e+02 -1.000000000000000000e+00 -1.000000000000000000e+00 -1.000000000000000000e+00 -1.000000000000000000e+00 -1.000000000000000000e+00 6.130610000000000355e+02 1.514969000000000051e+03 1.292000000000000037e+00 3.770000000000000018e-01 3.659999999999999920e-01 9.310000000000000497e-01
2.500000000000000000e+01 9.030000000000000000e+02 -1.000000000000000000e+00 -1.000000000000000000e+00 -1.000000000000000000e+00 -1.000000000000000000e+00 -1.000000000000000000e+00 6.223590000000000373e+02 1.509271999999999935e+03 1.568000000000000060e+00 3.200000000000000067e-01 2.790000000000000258e-01 1.000000000000000000e+00
2.500000000000000000e+01 9.070000000000000000e+02 -1.000000000000000000e+00 -1.000000000000000000e+00 -1.000000000000000000e+00 -1.000000000000000000e+00 -1.000000000000000000e+00 6.023070000000000164e+02 1.489000999999999976e+03 1.066999999999999948e+00 2.685000000000000164e-01 3.180000000000000049e-01 9.310000000000000497e-01
2.500000000000000000e+01 9.040000000000000000e+02 -1.000000000000000000e+00 -1.000000000000000000e+00 -1.000000000000000000e+00 -1.000000000000000000e+00 -1.000000000000000000e+00 5.984619999999999891e+02 1.490455999999999904e+03 1.239999999999999991e+00 3.654999999999999916e-01 2.740000000000000213e-01 9.429999999999999494e-01
2.600000000000000000e+01 8.870000000000000000e+02 -1.000000000000000000e+00 -1.000000000000000000e+00 -1.000000000000000000e+00 -1.000000000000000000e+00 -1.000000000000000000e+00 6.124909999999999854e+02 1.515323000000000093e+03 1.286999999999999922e+00 3.770000000000000018e-01 3.659999999999999920e-01 9.310000000000000497e-01
2.600000000000000000e+01 9.030000000000000000e+02 -1.000000000000000000e+00 -1.000000000000000000e+00 -1.000000000000000000e+00 -1.000000000000000000e+00 -1.000000000000000000e+00 6.217419999999999618e+02 1.509692000000000007e+03 1.544999999999999929e+00 3.200000000000000067e-01 2.790000000000000258e-01 1.000000000000000000e+00
2.600000000000000000e+01 9.040000000000000000e+02 -1.000000000000000000e+00 -1.000000000000000000e+00 -1.000000000000000000e+00 -1.000000000000000000e+00 -1.000000000000000000e+00 5.979510000000000218e+02 1.490682000000000016e+03 1.235000000000000098e+00 3.654999999999999916e-01 2.740000000000000213e-01 9.429999999999999494e-01
2.600000000000000000e+01 9.070000000000000000e+02 -1.000000000000000000e+00 -1.000000000000000000e+00 -1.000000000000000000e+00 -1.000000000000000000e+00 -1.000000000000000000e+00 6.016669891172032294e+02 1.489405506878267715e+03 1.041999574890746683e+00 2.685000000000000164e-01 3.180000000000000049e-01 9.310000000000000497e-01
2.700000000000000000e+01 8.870000000000000000e+02 -1.000000000000000000e+00 -1.000000000000000000e+00 -1.000000000000000000e+00 -1.000000000000000000e+00 -1.000000000000000000e+00 6.119230000000000018e+02 1.515674999999999955e+03 1.379000000000000004e+00 3.770000000000000018e-01 3.659999999999999920e-01 9.310000000000000497e-01
2.700000000000000000e+01 9.030000000000000000e+02 -1.000000000000000000e+00 -1.000000000000000000e+00 -1.000000000000000000e+00 -1.000000000000000000e+00 -1.000000000000000000e+00 6.211219999999999573e+02 1.510109999999999900e+03 1.522999999999999909e+00 3.200000000000000067e-01 2.790000000000000258e-01 1.000000000000000000e+00
2.700000000000000000e+01 9.070000000000000000e+02 -1.000000000000000000e+00 -1.000000000000000000e+00 -1.000000000000000000e+00 -1.000000000000000000e+00 -1.000000000000000000e+00 6.010270000000000437e+02 1.489809999999999945e+03 1.016999999999999904e+00 2.685000000000000164e-01 3.180000000000000049e-01 9.310000000000000497e-01
2.700000000000000000e+01 9.040000000000000000e+02 -1.000000000000000000e+00 -1.000000000000000000e+00 -1.000000000000000000e+00 -1.000000000000000000e+00 -1.000000000000000000e+00 5.974500000000000455e+02 1.490926999999999907e+03 1.229999999999999982e+00 3.654999999999999916e-01 2.740000000000000213e-01 9.429999999999999494e-01
2.800000000000000000e+01 8.870000000000000000e+02 -1.000000000000000000e+00 -1.000000000000000000e+00 -1.000000000000000000e+00 -1.000000000000000000e+00 -1.000000000000000000e+00 6.113550000000000182e+02 1.516027000000000044e+03 1.370000000000000107e+00 3.770000000000000018e-01 3.659999999999999920e-01 9.310000000000000497e-01
2.800000000000000000e+01 9.030000000000000000e+02 -1.000000000000000000e+00 -1.000000000000000000e+00 -1.000000000000000000e+00 -1.000000000000000000e+00 -1.000000000000000000e+00 6.205019999999999527e+02 1.510528000000000020e+03 1.500000000000000000e+00 3.200000000000000067e-01 2.790000000000000258e-01 1.000000000000000000e+00
2.800000000000000000e+01 9.070000000000000000e+02 -1.000000000000000000e+00 -1.000000000000000000e+00 -1.000000000000000000e+00 -1.000000000000000000e+00 -1.000000000000000000e+00 6.002799999999999727e+02 1.490282999999999902e+03 1.030000000000000027e+00 2.685000000000000164e-01 3.180000000000000049e-01 9.310000000000000497e-01
2.800000000000000000e+01 9.040000000000000000e+02 -1.000000000000000000e+00 -1.000000000000000000e+00 -1.000000000000000000e+00 -1.000000000000000000e+00 -1.000000000000000000e+00 5.969429999999999836e+02 1.491161000000000058e+03 1.225000000000000089e+00 3.654999999999999916e-01 2.740000000000000213e-01 9.429999999999999494e-01
2.900000000000000000e+01 8.870000000000000000e+02 -1.000000000000000000e+00 -1.000000000000000000e+00 -1.000000000000000000e+00 -1.000000000000000000e+00 -1.000000000000000000e+00 6.107880000000000109e+02 1.516378999999999905e+03 1.312000000000000055e+00 3.770000000000000018e-01 3.659999999999999920e-01 9.310000000000000497e-01
2.900000000000000000e+01 9.030000000000000000e+02 -1.000000000000000000e+00 -1.000000000000000000e+00 -1.000000000000000000e+00 -1.000000000000000000e+00 -1.000000000000000000e+00 6.198949999999999818e+02 1.510911000000000058e+03 1.536999999999999922e+00 3.200000000000000067e-01 2.790000000000000258e-01 1.000000000000000000e+00
2.900000000000000000e+01 9.070000000000000000e+02 -1.000000000000000000e+00 -1.000000000000000000e+00 -1.000000000000000000e+00 -1.000000000000000000e+00 -1.000000000000000000e+00 5.995320000000000391e+02 1.490756000000000085e+03 1.042000000000000037e+00 2.685000000000000164e-01 3.180000000000000049e-01 9.310000000000000497e-01
2.900000000000000000e+01 9.040000000000000000e+02 -1.000000000000000000e+00 -1.000000000000000000e+00 -1.000000000000000000e+00 -1.000000000000000000e+00 -1.000000000000000000e+00 5.964619999999999891e+02 1.491404999999999973e+03 1.219999999999999973e+00 3.654999999999999916e-01 2.740000000000000213e-01 9.429999999999999494e-01
3.000000000000000000e+01 8.870000000000000000e+02 -1.000000000000000000e+00 -1.000000000000000000e+00 -1.000000000000000000e+00 -1.000000000000000000e+00 -1.000000000000000000e+00 6.102200000000000273e+02 1.516730999999999995e+03 1.286999999999999922e+00 3.770000000000000018e-01 3.659999999999999920e-01 9.310000000000000497e-01
3.000000000000000000e+01 9.030000000000000000e+02 -1.000000000000000000e+00 -1.000000000000000000e+00 -1.000000000000000000e+00 -1.000000000000000000e+00 -1.000000000000000000e+00 6.192960000000000491e+02 1.511323000000000093e+03 1.510000000000000009e+00 3.200000000000000067e-01 2.790000000000000258e-01 1.000000000000000000e+00
3.000000000000000000e+01 9.070000000000000000e+02 -1.000000000000000000e+00 -1.000000000000000000e+00 -1.000000000000000000e+00 -1.000000000000000000e+00 -1.000000000000000000e+00 5.987849999999999682e+02 1.491229000000000042e+03 1.054999999999999938e+00 2.685000000000000164e-01 3.180000000000000049e-01 9.310000000000000497e-01
3.000000000000000000e+01 9.040000000000000000e+02 -1.000000000000000000e+00 -1.000000000000000000e+00 -1.000000000000000000e+00 -1.000000000000000000e+00 -1.000000000000000000e+00 5.960309999999999491e+02 1.491640000000000100e+03 1.215000000000000080e+00 3.654999999999999916e-01 2.740000000000000213e-01 9.429999999999999494e-01
3.100000000000000000e+01 8.870000000000000000e+02 -1.000000000000000000e+00 -1.000000000000000000e+00 -1.000000000000000000e+00 -1.000000000000000000e+00 -1.000000000000000000e+00 6.096530000000000200e+02 1.517076000000000022e+03 1.290999999999999925e+00 3.770000000000000018e-01 3.659999999999999920e-01 9.310000000000000497e-01
3.100000000000000000e+01 9.030000000000000000e+02 -1.000000000000000000e+00 -1.000000000000000000e+00 -1.000000000000000000e+00 -1.000000000000000000e+00 -1.000000000000000000e+00 6.186960000000000264e+02 1.511734999999999900e+03 1.483999999999999986e+00 3.200000000000000067e-01 2.790000000000000258e-01 1.000000000000000000e+00
3.100000000000000000e+01 9.070000000000000000e+02 -1.000000000000000000e+00 -1.000000000000000000e+00 -1.000000000000000000e+00 -1.000000000000000000e+00 -1.000000000000000000e+00 5.980370000000000346e+02 1.491701999999999998e+03 1.066999999999999948e+00 2.685000000000000164e-01 3.180000000000000049e-01 9.310000000000000497e-01
3.100000000000000000e+01 9.040000000000000000e+02 -1.000000000000000000e+00 -1.000000000000000000e+00 -1.000000000000000000e+00 -1.000000000000000000e+00 -1.000000000000000000e+00 5.956000000000000227e+02 1.491875000000000000e+03 1.209999999999999964e+00 3.654999999999999916e-01 2.740000000000000213e-01 9.429999999999999494e-01
3.200000000000000000e+01 8.870000000000000000e+02 -1.000000000000000000e+00 -1.000000000000000000e+00 -1.000000000000000000e+00 -1.000000000000000000e+00 -1.000000000000000000e+00 6.090869999999999891e+02 1.517420000000000073e+03 1.294999999999999929e+00 3.770000000000000018e-01 3.659999999999999920e-01 9.310000000000000497e-01
3.200000000000000000e+01 9.030000000000000000e+02 -1.000000000000000000e+00 -1.000000000000000000e+00 -1.000000000000000000e+00 -1.000000000000000000e+00 -1.000000000000000000e+00 6.180969999999999800e+02 1.512146999999999935e+03 1.457000000000000073e+00 3.200000000000000067e-01 2.790000000000000258e-01 1.000000000000000000e+00
3.200000000000000000e+01 9.070000000000000000e+02 -1.000000000000000000e+00 -1.000000000000000000e+00 -1.000000000000000000e+00 -1.000000000000000000e+00 -1.000000000000000000e+00 5.973189999999999600e+02 1.492162000000000035e+03 1.042000000000000037e+00 2.685000000000000164e-01 3.180000000000000049e-01 9.310000000000000497e-01
3.200000000000000000e+01 9.040000000000000000e+02 -1.000000000000000000e+00 -1.000000000000000000e+00 -1.000000000000000000e+00 -1.000000000000000000e+00 -1.000000000000000000e+00 5.951689999999999827e+02 1.492108999999999924e+03 1.205000000000000071e+00 3.654999999999999916e-01 2.740000000000000213e-01 9.429999999999999494e-01
3.300000000000000000e+01 8.870000000000000000e+02 -1.000000000000000000e+00 -1.000000000000000000e+00 -1.000000000000000000e+00 -1.000000000000000000e+00 -1.000000000000000000e+00 6.085199999999999818e+02 1.517763999999999896e+03 1.249000000000000110e+00 3.770000000000000018e-01 3.659999999999999920e-01 9.310000000000000497e-01
3.300000000000000000e+01 9.030000000000000000e+02 -1.000000000000000000e+00 -1.000000000000000000e+00 -1.000000000000000000e+00 -1.000000000000000000e+00 -1.000000000000000000e+00 6.174980000000000473e+02 1.512558999999999969e+03 1.431000000000000050e+00 3.200000000000000067e-01 2.790000000000000258e-01 1.000000000000000000e+00
3.300000000000000000e+01 9.070000000000000000e+02 -1.000000000000000000e+00 -1.000000000000000000e+00 -1.000000000000000000e+00 -1.000000000000000000e+00 -1.000000000000000000e+00 5.966009999999999991e+02 1.492623000000000047e+03 1.016999999999999904e+00 2.685000000000000164e-01 3.180000000000000049e-01 9.310000000000000497e-01
3.300000000000000000e+01 9.040000000000000000e+02 -1.000000000000000000e+00 -1.000000000000000000e+00 -1.000000000000000000e+00 -1.000000000000000000e+00 -1.000000000000000000e+00 5.947380000000000564e+02 1.492344000000000051e+03 1.199999999999999956e+00 3.654999999999999916e-01 2.740000000000000213e-01 9.429999999999999494e-01
3.400000000000000000e+01 8.870000000000000000e+02 -1.000000000000000000e+00 -1.000000000000000000e+00 -1.000000000000000000e+00 -1.000000000000000000e+00 -1.000000000000000000e+00 6.079529999999999745e+02 1.518108999999999924e+03 1.237000000000000099e+00 3.770000000000000018e-01 3.659999999999999920e-01 9.310000000000000497e-01
3.400000000000000000e+01 9.030000000000000000e+02 -1.000000000000000000e+00 -1.000000000000000000e+00 -1.000000000000000000e+00 -1.000000000000000000e+00 -1.000000000000000000e+00 6.168790000000000191e+02 1.512925999999999931e+03 1.407999999999999918e+00 3.200000000000000067e-01 2.790000000000000258e-01 1.000000000000000000e+00
3.400000000000000000e+01 9.070000000000000000e+02 -1.000000000000000000e+00 -1.000000000000000000e+00 -1.000000000000000000e+00 -1.000000000000000000e+00 -1.000000000000000000e+00 5.958830000000000382e+02 1.493084000000000060e+03 9.919999999999999929e-01 2.685000000000000164e-01 3.180000000000000049e-01 9.310000000000000497e-01
3.400000000000000000e+01 9.040000000000000000e+02 -1.000000000000000000e+00 -1.000000000000000000e+00 -1.000000000000000000e+00 -1.000000000000000000e+00 -1.000000000000000000e+00 5.942920000000000300e+02 1.492587999999999965e+03 1.195000000000000062e+00 3.654999999999999916e-01 2.740000000000000213e-01 9.429999999999999494e-01
3.500000000000000000e+01 8.870000000000000000e+02 -1.000000000000000000e+00 -1.000000000000000000e+00 -1.000000000000000000e+00 -1.000000000000000000e+00 -1.000000000000000000e+00 6.073859999999999673e+02 1.518452999999999975e+03 1.262000000000000011e+00 3.770000000000000018e-01 3.659999999999999920e-01 9.310000000000000497e-01
3.500000000000000000e+01 9.030000000000000000e+02 -1.000000000000000000e+00 -1.000000000000000000e+00 -1.000000000000000000e+00 -1.000000000000000000e+00 -1.000000000000000000e+00 6.162590000000000146e+02 1.513292999999999893e+03 1.383999999999999897e+00 3.200000000000000067e-01 2.790000000000000258e-01 1.000000000000000000e+00
3.500000000000000000e+01 9.070000000000000000e+02 -1.000000000000000000e+00 -1.000000000000000000e+00 -1.000000000000000000e+00 -1.000000000000000000e+00 -1.000000000000000000e+00 5.951879999999999882e+02 1.493528999999999996e+03 9.549999999999999600e-01 2.685000000000000164e-01 3.180000000000000049e-01 9.310000000000000497e-01
3.500000000000000000e+01 9.040000000000000000e+02 -1.000000000000000000e+00 -1.000000000000000000e+00 -1.000000000000000000e+00 -1.000000000000000000e+00 -1.000000000000000000e+00 5.938310000000000173e+02 1.492838999999999942e+03 1.189999999999999947e+00 3.654999999999999916e-01 2.740000000000000213e-01 9.429999999999999494e-01
3.600000000000000000e+01 8.870000000000000000e+02 -1.000000000000000000e+00 -1.000000000000000000e+00 -1.000000000000000000e+00 -1.000000000000000000e+00 -1.000000000000000000e+00 6.067910000000000537e+02 1.518751999999999953e+03 1.241000000000000103e+00 3.770000000000000018e-01 3.659999999999999920e-01 9.310000000000000497e-01
3.600000000000000000e+01 9.030000000000000000e+02 -1.000000000000000000e+00 -1.000000000000000000e+00 -1.000000000000000000e+00 -1.000000000000000000e+00 -1.000000000000000000e+00 6.156390000000000100e+02 1.513660000000000082e+03 1.360999999999999988e+00 3.200000000000000067e-01 2.790000000000000258e-01 1.000000000000000000e+00
3.600000000000000000e+01 9.070000000000000000e+02 -1.000000000000000000e+00 -1.000000000000000000e+00 -1.000000000000000000e+00 -1.000000000000000000e+00 -1.000000000000000000e+00 5.944930000000000518e+02 1.493974999999999909e+03 9.170000000000000373e-01 2.685000000000000164e-01 3.180000000000000049e-01 9.310000000000000497e-01
3.600000000000000000e+01 9.040000000000000000e+02 -1.000000000000000000e+00 -1.000000000000000000e+00 -1.000000000000000000e+00 -1.000000000000000000e+00 -1.000000000000000000e+00 5.933709999999999809e+02 1.493090999999999894e+03 1.185000000000000053e+00 3.654999999999999916e-01 2.740000000000000213e-01 9.429999999999999494e-01
3.700000000000000000e+01 8.870000000000000000e+02 -1.000000000000000000e+00 -1.000000000000000000e+00 -1.000000000000000000e+00 -1.000000000000000000e+00 -1.000000000000000000e+00 6.062519999999999527e+02 1.519142000000000053e+03 1.219999999999999973e+00 3.770000000000000018e-01 3.659999999999999920e-01 9.310000000000000497e-01
3.700000000000000000e+01 9.030000000000000000e+02 -1.000000000000000000e+00 -1.000000000000000000e+00 -1.000000000000000000e+00 -1.000000000000000000e+00 -1.000000000000000000e+00 6.150199999999999818e+02 1.514027000000000044e+03 1.338000000000000078e+00 3.200000000000000067e-01 2.790000000000000258e-01 1.000000000000000000e+00
3.700000000000000000e+01 9.070000000000000000e+02 -1.000000000000000000e+00 -1.000000000000000000e+00 -1.000000000000000000e+00 -1.000000000000000000e+00 -1.000000000000000000e+00 5.937989999999999782e+02 1.494420000000000073e+03 8.800000000000000044e-01 2.685000000000000164e-01 3.180000000000000049e-01 9.310000000000000497e-01
3.700000000000000000e+01 9.040000000000000000e+02 -1.000000000000000000e+00 -1.000000000000000000e+00 -1.000000000000000000e+00 -1.000000000000000000e+00 -1.000000000000000000e+00 5.929109999999999445e+02 1.493342000000000098e+03 1.179999999999999938e+00 3.654999999999999916e-01 2.740000000000000213e-01 9.429999999999999494e-01
3.800000000000000000e+01 8.870000000000000000e+02 -1.000000000000000000e+00 -1.000000000000000000e+00 -1.000000000000000000e+00 -1.000000000000000000e+00 -1.000000000000000000e+00 6.056849999999999454e+02 1.519486000000000104e+03 1.199000000000000066e+00 3.770000000000000018e-01 3.659999999999999920e-01 9.310000000000000497e-01
3.800000000000000000e+01 9.030000000000000000e+02 -1.000000000000000000e+00 -1.000000000000000000e+00 -1.000000000000000000e+00 -1.000000000000000000e+00 -1.000000000000000000e+00 6.144189999999999827e+02 1.514372000000000071e+03 1.338000000000000078e+00 3.200000000000000067e-01 2.790000000000000258e-01 1.000000000000000000e+00
3.800000000000000000e+01 9.070000000000000000e+02 -1.000000000000000000e+00 -1.000000000000000000e+00 -1.000000000000000000e+00 -1.000000000000000000e+00 -1.000000000000000000e+00 5.931040000000000418e+02 1.494865999999999985e+03 8.419999999999999707e-01 2.685000000000000164e-01 3.180000000000000049e-01 9.310000000000000497e-01
3.800000000000000000e+01 9.040000000000000000e+02 -1.000000000000000000e+00 -1.000000000000000000e+00 -1.000000000000000000e+00 -1.000000000000000000e+00 -1.000000000000000000e+00 5.924510000000000218e+02 1.493594000000000051e+03 1.175000000000000044e+00 3.654999999999999916e-01 2.740000000000000213e-01 9.429999999999999494e-01
3.900000000000000000e+01 8.870000000000000000e+02 -1.000000000000000000e+00 -1.000000000000000000e+00 -1.000000000000000000e+00 -1.000000000000000000e+00 -1.000000000000000000e+00 6.051190000000000282e+02 1.519830999999999904e+03 1.211999999999999966e+00 3.770000000000000018e-01 3.659999999999999920e-01 9.310000000000000497e-01
3.900000000000000000e+01 9.030000000000000000e+02 -1.000000000000000000e+00 -1.000000000000000000e+00 -1.000000000000000000e+00 -1.000000000000000000e+00 -1.000000000000000000e+00 6.138189999999999600e+02 1.514717000000000098e+03 1.338000000000000078e+00 3.200000000000000067e-01 2.790000000000000258e-01 1.000000000000000000e+00
3.900000000000000000e+01 9.070000000000000000e+02 -1.000000000000000000e+00 -1.000000000000000000e+00 -1.000000000000000000e+00 -1.000000000000000000e+00 -1.000000000000000000e+00 5.923709999999999809e+02 1.495336000000000013e+03 8.419999999999999707e-01 2.685000000000000164e-01 3.180000000000000049e-01 9.310000000000000497e-01
3.900000000000000000e+01 9.040000000000000000e+02 -1.000000000000000000e+00 -1.000000000000000000e+00 -1.000000000000000000e+00 -1.000000000000000000e+00 -1.000000000000000000e+00 5.919900000000000091e+02 1.493846000000000004e+03 1.169999999999999929e+00 3.654999999999999916e-01 2.740000000000000213e-01 9.429999999999999494e-01
4.000000000000000000e+01 8.870000000000000000e+02 -1.000000000000000000e+00 -1.000000000000000000e+00 -1.000000000000000000e+00 -1.000000000000000000e+00 -1.000000000000000000e+00 6.043959999999999582e+02 1.520270999999999958e+03 1.187000000000000055e+00 3.770000000000000018e-01 3.659999999999999920e-01 9.310000000000000497e-01
4.000000000000000000e+01 9.030000000000000000e+02 -1.000000000000000000e+00 -1.000000000000000000e+00 -1.000000000000000000e+00 -1.000000000000000000e+00 -1.000000000000000000e+00 6.132190000000000509e+02 1.515063000000000102e+03 1.338000000000000078e+00 3.200000000000000067e-01 2.790000000000000258e-01 1.000000000000000000e+00
4.000000000000000000e+01 9.070000000000000000e+02 -1.000000000000000000e+00 -1.000000000000000000e+00 -1.000000000000000000e+00 -1.000000000000000000e+00 -1.000000000000000000e+00 5.916620000000000346e+02 1.495790999999999940e+03 8.419999999999999707e-01 2.685000000000000164e-01 3.180000000000000049e-01 9.310000000000000497e-01
