2.800000000000000000e+01 4.829000000000000000e+03 -1.000000000000000000e+00 -1.000000000000000000e+00 -1.000000000000000000e+00 -1.000000000000000000e+00 -1.000000000000000000e+00 1.206979000000000042e+03 1.574441000000000031e+03 7.209999999999999742e-01 3.915000000000000147e-01 7.620000000000000107e-01 9.655000000000000249e-01
2.900000000000000000e+01 4.829000000000000000e+03 -1.000000000000000000e+00 -1.000000000000000000e+00 -1.000000000000000000e+00 -1.000000000000000000e+00 -1.000000000000000000e+00 1.205328999999999951e+03 1.572195999999999913e+03 7.710000000000000187e-01 3.915000000000000147e-01 7.620000000000000107e-01 9.655000000000000249e-01
3.000000000000000000e+01 4.829000000000000000e+03 -1.000000000000000000e+00 -1.000000000000000000e+00 -1.000000000000000000e+00 -1.000000000000000000e+00 -1.000000000000000000e+00 1.204124000000000024e+03 1.570134000000000015e+03 8.159999999999999476e-01 3.915000000000000147e-01 7.620000000000000107e-01 9.655000000000000249e-01
3.100000000000000000e+01 4.829000000000000000e+03 -1.000000000000000000e+00 -1.000000000000000000e+00 -1.000000000000000000e+00 -1.000000000000000000e+00 -1.000000000000000000e+00 1.202505000000000109e+03 1.567451999999999998e+03 8.659999999999999920e-01 3.915000000000000147e-01 7.620000000000000107e-01 9.655000000000000249e-01
3.200000000000000000e+01 4.829000000000000000e+03 -1.000000000000000000e+00 -1.000000000000000000e+00 -1.000000000000000000e+00 -1.000000000000000000e+00 -1.000000000000000000e+00 1.201516000000000076e+03 1.565695999999999913e+03 9.160000000000000364e-01 3.915000000000000147e-01 7.620000000000000107e-01 9.655000000000000249e-01
3.300000000000000000e+01 4.829000000000000000e+03 -1.000000000000000000e+00 -1.000000000000000000e+00 -1.000000000000000000e+00 -1.000000000000000000e+00 -1.000000000000000000e+00 1.200609999999999900e+03 1.563673000000000002e+03 9.709999999999999742e-01 3.915000000000000147e-01 7.620000000000000107e-01 9.655000000000000249e-01
3.400000000000000000e+01 4.829000000000000000e+03 -1.000000000000000000e+00 -1.000000000000000000e+00 -1.000000000000000000e+00 -1.000000000000000000e+00 -1.000000000000000000e+00 1.200227000000000089e+03 1.562409000000000106e+03 1.016000000000000014e+00 3.915000000000000147e-01 7.620000000000000107e-01 9.655000000000000249e-01
3.500000000000000000e+01 4.829000000000000000e+03 -1.000000000000000000e+00 -1.000000000000000000e+00 -1.000000000000000000e+00 -1.000000000000000000e+00 -1.000000000000000000e+00 1.199970000000000027e+03 1.560961999999999989e+03 1.066000000000000059e+00 3.915000000000000147e-01 7.620000000000000107e-01 9.655000000000000249e-01
3.600000000000000000e+01 4.829000000000000000e+03 -1.000000000000000000e+00 -1.000000000000000000e+00 -1.000000000000000000e+00 -1.000000000000000000e+00 -1.000000000000000000e+00 1.199880000000000109e+03 1.559604000000000042e+03 1.116000000000000103e+00 3.915000000000000147e-01 7.620000000000000107e-01 9.655000000000000249e-01
3.700000000000000000e+01 4.829000000000000000e+03 -1.000000000000000000e+00 -1.000000000000000000e+00 -1.000000000000000000e+00 -1.000000000000000000e+00 -1.000000000000000000e+00 1.200184999999999945e+03 1.558317999999999984e+03 1.165999999999999925e+00 3.915000000000000147e-01 7.620000000000000107e-01 9.655000000000000249e-01
3.800000000000000000e+01 4.829000000000000000e+03 -1.000000000000000000e+00 -1.000000000000000000e+00 -1.000000000000000000e+00 -1.000000000000000000e+00 -1.000000000000000000e+00 1.200953999999999951e+03 1.556663000000000011e+03 1.058000000000000052e+00 3.915000000000000147e-01 7.620000000000000107e-01 9.655000000000000249e-01
3.900000000000000000e+01 4.829000000000000000e+03 -1.000000000000000000e+00 -1.000000000000000000e+00 -1.000000000000000000e+00 -1.000000000000000000e+00 -1.000000000000000000e+00 1.201990000000000009e+03 1.555182999999999993e+03 9.499999999999999556e-01 3.915000000000000147e-01 7.620000000000000107e-01 9.655000000000000249e-01
4.000000000000000000e+01 4.829000000000000000e+03 -1.000000000000000000e+00 -1.000000000000000000e+00 -1.000000000000000000e+00 -1.000000000000000000e+00 -1.000000000000000000e+00 1.203226000000000113e+03 1.553901000000000067e+03 8.419999999999999707e-01 3.915000000000000147e-01 7.620000000000000107e-01 9.655000000000000249e-01
4.100000000000000000e+01 4.829000000000000000e+03 -1.000000000000000000e+00 -1.000000000000000000e+00 -1.000000000000000000e+00 -1.000000000000000000e+00 -1.000000000000000000e+00 1.204400000000000091e+03 1.553028000000000020e+03 7.560000000000000053e-01 3.915000000000000147e-01 7.620000000000000107e-01 9.655000000000000249e-01
