1.000000000000000000e+00 3.321000000000000000e+03 -1.000000000000000000e+00 -1.000000000000000000e+00 -1.000000000000000000e+00 -1.000000000000000000e+00 -1.000000000000000000e+00 1.198155999999999949e+03 9.890850000000000364e+02 1.550000000000000044e+00 1.389999999999999902e+00 3.949500000000000011e+00 1.635999999999999899e+00
2.300000000000000000e+01 3.347000000000000000e+03 -1.000000000000000000e+00 -1.000000000000000000e+00 -1.000000000000000000e+00 -1.000000000000000000e+00 -1.000000000000000000e+00 1.273535000000000082e+03 1.024498000000000047e+03 2.607000000000000206e+00 1.469999999999999973e+00 2.930499999999999883e+00 1.546000000000000041e+00
2.400000000000000000e+01 3.347000000000000000e+03 -1.000000000000000000e+00 -1.000000000000000000e+00 -1.000000000000000000e+00 -1.000000000000000000e+00 -1.000000000000000000e+00 1.273573000000000093e+03 1.024545000000000073e+03 2.532000000000000028e+00 1.469999999999999973e+00 2.930499999999999883e+00 1.546000000000000041e+00
2.500000000000000000e+01 3.347000000000000000e+03 -1.000000000000000000e+00 -1.000000000000000000e+00 -1.000000000000000000e+00 -1.000000000000000000e+00 -1.000000000000000000e+00 1.273573000000000093e+03 1.024545000000000073e+03 2.479000000000000092e+00 1.469999999999999973e+00 2.930499999999999883e+00 1.546000000000000041e+00
2.600000000000000000e+01 3.347000000000000000e+03 -1.000000000000000000e+00 -1.000000000000000000e+00 -1.000000000000000000e+00 -1.000000000000000000e+00 -1.000000000000000000e+00 1.273573000000000093e+03 1.024545000000000073e+03 2.435999999999999943e+00 1.469999999999999973e+00 2.930499999999999883e+00 1.546000000000000041e+00
2.700000000000000000e+01 3.347000000000000000e+03 -1.000000000000000000e+00 -1.000000000000000000e+00 -1.000000000000000000e+00 -1.000000000000000000e+00 -1.000000000000000000e+00 1.273573000000000093e+03 1.024545000000000073e+03 2.382000000000000117e+00 1.469999999999999973e+00 2.930499999999999883e+00 1.546000000000000041e+00
2.800000000000000000e+01 3.347000000000000000e+03 -1.000000000000000000e+00 -1.000000000000000000e+00 -1.000000000000000000e+00 -1.000000000000000000e+00 -1.000000000000000000e+00 1.273573000000000093e+03 1.024545000000000073e+03 2.331999999999999851e+00 1.469999999999999973e+00 2.930499999999999883e+00 1.546000000000000041e+00
2.900000000000000000e+01 3.347000000000000000e+03 -1.000000000000000000e+00 -1.000000000000000000e+00 -1.000000000000000000e+00 -1.000000000000000000e+00 -1.000000000000000000e+00 1.273573000000000093e+03 1.024545000000000073e+03 2.331999999999999851e+00 1.469999999999999973e+00 2.930499999999999883e+00 1.546000000000000041e+00
3.000000000000000000e+01 3.347000000000000000e+03 -1.000000000000000000e+00 -1.000000000000000000e+00 -1.000000000000000000e+00 -1.000000000000000000e+00 -1.000000000000000000e+00 1.273573000000000093e+03 1.024545000000000073e+03 2.331999999999999851e+00 1.469999999999999973e+00 2.930499999999999883e+00 1.546000000000000041e+00
3.100000000000000000e+01 3.347000000000000000e+03 -1.000000000000000000e+00 -1.000000000000000000e+00 -1.000000000000000000e+00 -1.000000000000000000e+00 -1.000000000000000000e+00 1.273573000000000093e+03 1.024545000000000073e+03 2.331999999999999851e+00 1.469999999999999973e+00 2.930499999999999883e+00 1.546000000000000041e+00
3.300000000000000000e+01 3.352000000000000000e+03 -1.000000000000000000e+00 -1.000000000000000000e+00 -1.000000000000000000e+00 -1.000000000000000000e+00 -1.000000000000000000e+00 1.287556000000000040e+03 9.716929999999999836e+02 1.451999999999999957e+00 1.167999999999999927e+00 3.754999999999999893e+00 1.579499999999999904e+00
3.400000000000000000e+01 3.352000000000000000e+03 -1.000000000000000000e+00 -1.000000000000000000e+00 -1.000000000000000000e+00 -1.000000000000000000e+00 -1.000000000000000000e+00 1.287790999999999940e+03 9.719679999999999609e+02 2.048999999999999932e+00 1.167999999999999927e+00 3.754999999999999893e+00 1.579499999999999904e+00
3.500000000000000000e+01 3.352000000000000000e+03 -1.000000000000000000e+00 -1.000000000000000000e+00 -1.000000000000000000e+00 -1.000000000000000000e+00 -1.000000000000000000e+00 1.287744999999999891e+03 9.719850000000000136e+02 2.025999999999999801e+00 1.167999999999999927e+00 3.754999999999999893e+00 1.579499999999999904e+00
3.600000000000000000e+01 3.352000000000000000e+03 -1.000000000000000000e+00 -1.000000000000000000e+00 -1.000000000000000000e+00 -1.000000000000000000e+00 -1.000000000000000000e+00 1.287693999999999960e+03 9.720040000000000191e+02 2.001999999999999780e+00 1.167999999999999927e+00 3.754999999999999893e+00 1.579499999999999904e+00
3.700000000000000000e+01 3.352000000000000000e+03 -1.000000000000000000e+00 -1.000000000000000000e+00 -1.000000000000000000e+00 -1.000000000000000000e+00 -1.000000000000000000e+00 1.287726000000000113e+03 9.719660000000000082e+02 1.997999999999999998e+00 1.167999999999999927e+00 3.754999999999999893e+00 1.579499999999999904e+00
3.800000000000000000e+01 3.352000000000000000e+03 -1.000000000000000000e+00 -1.000000000000000000e+00 -1.000000000000000000e+00 -1.000000000000000000e+00 -1.000000000000000000e+00 1.287759000000000015e+03 9.719270000000000209e+02 1.993000000000000105e+00 1.167999999999999927e+00 3.754999999999999893e+00 1.579499999999999904e+00
3.900000000000000000e+01 3.352000000000000000e+03 -1.000000000000000000e+00 -1.000000000000000000e+00 -1.000000000000000000e+00 -1.000000000000000000e+00 -1.000000000000000000e+00 1.287776000000000067e+03 9.719470000000000027e+02 1.955999999999999961e+00 1.167999999999999927e+00 3.754999999999999893e+00 1.579499999999999904e+00
4.000000000000000000e+01 3.352000000000000000e+03 -1.000000000000000000e+00 -1.000000000000000000e+00 -1.000000000000000000e+00 -1.000000000000000000e+00 -1.000000000000000000e+00 1.287794000000000096e+03 9.719660000000000082e+02 1.919000000000000039e+00 1.167999999999999927e+00 3.754999999999999893e+00 1.579499999999999904e+00
4.100000000000000000e+01 3.352000000000000000e+03 -1.000000000000000000e+00 -1.000000000000000000e+00 -1.000000000000000000e+00 -1.000000000000000000e+00 -1.000000000000000000e+00 1.287759999999999991e+03 9.719260000000000446e+02 1.969000000000000083e+00 1.167999999999999927e+00 3.754999999999999893e+00 1.579499999999999904e+00
