1.000000000000000000e+00 3.109000000000000000e+03 -1.000000000000000000e+00 -1.000000000000000000e+00 -1.000000000000000000e+00 -1.000000000000000000e+00 -1.000000000000000000e+00 1.943423000000000002e+03 8.822569999999999482e+02 2.353000000000000203e+00 1.056000000000000050e+00 1.389999999999999902e+00 1.731000000000000094e+00
2.000000000000000000e+00 3.109000000000000000e+03 -1.000000000000000000e+00 -1.000000000000000000e+00 -1.000000000000000000e+00 -1.000000000000000000e+00 -1.000000000000000000e+00 1.943387999999999920e+03 8.822839999999999918e+02 2.333000000000000185e+00 1.056000000000000050e+00 1.389999999999999902e+00 1.731000000000000094e+00
3.000000000000000000e+00 3.109000000000000000e+03 -1.000000000000000000e+00 -1.000000000000000000e+00 -1.000000000000000000e+00 -1.000000000000000000e+00 -1.000000000000000000e+00 1.943361000000000104e+03 8.823060000000000400e+02 2.315999999999999837e+00 1.056000000000000050e+00 1.389999999999999902e+00 1.731000000000000094e+00
4.000000000000000000e+00 3.109000000000000000e+03 -1.000000000000000000e+00 -1.000000000000000000e+00 -1.000000000000000000e+00 -1.000000000000000000e+00 -1.000000000000000000e+00 1.943326000000000022e+03 8.823329999999999700e+02 2.295999999999999819e+00 1.056000000000000050e+00 1.389999999999999902e+00 1.731000000000000094e+00
5.000000000000000000e+00 3.109000000000000000e+03 -1.000000000000000000e+00 -1.000000000000000000e+00 -1.000000000000000000e+00 -1.000000000000000000e+00 -1.000000000000000000e+00 1.943324000032006779e+03 8.823589995839117819e+02 2.275000336071246743e+00 1.056000000000000050e+00 1.389999999999999902e+00 1.731000000000000094e+00
6.000000000000000000e+00 3.109000000000000000e+03 -1.000000000000000000e+00 -1.000000000000000000e+00 -1.000000000000000000e+00 -1.000000000000000000e+00 -1.000000000000000000e+00 1.943321999999999889e+03 8.823849999999999909e+02 2.254000000000000004e+00 1.056000000000000050e+00 1.389999999999999902e+00 1.731000000000000094e+00
7.000000000000000000e+00 3.109000000000000000e+03 -1.000000000000000000e+00 -1.000000000000000000e+00 -1.000000000000000000e+00 -1.000000000000000000e+00 -1.000000000000000000e+00 1.943312253414994302e+03 8.824614732054307069e+02 2.192521540732116581e+00 1.056000000000000050e+00 1.389999999999999902e+00 1.731000000000000316e+00
8.000000000000000000e+00 3.109000000000000000e+03 -1.000000000000000000e+00 -1.000000000000000000e+00 -1.000000000000000000e+00 -1.000000000000000000e+00 -1.000000000000000000e+00 1.943315503527147712e+03 8.824359723254568735e+02 2.213022248162157091e+00 1.056000000000000050e+00 1.390000000000000124e+00 1.731000000000000316e+00
9.000000000000000000e+00 3.109000000000000000e+03 -1.000000000000000000e+00 -1.000000000000000000e+00 -1.000000000000000000e+00 -1.000000000000000000e+00 -1.000000000000000000e+00 1.943318753528772959e+03 8.824104723127035186e+02 2.233522258414766704e+00 1.056000000000000050e+00 1.389999999999999902e+00 1.731000000000000094e+00
1.000000000000000000e+01 3.109000000000000000e+03 -1.000000000000000000e+00 -1.000000000000000000e+00 -1.000000000000000000e+00 -1.000000000000000000e+00 -1.000000000000000000e+00 1.943308999999999969e+03 8.824869999999999663e+02 2.172000000000000153e+00 1.056000000000000050e+00 1.389999999999999902e+00 1.731000000000000094e+00
1.100000000000000000e+01 3.109000000000000000e+03 -1.000000000000000000e+00 -1.000000000000000000e+00 -1.000000000000000000e+00 -1.000000000000000000e+00 -1.000000000000000000e+00 1.943307999999999993e+03 8.823419999999999845e+02 2.157000000000000028e+00 1.056000000000000050e+00 1.389999999999999902e+00 1.731000000000000094e+00
1.200000000000000000e+01 3.109000000000000000e+03 -1.000000000000000000e+00 -1.000000000000000000e+00 -1.000000000000000000e+00 -1.000000000000000000e+00 -1.000000000000000000e+00 1.943289999999999964e+03 8.823170000000000073e+02 2.153999999999999915e+00 1.056000000000000050e+00 1.389999999999999902e+00 1.731000000000000094e+00
1.300000000000000000e+01 3.109000000000000000e+03 -1.000000000000000000e+00 -1.000000000000000000e+00 -1.000000000000000000e+00 -1.000000000000000000e+00 -1.000000000000000000e+00 1.943273999999999887e+03 8.822910000000000537e+02 2.149999999999999911e+00 1.056000000000000050e+00 1.389999999999999902e+00 1.731000000000000094e+00
1.400000000000000000e+01 3.109000000000000000e+03 -1.000000000000000000e+00 -1.000000000000000000e+00 -1.000000000000000000e+00 -1.000000000000000000e+00 -1.000000000000000000e+00 1.943258000000000038e+03 8.822649999999999864e+02 2.146999999999999797e+00 1.056000000000000050e+00 1.389999999999999902e+00 1.731000000000000094e+00
1.500000000000000000e+01 3.109000000000000000e+03 -1.000000000000000000e+00 -1.000000000000000000e+00 -1.000000000000000000e+00 -1.000000000000000000e+00 -1.000000000000000000e+00 1.943243999999999915e+03 8.822390000000000327e+02 2.144000000000000128e+00 1.056000000000000050e+00 1.389999999999999902e+00 1.731000000000000094e+00
1.600000000000000000e+01 3.109000000000000000e+03 -1.000000000000000000e+00 -1.000000000000000000e+00 -1.000000000000000000e+00 -1.000000000000000000e+00 -1.000000000000000000e+00 1.943230999999999995e+03 8.822119999999999891e+02 2.141000000000000014e+00 1.056000000000000050e+00 1.389999999999999902e+00 1.731000000000000094e+00
1.700000000000000000e+01 3.109000000000000000e+03 -1.000000000000000000e+00 -1.000000000000000000e+00 -1.000000000000000000e+00 -1.000000000000000000e+00 -1.000000000000000000e+00 1.943218000000000075e+03 8.821839999999999691e+02 2.137000000000000011e+00 1.056000000000000050e+00 1.389999999999999902e+00 1.731000000000000094e+00
1.800000000000000000e+01 3.109000000000000000e+03 -1.000000000000000000e+00 -1.000000000000000000e+00 -1.000000000000000000e+00 -1.000000000000000000e+00 -1.000000000000000000e+00 1.943207000000000107e+03 8.821559999999999491e+02 2.133999999999999897e+00 1.056000000000000050e+00 1.389999999999999902e+00 1.731000000000000094e+00
1.900000000000000000e+01 3.109000000000000000e+03 -1.000000000000000000e+00 -1.000000000000000000e+00 -1.000000000000000000e+00 -1.000000000000000000e+00 -1.000000000000000000e+00 1.943196999999999889e+03 8.821280000000000427e+02 2.130999999999999783e+00 1.056000000000000050e+00 1.389999999999999902e+00 1.731000000000000094e+00
2.000000000000000000e+01 3.109000000000000000e+03 -1.000000000000000000e+00 -1.000000000000000000e+00 -1.000000000000000000e+00 -1.000000000000000000e+00 -1.000000000000000000e+00 1.943186999999999898e+03 8.820990000000000464e+02 2.126999999999999780e+00 1.056000000000000050e+00 1.389999999999999902e+00 1.731000000000000094e+00
2.100000000000000000e+01 3.109000000000000000e+03 -1.000000000000000000e+00 -1.000000000000000000e+00 -1.000000000000000000e+00 -1.000000000000000000e+00 -1.000000000000000000e+00 1.943179000000000087e+03 8.820700000000000500e+02 2.124000000000000110e+00 1.056000000000000050e+00 1.389999999999999902e+00 1.731000000000000094e+00
2.200000000000000000e+01 3.109000000000000000e+03 -1.000000000000000000e+00 -1.000000000000000000e+00 -1.000000000000000000e+00 -1.000000000000000000e+00 -1.000000000000000000e+00 1.943172000000000025e+03 8.820399999999999636e+02 2.120999999999999996e+00 1.056000000000000050e+00 1.389999999999999902e+00 1.731000000000000094e+00
2.300000000000000000e+01 3.109000000000000000e+03 -1.000000000000000000e+00 -1.000000000000000000e+00 -1.000000000000000000e+00 -1.000000000000000000e+00 -1.000000000000000000e+00 1.943318999999999960e+03 8.820739999999999554e+02 2.113999999999999879e+00 1.056000000000000050e+00 1.389999999999999902e+00 1.731000000000000094e+00
2.400000000000000000e+01 3.109000000000000000e+03 -1.000000000000000000e+00 -1.000000000000000000e+00 -1.000000000000000000e+00 -1.000000000000000000e+00 -1.000000000000000000e+00 1.943464999999999918e+03 8.821079999999999472e+02 2.108000000000000096e+00 1.056000000000000050e+00 1.389999999999999902e+00 1.731000000000000094e+00
2.500000000000000000e+01 3.109000000000000000e+03 -1.000000000000000000e+00 -1.000000000000000000e+00 -1.000000000000000000e+00 -1.000000000000000000e+00 -1.000000000000000000e+00 1.943520999999999958e+03 8.821040000000000418e+02 2.015000000000000124e+00 1.056000000000000050e+00 1.389999999999999902e+00 1.731000000000000094e+00
2.600000000000000000e+01 3.109000000000000000e+03 -1.000000000000000000e+00 -1.000000000000000000e+00 -1.000000000000000000e+00 -1.000000000000000000e+00 -1.000000000000000000e+00 1.943576999999999998e+03 8.821009999999999991e+02 1.921000000000000041e+00 1.056000000000000050e+00 1.389999999999999902e+00 1.731000000000000094e+00
2.700000000000000000e+01 3.109000000000000000e+03 -1.000000000000000000e+00 -1.000000000000000000e+00 -1.000000000000000000e+00 -1.000000000000000000e+00 -1.000000000000000000e+00 1.943319999999999936e+03 8.820589999999999691e+02 1.943999999999999950e+00 1.056000000000000050e+00 1.389999999999999902e+00 1.731000000000000094e+00
2.800000000000000000e+01 3.109000000000000000e+03 -1.000000000000000000e+00 -1.000000000000000000e+00 -1.000000000000000000e+00 -1.000000000000000000e+00 -1.000000000000000000e+00 1.943060999999999922e+03 8.820879999999999654e+02 1.965999999999999970e+00 1.056000000000000050e+00 1.389999999999999902e+00 1.731000000000000094e+00
2.900000000000000000e+01 3.109000000000000000e+03 -1.000000000000000000e+00 -1.000000000000000000e+00 -1.000000000000000000e+00 -1.000000000000000000e+00 -1.000000000000000000e+00 1.943586000000000013e+03 8.823269999999999982e+02 1.987999999999999989e+00 1.056000000000000050e+00 1.389999999999999902e+00 1.731000000000000094e+00
3.000000000000000000e+01 3.109000000000000000e+03 -1.000000000000000000e+00 -1.000000000000000000e+00 -1.000000000000000000e+00 -1.000000000000000000e+00 -1.000000000000000000e+00 1.943617999999999938e+03 8.823029999999999973e+02 2.039000000000000146e+00 1.056000000000000050e+00 1.389999999999999902e+00 1.731000000000000094e+00
3.000000000000000000e+01 3.143000000000000000e+03 -1.000000000000000000e+00 -1.000000000000000000e+00 -1.000000000000000000e+00 -1.000000000000000000e+00 -1.000000000000000000e+00 1.883576999999999998e+03 8.741390000000000100e+02 1.927000000000000046e+00 1.398500000000000076e+00 7.014000000000000234e+00 1.975999999999999979e+00
3.100000000000000000e+01 3.109000000000000000e+03 -1.000000000000000000e+00 -1.000000000000000000e+00 -1.000000000000000000e+00 -1.000000000000000000e+00 -1.000000000000000000e+00 1.943650000000000091e+03 8.822789999999999964e+02 2.089999999999999858e+00 1.056000000000000050e+00 1.389999999999999902e+00 1.731000000000000094e+00
3.100000000000000000e+01 3.143000000000000000e+03 -1.000000000000000000e+00 -1.000000000000000000e+00 -1.000000000000000000e+00 -1.000000000000000000e+00 -1.000000000000000000e+00 1.883603000000000065e+03 8.741390000000000100e+02 1.935999999999999943e+00 1.398500000000000076e+00 7.014000000000000234e+00 1.975999999999999979e+00
3.200000000000000000e+01 3.109000000000000000e+03 -1.000000000000000000e+00 -1.000000000000000000e+00 -1.000000000000000000e+00 -1.000000000000000000e+00 -1.000000000000000000e+00 1.943680000000000064e+03 8.822530000000000427e+02 2.141999999999999904e+00 1.056000000000000050e+00 1.389999999999999902e+00 1.731000000000000094e+00
3.200000000000000000e+01 3.143000000000000000e+03 -1.000000000000000000e+00 -1.000000000000000000e+00 -1.000000000000000000e+00 -1.000000000000000000e+00 -1.000000000000000000e+00 1.883630000000000109e+03 8.741390000000000100e+02 1.945000000000000062e+00 1.398500000000000076e+00 7.014000000000000234e+00 1.975999999999999979e+00
3.300000000000000000e+01 3.109000000000000000e+03 -1.000000000000000000e+00 -1.000000000000000000e+00 -1.000000000000000000e+00 -1.000000000000000000e+00 -1.000000000000000000e+00 1.943709000000000060e+03 8.822250000000000227e+02 2.193000000000000060e+00 1.056000000000000050e+00 1.389999999999999902e+00 1.731000000000000094e+00
3.300000000000000000e+01 3.143000000000000000e+03 -1.000000000000000000e+00 -1.000000000000000000e+00 -1.000000000000000000e+00 -1.000000000000000000e+00 -1.000000000000000000e+00 1.883655999999999949e+03 8.741399999999999864e+02 1.955000000000000071e+00 1.398500000000000076e+00 7.014000000000000234e+00 1.975999999999999979e+00
3.400000000000000000e+01 3.109000000000000000e+03 -1.000000000000000000e+00 -1.000000000000000000e+00 -1.000000000000000000e+00 -1.000000000000000000e+00 -1.000000000000000000e+00 1.943737000000000080e+03 8.821970000000000027e+02 2.244000000000000217e+00 1.056000000000000050e+00 1.389999999999999902e+00 1.731000000000000094e+00
3.400000000000000000e+01 3.143000000000000000e+03 -1.000000000000000000e+00 -1.000000000000000000e+00 -1.000000000000000000e+00 -1.000000000000000000e+00 -1.000000000000000000e+00 1.883682999999999993e+03 8.741399999999999864e+02 1.963999999999999968e+00 1.398500000000000076e+00 7.014000000000000234e+00 1.975999999999999979e+00
3.500000000000000000e+01 3.109000000000000000e+03 -1.000000000000000000e+00 -1.000000000000000000e+00 -1.000000000000000000e+00 -1.000000000000000000e+00 -1.000000000000000000e+00 1.943762999999999920e+03 8.821670000000000300e+02 2.294999999999999929e+00 1.056000000000000050e+00 1.389999999999999902e+00 1.731000000000000094e+00
3.500000000000000000e+01 3.143000000000000000e+03 -1.000000000000000000e+00 -1.000000000000000000e+00 -1.000000000000000000e+00 -1.000000000000000000e+00 -1.000000000000000000e+00 1.883709000000000060e+03 8.741399999999999864e+02 1.973000000000000087e+00 1.398500000000000076e+00 7.014000000000000234e+00 1.975999999999999979e+00
3.600000000000000000e+01 3.109000000000000000e+03 -1.000000000000000000e+00 -1.000000000000000000e+00 -1.000000000000000000e+00 -1.000000000000000000e+00 -1.000000000000000000e+00 1.943736000000000104e+03 8.821230000000000473e+02 2.311999999999999833e+00 1.056000000000000050e+00 1.389999999999999902e+00 1.731000000000000094e+00
3.600000000000000000e+01 3.143000000000000000e+03 -1.000000000000000000e+00 -1.000000000000000000e+00 -1.000000000000000000e+00 -1.000000000000000000e+00 -1.000000000000000000e+00 1.883734999999999900e+03 8.741409999999999627e+02 1.981999999999999984e+00 1.398500000000000076e+00 7.014000000000000234e+00 1.975999999999999979e+00
3.700000000000000000e+01 3.109000000000000000e+03 -1.000000000000000000e+00 -1.000000000000000000e+00 -1.000000000000000000e+00 -1.000000000000000000e+00 -1.000000000000000000e+00 1.943709000000000060e+03 8.820779999999999745e+02 2.330000000000000071e+00 1.056000000000000050e+00 1.389999999999999902e+00 1.731000000000000094e+00
3.700000000000000000e+01 3.143000000000000000e+03 -1.000000000000000000e+00 -1.000000000000000000e+00 -1.000000000000000000e+00 -1.000000000000000000e+00 -1.000000000000000000e+00 1.883761999999999944e+03 8.741409999999999627e+02 1.991000000000000103e+00 1.398500000000000076e+00 7.014000000000000234e+00 1.975999999999999979e+00
3.800000000000000000e+01 3.109000000000000000e+03 -1.000000000000000000e+00 -1.000000000000000000e+00 -1.000000000000000000e+00 -1.000000000000000000e+00 -1.000000000000000000e+00 1.943681000000000040e+03 8.820339999999999918e+02 2.346999999999999975e+00 1.056000000000000050e+00 1.389999999999999902e+00 1.731000000000000094e+00
3.800000000000000000e+01 3.143000000000000000e+03 -1.000000000000000000e+00 -1.000000000000000000e+00 -1.000000000000000000e+00 -1.000000000000000000e+00 -1.000000000000000000e+00 1.883788000000000011e+03 8.741409999999999627e+02 2.000000000000000000e+00 1.398500000000000076e+00 7.014000000000000234e+00 1.975999999999999979e+00
3.900000000000000000e+01 3.109000000000000000e+03 -1.000000000000000000e+00 -1.000000000000000000e+00 -1.000000000000000000e+00 -1.000000000000000000e+00 -1.000000000000000000e+00 1.943656999999999925e+03 8.819940000000000282e+02 2.362000000000000099e+00 1.056000000000000050e+00 1.389999999999999902e+00 1.731000000000000094e+00
3.900000000000000000e+01 3.143000000000000000e+03 -1.000000000000000000e+00 -1.000000000000000000e+00 -1.000000000000000000e+00 -1.000000000000000000e+00 -1.000000000000000000e+00 1.883811999999999898e+03 8.741420000000000528e+02 2.008999999999999897e+00 1.398500000000000076e+00 7.014000000000000234e+00 1.975999999999999979e+00
4.000000000000000000e+01 3.109000000000000000e+03 -1.000000000000000000e+00 -1.000000000000000000e+00 -1.000000000000000000e+00 -1.000000000000000000e+00 -1.000000000000000000e+00 1.943630000000000109e+03 8.819489999999999554e+02 2.379000000000000004e+00 1.056000000000000050e+00 1.389999999999999902e+00 1.731000000000000094e+00
4.000000000000000000e+01 3.143000000000000000e+03 -1.000000000000000000e+00 -1.000000000000000000e+00 -1.000000000000000000e+00 -1.000000000000000000e+00 -1.000000000000000000e+00 1.883837999999999965e+03 8.741420000000000528e+02 2.017999999999999794e+00 1.398500000000000076e+00 7.014000000000000234e+00 1.975999999999999979e+00
4.100000000000000000e+01 3.109000000000000000e+03 -1.000000000000000000e+00 -1.000000000000000000e+00 -1.000000000000000000e+00 -1.000000000000000000e+00 -1.000000000000000000e+00 1.943603000000000065e+03 8.819049999999999727e+02 2.396999999999999797e+00 1.056000000000000050e+00 1.389999999999999902e+00 1.731000000000000094e+00
4.100000000000000000e+01 3.143000000000000000e+03 -1.000000000000000000e+00 -1.000000000000000000e+00 -1.000000000000000000e+00 -1.000000000000000000e+00 -1.000000000000000000e+00 1.883865000000000009e+03 8.741430000000000291e+02 2.027000000000000135e+00 1.398500000000000076e+00 7.014000000000000234e+00 1.975999999999999979e+00
