1.000000000000000000e+00 1.688000000000000000e+03 -1.000000000000000000e+00 -1.000000000000000000e+00 -1.000000000000000000e+00 -1.000000000000000000e+00 -1.000000000000000000e+00 5.099390000000000214e+02 1.363378999999999905e+03 3.539999999999999813e-01 3.210000000000000075e-01 4.854999999999999871e-01 1.000000000000000000e+00
1.000000000000000000e+00 1.689000000000000000e+03 -1.000000000000000000e+00 -1.000000000000000000e+00 -1.000000000000000000e+00 -1.000000000000000000e+00 -1.000000000000000000e+00 5.094710000000000036e+02 1.364023999999999887e+03 2.670000000000000151e-01 3.890000000000000124e-01 3.935000000000000164e-01 9.449999999999999512e-01
1.000000000000000000e+00 1.698000000000000000e+03 -1.000000000000000000e+00 -1.000000000000000000e+00 -1.000000000000000000e+00 -1.000000000000000000e+00 -1.000000000000000000e+00 4.997980000000000018e+02 1.405465999999999894e+03 1.030999999999999917e+00 3.609999999999999876e-01 3.435000000000000275e-01 9.679999999999999716e-01
2.000000000000000000e+00 1.688000000000000000e+03 -1.000000000000000000e+00 -1.000000000000000000e+00 -1.000000000000000000e+00 -1.000000000000000000e+00 -1.000000000000000000e+00 5.104580000000000268e+02 1.363898999999999887e+03 4.249999999999999889e-01 3.210000000000000075e-01 4.854999999999999871e-01 1.000000000000000000e+00
2.000000000000000000e+00 1.689000000000000000e+03 -1.000000000000000000e+00 -1.000000000000000000e+00 -1.000000000000000000e+00 -1.000000000000000000e+00 -1.000000000000000000e+00 5.101050000000000182e+02 1.364525000000000091e+03 3.449999999999999734e-01 3.890000000000000124e-01 3.935000000000000164e-01 9.449999999999999512e-01
2.000000000000000000e+00 1.698000000000000000e+03 -1.000000000000000000e+00 -1.000000000000000000e+00 -1.000000000000000000e+00 -1.000000000000000000e+00 -1.000000000000000000e+00 5.000579999999999927e+02 1.406224999999999909e+03 1.096999999999999975e+00 3.609999999999999876e-01 3.435000000000000275e-01 9.679999999999999716e-01
3.000000000000000000e+00 1.688000000000000000e+03 -1.000000000000000000e+00 -1.000000000000000000e+00 -1.000000000000000000e+00 -1.000000000000000000e+00 -1.000000000000000000e+00 5.111089999999999804e+02 1.364262999999999920e+03 3.860000000000000098e-01 3.210000000000000075e-01 4.854999999999999871e-01 1.000000000000000000e+00
3.000000000000000000e+00 1.689000000000000000e+03 -1.000000000000000000e+00 -1.000000000000000000e+00 -1.000000000000000000e+00 -1.000000000000000000e+00 -1.000000000000000000e+00 5.107119999999999891e+02 1.365058999999999969e+03 4.229999999999999871e-01 3.890000000000000124e-01 3.935000000000000164e-01 9.449999999999999512e-01
3.000000000000000000e+00 1.698000000000000000e+03 -1.000000000000000000e+00 -1.000000000000000000e+00 -1.000000000000000000e+00 -1.000000000000000000e+00 -1.000000000000000000e+00 5.003190000000000168e+02 1.406983999999999924e+03 1.163999999999999924e+00 3.609999999999999876e-01 3.435000000000000275e-01 9.679999999999999716e-01
4.000000000000000000e+00 1.688000000000000000e+03 -1.000000000000000000e+00 -1.000000000000000000e+00 -1.000000000000000000e+00 -1.000000000000000000e+00 -1.000000000000000000e+00 5.117300000000000182e+02 1.364674999999999955e+03 4.989999999999999991e-01 3.210000000000000075e-01 4.854999999999999871e-01 1.000000000000000000e+00
4.000000000000000000e+00 1.689000000000000000e+03 -1.000000000000000000e+00 -1.000000000000000000e+00 -1.000000000000000000e+00 -1.000000000000000000e+00 -1.000000000000000000e+00 5.112320000000000277e+02 1.365545000000000073e+03 4.879999999999999893e-01 3.890000000000000124e-01 3.935000000000000164e-01 9.449999999999999512e-01
4.000000000000000000e+00 1.698000000000000000e+03 -1.000000000000000000e+00 -1.000000000000000000e+00 -1.000000000000000000e+00 -1.000000000000000000e+00 -1.000000000000000000e+00 5.005840000000000032e+02 1.407721999999999980e+03 1.155000000000000027e+00 3.609999999999999876e-01 3.435000000000000275e-01 9.679999999999999716e-01
5.000000000000000000e+00 1.688000000000000000e+03 -1.000000000000000000e+00 -1.000000000000000000e+00 -1.000000000000000000e+00 -1.000000000000000000e+00 -1.000000000000000000e+00 5.123550000000000182e+02 1.365249000000000024e+03 5.470000000000000417e-01 3.210000000000000075e-01 4.854999999999999871e-01 1.000000000000000000e+00
5.000000000000000000e+00 1.689000000000000000e+03 -1.000000000000000000e+00 -1.000000000000000000e+00 -1.000000000000000000e+00 -1.000000000000000000e+00 -1.000000000000000000e+00 5.117130000000000223e+02 1.366074000000000069e+03 5.590000000000000524e-01 3.890000000000000124e-01 3.935000000000000164e-01 9.449999999999999512e-01
5.000000000000000000e+00 1.698000000000000000e+03 -1.000000000000000000e+00 -1.000000000000000000e+00 -1.000000000000000000e+00 -1.000000000000000000e+00 -1.000000000000000000e+00 5.008489999999999895e+02 1.408460000000000036e+03 1.145999999999999908e+00 3.609999999999999876e-01 3.435000000000000275e-01 9.679999999999999716e-01
6.000000000000000000e+00 1.688000000000000000e+03 -1.000000000000000000e+00 -1.000000000000000000e+00 -1.000000000000000000e+00 -1.000000000000000000e+00 -1.000000000000000000e+00 5.128269999999999982e+02 1.365813000000000102e+03 5.809999999999999609e-01 3.210000000000000075e-01 4.854999999999999871e-01 1.000000000000000000e+00
6.000000000000000000e+00 1.689000000000000000e+03 -1.000000000000000000e+00 -1.000000000000000000e+00 -1.000000000000000000e+00 -1.000000000000000000e+00 -1.000000000000000000e+00 5.121929999999999836e+02 1.366603000000000065e+03 6.310000000000000053e-01 3.890000000000000124e-01 3.935000000000000164e-01 9.449999999999999512e-01
6.000000000000000000e+00 1.698000000000000000e+03 -1.000000000000000000e+00 -1.000000000000000000e+00 -1.000000000000000000e+00 -1.000000000000000000e+00 -1.000000000000000000e+00 5.011150000000000091e+02 1.409198000000000093e+03 1.137000000000000011e+00 3.609999999999999876e-01 3.435000000000000275e-01 9.679999999999999716e-01
7.000000000000000000e+00 1.688000000000000000e+03 -1.000000000000000000e+00 -1.000000000000000000e+00 -1.000000000000000000e+00 -1.000000000000000000e+00 -1.000000000000000000e+00 5.133440000000000509e+02 1.366407999999999902e+03 6.089999999999999858e-01 3.210000000000000075e-01 4.854999999999999871e-01 1.000000000000000000e+00
7.000000000000000000e+00 1.689000000000000000e+03 -1.000000000000000000e+00 -1.000000000000000000e+00 -1.000000000000000000e+00 -1.000000000000000000e+00 -1.000000000000000000e+00 5.127150000000000318e+02 1.367127999999999929e+03 6.959999999999999520e-01 3.890000000000000124e-01 3.935000000000000164e-01 9.449999999999999512e-01
7.000000000000000000e+00 1.698000000000000000e+03 -1.000000000000000000e+00 -1.000000000000000000e+00 -1.000000000000000000e+00 -1.000000000000000000e+00 -1.000000000000000000e+00 5.014200000000000159e+02 1.410002999999999929e+03 1.080000000000000071e+00 3.609999999999999876e-01 3.435000000000000275e-01 9.679999999999999716e-01
8.000000000000000000e+00 1.688000000000000000e+03 -1.000000000000000000e+00 -1.000000000000000000e+00 -1.000000000000000000e+00 -1.000000000000000000e+00 -1.000000000000000000e+00 5.138170000000000073e+02 1.367036000000000058e+03 6.089999999999999858e-01 3.210000000000000075e-01 4.854999999999999871e-01 1.000000000000000000e+00
8.000000000000000000e+00 1.689000000000000000e+03 -1.000000000000000000e+00 -1.000000000000000000e+00 -1.000000000000000000e+00 -1.000000000000000000e+00 -1.000000000000000000e+00 5.132369999999999663e+02 1.367653000000000020e+03 7.610000000000000098e-01 3.890000000000000124e-01 3.935000000000000164e-01 9.449999999999999512e-01
8.000000000000000000e+00 1.698000000000000000e+03 -1.000000000000000000e+00 -1.000000000000000000e+00 -1.000000000000000000e+00 -1.000000000000000000e+00 -1.000000000000000000e+00 5.017250000000000227e+02 1.410807000000000016e+03 1.022000000000000020e+00 3.609999999999999876e-01 3.435000000000000275e-01 9.679999999999999716e-01
9.000000000000000000e+00 1.688000000000000000e+03 -1.000000000000000000e+00 -1.000000000000000000e+00 -1.000000000000000000e+00 -1.000000000000000000e+00 -1.000000000000000000e+00 5.143079999999999927e+02 1.367724999999999909e+03 6.909999999999999476e-01 3.210000000000000075e-01 4.854999999999999871e-01 1.000000000000000000e+00
9.000000000000000000e+00 1.689000000000000000e+03 -1.000000000000000000e+00 -1.000000000000000000e+00 -1.000000000000000000e+00 -1.000000000000000000e+00 -1.000000000000000000e+00 5.137630000000000337e+02 1.368182000000000016e+03 7.540000000000000036e-01 3.890000000000000124e-01 3.935000000000000164e-01 9.449999999999999512e-01
9.000000000000000000e+00 1.698000000000000000e+03 -1.000000000000000000e+00 -1.000000000000000000e+00 -1.000000000000000000e+00 -1.000000000000000000e+00 -1.000000000000000000e+00 5.020299999999999727e+02 1.411612000000000080e+03 9.639999999999999680e-01 3.609999999999999876e-01 3.435000000000000275e-01 9.679999999999999716e-01
1.000000000000000000e+01 1.688000000000000000e+03 -1.000000000000000000e+00 -1.000000000000000000e+00 -1.000000000000000000e+00 -1.000000000000000000e+00 -1.000000000000000000e+00 5.148339999999999463e+02 1.368386999999999944e+03 7.740000000000000213e-01 3.210000000000000075e-01 4.854999999999999871e-01 1.000000000000000000e+00
1.000000000000000000e+01 1.689000000000000000e+03 -1.000000000000000000e+00 -1.000000000000000000e+00 -1.000000000000000000e+00 -1.000000000000000000e+00 -1.000000000000000000e+00 5.142889999999999873e+02 1.368711999999999989e+03 7.479999999999999982e-01 3.890000000000000124e-01 3.935000000000000164e-01 9.449999999999999512e-01
1.000000000000000000e+01 1.698000000000000000e+03 -1.000000000000000000e+00 -1.000000000000000000e+00 -1.000000000000000000e+00 -1.000000000000000000e+00 -1.000000000000000000e+00 5.023190000000000168e+02 1.412375000000000000e+03 8.800000000000000044e-01 3.609999999999999876e-01 3.435000000000000275e-01 9.679999999999999716e-01
1.100000000000000000e+01 1.688000000000000000e+03 -1.000000000000000000e+00 -1.000000000000000000e+00 -1.000000000000000000e+00 -1.000000000000000000e+00 -1.000000000000000000e+00 5.153990000000000009e+02 1.368905999999999949e+03 7.329999999999999849e-01 3.210000000000000075e-01 4.854999999999999871e-01 1.000000000000000000e+00
1.100000000000000000e+01 1.689000000000000000e+03 -1.000000000000000000e+00 -1.000000000000000000e+00 -1.000000000000000000e+00 -1.000000000000000000e+00 -1.000000000000000000e+00 5.147659999999999627e+02 1.369163000000000011e+03 7.479999999999999982e-01 3.890000000000000124e-01 3.935000000000000164e-01 9.449999999999999512e-01
1.100000000000000000e+01 1.698000000000000000e+03 -1.000000000000000000e+00 -1.000000000000000000e+00 -1.000000000000000000e+00 -1.000000000000000000e+00 -1.000000000000000000e+00 5.026070000000000277e+02 1.413137999999999920e+03 7.950000000000000400e-01 3.609999999999999876e-01 3.435000000000000275e-01 9.679999999999999716e-01
1.200000000000000000e+01 1.688000000000000000e+03 -1.000000000000000000e+00 -1.000000000000000000e+00 -1.000000000000000000e+00 -1.000000000000000000e+00 -1.000000000000000000e+00 5.159450000000000500e+02 1.369443999999999960e+03 6.909999999999999476e-01 3.210000000000000075e-01 4.854999999999999871e-01 1.000000000000000000e+00
1.200000000000000000e+01 1.689000000000000000e+03 -1.000000000000000000e+00 -1.000000000000000000e+00 -1.000000000000000000e+00 -1.000000000000000000e+00 -1.000000000000000000e+00 5.152179999999999609e+02 1.369636999999999944e+03 7.479999999999999982e-01 3.890000000000000124e-01 3.935000000000000164e-01 9.449999999999999512e-01
1.200000000000000000e+01 1.698000000000000000e+03 -1.000000000000000000e+00 -1.000000000000000000e+00 -1.000000000000000000e+00 -1.000000000000000000e+00 -1.000000000000000000e+00 5.028960000000000150e+02 1.413901000000000067e+03 7.109999999999999654e-01 3.609999999999999876e-01 3.435000000000000275e-01 9.679999999999999716e-01
1.300000000000000000e+01 1.688000000000000000e+03 -1.000000000000000000e+00 -1.000000000000000000e+00 -1.000000000000000000e+00 -1.000000000000000000e+00 -1.000000000000000000e+00 5.164289999999999736e+02 1.369980000000000018e+03 6.770000000000000462e-01 3.210000000000000075e-01 4.854999999999999871e-01 1.000000000000000000e+00
1.300000000000000000e+01 1.689000000000000000e+03 -1.000000000000000000e+00 -1.000000000000000000e+00 -1.000000000000000000e+00 -1.000000000000000000e+00 -1.000000000000000000e+00 5.156399999999999864e+02 1.370204999999999927e+03 7.349999999999999867e-01 3.890000000000000124e-01 3.935000000000000164e-01 9.449999999999999512e-01
1.300000000000000000e+01 1.698000000000000000e+03 -1.000000000000000000e+00 -1.000000000000000000e+00 -1.000000000000000000e+00 -1.000000000000000000e+00 -1.000000000000000000e+00 5.031750000000000114e+02 1.414692999999999984e+03 5.330000000000000293e-01 3.609999999999999876e-01 3.435000000000000275e-01 9.679999999999999716e-01
1.400000000000000000e+01 1.688000000000000000e+03 -1.000000000000000000e+00 -1.000000000000000000e+00 -1.000000000000000000e+00 -1.000000000000000000e+00 -1.000000000000000000e+00 5.169130000000000109e+02 1.370515000000000100e+03 6.640000000000000346e-01 3.210000000000000075e-01 4.854999999999999871e-01 1.000000000000000000e+00
1.400000000000000000e+01 1.689000000000000000e+03 -1.000000000000000000e+00 -1.000000000000000000e+00 -1.000000000000000000e+00 -1.000000000000000000e+00 -1.000000000000000000e+00 5.160610000000000355e+02 1.370772999999999911e+03 7.219999999999999751e-01 3.890000000000000124e-01 3.935000000000000164e-01 9.449999999999999512e-01
1.500000000000000000e+01 1.688000000000000000e+03 -1.000000000000000000e+00 -1.000000000000000000e+00 -1.000000000000000000e+00 -1.000000000000000000e+00 -1.000000000000000000e+00 5.173310000000000173e+02 1.371041999999999916e+03 7.530000000000000027e-01 3.210000000000000075e-01 4.854999999999999871e-01 1.000000000000000000e+00
1.500000000000000000e+01 1.689000000000000000e+03 -1.000000000000000000e+00 -1.000000000000000000e+00 -1.000000000000000000e+00 -1.000000000000000000e+00 -1.000000000000000000e+00 5.165220000000000482e+02 1.371326999999999998e+03 7.479999999999999982e-01 3.890000000000000124e-01 3.935000000000000164e-01 9.449999999999999512e-01
1.600000000000000000e+01 1.688000000000000000e+03 -1.000000000000000000e+00 -1.000000000000000000e+00 -1.000000000000000000e+00 -1.000000000000000000e+00 -1.000000000000000000e+00 5.177010000000000218e+02 1.371603000000000065e+03 8.429999999999999716e-01 3.210000000000000075e-01 4.854999999999999871e-01 1.000000000000000000e+00
1.600000000000000000e+01 1.689000000000000000e+03 -1.000000000000000000e+00 -1.000000000000000000e+00 -1.000000000000000000e+00 -1.000000000000000000e+00 -1.000000000000000000e+00 5.169180000000000064e+02 1.371930000000000064e+03 7.740000000000000213e-01 3.890000000000000124e-01 3.935000000000000164e-01 9.449999999999999512e-01
1.700000000000000000e+01 1.688000000000000000e+03 -1.000000000000000000e+00 -1.000000000000000000e+00 -1.000000000000000000e+00 -1.000000000000000000e+00 -1.000000000000000000e+00 5.180049999999999955e+02 1.372329999999999927e+03 8.699999999999999956e-01 3.210000000000000075e-01 4.854999999999999871e-01 1.000000000000000000e+00
1.700000000000000000e+01 1.689000000000000000e+03 -1.000000000000000000e+00 -1.000000000000000000e+00 -1.000000000000000000e+00 -1.000000000000000000e+00 -1.000000000000000000e+00 5.171670000000000300e+02 1.372628999999999905e+03 8.000000000000000444e-01 3.890000000000000124e-01 3.935000000000000164e-01 9.449999999999999512e-01
1.800000000000000000e+01 1.688000000000000000e+03 -1.000000000000000000e+00 -1.000000000000000000e+00 -1.000000000000000000e+00 -1.000000000000000000e+00 -1.000000000000000000e+00 5.183079999999999927e+02 1.373057000000000016e+03 8.980000000000000204e-01 3.210000000000000075e-01 4.854999999999999871e-01 1.000000000000000000e+00
1.800000000000000000e+01 1.689000000000000000e+03 -1.000000000000000000e+00 -1.000000000000000000e+00 -1.000000000000000000e+00 -1.000000000000000000e+00 -1.000000000000000000e+00 5.174400000000000546e+02 1.373317999999999984e+03 8.259999999999999565e-01 3.890000000000000124e-01 3.935000000000000164e-01 9.449999999999999512e-01
1.900000000000000000e+01 1.688000000000000000e+03 -1.000000000000000000e+00 -1.000000000000000000e+00 -1.000000000000000000e+00 -1.000000000000000000e+00 -1.000000000000000000e+00 5.186230000000000473e+02 1.373757000000000062e+03 9.340000000000000524e-01 3.210000000000000075e-01 4.854999999999999871e-01 1.000000000000000000e+00
1.900000000000000000e+01 1.689000000000000000e+03 -1.000000000000000000e+00 -1.000000000000000000e+00 -1.000000000000000000e+00 -1.000000000000000000e+00 -1.000000000000000000e+00 5.177369999999999663e+02 1.373997000000000071e+03 8.519999999999999796e-01 3.890000000000000124e-01 3.935000000000000164e-01 9.449999999999999512e-01
2.000000000000000000e+01 1.688000000000000000e+03 -1.000000000000000000e+00 -1.000000000000000000e+00 -1.000000000000000000e+00 -1.000000000000000000e+00 -1.000000000000000000e+00 5.189180000000000064e+02 1.374465999999999894e+03 9.709999999999999742e-01 3.210000000000000075e-01 4.854999999999999871e-01 1.000000000000000000e+00
2.000000000000000000e+01 1.689000000000000000e+03 -1.000000000000000000e+00 -1.000000000000000000e+00 -1.000000000000000000e+00 -1.000000000000000000e+00 -1.000000000000000000e+00 5.181480000000000246e+02 1.374670000000000073e+03 9.230000000000000426e-01 3.890000000000000124e-01 3.935000000000000164e-01 9.449999999999999512e-01
2.100000000000000000e+01 1.688000000000000000e+03 -1.000000000000000000e+00 -1.000000000000000000e+00 -1.000000000000000000e+00 -1.000000000000000000e+00 -1.000000000000000000e+00 5.191920000000000073e+02 1.375182999999999993e+03 1.008000000000000007e+00 3.210000000000000075e-01 4.854999999999999871e-01 1.000000000000000000e+00
2.100000000000000000e+01 1.689000000000000000e+03 -1.000000000000000000e+00 -1.000000000000000000e+00 -1.000000000000000000e+00 -1.000000000000000000e+00 -1.000000000000000000e+00 5.185180000000000291e+02 1.375366999999999962e+03 9.949999999999999956e-01 3.890000000000000124e-01 3.935000000000000164e-01 9.449999999999999512e-01
2.200000000000000000e+01 1.688000000000000000e+03 -1.000000000000000000e+00 -1.000000000000000000e+00 -1.000000000000000000e+00 -1.000000000000000000e+00 -1.000000000000000000e+00 5.194790000000000418e+02 1.375836999999999989e+03 1.127000000000000002e+00 3.210000000000000075e-01 4.854999999999999871e-01 1.000000000000000000e+00
2.200000000000000000e+01 1.689000000000000000e+03 -1.000000000000000000e+00 -1.000000000000000000e+00 -1.000000000000000000e+00 -1.000000000000000000e+00 -1.000000000000000000e+00 5.187340000000000373e+02 1.376048999999999978e+03 1.078999999999999959e+00 3.890000000000000124e-01 3.935000000000000164e-01 9.449999999999999512e-01
2.300000000000000000e+01 1.688000000000000000e+03 -1.000000000000000000e+00 -1.000000000000000000e+00 -1.000000000000000000e+00 -1.000000000000000000e+00 -1.000000000000000000e+00 5.197079999999999700e+02 1.376512999999999920e+03 1.245999999999999996e+00 3.210000000000000075e-01 4.854999999999999871e-01 1.000000000000000000e+00
2.300000000000000000e+01 1.689000000000000000e+03 -1.000000000000000000e+00 -1.000000000000000000e+00 -1.000000000000000000e+00 -1.000000000000000000e+00 -1.000000000000000000e+00 5.189020000000000437e+02 1.376744999999999891e+03 1.163999999999999924e+00 3.890000000000000124e-01 3.935000000000000164e-01 9.449999999999999512e-01
2.400000000000000000e+01 1.688000000000000000e+03 -1.000000000000000000e+00 -1.000000000000000000e+00 -1.000000000000000000e+00 -1.000000000000000000e+00 -1.000000000000000000e+00 5.198600000000000136e+02 1.377234999999999900e+03 1.372000000000000108e+00 3.210000000000000075e-01 4.854999999999999871e-01 1.000000000000000000e+00
2.400000000000000000e+01 1.689000000000000000e+03 -1.000000000000000000e+00 -1.000000000000000000e+00 -1.000000000000000000e+00 -1.000000000000000000e+00 -1.000000000000000000e+00 5.190149999999999864e+02 1.377471000000000004e+03 1.286999999999999922e+00 3.890000000000000124e-01 3.935000000000000164e-01 9.449999999999999512e-01
2.500000000000000000e+01 1.688000000000000000e+03 -1.000000000000000000e+00 -1.000000000000000000e+00 -1.000000000000000000e+00 -1.000000000000000000e+00 -1.000000000000000000e+00 5.199610000000000127e+02 1.377964999999999918e+03 1.499000000000000110e+00 3.210000000000000075e-01 4.854999999999999871e-01 1.000000000000000000e+00
2.500000000000000000e+01 1.689000000000000000e+03 -1.000000000000000000e+00 -1.000000000000000000e+00 -1.000000000000000000e+00 -1.000000000000000000e+00 -1.000000000000000000e+00 5.191079999999999472e+02 1.378200000000000045e+03 1.411000000000000032e+00 3.890000000000000124e-01 3.935000000000000164e-01 9.449999999999999512e-01
2.600000000000000000e+01 1.688000000000000000e+03 -1.000000000000000000e+00 -1.000000000000000000e+00 -1.000000000000000000e+00 -1.000000000000000000e+00 -1.000000000000000000e+00 5.199529999999999745e+02 1.378730000000000018e+03 1.504999999999999893e+00 3.210000000000000075e-01 4.854999999999999871e-01 1.000000000000000000e+00
2.600000000000000000e+01 1.689000000000000000e+03 -1.000000000000000000e+00 -1.000000000000000000e+00 -1.000000000000000000e+00 -1.000000000000000000e+00 -1.000000000000000000e+00 5.191950000000000500e+02 1.378960000000000036e+03 1.397999999999999909e+00 3.890000000000000124e-01 3.935000000000000164e-01 9.449999999999999512e-01
2.700000000000000000e+01 1.688000000000000000e+03 -1.000000000000000000e+00 -1.000000000000000000e+00 -1.000000000000000000e+00 -1.000000000000000000e+00 -1.000000000000000000e+00 5.199900000000000091e+02 1.379493999999999915e+03 1.512000000000000011e+00 3.210000000000000075e-01 4.854999999999999871e-01 1.000000000000000000e+00
2.700000000000000000e+01 1.689000000000000000e+03 -1.000000000000000000e+00 -1.000000000000000000e+00 -1.000000000000000000e+00 -1.000000000000000000e+00 -1.000000000000000000e+00 5.193039999999999736e+02 1.379717000000000098e+03 1.385000000000000009e+00 3.890000000000000124e-01 3.935000000000000164e-01 9.449999999999999512e-01
2.800000000000000000e+01 1.688000000000000000e+03 -1.000000000000000000e+00 -1.000000000000000000e+00 -1.000000000000000000e+00 -1.000000000000000000e+00 -1.000000000000000000e+00 5.200710000000000264e+02 1.380255000000000109e+03 1.518999999999999906e+00 3.210000000000000075e-01 4.854999999999999871e-01 1.000000000000000000e+00
2.800000000000000000e+01 1.689000000000000000e+03 -1.000000000000000000e+00 -1.000000000000000000e+00 -1.000000000000000000e+00 -1.000000000000000000e+00 -1.000000000000000000e+00 5.194349999999999454e+02 1.380471000000000004e+03 1.372000000000000108e+00 3.890000000000000124e-01 3.935000000000000164e-01 9.449999999999999512e-01
2.900000000000000000e+01 1.689000000000000000e+03 -1.000000000000000000e+00 -1.000000000000000000e+00 -1.000000000000000000e+00 -1.000000000000000000e+00 -1.000000000000000000e+00 5.196299999999999955e+02 1.381180000000000064e+03 1.421000000000000041e+00 3.890000000000000124e-01 3.935000000000000164e-01 9.449999999999999512e-01
2.900000000000000000e+01 1.688000000000000000e+03 -1.000000000000000000e+00 -1.000000000000000000e+00 -1.000000000000000000e+00 -1.000000000000000000e+00 -1.000000000000000000e+00 5.202685079108537138e+02 1.380956028078523786e+03 1.535000640879286227e+00 3.210000000000000075e-01 4.854999999999999871e-01 1.000000000000000000e+00
3.000000000000000000e+01 1.688000000000000000e+03 -1.000000000000000000e+00 -1.000000000000000000e+00 -1.000000000000000000e+00 -1.000000000000000000e+00 -1.000000000000000000e+00 5.204660000000000082e+02 1.381656999999999925e+03 1.550999999999999934e+00 3.210000000000000075e-01 4.854999999999999871e-01 1.000000000000000000e+00
3.000000000000000000e+01 1.689000000000000000e+03 -1.000000000000000000e+00 -1.000000000000000000e+00 -1.000000000000000000e+00 -1.000000000000000000e+00 -1.000000000000000000e+00 5.198260000000000218e+02 1.381890000000000100e+03 1.469999999999999973e+00 3.890000000000000124e-01 3.935000000000000164e-01 9.449999999999999512e-01
3.100000000000000000e+01 1.688000000000000000e+03 -1.000000000000000000e+00 -1.000000000000000000e+00 -1.000000000000000000e+00 -1.000000000000000000e+00 -1.000000000000000000e+00 5.206730000000000018e+02 1.382355999999999995e+03 1.566999999999999948e+00 3.210000000000000075e-01 4.854999999999999871e-01 1.000000000000000000e+00
3.100000000000000000e+01 1.689000000000000000e+03 -1.000000000000000000e+00 -1.000000000000000000e+00 -1.000000000000000000e+00 -1.000000000000000000e+00 -1.000000000000000000e+00 5.200209999999999582e+02 1.382599999999999909e+03 1.518000000000000016e+00 3.890000000000000124e-01 3.935000000000000164e-01 9.449999999999999512e-01
3.200000000000000000e+01 1.688000000000000000e+03 -1.000000000000000000e+00 -1.000000000000000000e+00 -1.000000000000000000e+00 -1.000000000000000000e+00 -1.000000000000000000e+00 5.209400000000000546e+02 1.383280999999999949e+03 1.582999999999999963e+00 3.210000000000000075e-01 4.854999999999999871e-01 1.000000000000000000e+00
3.200000000000000000e+01 1.689000000000000000e+03 -1.000000000000000000e+00 -1.000000000000000000e+00 -1.000000000000000000e+00 -1.000000000000000000e+00 -1.000000000000000000e+00 5.202160000000000082e+02 1.383308999999999969e+03 1.566999999999999948e+00 3.890000000000000124e-01 3.935000000000000164e-01 9.449999999999999512e-01
3.200000000000000000e+01 1.705000000000000000e+03 -1.000000000000000000e+00 -1.000000000000000000e+00 -1.000000000000000000e+00 -1.000000000000000000e+00 -1.000000000000000000e+00 5.668179999999999836e+02 1.355340999999999894e+03 6.500000000000000222e-01 3.004999999999999893e-01 2.999999999999999889e-01 9.034999999999999698e-01
3.300000000000000000e+01 1.689000000000000000e+03 -1.000000000000000000e+00 -1.000000000000000000e+00 -1.000000000000000000e+00 -1.000000000000000000e+00 -1.000000000000000000e+00 5.204539999999999509e+02 1.383991999999999962e+03 1.616000000000000103e+00 3.890000000000000124e-01 3.935000000000000164e-01 9.449999999999999512e-01
3.300000000000000000e+01 1.705000000000000000e+03 -1.000000000000000000e+00 -1.000000000000000000e+00 -1.000000000000000000e+00 -1.000000000000000000e+00 -1.000000000000000000e+00 5.675769999999999982e+02 1.355733999999999924e+03 7.389999999999999902e-01 3.004999999999999893e-01 2.999999999999999889e-01 9.034999999999999698e-01
3.400000000000000000e+01 1.705000000000000000e+03 -1.000000000000000000e+00 -1.000000000000000000e+00 -1.000000000000000000e+00 -1.000000000000000000e+00 -1.000000000000000000e+00 5.683250000000000455e+02 1.356146999999999935e+03 8.289999999999999591e-01 3.004999999999999893e-01 2.999999999999999889e-01 9.034999999999999698e-01
3.500000000000000000e+01 1.705000000000000000e+03 -1.000000000000000000e+00 -1.000000000000000000e+00 -1.000000000000000000e+00 -1.000000000000000000e+00 -1.000000000000000000e+00 5.689450000000000500e+02 1.356432000000000016e+03 9.589999999999999636e-01 3.004999999999999893e-01 2.999999999999999889e-01 9.034999999999999698e-01
3.600000000000000000e+01 1.705000000000000000e+03 -1.000000000000000000e+00 -1.000000000000000000e+00 -1.000000000000000000e+00 -1.000000000000000000e+00 -1.000000000000000000e+00 5.695919999999999845e+02 1.356681000000000040e+03 9.280000000000000471e-01 3.004999999999999893e-01 2.999999999999999889e-01 9.034999999999999698e-01
3.700000000000000000e+01 1.705000000000000000e+03 -1.000000000000000000e+00 -1.000000000000000000e+00 -1.000000000000000000e+00 -1.000000000000000000e+00 -1.000000000000000000e+00 5.705220000000000482e+02 1.356873000000000047e+03 7.540000000000000036e-01 3.004999999999999893e-01 2.999999999999999889e-01 9.034999999999999698e-01
3.800000000000000000e+01 1.705000000000000000e+03 -1.000000000000000000e+00 -1.000000000000000000e+00 -1.000000000000000000e+00 -1.000000000000000000e+00 -1.000000000000000000e+00 5.714690000000000509e+02 1.356924999999999955e+03 5.809999999999999609e-01 3.004999999999999893e-01 2.999999999999999889e-01 9.034999999999999698e-01
3.900000000000000000e+01 1.705000000000000000e+03 -1.000000000000000000e+00 -1.000000000000000000e+00 -1.000000000000000000e+00 -1.000000000000000000e+00 -1.000000000000000000e+00 5.724790000000000418e+02 1.356771999999999935e+03 6.219999999999999973e-01 3.004999999999999893e-01 2.999999999999999889e-01 9.034999999999999698e-01
