1.000000000000000000e+00 6.161000000000000000e+03 -1.000000000000000000e+00 -1.000000000000000000e+00 -1.000000000000000000e+00 -1.000000000000000000e+00 -1.000000000000000000e+00 1.571990000000000123e+02 9.479909999999999854e+02 6.740000000000000435e-01 4.264999999999999902e-01 1.163000000000000034e+00 6.889999999999999458e-01
2.000000000000000000e+00 6.161000000000000000e+03 -1.000000000000000000e+00 -1.000000000000000000e+00 -1.000000000000000000e+00 -1.000000000000000000e+00 -1.000000000000000000e+00 1.571790000000000020e+02 9.479900000000000091e+02 6.790000000000000480e-01 4.264999999999999902e-01 1.163000000000000034e+00 6.889999999999999458e-01
3.000000000000000000e+00 6.161000000000000000e+03 -1.000000000000000000e+00 -1.000000000000000000e+00 -1.000000000000000000e+00 -1.000000000000000000e+00 -1.000000000000000000e+00 1.571579999999999870e+02 9.479890000000000327e+02 6.850000000000000533e-01 4.264999999999999902e-01 1.163000000000000034e+00 6.889999999999999458e-01
4.000000000000000000e+00 6.161000000000000000e+03 -1.000000000000000000e+00 -1.000000000000000000e+00 -1.000000000000000000e+00 -1.000000000000000000e+00 -1.000000000000000000e+00 1.572570000000000050e+02 9.479930000000000518e+02 6.899999999999999467e-01 4.264999999999999902e-01 1.163000000000000034e+00 6.889999999999999458e-01
5.000000000000000000e+00 6.161000000000000000e+03 -1.000000000000000000e+00 -1.000000000000000000e+00 -1.000000000000000000e+00 -1.000000000000000000e+00 -1.000000000000000000e+00 1.574062732767055195e+02 9.479980091703592961e+02 6.955100873951691742e-01 4.264999999999999902e-01 1.163000000000000034e+00 6.889999999999999458e-01
6.000000000000000000e+00 6.161000000000000000e+03 -1.000000000000000000e+00 -1.000000000000000000e+00 -1.000000000000000000e+00 -1.000000000000000000e+00 -1.000000000000000000e+00 1.575550000000000068e+02 9.480030000000000427e+02 7.009999999999999565e-01 4.264999999999999902e-01 1.163000000000000034e+00 6.889999999999999458e-01
7.000000000000000000e+00 6.161000000000000000e+03 -1.000000000000000000e+00 -1.000000000000000000e+00 -1.000000000000000000e+00 -1.000000000000000000e+00 -1.000000000000000000e+00 1.577030000000000030e+02 9.480069999999999482e+02 7.059999999999999609e-01 4.264999999999999902e-01 1.163000000000000034e+00 6.889999999999999458e-01
8.000000000000000000e+00 6.161000000000000000e+03 -1.000000000000000000e+00 -1.000000000000000000e+00 -1.000000000000000000e+00 -1.000000000000000000e+00 -1.000000000000000000e+00 1.576780011002816764e+02 9.480065000220055254e+02 7.114997579380321069e-01 4.264999999999999902e-01 1.163000000000000034e+00 6.889999999999998348e-01
9.000000000000000000e+00 6.161000000000000000e+03 -1.000000000000000000e+00 -1.000000000000000000e+00 -1.000000000000000000e+00 -1.000000000000000000e+00 -1.000000000000000000e+00 1.576529999999999916e+02 9.480059999999999718e+02 7.169999999999999707e-01 4.264999999999999902e-01 1.163000000000000034e+00 6.889999999999999458e-01
1.000000000000000000e+01 6.161000000000000000e+03 -1.000000000000000000e+00 -1.000000000000000000e+00 -1.000000000000000000e+00 -1.000000000000000000e+00 -1.000000000000000000e+00 1.576080000000000041e+02 9.480040000000000191e+02 4.759999999999999787e-01 4.264999999999999902e-01 1.163000000000000034e+00 6.889999999999999458e-01
1.100000000000000000e+01 6.161000000000000000e+03 -1.000000000000000000e+00 -1.000000000000000000e+00 -1.000000000000000000e+00 -1.000000000000000000e+00 -1.000000000000000000e+00 1.575713580417601634e+02 9.480027143172546857e+02 5.222845788292488356e-01 4.264999999999999902e-01 1.163000000000000034e+00 6.889999999999999458e-01
1.200000000000000000e+01 6.161000000000000000e+03 -1.000000000000000000e+00 -1.000000000000000000e+00 -1.000000000000000000e+00 -1.000000000000000000e+00 -1.000000000000000000e+00 1.575876628511899753e+02 9.480032864158313259e+02 5.016890300758165555e-01 4.264999999999999902e-01 1.163000000000000034e+00 6.889999999999999458e-01
1.300000000000000000e+01 6.161000000000000000e+03 -1.000000000000000000e+00 -1.000000000000000000e+00 -1.000000000000000000e+00 -1.000000000000000000e+00 -1.000000000000000000e+00 1.575509999999999877e+02 9.480019999999999527e+02 5.480000000000000426e-01 4.264999999999999902e-01 1.163000000000000034e+00 6.889999999999999458e-01
1.400000000000000000e+01 6.161000000000000000e+03 -1.000000000000000000e+00 -1.000000000000000000e+00 -1.000000000000000000e+00 -1.000000000000000000e+00 -1.000000000000000000e+00 1.575300000000000011e+02 9.480019999999999527e+02 5.749999999999999556e-01 4.264999999999999902e-01 1.163000000000000034e+00 6.889999999999999458e-01
1.500000000000000000e+01 6.161000000000000000e+03 -1.000000000000000000e+00 -1.000000000000000000e+00 -1.000000000000000000e+00 -1.000000000000000000e+00 -1.000000000000000000e+00 1.574600000000000080e+02 9.479990000000000236e+02 5.240000000000000213e-01 4.264999999999999902e-01 1.163000000000000034e+00 6.889999999999999458e-01
1.600000000000000000e+01 6.161000000000000000e+03 -1.000000000000000000e+00 -1.000000000000000000e+00 -1.000000000000000000e+00 -1.000000000000000000e+00 -1.000000000000000000e+00 1.573909999999999911e+02 9.479969999999999573e+02 4.739999999999999769e-01 4.264999999999999902e-01 1.163000000000000034e+00 6.889999999999999458e-01
1.700000000000000000e+01 6.161000000000000000e+03 -1.000000000000000000e+00 -1.000000000000000000e+00 -1.000000000000000000e+00 -1.000000000000000000e+00 -1.000000000000000000e+00 1.573760000000000048e+02 9.479969999999999573e+02 4.849999999999999867e-01 4.264999999999999902e-01 1.163000000000000034e+00 6.889999999999999458e-01
1.800000000000000000e+01 6.184000000000000000e+03 -1.000000000000000000e+00 -1.000000000000000000e+00 -1.000000000000000000e+00 -1.000000000000000000e+00 -1.000000000000000000e+00 1.336270000000000095e+02 9.611520000000000437e+02 8.259999999999999565e-01 3.850000000000000089e-01 1.093499999999999917e+00 6.544999999999999707e-01
1.800000000000000000e+01 6.161000000000000000e+03 -1.000000000000000000e+00 -1.000000000000000000e+00 -1.000000000000000000e+00 -1.000000000000000000e+00 -1.000000000000000000e+00 1.573609999999999900e+02 9.479959999999999809e+02 4.959999999999999964e-01 4.264999999999999902e-01 1.163000000000000034e+00 6.889999999999999458e-01
1.900000000000000000e+01 6.184000000000000000e+03 -1.000000000000000000e+00 -1.000000000000000000e+00 -1.000000000000000000e+00 -1.000000000000000000e+00 -1.000000000000000000e+00 1.336140000000000043e+02 9.611929999999999836e+02 8.100000000000000533e-01 3.850000000000000089e-01 1.093499999999999917e+00 6.544999999999999707e-01
1.900000000000000000e+01 6.161000000000000000e+03 -1.000000000000000000e+00 -1.000000000000000000e+00 -1.000000000000000000e+00 -1.000000000000000000e+00 -1.000000000000000000e+00 1.573460000000000036e+02 9.479959999999999809e+02 5.080000000000000071e-01 4.264999999999999902e-01 1.163000000000000034e+00 6.889999999999999458e-01
2.000000000000000000e+01 6.184000000000000000e+03 -1.000000000000000000e+00 -1.000000000000000000e+00 -1.000000000000000000e+00 -1.000000000000000000e+00 -1.000000000000000000e+00 1.336020000000000039e+02 9.612329999999999472e+02 7.950000000000000400e-01 3.850000000000000089e-01 1.093499999999999917e+00 6.544999999999999707e-01
2.000000000000000000e+01 6.161000000000000000e+03 -1.000000000000000000e+00 -1.000000000000000000e+00 -1.000000000000000000e+00 -1.000000000000000000e+00 -1.000000000000000000e+00 1.572759029127745976e+02 9.479935259851567935e+02 5.607789833226528575e-01 4.264999999999999902e-01 1.163000000000000034e+00 6.889999999999999458e-01
2.100000000000000000e+01 6.184000000000000000e+03 -1.000000000000000000e+00 -1.000000000000000000e+00 -1.000000000000000000e+00 -1.000000000000000000e+00 -1.000000000000000000e+00 1.335910000000000082e+02 9.612690000000000055e+02 7.810000000000000275e-01 3.850000000000000089e-01 1.093499999999999917e+00 6.544999999999999707e-01
2.100000000000000000e+01 6.161000000000000000e+03 -1.000000000000000000e+00 -1.000000000000000000e+00 -1.000000000000000000e+00 -1.000000000000000000e+00 -1.000000000000000000e+00 1.572893231368859972e+02 9.479939996401253666e+02 5.506743439917249905e-01 4.264999999999999902e-01 1.163000000000000034e+00 6.889999999999999458e-01
2.200000000000000000e+01 6.184000000000000000e+03 -1.000000000000000000e+00 -1.000000000000000000e+00 -1.000000000000000000e+00 -1.000000000000000000e+00 -1.000000000000000000e+00 1.335809999999999889e+02 9.613010000000000446e+02 7.690000000000000169e-01 3.850000000000000089e-01 1.093499999999999917e+00 6.544999999999999707e-01
2.200000000000000000e+01 6.161000000000000000e+03 -1.000000000000000000e+00 -1.000000000000000000e+00 -1.000000000000000000e+00 -1.000000000000000000e+00 -1.000000000000000000e+00 1.573012581381294126e+02 9.479944208754634474e+02 5.416879901143215603e-01 4.264999999999999902e-01 1.163000000000000034e+00 6.889999999999999458e-01
2.300000000000000000e+01 6.184000000000000000e+03 -1.000000000000000000e+00 -1.000000000000000000e+00 -1.000000000000000000e+00 -1.000000000000000000e+00 -1.000000000000000000e+00 1.335689999999999884e+02 9.613410000000000082e+02 7.530000000000000027e-01 3.850000000000000089e-01 1.093499999999999917e+00 6.544999999999999707e-01
2.300000000000000000e+01 6.161000000000000000e+03 -1.000000000000000000e+00 -1.000000000000000000e+00 -1.000000000000000000e+00 -1.000000000000000000e+00 -1.000000000000000000e+00 1.573161619453292417e+02 9.479949468921881817e+02 5.304662999874079077e-01 4.264999999999999902e-01 1.163000000000000256e+00 6.889999999999999458e-01
2.400000000000000000e+01 6.184000000000000000e+03 -1.000000000000000000e+00 -1.000000000000000000e+00 -1.000000000000000000e+00 -1.000000000000000000e+00 -1.000000000000000000e+00 1.335569999999999879e+02 9.613809999999999718e+02 7.379999999999999893e-01 3.850000000000000089e-01 1.093499999999999917e+00 6.544999999999999707e-01
2.400000000000000000e+01 6.161000000000000000e+03 -1.000000000000000000e+00 -1.000000000000000000e+00 -1.000000000000000000e+00 -1.000000000000000000e+00 -1.000000000000000000e+00 1.573310820310677514e+02 9.479954734834493593e+02 5.192323530783835572e-01 4.264999999999999902e-01 1.163000000000000034e+00 6.889999999999998348e-01
2.500000000000000000e+01 6.184000000000000000e+03 -1.000000000000000000e+00 -1.000000000000000000e+00 -1.000000000000000000e+00 -1.000000000000000000e+00 -1.000000000000000000e+00 1.335449999999999875e+02 9.614210000000000491e+02 7.219999999999999751e-01 3.850000000000000089e-01 1.093499999999999917e+00 6.544999999999999707e-01
2.500000000000000000e+01 6.161000000000000000e+03 -1.000000000000000000e+00 -1.000000000000000000e+00 -1.000000000000000000e+00 -1.000000000000000000e+00 -1.000000000000000000e+00 1.572609999999999957e+02 9.479930000000000518e+02 5.719999999999999529e-01 4.264999999999999902e-01 1.163000000000000034e+00 6.889999999999999458e-01
2.600000000000000000e+01 6.184000000000000000e+03 -1.000000000000000000e+00 -1.000000000000000000e+00 -1.000000000000000000e+00 -1.000000000000000000e+00 -1.000000000000000000e+00 1.335329999999999870e+02 9.614610000000000127e+02 7.069999999999999618e-01 3.850000000000000089e-01 1.093499999999999917e+00 6.544999999999999707e-01
2.600000000000000000e+01 6.161000000000000000e+03 -1.000000000000000000e+00 -1.000000000000000000e+00 -1.000000000000000000e+00 -1.000000000000000000e+00 -1.000000000000000000e+00 1.572470000000000141e+02 9.479919999999999618e+02 5.380000000000000338e-01 4.264999999999999902e-01 1.163000000000000034e+00 6.889999999999999458e-01
2.700000000000000000e+01 6.184000000000000000e+03 -1.000000000000000000e+00 -1.000000000000000000e+00 -1.000000000000000000e+00 -1.000000000000000000e+00 -1.000000000000000000e+00 1.335209999999999866e+02 9.615009999999999764e+02 6.909999999999999476e-01 3.850000000000000089e-01 1.093499999999999917e+00 6.544999999999999707e-01
2.700000000000000000e+01 6.161000000000000000e+03 -1.000000000000000000e+00 -1.000000000000000000e+00 -1.000000000000000000e+00 -1.000000000000000000e+00 -1.000000000000000000e+00 1.572319999999999993e+02 9.479919999999999618e+02 5.040000000000000036e-01 4.264999999999999902e-01 1.163000000000000034e+00 6.889999999999999458e-01
2.800000000000000000e+01 6.184000000000000000e+03 -1.000000000000000000e+00 -1.000000000000000000e+00 -1.000000000000000000e+00 -1.000000000000000000e+00 -1.000000000000000000e+00 1.335080000000000098e+02 9.615410000000000537e+02 6.760000000000000453e-01 3.850000000000000089e-01 1.093499999999999917e+00 6.544999999999999707e-01
2.800000000000000000e+01 6.161000000000000000e+03 -1.000000000000000000e+00 -1.000000000000000000e+00 -1.000000000000000000e+00 -1.000000000000000000e+00 -1.000000000000000000e+00 1.572170000000000130e+02 9.479909999999999854e+02 4.709999999999999742e-01 4.264999999999999902e-01 1.163000000000000034e+00 6.889999999999999458e-01
2.900000000000000000e+01 6.184000000000000000e+03 -1.000000000000000000e+00 -1.000000000000000000e+00 -1.000000000000000000e+00 -1.000000000000000000e+00 -1.000000000000000000e+00 1.334900000000000091e+02 9.616019999999999754e+02 6.760000000000000453e-01 3.850000000000000089e-01 1.093499999999999917e+00 6.544999999999999707e-01
2.900000000000000000e+01 6.161000000000000000e+03 -1.000000000000000000e+00 -1.000000000000000000e+00 -1.000000000000000000e+00 -1.000000000000000000e+00 -1.000000000000000000e+00 1.572170000000000130e+02 9.479909999999999854e+02 4.709999999999999742e-01 4.264999999999999902e-01 1.163000000000000034e+00 6.889999999999999458e-01
3.000000000000000000e+01 6.184000000000000000e+03 -1.000000000000000000e+00 -1.000000000000000000e+00 -1.000000000000000000e+00 -1.000000000000000000e+00 -1.000000000000000000e+00 1.334710000000000036e+02 9.616630000000000109e+02 6.760000000000000453e-01 3.850000000000000089e-01 1.093499999999999917e+00 6.544999999999999707e-01
3.100000000000000000e+01 6.184000000000000000e+03 -1.000000000000000000e+00 -1.000000000000000000e+00 -1.000000000000000000e+00 -1.000000000000000000e+00 -1.000000000000000000e+00 1.334530000000000030e+02 9.617250000000000227e+02 6.760000000000000453e-01 3.850000000000000089e-01 1.093499999999999917e+00 6.544999999999999707e-01
3.200000000000000000e+01 6.184000000000000000e+03 -1.000000000000000000e+00 -1.000000000000000000e+00 -1.000000000000000000e+00 -1.000000000000000000e+00 -1.000000000000000000e+00 1.334339999999999975e+02 9.617859999999999445e+02 6.760000000000000453e-01 3.850000000000000089e-01 1.093499999999999917e+00 6.544999999999999707e-01
3.300000000000000000e+01 6.184000000000000000e+03 -1.000000000000000000e+00 -1.000000000000000000e+00 -1.000000000000000000e+00 -1.000000000000000000e+00 -1.000000000000000000e+00 1.334310000000000116e+02 9.617949999999999591e+02 7.119999999999999662e-01 3.850000000000000089e-01 1.093499999999999917e+00 6.544999999999999707e-01
3.400000000000000000e+01 6.184000000000000000e+03 -1.000000000000000000e+00 -1.000000000000000000e+00 -1.000000000000000000e+00 -1.000000000000000000e+00 -1.000000000000000000e+00 1.334290000000000020e+02 9.618039999999999736e+02 7.479999999999999982e-01 3.850000000000000089e-01 1.093499999999999917e+00 6.544999999999999707e-01
3.500000000000000000e+01 6.184000000000000000e+03 -1.000000000000000000e+00 -1.000000000000000000e+00 -1.000000000000000000e+00 -1.000000000000000000e+00 -1.000000000000000000e+00 1.334259999999999877e+02 9.618129999999999882e+02 7.840000000000000302e-01 3.850000000000000089e-01 1.093499999999999917e+00 6.544999999999999707e-01
3.600000000000000000e+01 6.184000000000000000e+03 -1.000000000000000000e+00 -1.000000000000000000e+00 -1.000000000000000000e+00 -1.000000000000000000e+00 -1.000000000000000000e+00 1.334219999999999970e+02 9.618239999999999554e+02 8.279999999999999583e-01 3.850000000000000089e-01 1.093499999999999917e+00 6.544999999999999707e-01
3.700000000000000000e+01 6.184000000000000000e+03 -1.000000000000000000e+00 -1.000000000000000000e+00 -1.000000000000000000e+00 -1.000000000000000000e+00 -1.000000000000000000e+00 1.334199999999999875e+02 9.618329999999999700e+02 8.639999999999999902e-01 3.850000000000000089e-01 1.093499999999999917e+00 6.544999999999999707e-01
3.800000000000000000e+01 6.184000000000000000e+03 -1.000000000000000000e+00 -1.000000000000000000e+00 -1.000000000000000000e+00 -1.000000000000000000e+00 -1.000000000000000000e+00 1.334170000000000016e+02 9.618429999999999609e+02 9.000000000000000222e-01 3.850000000000000089e-01 1.093499999999999917e+00 6.544999999999999707e-01
3.900000000000000000e+01 6.184000000000000000e+03 -1.000000000000000000e+00 -1.000000000000000000e+00 -1.000000000000000000e+00 -1.000000000000000000e+00 -1.000000000000000000e+00 1.334139999999999873e+02 9.618529999999999518e+02 9.399999999999999467e-01 3.850000000000000089e-01 1.093499999999999917e+00 6.544999999999999707e-01
4.000000000000000000e+01 6.184000000000000000e+03 -1.000000000000000000e+00 -1.000000000000000000e+00 -1.000000000000000000e+00 -1.000000000000000000e+00 -1.000000000000000000e+00 1.334110000000000014e+02 9.618619999999999663e+02 9.759999999999999787e-01 3.850000000000000089e-01 1.093499999999999917e+00 6.544999999999999707e-01
