8.000000000000000000e+00 1.640000000000000000e+02 -1.000000000000000000e+00 -1.000000000000000000e+00 -1.000000000000000000e+00 -1.000000000000000000e+00 -1.000000000000000000e+00 4.002119999999999891e+02 1.187703999999999951e+03 7.479999999999999982e-01 8.689999999999999947e-01 2.168499999999999872e+00 7.355000000000000426e-01
9.000000000000000000e+00 1.640000000000000000e+02 -1.000000000000000000e+00 -1.000000000000000000e+00 -1.000000000000000000e+00 -1.000000000000000000e+00 -1.000000000000000000e+00 4.002119999999999891e+02 1.187703999999999951e+03 7.630000000000000115e-01 8.689999999999999947e-01 2.168499999999999872e+00 7.355000000000000426e-01
1.000000000000000000e+01 1.640000000000000000e+02 -1.000000000000000000e+00 -1.000000000000000000e+00 -1.000000000000000000e+00 -1.000000000000000000e+00 -1.000000000000000000e+00 4.002119999999999891e+02 1.187703999999999951e+03 6.770000000000000462e-01 8.689999999999999947e-01 2.168499999999999872e+00 7.355000000000000426e-01
1.100000000000000000e+01 1.640000000000000000e+02 -1.000000000000000000e+00 -1.000000000000000000e+00 -1.000000000000000000e+00 -1.000000000000000000e+00 -1.000000000000000000e+00 4.002119999999999891e+02 1.187703999999999951e+03 6.860000000000000542e-01 8.689999999999999947e-01 2.168499999999999872e+00 7.355000000000000426e-01
1.200000000000000000e+01 1.640000000000000000e+02 -1.000000000000000000e+00 -1.000000000000000000e+00 -1.000000000000000000e+00 -1.000000000000000000e+00 -1.000000000000000000e+00 4.002119999999999891e+02 1.187703999999999951e+03 6.949999999999999512e-01 8.689999999999999947e-01 2.168499999999999872e+00 7.355000000000000426e-01
1.300000000000000000e+01 1.640000000000000000e+02 -1.000000000000000000e+00 -1.000000000000000000e+00 -1.000000000000000000e+00 -1.000000000000000000e+00 -1.000000000000000000e+00 4.002119999999999891e+02 1.187703999999999951e+03 7.630000000000000115e-01 8.689999999999999947e-01 2.168499999999999872e+00 7.355000000000000426e-01
1.400000000000000000e+01 1.640000000000000000e+02 -1.000000000000000000e+00 -1.000000000000000000e+00 -1.000000000000000000e+00 -1.000000000000000000e+00 -1.000000000000000000e+00 4.002119999999999891e+02 1.187703999999999951e+03 8.309999999999999609e-01 8.689999999999999947e-01 2.168499999999999872e+00 7.355000000000000426e-01
1.500000000000000000e+01 1.780000000000000000e+02 -1.000000000000000000e+00 -1.000000000000000000e+00 -1.000000000000000000e+00 -1.000000000000000000e+00 -1.000000000000000000e+00 3.893740000000000236e+02 1.140296000000000049e+03 8.910000000000000142e-01 8.135000000000000009e-01 2.148499999999999854e+00 8.034999999999999920e-01
1.500000000000000000e+01 1.640000000000000000e+02 -1.000000000000000000e+00 -1.000000000000000000e+00 -1.000000000000000000e+00 -1.000000000000000000e+00 -1.000000000000000000e+00 4.002119999999999891e+02 1.187703999999999951e+03 8.980000000000000204e-01 8.689999999999999947e-01 2.168499999999999872e+00 7.355000000000000426e-01
1.600000000000000000e+01 1.780000000000000000e+02 -1.000000000000000000e+00 -1.000000000000000000e+00 -1.000000000000000000e+00 -1.000000000000000000e+00 -1.000000000000000000e+00 3.892099999999999795e+02 1.139906999999999925e+03 9.579999999999999627e-01 8.135000000000000009e-01 2.148499999999999854e+00 8.034999999999999920e-01
1.600000000000000000e+01 1.640000000000000000e+02 -1.000000000000000000e+00 -1.000000000000000000e+00 -1.000000000000000000e+00 -1.000000000000000000e+00 -1.000000000000000000e+00 4.002010000000000218e+02 1.187676999999999907e+03 9.150000000000000355e-01 8.689999999999999947e-01 2.168499999999999872e+00 7.355000000000000426e-01
1.700000000000000000e+01 1.790000000000000000e+02 -1.000000000000000000e+00 -1.000000000000000000e+00 -1.000000000000000000e+00 -1.000000000000000000e+00 -1.000000000000000000e+00 3.892110000000000127e+02 1.132768000000000029e+03 8.659999999999999920e-01 8.455000000000000293e-01 2.346000000000000085e+00 8.285000000000000142e-01
1.700000000000000000e+01 1.780000000000000000e+02 -1.000000000000000000e+00 -1.000000000000000000e+00 -1.000000000000000000e+00 -1.000000000000000000e+00 -1.000000000000000000e+00 3.891360000000000241e+02 1.139866999999999962e+03 9.250000000000000444e-01 8.135000000000000009e-01 2.148499999999999854e+00 8.034999999999999920e-01
1.700000000000000000e+01 1.640000000000000000e+02 -1.000000000000000000e+00 -1.000000000000000000e+00 -1.000000000000000000e+00 -1.000000000000000000e+00 -1.000000000000000000e+00 4.001909999999999741e+02 1.187648999999999887e+03 9.320000000000000506e-01 8.689999999999999947e-01 2.168499999999999872e+00 7.355000000000000426e-01
1.800000000000000000e+01 1.790000000000000000e+02 -1.000000000000000000e+00 -1.000000000000000000e+00 -1.000000000000000000e+00 -1.000000000000000000e+00 -1.000000000000000000e+00 3.892479999999999905e+02 1.132750999999999976e+03 8.529999999999999805e-01 8.455000000000000293e-01 2.346000000000000085e+00 8.285000000000000142e-01
1.800000000000000000e+01 1.780000000000000000e+02 -1.000000000000000000e+00 -1.000000000000000000e+00 -1.000000000000000000e+00 -1.000000000000000000e+00 -1.000000000000000000e+00 3.891190000000000282e+02 1.139738000000000056e+03 9.160000000000000364e-01 8.135000000000000009e-01 2.148499999999999854e+00 8.034999999999999920e-01
1.800000000000000000e+01 1.640000000000000000e+02 -1.000000000000000000e+00 -1.000000000000000000e+00 -1.000000000000000000e+00 -1.000000000000000000e+00 -1.000000000000000000e+00 4.001800000000000068e+02 1.187621000000000095e+03 9.479999999999999538e-01 8.689999999999999947e-01 2.168499999999999872e+00 7.355000000000000426e-01
1.800000000000000000e+01 1.810000000000000000e+02 -1.000000000000000000e+00 -1.000000000000000000e+00 -1.000000000000000000e+00 -1.000000000000000000e+00 -1.000000000000000000e+00 3.860980000000000132e+02 1.132963999999999942e+03 9.080000000000000293e-01 8.589999999999999858e-01 2.177999999999999936e+00 7.075000000000000178e-01
1.900000000000000000e+01 1.790000000000000000e+02 -1.000000000000000000e+00 -1.000000000000000000e+00 -1.000000000000000000e+00 -1.000000000000000000e+00 -1.000000000000000000e+00 3.891970000000000027e+02 1.132775000000000091e+03 8.409999999999999698e-01 8.455000000000000293e-01 2.346000000000000085e+00 8.285000000000000142e-01
1.900000000000000000e+01 1.780000000000000000e+02 -1.000000000000000000e+00 -1.000000000000000000e+00 -1.000000000000000000e+00 -1.000000000000000000e+00 -1.000000000000000000e+00 3.890930000000000177e+02 1.139806000000000040e+03 8.910000000000000142e-01 8.135000000000000009e-01 2.148499999999999854e+00 8.034999999999999920e-01
1.900000000000000000e+01 1.640000000000000000e+02 -1.000000000000000000e+00 -1.000000000000000000e+00 -1.000000000000000000e+00 -1.000000000000000000e+00 -1.000000000000000000e+00 4.001800000000000068e+02 1.187621000000000095e+03 9.979999999999999982e-01 8.689999999999999947e-01 2.168499999999999872e+00 7.355000000000000426e-01
1.900000000000000000e+01 1.810000000000000000e+02 -1.000000000000000000e+00 -1.000000000000000000e+00 -1.000000000000000000e+00 -1.000000000000000000e+00 -1.000000000000000000e+00 3.860930000000000177e+02 1.132990999999999985e+03 9.080000000000000293e-01 8.589999999999999858e-01 2.177999999999999936e+00 7.075000000000000178e-01
2.000000000000000000e+01 1.790000000000000000e+02 -1.000000000000000000e+00 -1.000000000000000000e+00 -1.000000000000000000e+00 -1.000000000000000000e+00 -1.000000000000000000e+00 3.892040000000000077e+02 1.132771999999999935e+03 8.279999999999999583e-01 8.455000000000000293e-01 2.346000000000000085e+00 8.285000000000000142e-01
2.000000000000000000e+01 1.780000000000000000e+02 -1.000000000000000000e+00 -1.000000000000000000e+00 -1.000000000000000000e+00 -1.000000000000000000e+00 -1.000000000000000000e+00 3.891680000000000064e+02 1.139766000000000076e+03 9.060000000000000275e-01 8.135000000000000009e-01 2.148499999999999854e+00 8.034999999999999920e-01
2.000000000000000000e+01 1.640000000000000000e+02 -1.000000000000000000e+00 -1.000000000000000000e+00 -1.000000000000000000e+00 -1.000000000000000000e+00 -1.000000000000000000e+00 4.001800000000000068e+02 1.187621000000000095e+03 1.082000000000000073e+00 8.689999999999999947e-01 2.168499999999999872e+00 7.355000000000000426e-01
2.000000000000000000e+01 1.810000000000000000e+02 -1.000000000000000000e+00 -1.000000000000000000e+00 -1.000000000000000000e+00 -1.000000000000000000e+00 -1.000000000000000000e+00 3.861329999999999814e+02 1.133018000000000029e+03 8.569999999999999840e-01 8.589999999999999858e-01 2.177999999999999936e+00 7.075000000000000178e-01
2.100000000000000000e+01 1.790000000000000000e+02 -1.000000000000000000e+00 -1.000000000000000000e+00 -1.000000000000000000e+00 -1.000000000000000000e+00 -1.000000000000000000e+00 3.892110000000000127e+02 1.132768000000000029e+03 8.159999999999999476e-01 8.455000000000000293e-01 2.346000000000000085e+00 8.285000000000000142e-01
2.100000000000000000e+01 1.780000000000000000e+02 -1.000000000000000000e+00 -1.000000000000000000e+00 -1.000000000000000000e+00 -1.000000000000000000e+00 -1.000000000000000000e+00 3.891630000000000109e+02 1.139761999999999944e+03 9.210000000000000409e-01 8.135000000000000009e-01 2.148499999999999854e+00 8.034999999999999920e-01
2.100000000000000000e+01 1.640000000000000000e+02 -1.000000000000000000e+00 -1.000000000000000000e+00 -1.000000000000000000e+00 -1.000000000000000000e+00 -1.000000000000000000e+00 4.002010000000000218e+02 1.187676999999999907e+03 1.165000000000000036e+00 8.689999999999999947e-01 2.168499999999999872e+00 7.355000000000000426e-01
2.100000000000000000e+01 1.810000000000000000e+02 -1.000000000000000000e+00 -1.000000000000000000e+00 -1.000000000000000000e+00 -1.000000000000000000e+00 -1.000000000000000000e+00 3.861449999999999818e+02 1.132987000000000080e+03 8.679999999999999938e-01 8.589999999999999858e-01 2.177999999999999936e+00 7.075000000000000178e-01
2.200000000000000000e+01 1.790000000000000000e+02 -1.000000000000000000e+00 -1.000000000000000000e+00 -1.000000000000000000e+00 -1.000000000000000000e+00 -1.000000000000000000e+00 3.892230000000000132e+02 1.132736000000000104e+03 8.279999999999999583e-01 8.455000000000000293e-01 2.346000000000000085e+00 8.285000000000000142e-01
2.200000000000000000e+01 1.780000000000000000e+02 -1.000000000000000000e+00 -1.000000000000000000e+00 -1.000000000000000000e+00 -1.000000000000000000e+00 -1.000000000000000000e+00 3.891979999999999791e+02 1.139740000000000009e+03 9.110000000000000320e-01 8.135000000000000009e-01 2.148499999999999854e+00 8.034999999999999920e-01
2.200000000000000000e+01 1.640000000000000000e+02 -1.000000000000000000e+00 -1.000000000000000000e+00 -1.000000000000000000e+00 -1.000000000000000000e+00 -1.000000000000000000e+00 4.002010000000000218e+02 1.187676999999999907e+03 1.147999999999999909e+00 8.689999999999999947e-01 2.168499999999999872e+00 7.355000000000000426e-01
2.200000000000000000e+01 1.810000000000000000e+02 -1.000000000000000000e+00 -1.000000000000000000e+00 -1.000000000000000000e+00 -1.000000000000000000e+00 -1.000000000000000000e+00 3.861569999999999823e+02 1.132954999999999927e+03 8.800000000000000044e-01 8.589999999999999858e-01 2.177999999999999936e+00 7.075000000000000178e-01
2.200000000000000000e+01 1.890000000000000000e+02 -1.000000000000000000e+00 -1.000000000000000000e+00 -1.000000000000000000e+00 -1.000000000000000000e+00 -1.000000000000000000e+00 3.849370000000000118e+02 1.115957000000000107e+03 8.679999999999999938e-01 9.639999999999999680e-01 2.107000000000000206e+00 7.564999999999999503e-01
2.300000000000000000e+01 1.790000000000000000e+02 -1.000000000000000000e+00 -1.000000000000000000e+00 -1.000000000000000000e+00 -1.000000000000000000e+00 -1.000000000000000000e+00 3.892339999999999804e+02 1.132703999999999951e+03 8.409999999999999698e-01 8.455000000000000293e-01 2.346000000000000085e+00 8.285000000000000142e-01
2.300000000000000000e+01 1.780000000000000000e+02 -1.000000000000000000e+00 -1.000000000000000000e+00 -1.000000000000000000e+00 -1.000000000000000000e+00 -1.000000000000000000e+00 3.892239999999999895e+02 1.139721999999999980e+03 9.509999999999999565e-01 8.135000000000000009e-01 2.148499999999999854e+00 8.034999999999999920e-01
2.300000000000000000e+01 1.640000000000000000e+02 -1.000000000000000000e+00 -1.000000000000000000e+00 -1.000000000000000000e+00 -1.000000000000000000e+00 -1.000000000000000000e+00 4.001779999999999973e+02 1.187615999999999985e+03 1.181999999999999940e+00 8.689999999999999947e-01 2.168499999999999872e+00 7.355000000000000426e-01
2.300000000000000000e+01 1.810000000000000000e+02 -1.000000000000000000e+00 -1.000000000000000000e+00 -1.000000000000000000e+00 -1.000000000000000000e+00 -1.000000000000000000e+00 3.861689999999999827e+02 1.132923999999999978e+03 8.920000000000000151e-01 8.589999999999999858e-01 2.177999999999999936e+00 7.075000000000000178e-01
2.300000000000000000e+01 1.890000000000000000e+02 -1.000000000000000000e+00 -1.000000000000000000e+00 -1.000000000000000000e+00 -1.000000000000000000e+00 -1.000000000000000000e+00 3.870529999999999973e+02 1.116317000000000007e+03 8.679999999999999938e-01 9.639999999999999680e-01 2.107000000000000206e+00 7.564999999999999503e-01
2.400000000000000000e+01 1.790000000000000000e+02 -1.000000000000000000e+00 -1.000000000000000000e+00 -1.000000000000000000e+00 -1.000000000000000000e+00 -1.000000000000000000e+00 3.892459999999999809e+02 1.132671000000000049e+03 8.529999999999999805e-01 8.455000000000000293e-01 2.346000000000000085e+00 8.285000000000000142e-01
2.400000000000000000e+01 1.780000000000000000e+02 -1.000000000000000000e+00 -1.000000000000000000e+00 -1.000000000000000000e+00 -1.000000000000000000e+00 -1.000000000000000000e+00 3.892970000000000255e+02 1.139682999999999993e+03 9.909999999999999920e-01 8.135000000000000009e-01 2.148499999999999854e+00 8.034999999999999920e-01
2.400000000000000000e+01 1.640000000000000000e+02 -1.000000000000000000e+00 -1.000000000000000000e+00 -1.000000000000000000e+00 -1.000000000000000000e+00 -1.000000000000000000e+00 4.001560000000000059e+02 1.187555000000000064e+03 1.215000000000000080e+00 8.689999999999999947e-01 2.168499999999999872e+00 7.355000000000000426e-01
2.400000000000000000e+01 1.810000000000000000e+02 -1.000000000000000000e+00 -1.000000000000000000e+00 -1.000000000000000000e+00 -1.000000000000000000e+00 -1.000000000000000000e+00 3.861630000000000109e+02 1.132855999999999995e+03 9.040000000000000258e-01 8.589999999999999858e-01 2.177999999999999936e+00 7.075000000000000178e-01
2.400000000000000000e+01 1.940000000000000000e+02 -1.000000000000000000e+00 -1.000000000000000000e+00 -1.000000000000000000e+00 -1.000000000000000000e+00 -1.000000000000000000e+00 3.783349999999999795e+02 1.111130000000000109e+03 9.969999999999999973e-01 8.934999999999999609e-01 2.167499999999999982e+00 7.365000000000000435e-01
2.400000000000000000e+01 1.890000000000000000e+02 -1.000000000000000000e+00 -1.000000000000000000e+00 -1.000000000000000000e+00 -1.000000000000000000e+00 -1.000000000000000000e+00 3.890659999999999741e+02 1.116413999999999987e+03 8.429999999999999716e-01 9.639999999999999680e-01 2.107000000000000206e+00 7.564999999999999503e-01
2.500000000000000000e+01 1.790000000000000000e+02 -1.000000000000000000e+00 -1.000000000000000000e+00 -1.000000000000000000e+00 -1.000000000000000000e+00 -1.000000000000000000e+00 3.892570000000000050e+02 1.132638999999999896e+03 8.659999999999999920e-01 8.455000000000000293e-01 2.346000000000000085e+00 8.285000000000000142e-01
2.500000000000000000e+01 1.780000000000000000e+02 -1.000000000000000000e+00 -1.000000000000000000e+00 -1.000000000000000000e+00 -1.000000000000000000e+00 -1.000000000000000000e+00 3.892289999999999850e+02 1.139676999999999907e+03 1.048000000000000043e+00 8.135000000000000009e-01 2.148499999999999854e+00 8.034999999999999920e-01
2.500000000000000000e+01 1.640000000000000000e+02 -1.000000000000000000e+00 -1.000000000000000000e+00 -1.000000000000000000e+00 -1.000000000000000000e+00 -1.000000000000000000e+00 4.001800000000000068e+02 1.187621000000000095e+03 1.298000000000000043e+00 8.689999999999999947e-01 2.168499999999999872e+00 7.355000000000000426e-01
2.500000000000000000e+01 1.810000000000000000e+02 -1.000000000000000000e+00 -1.000000000000000000e+00 -1.000000000000000000e+00 -1.000000000000000000e+00 -1.000000000000000000e+00 3.861630000000000109e+02 1.132855999999999995e+03 9.290000000000000480e-01 8.589999999999999858e-01 2.177999999999999936e+00 7.075000000000000178e-01
2.500000000000000000e+01 1.940000000000000000e+02 -1.000000000000000000e+00 -1.000000000000000000e+00 -1.000000000000000000e+00 -1.000000000000000000e+00 -1.000000000000000000e+00 3.804390000000000214e+02 1.112942000000000007e+03 9.969999999999999973e-01 8.934999999999999609e-01 2.167499999999999982e+00 7.365000000000000435e-01
2.500000000000000000e+01 1.890000000000000000e+02 -1.000000000000000000e+00 -1.000000000000000000e+00 -1.000000000000000000e+00 -1.000000000000000000e+00 -1.000000000000000000e+00 3.913969999999999914e+02 1.116220000000000027e+03 7.930000000000000382e-01 9.639999999999999680e-01 2.107000000000000206e+00 7.564999999999999503e-01
2.600000000000000000e+01 1.790000000000000000e+02 -1.000000000000000000e+00 -1.000000000000000000e+00 -1.000000000000000000e+00 -1.000000000000000000e+00 -1.000000000000000000e+00 3.892590000000000146e+02 1.132633000000000038e+03 8.950000000000000178e-01 8.455000000000000293e-01 2.346000000000000085e+00 8.285000000000000142e-01
2.600000000000000000e+01 1.780000000000000000e+02 -1.000000000000000000e+00 -1.000000000000000000e+00 -1.000000000000000000e+00 -1.000000000000000000e+00 -1.000000000000000000e+00 3.892429999999999950e+02 1.139634000000000015e+03 1.054000000000000048e+00 8.135000000000000009e-01 2.148499999999999854e+00 8.034999999999999920e-01
2.600000000000000000e+01 1.810000000000000000e+02 -1.000000000000000000e+00 -1.000000000000000000e+00 -1.000000000000000000e+00 -1.000000000000000000e+00 -1.000000000000000000e+00 3.861630000000000109e+02 1.132855999999999995e+03 9.539999999999999591e-01 8.589999999999999858e-01 2.177999999999999936e+00 7.075000000000000178e-01
2.600000000000000000e+01 1.980000000000000000e+02 -1.000000000000000000e+00 -1.000000000000000000e+00 -1.000000000000000000e+00 -1.000000000000000000e+00 -1.000000000000000000e+00 4.056770000000000209e+02 1.097558999999999969e+03 1.056999999999999940e+00 9.174999999999999822e-01 2.124499999999999833e+00 7.395000000000000462e-01
2.600000000000000000e+01 1.940000000000000000e+02 -1.000000000000000000e+00 -1.000000000000000000e+00 -1.000000000000000000e+00 -1.000000000000000000e+00 -1.000000000000000000e+00 3.827149999999999750e+02 1.114491999999999962e+03 9.719999999999999751e-01 8.934999999999999609e-01 2.167499999999999982e+00 7.365000000000000435e-01
2.600000000000000000e+01 1.890000000000000000e+02 -1.000000000000000000e+00 -1.000000000000000000e+00 -1.000000000000000000e+00 -1.000000000000000000e+00 -1.000000000000000000e+00 3.936709999999999923e+02 1.115673999999999978e+03 7.429999999999999938e-01 9.639999999999999680e-01 2.107000000000000206e+00 7.564999999999999503e-01
2.600000000000000000e+01 1.640000000000000000e+02 -1.000000000000000000e+00 -1.000000000000000000e+00 -1.000000000000000000e+00 -1.000000000000000000e+00 -1.000000000000000000e+00 4.001775013171377964e+02 1.187614003687985814e+03 1.284007375971607967e+00 8.689999999999999947e-01 2.168499999999999872e+00 7.355000000000000426e-01
2.700000000000000000e+01 1.790000000000000000e+02 -1.000000000000000000e+00 -1.000000000000000000e+00 -1.000000000000000000e+00 -1.000000000000000000e+00 -1.000000000000000000e+00 3.892610000000000241e+02 1.132626999999999953e+03 9.230000000000000426e-01 8.455000000000000293e-01 2.346000000000000085e+00 8.285000000000000142e-01
2.700000000000000000e+01 1.780000000000000000e+02 -1.000000000000000000e+00 -1.000000000000000000e+00 -1.000000000000000000e+00 -1.000000000000000000e+00 -1.000000000000000000e+00 3.892389999999999759e+02 1.139599999999999909e+03 1.076999999999999957e+00 8.135000000000000009e-01 2.148499999999999854e+00 8.034999999999999920e-01
2.700000000000000000e+01 1.640000000000000000e+02 -1.000000000000000000e+00 -1.000000000000000000e+00 -1.000000000000000000e+00 -1.000000000000000000e+00 -1.000000000000000000e+00 4.001750000000000114e+02 1.187606999999999971e+03 1.270000000000000018e+00 8.689999999999999947e-01 2.168499999999999872e+00 7.355000000000000426e-01
2.700000000000000000e+01 1.810000000000000000e+02 -1.000000000000000000e+00 -1.000000000000000000e+00 -1.000000000000000000e+00 -1.000000000000000000e+00 -1.000000000000000000e+00 3.861630000000000109e+02 1.132855999999999995e+03 9.789999999999999813e-01 8.589999999999999858e-01 2.177999999999999936e+00 7.075000000000000178e-01
2.700000000000000000e+01 1.980000000000000000e+02 -1.000000000000000000e+00 -1.000000000000000000e+00 -1.000000000000000000e+00 -1.000000000000000000e+00 -1.000000000000000000e+00 4.056800000000000068e+02 1.097536000000000058e+03 1.072000000000000064e+00 9.174999999999999822e-01 2.124499999999999833e+00 7.395000000000000462e-01
2.700000000000000000e+01 1.940000000000000000e+02 -1.000000000000000000e+00 -1.000000000000000000e+00 -1.000000000000000000e+00 -1.000000000000000000e+00 -1.000000000000000000e+00 3.846170000000000186e+02 1.115420000000000073e+03 9.469999999999999529e-01 8.934999999999999609e-01 2.167499999999999982e+00 7.365000000000000435e-01
2.700000000000000000e+01 1.890000000000000000e+02 -1.000000000000000000e+00 -1.000000000000000000e+00 -1.000000000000000000e+00 -1.000000000000000000e+00 -1.000000000000000000e+00 3.960020000000000095e+02 1.114739000000000033e+03 7.680000000000000160e-01 9.639999999999999680e-01 2.107000000000000206e+00 7.564999999999999503e-01
2.800000000000000000e+01 1.790000000000000000e+02 -1.000000000000000000e+00 -1.000000000000000000e+00 -1.000000000000000000e+00 -1.000000000000000000e+00 -1.000000000000000000e+00 3.892640000000000100e+02 1.132621000000000095e+03 9.519999999999999574e-01 8.455000000000000293e-01 2.346000000000000085e+00 8.285000000000000142e-01
2.800000000000000000e+01 1.780000000000000000e+02 -1.000000000000000000e+00 -1.000000000000000000e+00 -1.000000000000000000e+00 -1.000000000000000000e+00 -1.000000000000000000e+00 3.892339999999999804e+02 1.139565000000000055e+03 1.100000000000000089e+00 8.135000000000000009e-01 2.148499999999999854e+00 8.034999999999999920e-01
2.800000000000000000e+01 1.810000000000000000e+02 -1.000000000000000000e+00 -1.000000000000000000e+00 -1.000000000000000000e+00 -1.000000000000000000e+00 -1.000000000000000000e+00 3.861630000000000109e+02 1.132855999999999995e+03 1.004000000000000004e+00 8.589999999999999858e-01 2.177999999999999936e+00 7.075000000000000178e-01
2.800000000000000000e+01 2.000000000000000000e+02 -1.000000000000000000e+00 -1.000000000000000000e+00 -1.000000000000000000e+00 -1.000000000000000000e+00 -1.000000000000000000e+00 3.714429999999999836e+02 1.102460000000000036e+03 9.759999999999999787e-01 1.112000000000000099e+00 2.427999999999999936e+00 7.309999999999999831e-01
2.800000000000000000e+01 1.940000000000000000e+02 -1.000000000000000000e+00 -1.000000000000000000e+00 -1.000000000000000000e+00 -1.000000000000000000e+00 -1.000000000000000000e+00 3.866270000000000095e+02 1.116083000000000084e+03 9.220000000000000417e-01 8.934999999999999609e-01 2.167499999999999982e+00 7.365000000000000435e-01
2.800000000000000000e+01 1.890000000000000000e+02 -1.000000000000000000e+00 -1.000000000000000000e+00 -1.000000000000000000e+00 -1.000000000000000000e+00 -1.000000000000000000e+00 3.987280000000000086e+02 1.113519000000000005e+03 7.680000000000000160e-01 9.639999999999999680e-01 2.107000000000000206e+00 7.564999999999999503e-01
2.800000000000000000e+01 1.640000000000000000e+02 -1.000000000000000000e+00 -1.000000000000000000e+00 -1.000000000000000000e+00 -1.000000000000000000e+00 -1.000000000000000000e+00 4.001715186591796964e+02 1.187597053311942091e+03 1.252593295898281278e+00 8.689999999999999947e-01 2.168499999999999872e+00 7.355000000000000426e-01
2.800000000000000000e+01 1.980000000000000000e+02 -1.000000000000000000e+00 -1.000000000000000000e+00 -1.000000000000000000e+00 -1.000000000000000000e+00 -1.000000000000000000e+00 4.056824866720145337e+02 1.097513619951869259e+03 1.086920032087187682e+00 9.174999999999999822e-01 2.124500000000000277e+00 7.395000000000000462e-01
2.900000000000000000e+01 1.790000000000000000e+02 -1.000000000000000000e+00 -1.000000000000000000e+00 -1.000000000000000000e+00 -1.000000000000000000e+00 -1.000000000000000000e+00 3.892660000000000196e+02 1.132614000000000033e+03 9.799999999999999822e-01 8.455000000000000293e-01 2.346000000000000085e+00 8.285000000000000142e-01
2.900000000000000000e+01 1.780000000000000000e+02 -1.000000000000000000e+00 -1.000000000000000000e+00 -1.000000000000000000e+00 -1.000000000000000000e+00 -1.000000000000000000e+00 3.892300000000000182e+02 1.139530999999999949e+03 1.122999999999999998e+00 8.135000000000000009e-01 2.148499999999999854e+00 8.034999999999999920e-01
2.900000000000000000e+01 1.640000000000000000e+02 -1.000000000000000000e+00 -1.000000000000000000e+00 -1.000000000000000000e+00 -1.000000000000000000e+00 -1.000000000000000000e+00 4.001680000000000064e+02 1.187586999999999989e+03 1.235000000000000098e+00 8.689999999999999947e-01 2.168499999999999872e+00 7.355000000000000426e-01
2.900000000000000000e+01 1.810000000000000000e+02 -1.000000000000000000e+00 -1.000000000000000000e+00 -1.000000000000000000e+00 -1.000000000000000000e+00 -1.000000000000000000e+00 3.861630000000000109e+02 1.132855999999999995e+03 1.016000000000000014e+00 8.589999999999999858e-01 2.177999999999999936e+00 7.075000000000000178e-01
2.900000000000000000e+01 1.980000000000000000e+02 -1.000000000000000000e+00 -1.000000000000000000e+00 -1.000000000000000000e+00 -1.000000000000000000e+00 -1.000000000000000000e+00 4.056850000000000023e+02 1.097490999999999985e+03 1.102000000000000091e+00 9.174999999999999822e-01 2.124499999999999833e+00 7.395000000000000462e-01
2.900000000000000000e+01 2.000000000000000000e+02 -1.000000000000000000e+00 -1.000000000000000000e+00 -1.000000000000000000e+00 -1.000000000000000000e+00 -1.000000000000000000e+00 3.729859999999999900e+02 1.105105000000000018e+03 1.078999999999999959e+00 1.112000000000000099e+00 2.427999999999999936e+00 7.309999999999999831e-01
2.900000000000000000e+01 1.940000000000000000e+02 -1.000000000000000000e+00 -1.000000000000000000e+00 -1.000000000000000000e+00 -1.000000000000000000e+00 -1.000000000000000000e+00 3.884929999999999950e+02 1.116409000000000106e+03 8.970000000000000195e-01 8.934999999999999609e-01 2.167499999999999982e+00 7.365000000000000435e-01
2.900000000000000000e+01 1.890000000000000000e+02 -1.000000000000000000e+00 -1.000000000000000000e+00 -1.000000000000000000e+00 -1.000000000000000000e+00 -1.000000000000000000e+00 4.016700000000000159e+02 1.112212999999999965e+03 7.520000000000000018e-01 9.639999999999999680e-01 2.107000000000000206e+00 7.564999999999999503e-01
3.000000000000000000e+01 1.790000000000000000e+02 -1.000000000000000000e+00 -1.000000000000000000e+00 -1.000000000000000000e+00 -1.000000000000000000e+00 -1.000000000000000000e+00 3.892679999999999723e+02 1.132607999999999947e+03 1.008999999999999897e+00 8.455000000000000293e-01 2.346000000000000085e+00 8.285000000000000142e-01
3.000000000000000000e+01 1.780000000000000000e+02 -1.000000000000000000e+00 -1.000000000000000000e+00 -1.000000000000000000e+00 -1.000000000000000000e+00 -1.000000000000000000e+00 3.892250000000000227e+02 1.139497000000000071e+03 1.145000000000000018e+00 8.135000000000000009e-01 2.148499999999999854e+00 8.034999999999999920e-01
3.000000000000000000e+01 2.040000000000000000e+02 -1.000000000000000000e+00 -1.000000000000000000e+00 -1.000000000000000000e+00 -1.000000000000000000e+00 -1.000000000000000000e+00 3.789399999999999977e+02 1.128903999999999996e+03 1.145000000000000018e+00 9.080000000000000293e-01 2.133999999999999897e+00 8.070000000000000506e-01
3.000000000000000000e+01 1.640000000000000000e+02 -1.000000000000000000e+00 -1.000000000000000000e+00 -1.000000000000000000e+00 -1.000000000000000000e+00 -1.000000000000000000e+00 4.001639999999999873e+02 1.187576999999999998e+03 1.217999999999999972e+00 8.689999999999999947e-01 2.168499999999999872e+00 7.355000000000000426e-01
3.000000000000000000e+01 1.810000000000000000e+02 -1.000000000000000000e+00 -1.000000000000000000e+00 -1.000000000000000000e+00 -1.000000000000000000e+00 -1.000000000000000000e+00 3.861630000000000109e+02 1.132855999999999995e+03 1.028999999999999915e+00 8.589999999999999858e-01 2.177999999999999936e+00 7.075000000000000178e-01
3.000000000000000000e+01 1.980000000000000000e+02 -1.000000000000000000e+00 -1.000000000000000000e+00 -1.000000000000000000e+00 -1.000000000000000000e+00 -1.000000000000000000e+00 4.056240000000000236e+02 1.097497000000000071e+03 1.177000000000000046e+00 9.174999999999999822e-01 2.124499999999999833e+00 7.395000000000000462e-01
3.000000000000000000e+01 2.000000000000000000e+02 -1.000000000000000000e+00 -1.000000000000000000e+00 -1.000000000000000000e+00 -1.000000000000000000e+00 -1.000000000000000000e+00 3.746800000000000068e+02 1.107355999999999995e+03 1.169000000000000039e+00 1.112000000000000099e+00 2.427999999999999936e+00 7.309999999999999831e-01
3.000000000000000000e+01 1.940000000000000000e+02 -1.000000000000000000e+00 -1.000000000000000000e+00 -1.000000000000000000e+00 -1.000000000000000000e+00 -1.000000000000000000e+00 3.901730000000000018e+02 1.116382000000000062e+03 8.719999999999999973e-01 8.934999999999999609e-01 2.167499999999999982e+00 7.365000000000000435e-01
3.000000000000000000e+01 1.890000000000000000e+02 -1.000000000000000000e+00 -1.000000000000000000e+00 -1.000000000000000000e+00 -1.000000000000000000e+00 -1.000000000000000000e+00 4.048509999999999991e+02 1.110801999999999907e+03 7.520000000000000018e-01 9.639999999999999680e-01 2.107000000000000206e+00 7.564999999999999503e-01
3.100000000000000000e+01 1.790000000000000000e+02 -1.000000000000000000e+00 -1.000000000000000000e+00 -1.000000000000000000e+00 -1.000000000000000000e+00 -1.000000000000000000e+00 3.892699999999999818e+02 1.132602000000000089e+03 1.036999999999999922e+00 8.455000000000000293e-01 2.346000000000000085e+00 8.285000000000000142e-01
3.100000000000000000e+01 1.780000000000000000e+02 -1.000000000000000000e+00 -1.000000000000000000e+00 -1.000000000000000000e+00 -1.000000000000000000e+00 -1.000000000000000000e+00 3.892210000000000036e+02 1.139461999999999989e+03 1.167999999999999927e+00 8.135000000000000009e-01 2.148499999999999854e+00 8.034999999999999920e-01
3.100000000000000000e+01 2.040000000000000000e+02 -1.000000000000000000e+00 -1.000000000000000000e+00 -1.000000000000000000e+00 -1.000000000000000000e+00 -1.000000000000000000e+00 3.811030000000000086e+02 1.134425999999999931e+03 1.145000000000000018e+00 9.080000000000000293e-01 2.133999999999999897e+00 8.070000000000000506e-01
3.100000000000000000e+01 2.080000000000000000e+02 -1.000000000000000000e+00 -1.000000000000000000e+00 -1.000000000000000000e+00 -1.000000000000000000e+00 -1.000000000000000000e+00 4.111209999999999809e+02 1.095087999999999965e+03 1.237000000000000099e+00 9.729999999999999760e-01 2.051499999999999879e+00 7.990000000000000435e-01
3.100000000000000000e+01 1.810000000000000000e+02 -1.000000000000000000e+00 -1.000000000000000000e+00 -1.000000000000000000e+00 -1.000000000000000000e+00 -1.000000000000000000e+00 3.861630000000000109e+02 1.132855999999999995e+03 1.040999999999999925e+00 8.589999999999999858e-01 2.177999999999999936e+00 7.075000000000000178e-01
3.100000000000000000e+01 1.980000000000000000e+02 -1.000000000000000000e+00 -1.000000000000000000e+00 -1.000000000000000000e+00 -1.000000000000000000e+00 -1.000000000000000000e+00 4.056309999999999718e+02 1.097478000000000065e+03 1.201999999999999957e+00 9.174999999999999822e-01 2.124499999999999833e+00 7.395000000000000462e-01
3.100000000000000000e+01 2.000000000000000000e+02 -1.000000000000000000e+00 -1.000000000000000000e+00 -1.000000000000000000e+00 -1.000000000000000000e+00 -1.000000000000000000e+00 3.763349999999999795e+02 1.109351000000000113e+03 1.169000000000000039e+00 1.112000000000000099e+00 2.427999999999999936e+00 7.309999999999999831e-01
3.100000000000000000e+01 1.940000000000000000e+02 -1.000000000000000000e+00 -1.000000000000000000e+00 -1.000000000000000000e+00 -1.000000000000000000e+00 -1.000000000000000000e+00 3.918269999999999982e+02 1.116093000000000075e+03 8.469999999999999751e-01 8.934999999999999609e-01 2.167499999999999982e+00 7.365000000000000435e-01
3.100000000000000000e+01 1.890000000000000000e+02 -1.000000000000000000e+00 -1.000000000000000000e+00 -1.000000000000000000e+00 -1.000000000000000000e+00 -1.000000000000000000e+00 4.081109999999999900e+02 1.109356999999999971e+03 7.520000000000000018e-01 9.639999999999999680e-01 2.107000000000000206e+00 7.564999999999999503e-01
3.200000000000000000e+01 1.790000000000000000e+02 -1.000000000000000000e+00 -1.000000000000000000e+00 -1.000000000000000000e+00 -1.000000000000000000e+00 -1.000000000000000000e+00 3.892719999999999914e+02 1.132596000000000004e+03 1.066000000000000059e+00 8.455000000000000293e-01 2.346000000000000085e+00 8.285000000000000142e-01
3.200000000000000000e+01 1.780000000000000000e+02 -1.000000000000000000e+00 -1.000000000000000000e+00 -1.000000000000000000e+00 -1.000000000000000000e+00 -1.000000000000000000e+00 3.892169999999999845e+02 1.139428000000000111e+03 1.191000000000000059e+00 8.135000000000000009e-01 2.148499999999999854e+00 8.034999999999999920e-01
3.200000000000000000e+01 2.040000000000000000e+02 -1.000000000000000000e+00 -1.000000000000000000e+00 -1.000000000000000000e+00 -1.000000000000000000e+00 -1.000000000000000000e+00 3.832110000000000127e+02 1.139970000000000027e+03 1.145000000000000018e+00 9.080000000000000293e-01 2.133999999999999897e+00 8.070000000000000506e-01
3.200000000000000000e+01 1.810000000000000000e+02 -1.000000000000000000e+00 -1.000000000000000000e+00 -1.000000000000000000e+00 -1.000000000000000000e+00 -1.000000000000000000e+00 3.861630000000000109e+02 1.132855999999999995e+03 1.054000000000000048e+00 8.589999999999999858e-01 2.177999999999999936e+00 7.075000000000000178e-01
3.200000000000000000e+01 1.980000000000000000e+02 -1.000000000000000000e+00 -1.000000000000000000e+00 -1.000000000000000000e+00 -1.000000000000000000e+00 -1.000000000000000000e+00 4.056379999999999768e+02 1.097458000000000084e+03 1.227000000000000091e+00 9.174999999999999822e-01 2.124499999999999833e+00 7.395000000000000462e-01
3.200000000000000000e+01 2.000000000000000000e+02 -1.000000000000000000e+00 -1.000000000000000000e+00 -1.000000000000000000e+00 -1.000000000000000000e+00 -1.000000000000000000e+00 3.781689999999999827e+02 1.111183999999999969e+03 1.268999999999999906e+00 1.112000000000000099e+00 2.427999999999999936e+00 7.309999999999999831e-01
3.200000000000000000e+01 1.940000000000000000e+02 -1.000000000000000000e+00 -1.000000000000000000e+00 -1.000000000000000000e+00 -1.000000000000000000e+00 -1.000000000000000000e+00 3.935880000000000223e+02 1.115673000000000002e+03 8.970000000000000195e-01 8.934999999999999609e-01 2.167499999999999982e+00 7.365000000000000435e-01
3.200000000000000000e+01 1.890000000000000000e+02 -1.000000000000000000e+00 -1.000000000000000000e+00 -1.000000000000000000e+00 -1.000000000000000000e+00 -1.000000000000000000e+00 4.115840000000000032e+02 1.107817999999999984e+03 7.520000000000000018e-01 9.639999999999999680e-01 2.107000000000000206e+00 7.564999999999999503e-01
3.200000000000000000e+01 2.080000000000000000e+02 -1.000000000000000000e+00 -1.000000000000000000e+00 -1.000000000000000000e+00 -1.000000000000000000e+00 -1.000000000000000000e+00 4.111209999999999809e+02 1.095087999999999965e+03 1.335341094115239935e+00 9.729999999999998650e-01 2.051499999999999879e+00 7.990000000000000435e-01
3.300000000000000000e+01 1.790000000000000000e+02 -1.000000000000000000e+00 -1.000000000000000000e+00 -1.000000000000000000e+00 -1.000000000000000000e+00 -1.000000000000000000e+00 3.892710000000000150e+02 1.132574000000000069e+03 1.078999999999999959e+00 8.455000000000000293e-01 2.346000000000000085e+00 8.285000000000000142e-01
3.300000000000000000e+01 1.780000000000000000e+02 -1.000000000000000000e+00 -1.000000000000000000e+00 -1.000000000000000000e+00 -1.000000000000000000e+00 -1.000000000000000000e+00 3.892090000000000032e+02 1.139410000000000082e+03 1.191000000000000059e+00 8.135000000000000009e-01 2.148499999999999854e+00 8.034999999999999920e-01
3.300000000000000000e+01 2.040000000000000000e+02 -1.000000000000000000e+00 -1.000000000000000000e+00 -1.000000000000000000e+00 -1.000000000000000000e+00 -1.000000000000000000e+00 3.852359999999999900e+02 1.145329999999999927e+03 1.145000000000000018e+00 9.080000000000000293e-01 2.133999999999999897e+00 8.070000000000000506e-01
3.300000000000000000e+01 1.980000000000000000e+02 -1.000000000000000000e+00 -1.000000000000000000e+00 -1.000000000000000000e+00 -1.000000000000000000e+00 -1.000000000000000000e+00 4.056120000000000232e+02 1.097470000000000027e+03 1.276999999999999913e+00 9.174999999999999822e-01 2.124499999999999833e+00 7.395000000000000462e-01
3.300000000000000000e+01 2.000000000000000000e+02 -1.000000000000000000e+00 -1.000000000000000000e+00 -1.000000000000000000e+00 -1.000000000000000000e+00 -1.000000000000000000e+00 3.800910000000000082e+02 1.112770999999999958e+03 1.318999999999999950e+00 1.112000000000000099e+00 2.427999999999999936e+00 7.309999999999999831e-01
3.300000000000000000e+01 1.940000000000000000e+02 -1.000000000000000000e+00 -1.000000000000000000e+00 -1.000000000000000000e+00 -1.000000000000000000e+00 -1.000000000000000000e+00 3.949580000000000268e+02 1.115188000000000102e+03 9.469999999999999529e-01 8.934999999999999609e-01 2.167499999999999982e+00 7.365000000000000435e-01
3.300000000000000000e+01 1.890000000000000000e+02 -1.000000000000000000e+00 -1.000000000000000000e+00 -1.000000000000000000e+00 -1.000000000000000000e+00 -1.000000000000000000e+00 4.152200000000000273e+02 1.106144999999999982e+03 7.520000000000000018e-01 9.639999999999999680e-01 2.107000000000000206e+00 7.564999999999999503e-01
3.300000000000000000e+01 1.810000000000000000e+02 -1.000000000000000000e+00 -1.000000000000000000e+00 -1.000000000000000000e+00 -1.000000000000000000e+00 -1.000000000000000000e+00 3.861630000000000109e+02 1.132855999999999995e+03 1.128342273739503021e+00 8.589999999999999858e-01 2.177999999999999936e+00 7.075000000000000178e-01
3.300000000000000000e+01 2.080000000000000000e+02 -1.000000000000000000e+00 -1.000000000000000000e+00 -1.000000000000000000e+00 -1.000000000000000000e+00 -1.000000000000000000e+00 4.111209999999999809e+02 1.095087999999999965e+03 1.283571925190609253e+00 9.729999999999999760e-01 2.051499999999999879e+00 7.990000000000000435e-01
3.400000000000000000e+01 1.790000000000000000e+02 -1.000000000000000000e+00 -1.000000000000000000e+00 -1.000000000000000000e+00 -1.000000000000000000e+00 -1.000000000000000000e+00 3.892699999999999818e+02 1.132551999999999907e+03 1.092999999999999972e+00 8.455000000000000293e-01 2.346000000000000085e+00 8.285000000000000142e-01
3.400000000000000000e+01 1.780000000000000000e+02 -1.000000000000000000e+00 -1.000000000000000000e+00 -1.000000000000000000e+00 -1.000000000000000000e+00 -1.000000000000000000e+00 3.892010000000000218e+02 1.139392000000000053e+03 1.191000000000000059e+00 8.135000000000000009e-01 2.148499999999999854e+00 8.034999999999999920e-01
3.400000000000000000e+01 2.040000000000000000e+02 -1.000000000000000000e+00 -1.000000000000000000e+00 -1.000000000000000000e+00 -1.000000000000000000e+00 -1.000000000000000000e+00 3.871349999999999909e+02 1.150125999999999976e+03 1.195000000000000062e+00 9.080000000000000293e-01 2.133999999999999897e+00 8.070000000000000506e-01
3.400000000000000000e+01 2.080000000000000000e+02 -1.000000000000000000e+00 -1.000000000000000000e+00 -1.000000000000000000e+00 -1.000000000000000000e+00 -1.000000000000000000e+00 4.111209999999999809e+02 1.095087999999999965e+03 1.387000000000000011e+00 9.729999999999999760e-01 2.051499999999999879e+00 7.990000000000000435e-01
3.400000000000000000e+01 1.980000000000000000e+02 -1.000000000000000000e+00 -1.000000000000000000e+00 -1.000000000000000000e+00 -1.000000000000000000e+00 -1.000000000000000000e+00 4.056379999999999768e+02 1.097458000000000084e+03 1.326999999999999957e+00 9.174999999999999822e-01 2.124499999999999833e+00 7.395000000000000462e-01
3.400000000000000000e+01 2.000000000000000000e+02 -1.000000000000000000e+00 -1.000000000000000000e+00 -1.000000000000000000e+00 -1.000000000000000000e+00 -1.000000000000000000e+00 3.818310000000000173e+02 1.113929000000000087e+03 1.294000000000000039e+00 1.112000000000000099e+00 2.427999999999999936e+00 7.309999999999999831e-01
3.400000000000000000e+01 1.940000000000000000e+02 -1.000000000000000000e+00 -1.000000000000000000e+00 -1.000000000000000000e+00 -1.000000000000000000e+00 -1.000000000000000000e+00 3.967980000000000018e+02 1.114576999999999998e+03 9.300000000000000488e-01 8.934999999999999609e-01 2.167499999999999982e+00 7.365000000000000435e-01
3.400000000000000000e+01 2.200000000000000000e+02 -1.000000000000000000e+00 -1.000000000000000000e+00 -1.000000000000000000e+00 -1.000000000000000000e+00 -1.000000000000000000e+00 3.711299999999999955e+02 1.104682000000000016e+03 1.520999999999999908e+00 8.125000000000000000e-01 2.077999999999999847e+00 7.564999999999999503e-01
3.400000000000000000e+01 1.890000000000000000e+02 -1.000000000000000000e+00 -1.000000000000000000e+00 -1.000000000000000000e+00 -1.000000000000000000e+00 -1.000000000000000000e+00 4.187690000000000055e+02 1.104636999999999944e+03 7.520000000000000018e-01 9.639999999999999680e-01 2.107000000000000206e+00 7.564999999999999503e-01
3.400000000000000000e+01 1.810000000000000000e+02 -1.000000000000000000e+00 -1.000000000000000000e+00 -1.000000000000000000e+00 -1.000000000000000000e+00 -1.000000000000000000e+00 3.861630000000000109e+02 1.132855999999999995e+03 1.105260394451375916e+00 8.589999999999999858e-01 2.177999999999999936e+00 7.075000000000000178e-01
3.500000000000000000e+01 1.790000000000000000e+02 -1.000000000000000000e+00 -1.000000000000000000e+00 -1.000000000000000000e+00 -1.000000000000000000e+00 -1.000000000000000000e+00 3.892699999999999818e+02 1.132529999999999973e+03 1.106000000000000094e+00 8.455000000000000293e-01 2.346000000000000085e+00 8.285000000000000142e-01
3.500000000000000000e+01 1.780000000000000000e+02 -1.000000000000000000e+00 -1.000000000000000000e+00 -1.000000000000000000e+00 -1.000000000000000000e+00 -1.000000000000000000e+00 3.891929999999999836e+02 1.139374000000000024e+03 1.191000000000000059e+00 8.135000000000000009e-01 2.148499999999999854e+00 8.034999999999999920e-01
3.500000000000000000e+01 2.040000000000000000e+02 -1.000000000000000000e+00 -1.000000000000000000e+00 -1.000000000000000000e+00 -1.000000000000000000e+00 -1.000000000000000000e+00 3.893460000000000036e+02 1.155682999999999993e+03 1.195000000000000062e+00 9.080000000000000293e-01 2.133999999999999897e+00 8.070000000000000506e-01
3.500000000000000000e+01 1.980000000000000000e+02 -1.000000000000000000e+00 -1.000000000000000000e+00 -1.000000000000000000e+00 -1.000000000000000000e+00 -1.000000000000000000e+00 4.057540000000000191e+02 1.097406999999999925e+03 1.344000000000000083e+00 9.174999999999999822e-01 2.124499999999999833e+00 7.395000000000000462e-01
3.500000000000000000e+01 2.000000000000000000e+02 -1.000000000000000000e+00 -1.000000000000000000e+00 -1.000000000000000000e+00 -1.000000000000000000e+00 -1.000000000000000000e+00 3.836840000000000259e+02 1.114898999999999887e+03 1.268999999999999906e+00 1.112000000000000099e+00 2.427999999999999936e+00 7.309999999999999831e-01
3.500000000000000000e+01 1.940000000000000000e+02 -1.000000000000000000e+00 -1.000000000000000000e+00 -1.000000000000000000e+00 -1.000000000000000000e+00 -1.000000000000000000e+00 3.989510000000000218e+02 1.113776000000000067e+03 9.140000000000000346e-01 8.934999999999999609e-01 2.167499999999999982e+00 7.365000000000000435e-01
3.500000000000000000e+01 2.200000000000000000e+02 -1.000000000000000000e+00 -1.000000000000000000e+00 -1.000000000000000000e+00 -1.000000000000000000e+00 -1.000000000000000000e+00 3.723940000000000055e+02 1.108125000000000000e+03 1.520999999999999908e+00 8.125000000000000000e-01 2.077999999999999847e+00 7.564999999999999503e-01
3.500000000000000000e+01 1.810000000000000000e+02 -1.000000000000000000e+00 -1.000000000000000000e+00 -1.000000000000000000e+00 -1.000000000000000000e+00 -1.000000000000000000e+00 3.861630000000000109e+02 1.132855999999999995e+03 1.079630991086226510e+00 8.589999999999999858e-01 2.177999999999999936e+00 7.075000000000000178e-01
3.500000000000000000e+01 1.890000000000000000e+02 -1.000000000000000000e+00 -1.000000000000000000e+00 -1.000000000000000000e+00 -1.000000000000000000e+00 -1.000000000000000000e+00 4.226541203325969605e+02 1.102917946756310357e+03 7.770007743410358714e-01 9.639999999999999680e-01 2.107000000000000206e+00 7.564999999999999503e-01
3.500000000000000000e+01 2.080000000000000000e+02 -1.000000000000000000e+00 -1.000000000000000000e+00 -1.000000000000000000e+00 -1.000000000000000000e+00 -1.000000000000000000e+00 4.111502449802810020e+02 1.095075252188082686e+03 1.387000000000000011e+00 9.730000000000000870e-01 2.051499999999999879e+00 7.990000000000000435e-01
3.600000000000000000e+01 1.790000000000000000e+02 -1.000000000000000000e+00 -1.000000000000000000e+00 -1.000000000000000000e+00 -1.000000000000000000e+00 -1.000000000000000000e+00 3.892690000000000055e+02 1.132508000000000038e+03 1.120000000000000107e+00 8.455000000000000293e-01 2.346000000000000085e+00 8.285000000000000142e-01
3.600000000000000000e+01 1.780000000000000000e+02 -1.000000000000000000e+00 -1.000000000000000000e+00 -1.000000000000000000e+00 -1.000000000000000000e+00 -1.000000000000000000e+00 3.891850000000000023e+02 1.139355999999999995e+03 1.191000000000000059e+00 8.135000000000000009e-01 2.148499999999999854e+00 8.034999999999999920e-01
3.600000000000000000e+01 2.040000000000000000e+02 -1.000000000000000000e+00 -1.000000000000000000e+00 -1.000000000000000000e+00 -1.000000000000000000e+00 -1.000000000000000000e+00 3.918399999999999750e+02 1.161694999999999936e+03 1.195000000000000062e+00 9.080000000000000293e-01 2.133999999999999897e+00 8.070000000000000506e-01
3.600000000000000000e+01 1.810000000000000000e+02 -1.000000000000000000e+00 -1.000000000000000000e+00 -1.000000000000000000e+00 -1.000000000000000000e+00 -1.000000000000000000e+00 3.861630000000000109e+02 1.132855999999999995e+03 1.153999999999999915e+00 8.589999999999999858e-01 2.177999999999999936e+00 7.075000000000000178e-01
3.600000000000000000e+01 1.980000000000000000e+02 -1.000000000000000000e+00 -1.000000000000000000e+00 -1.000000000000000000e+00 -1.000000000000000000e+00 -1.000000000000000000e+00 4.057900000000000205e+02 1.097391000000000076e+03 1.360000000000000098e+00 9.174999999999999822e-01 2.124499999999999833e+00 7.395000000000000462e-01
3.600000000000000000e+01 2.000000000000000000e+02 -1.000000000000000000e+00 -1.000000000000000000e+00 -1.000000000000000000e+00 -1.000000000000000000e+00 -1.000000000000000000e+00 3.854379999999999882e+02 1.115483999999999924e+03 1.219000000000000083e+00 1.112000000000000099e+00 2.427999999999999936e+00 7.309999999999999831e-01
3.600000000000000000e+01 1.940000000000000000e+02 -1.000000000000000000e+00 -1.000000000000000000e+00 -1.000000000000000000e+00 -1.000000000000000000e+00 -1.000000000000000000e+00 4.013580000000000041e+02 1.112767000000000053e+03 8.970000000000000195e-01 8.934999999999999609e-01 2.167499999999999982e+00 7.365000000000000435e-01
3.600000000000000000e+01 2.200000000000000000e+02 -1.000000000000000000e+00 -1.000000000000000000e+00 -1.000000000000000000e+00 -1.000000000000000000e+00 -1.000000000000000000e+00 3.736589999999999918e+02 1.111567999999999984e+03 1.520999999999999908e+00 8.125000000000000000e-01 2.077999999999999847e+00 7.564999999999999503e-01
3.600000000000000000e+01 1.890000000000000000e+02 -1.000000000000000000e+00 -1.000000000000000000e+00 -1.000000000000000000e+00 -1.000000000000000000e+00 -1.000000000000000000e+00 4.265389999999999873e+02 1.101199000000000069e+03 8.020000000000000462e-01 9.639999999999999680e-01 2.107000000000000206e+00 7.564999999999999503e-01
3.600000000000000000e+01 2.080000000000000000e+02 -1.000000000000000000e+00 -1.000000000000000000e+00 -1.000000000000000000e+00 -1.000000000000000000e+00 -1.000000000000000000e+00 4.111404893562463485e+02 1.095079504639584911e+03 1.387000000000000011e+00 9.729999999999999760e-01 2.051499999999999879e+00 7.990000000000000435e-01
3.700000000000000000e+01 1.790000000000000000e+02 -1.000000000000000000e+00 -1.000000000000000000e+00 -1.000000000000000000e+00 -1.000000000000000000e+00 -1.000000000000000000e+00 3.892679999999999723e+02 1.132486000000000104e+03 1.133000000000000007e+00 8.455000000000000293e-01 2.346000000000000085e+00 8.285000000000000142e-01
3.700000000000000000e+01 1.780000000000000000e+02 -1.000000000000000000e+00 -1.000000000000000000e+00 -1.000000000000000000e+00 -1.000000000000000000e+00 -1.000000000000000000e+00 3.891770000000000209e+02 1.139337999999999965e+03 1.191000000000000059e+00 8.135000000000000009e-01 2.148499999999999854e+00 8.034999999999999920e-01
3.700000000000000000e+01 1.810000000000000000e+02 -1.000000000000000000e+00 -1.000000000000000000e+00 -1.000000000000000000e+00 -1.000000000000000000e+00 -1.000000000000000000e+00 3.861630000000000109e+02 1.132855999999999995e+03 1.153999999999999915e+00 8.589999999999999858e-01 2.177999999999999936e+00 7.075000000000000178e-01
3.700000000000000000e+01 1.980000000000000000e+02 -1.000000000000000000e+00 -1.000000000000000000e+00 -1.000000000000000000e+00 -1.000000000000000000e+00 -1.000000000000000000e+00 4.058249999999999886e+02 1.097375000000000000e+03 1.377000000000000002e+00 9.174999999999999822e-01 2.124499999999999833e+00 7.395000000000000462e-01
3.700000000000000000e+01 2.000000000000000000e+02 -1.000000000000000000e+00 -1.000000000000000000e+00 -1.000000000000000000e+00 -1.000000000000000000e+00 -1.000000000000000000e+00 3.872330000000000041e+02 1.115930000000000064e+03 1.169000000000000039e+00 1.112000000000000099e+00 2.427999999999999936e+00 7.309999999999999831e-01
3.700000000000000000e+01 1.940000000000000000e+02 -1.000000000000000000e+00 -1.000000000000000000e+00 -1.000000000000000000e+00 -1.000000000000000000e+00 -1.000000000000000000e+00 4.042570000000000050e+02 1.111541999999999916e+03 8.469999999999999751e-01 8.934999999999999609e-01 2.167499999999999982e+00 7.365000000000000435e-01
3.700000000000000000e+01 2.200000000000000000e+02 -1.000000000000000000e+00 -1.000000000000000000e+00 -1.000000000000000000e+00 -1.000000000000000000e+00 -1.000000000000000000e+00 3.749569999999999936e+02 1.115044000000000096e+03 1.445999999999999952e+00 8.125000000000000000e-01 2.077999999999999847e+00 7.564999999999999503e-01
3.700000000000000000e+01 2.080000000000000000e+02 -1.000000000000000000e+00 -1.000000000000000000e+00 -1.000000000000000000e+00 -1.000000000000000000e+00 -1.000000000000000000e+00 4.111307450192691704e+02 1.095083752171087781e+03 1.387000000000000011e+00 9.729999999999999760e-01 2.051499999999999879e+00 7.990000000000001545e-01
3.800000000000000000e+01 1.790000000000000000e+02 -1.000000000000000000e+00 -1.000000000000000000e+00 -1.000000000000000000e+00 -1.000000000000000000e+00 -1.000000000000000000e+00 3.892669999999999959e+02 1.132463999999999942e+03 1.145999999999999908e+00 8.455000000000000293e-01 2.346000000000000085e+00 8.285000000000000142e-01
3.800000000000000000e+01 1.780000000000000000e+02 -1.000000000000000000e+00 -1.000000000000000000e+00 -1.000000000000000000e+00 -1.000000000000000000e+00 -1.000000000000000000e+00 3.891689999999999827e+02 1.139319999999999936e+03 1.191000000000000059e+00 8.135000000000000009e-01 2.148499999999999854e+00 8.034999999999999920e-01
3.800000000000000000e+01 2.080000000000000000e+02 -1.000000000000000000e+00 -1.000000000000000000e+00 -1.000000000000000000e+00 -1.000000000000000000e+00 -1.000000000000000000e+00 4.111600000000000250e+02 1.095070999999999913e+03 1.387000000000000011e+00 9.729999999999999760e-01 2.051499999999999879e+00 7.990000000000000435e-01
3.800000000000000000e+01 1.810000000000000000e+02 -1.000000000000000000e+00 -1.000000000000000000e+00 -1.000000000000000000e+00 -1.000000000000000000e+00 -1.000000000000000000e+00 3.861630000000000109e+02 1.132855999999999995e+03 1.153999999999999915e+00 8.589999999999999858e-01 2.177999999999999936e+00 7.075000000000000178e-01
3.800000000000000000e+01 1.980000000000000000e+02 -1.000000000000000000e+00 -1.000000000000000000e+00 -1.000000000000000000e+00 -1.000000000000000000e+00 -1.000000000000000000e+00 4.058340000000000032e+02 1.097371000000000095e+03 1.294000000000000039e+00 9.174999999999999822e-01 2.124499999999999833e+00 7.395000000000000462e-01
3.800000000000000000e+01 2.000000000000000000e+02 -1.000000000000000000e+00 -1.000000000000000000e+00 -1.000000000000000000e+00 -1.000000000000000000e+00 -1.000000000000000000e+00 3.891890000000000214e+02 1.116048000000000002e+03 1.102000000000000091e+00 1.112000000000000099e+00 2.427999999999999936e+00 7.309999999999999831e-01
3.800000000000000000e+01 1.940000000000000000e+02 -1.000000000000000000e+00 -1.000000000000000000e+00 -1.000000000000000000e+00 -1.000000000000000000e+00 -1.000000000000000000e+00 4.071569999999999823e+02 1.110316000000000031e+03 7.970000000000000417e-01 8.934999999999999609e-01 2.167499999999999982e+00 7.365000000000000435e-01
3.800000000000000000e+01 2.200000000000000000e+02 -1.000000000000000000e+00 -1.000000000000000000e+00 -1.000000000000000000e+00 -1.000000000000000000e+00 -1.000000000000000000e+00 3.761639999999999873e+02 1.118554000000000087e+03 1.370999999999999996e+00 8.125000000000000000e-01 2.077999999999999847e+00 7.564999999999999503e-01
3.900000000000000000e+01 1.790000000000000000e+02 -1.000000000000000000e+00 -1.000000000000000000e+00 -1.000000000000000000e+00 -1.000000000000000000e+00 -1.000000000000000000e+00 3.892660000000000196e+02 1.132442000000000007e+03 1.159999999999999920e+00 8.455000000000000293e-01 2.346000000000000085e+00 8.285000000000000142e-01
3.900000000000000000e+01 1.780000000000000000e+02 -1.000000000000000000e+00 -1.000000000000000000e+00 -1.000000000000000000e+00 -1.000000000000000000e+00 -1.000000000000000000e+00 3.891689999999999827e+02 1.139319999999999936e+03 1.191000000000000059e+00 8.135000000000000009e-01 2.148499999999999854e+00 8.034999999999999920e-01
3.900000000000000000e+01 2.080000000000000000e+02 -1.000000000000000000e+00 -1.000000000000000000e+00 -1.000000000000000000e+00 -1.000000000000000000e+00 -1.000000000000000000e+00 4.111700000000000159e+02 1.095067000000000007e+03 1.387000000000000011e+00 9.729999999999999760e-01 2.051499999999999879e+00 7.990000000000000435e-01
3.900000000000000000e+01 1.810000000000000000e+02 -1.000000000000000000e+00 -1.000000000000000000e+00 -1.000000000000000000e+00 -1.000000000000000000e+00 -1.000000000000000000e+00 3.861630000000000109e+02 1.132855999999999995e+03 1.153999999999999915e+00 8.589999999999999858e-01 2.177999999999999936e+00 7.075000000000000178e-01
3.900000000000000000e+01 1.980000000000000000e+02 -1.000000000000000000e+00 -1.000000000000000000e+00 -1.000000000000000000e+00 -1.000000000000000000e+00 -1.000000000000000000e+00 4.058430000000000177e+02 1.097366999999999962e+03 1.284999999999999920e+00 9.174999999999999822e-01 2.124499999999999833e+00 7.395000000000000462e-01
3.900000000000000000e+01 2.000000000000000000e+02 -1.000000000000000000e+00 -1.000000000000000000e+00 -1.000000000000000000e+00 -1.000000000000000000e+00 -1.000000000000000000e+00 3.911399999999999864e+02 1.115859999999999900e+03 1.036000000000000032e+00 1.112000000000000099e+00 2.427999999999999936e+00 7.309999999999999831e-01
3.900000000000000000e+01 1.940000000000000000e+02 -1.000000000000000000e+00 -1.000000000000000000e+00 -1.000000000000000000e+00 -1.000000000000000000e+00 -1.000000000000000000e+00 4.103779999999999859e+02 1.108770999999999958e+03 7.049999999999999600e-01 8.934999999999999609e-01 2.167499999999999982e+00 7.365000000000000435e-01
3.900000000000000000e+01 2.200000000000000000e+02 -1.000000000000000000e+00 -1.000000000000000000e+00 -1.000000000000000000e+00 -1.000000000000000000e+00 -1.000000000000000000e+00 3.773969999999999914e+02 1.122221000000000004e+03 1.320999999999999952e+00 8.125000000000000000e-01 2.077999999999999847e+00 7.564999999999999503e-01
4.000000000000000000e+01 1.790000000000000000e+02 -1.000000000000000000e+00 -1.000000000000000000e+00 -1.000000000000000000e+00 -1.000000000000000000e+00 -1.000000000000000000e+00 3.892789999999999964e+02 1.132450000000000045e+03 1.165999999999999925e+00 8.455000000000000293e-01 2.346000000000000085e+00 8.285000000000000142e-01
4.000000000000000000e+01 2.230000000000000000e+02 -1.000000000000000000e+00 -1.000000000000000000e+00 -1.000000000000000000e+00 -1.000000000000000000e+00 -1.000000000000000000e+00 3.742049999999999841e+02 1.107247000000000071e+03 1.423999999999999932e+00 9.409999999999999476e-01 2.104000000000000092e+00 7.359999999999999876e-01
4.000000000000000000e+01 1.780000000000000000e+02 -1.000000000000000000e+00 -1.000000000000000000e+00 -1.000000000000000000e+00 -1.000000000000000000e+00 -1.000000000000000000e+00 3.891689999999999827e+02 1.139319999999999936e+03 1.191000000000000059e+00 8.135000000000000009e-01 2.148499999999999854e+00 8.034999999999999920e-01
4.000000000000000000e+01 2.080000000000000000e+02 -1.000000000000000000e+00 -1.000000000000000000e+00 -1.000000000000000000e+00 -1.000000000000000000e+00 -1.000000000000000000e+00 4.111800000000000068e+02 1.095061999999999898e+03 1.387000000000000011e+00 9.729999999999999760e-01 2.051499999999999879e+00 7.990000000000000435e-01
4.000000000000000000e+01 1.810000000000000000e+02 -1.000000000000000000e+00 -1.000000000000000000e+00 -1.000000000000000000e+00 -1.000000000000000000e+00 -1.000000000000000000e+00 3.861630000000000109e+02 1.132855999999999995e+03 1.153999999999999915e+00 8.589999999999999858e-01 2.177999999999999936e+00 7.075000000000000178e-01
4.000000000000000000e+01 1.980000000000000000e+02 -1.000000000000000000e+00 -1.000000000000000000e+00 -1.000000000000000000e+00 -1.000000000000000000e+00 -1.000000000000000000e+00 4.058519999999999754e+02 1.097363000000000056e+03 1.276999999999999913e+00 9.174999999999999822e-01 2.124499999999999833e+00 7.395000000000000462e-01
4.000000000000000000e+01 2.000000000000000000e+02 -1.000000000000000000e+00 -1.000000000000000000e+00 -1.000000000000000000e+00 -1.000000000000000000e+00 -1.000000000000000000e+00 3.933530000000000086e+02 1.115596000000000004e+03 9.689999999999999725e-01 1.112000000000000099e+00 2.427999999999999936e+00 7.309999999999999831e-01
4.000000000000000000e+01 1.940000000000000000e+02 -1.000000000000000000e+00 -1.000000000000000000e+00 -1.000000000000000000e+00 -1.000000000000000000e+00 -1.000000000000000000e+00 4.136659999999999968e+02 1.107393000000000029e+03 7.469999999999999973e-01 8.934999999999999609e-01 2.167499999999999982e+00 7.365000000000000435e-01
4.000000000000000000e+01 2.200000000000000000e+02 -1.000000000000000000e+00 -1.000000000000000000e+00 -1.000000000000000000e+00 -1.000000000000000000e+00 -1.000000000000000000e+00 3.786290000000000191e+02 1.125888999999999896e+03 1.270999999999999908e+00 8.125000000000000000e-01 2.077999999999999847e+00 7.564999999999999503e-01
