1.000000000000000000e+00 3.030000000000000000e+03 -1.000000000000000000e+00 -1.000000000000000000e+00 -1.000000000000000000e+00 -1.000000000000000000e+00 -1.000000000000000000e+00 1.853253999999999905e+03 1.140672000000000025e+03 1.256999999999999895e+00 1.036999999999999922e+00 2.798999999999999932e+00 1.175999999999999934e+00
1.000000000000000000e+00 3.031000000000000000e+03 -1.000000000000000000e+00 -1.000000000000000000e+00 -1.000000000000000000e+00 -1.000000000000000000e+00 -1.000000000000000000e+00 1.846991999999999962e+03 1.149826999999999998e+03 1.340000000000000080e+00 1.012000000000000011e+00 2.524999999999999911e+00 1.000000000000000000e+00
1.000000000000000000e+00 3.034000000000000000e+03 -1.000000000000000000e+00 -1.000000000000000000e+00 -1.000000000000000000e+00 -1.000000000000000000e+00 -1.000000000000000000e+00 1.839875999999999976e+03 1.105901000000000067e+03 2.037999999999999812e+00 1.340999999999999970e+00 4.083499999999999908e+00 1.913000000000000034e+00
1.000000000000000000e+00 3.037000000000000000e+03 -1.000000000000000000e+00 -1.000000000000000000e+00 -1.000000000000000000e+00 -1.000000000000000000e+00 -1.000000000000000000e+00 1.836730000000000018e+03 1.148833000000000084e+03 1.618000000000000105e+00 1.447500000000000009e+00 5.850500000000000256e+00 1.550999999999999934e+00
1.000000000000000000e+00 3.040000000000000000e+03 -1.000000000000000000e+00 -1.000000000000000000e+00 -1.000000000000000000e+00 -1.000000000000000000e+00 -1.000000000000000000e+00 1.851762999999999920e+03 1.143222999999999956e+03 1.231000000000000094e+00 9.104999999999999760e-01 2.217000000000000082e+00 8.405000000000000249e-01
1.000000000000000000e+00 3.041000000000000000e+03 -1.000000000000000000e+00 -1.000000000000000000e+00 -1.000000000000000000e+00 -1.000000000000000000e+00 -1.000000000000000000e+00 1.834719000000000051e+03 1.102719000000000051e+03 2.342999999999999972e+00 1.425999999999999934e+00 3.966499999999999915e+00 2.049500000000000099e+00
1.000000000000000000e+00 3.045000000000000000e+03 -1.000000000000000000e+00 -1.000000000000000000e+00 -1.000000000000000000e+00 -1.000000000000000000e+00 -1.000000000000000000e+00 1.797419000000000096e+03 1.108619999999999891e+03 1.953000000000000069e+00 1.294499999999999984e+00 3.957500000000000018e+00 1.272499999999999964e+00
2.000000000000000000e+00 3.030000000000000000e+03 -1.000000000000000000e+00 -1.000000000000000000e+00 -1.000000000000000000e+00 -1.000000000000000000e+00 -1.000000000000000000e+00 1.853242999999999938e+03 1.140685999999999922e+03 1.316999999999999948e+00 1.036999999999999922e+00 2.798999999999999932e+00 1.175999999999999934e+00
2.000000000000000000e+00 3.031000000000000000e+03 -1.000000000000000000e+00 -1.000000000000000000e+00 -1.000000000000000000e+00 -1.000000000000000000e+00 -1.000000000000000000e+00 1.847198000000000093e+03 1.149955999999999904e+03 1.340000000000000080e+00 1.012000000000000011e+00 2.524999999999999911e+00 1.000000000000000000e+00
2.000000000000000000e+00 3.034000000000000000e+03 -1.000000000000000000e+00 -1.000000000000000000e+00 -1.000000000000000000e+00 -1.000000000000000000e+00 -1.000000000000000000e+00 1.839922000000000025e+03 1.105875999999999976e+03 2.016000000000000014e+00 1.340999999999999970e+00 4.083499999999999908e+00 1.913000000000000034e+00
2.000000000000000000e+00 3.037000000000000000e+03 -1.000000000000000000e+00 -1.000000000000000000e+00 -1.000000000000000000e+00 -1.000000000000000000e+00 -1.000000000000000000e+00 1.833531999999999925e+03 1.153788999999999987e+03 1.681999999999999940e+00 1.447500000000000009e+00 5.850500000000000256e+00 1.550999999999999934e+00
2.000000000000000000e+00 3.040000000000000000e+03 -1.000000000000000000e+00 -1.000000000000000000e+00 -1.000000000000000000e+00 -1.000000000000000000e+00 -1.000000000000000000e+00 1.851826999999999998e+03 1.143260999999999967e+03 1.231000000000000094e+00 9.104999999999999760e-01 2.217000000000000082e+00 8.405000000000000249e-01
2.000000000000000000e+00 3.041000000000000000e+03 -1.000000000000000000e+00 -1.000000000000000000e+00 -1.000000000000000000e+00 -1.000000000000000000e+00 -1.000000000000000000e+00 1.834654999999999973e+03 1.102954999999999927e+03 2.309000000000000163e+00 1.425999999999999934e+00 3.966499999999999915e+00 2.049500000000000099e+00
2.000000000000000000e+00 3.045000000000000000e+03 -1.000000000000000000e+00 -1.000000000000000000e+00 -1.000000000000000000e+00 -1.000000000000000000e+00 -1.000000000000000000e+00 1.797319999999999936e+03 1.108549999999999955e+03 1.953000000000000069e+00 1.294499999999999984e+00 3.957500000000000018e+00 1.272499999999999964e+00
3.000000000000000000e+00 3.030000000000000000e+03 -1.000000000000000000e+00 -1.000000000000000000e+00 -1.000000000000000000e+00 -1.000000000000000000e+00 -1.000000000000000000e+00 1.853231999999999971e+03 1.140700000000000045e+03 1.377000000000000002e+00 1.036999999999999922e+00 2.798999999999999932e+00 1.175999999999999934e+00
3.000000000000000000e+00 3.031000000000000000e+03 -1.000000000000000000e+00 -1.000000000000000000e+00 -1.000000000000000000e+00 -1.000000000000000000e+00 -1.000000000000000000e+00 1.847217000000000098e+03 1.149925999999999931e+03 1.340000000000000080e+00 1.012000000000000011e+00 2.524999999999999911e+00 1.000000000000000000e+00
3.000000000000000000e+00 3.034000000000000000e+03 -1.000000000000000000e+00 -1.000000000000000000e+00 -1.000000000000000000e+00 -1.000000000000000000e+00 -1.000000000000000000e+00 1.839968000000000075e+03 1.105851000000000113e+03 1.993000000000000105e+00 1.340999999999999970e+00 4.083499999999999908e+00 1.913000000000000034e+00
3.000000000000000000e+00 3.037000000000000000e+03 -1.000000000000000000e+00 -1.000000000000000000e+00 -1.000000000000000000e+00 -1.000000000000000000e+00 -1.000000000000000000e+00 1.830462999999999965e+03 1.158540999999999940e+03 1.645999999999999908e+00 1.447500000000000009e+00 5.850500000000000256e+00 1.550999999999999934e+00
3.000000000000000000e+00 3.040000000000000000e+03 -1.000000000000000000e+00 -1.000000000000000000e+00 -1.000000000000000000e+00 -1.000000000000000000e+00 -1.000000000000000000e+00 1.851890000000000100e+03 1.143298999999999978e+03 1.231000000000000094e+00 9.104999999999999760e-01 2.217000000000000082e+00 8.405000000000000249e-01
3.000000000000000000e+00 3.041000000000000000e+03 -1.000000000000000000e+00 -1.000000000000000000e+00 -1.000000000000000000e+00 -1.000000000000000000e+00 -1.000000000000000000e+00 1.834501999999999953e+03 1.103054000000000087e+03 2.275999999999999801e+00 1.425999999999999934e+00 3.966499999999999915e+00 2.049500000000000099e+00
3.000000000000000000e+00 3.045000000000000000e+03 -1.000000000000000000e+00 -1.000000000000000000e+00 -1.000000000000000000e+00 -1.000000000000000000e+00 -1.000000000000000000e+00 1.797346000000000004e+03 1.108597999999999956e+03 2.052999999999999936e+00 1.294499999999999984e+00 3.957500000000000018e+00 1.272499999999999964e+00
4.000000000000000000e+00 3.030000000000000000e+03 -1.000000000000000000e+00 -1.000000000000000000e+00 -1.000000000000000000e+00 -1.000000000000000000e+00 -1.000000000000000000e+00 1.853221000000000004e+03 1.140713999999999942e+03 1.437000000000000055e+00 1.036999999999999922e+00 2.798999999999999932e+00 1.175999999999999934e+00
4.000000000000000000e+00 3.031000000000000000e+03 -1.000000000000000000e+00 -1.000000000000000000e+00 -1.000000000000000000e+00 -1.000000000000000000e+00 -1.000000000000000000e+00 1.847224999999999909e+03 1.149848999999999933e+03 1.340000000000000080e+00 1.012000000000000011e+00 2.524999999999999911e+00 1.000000000000000000e+00
4.000000000000000000e+00 3.034000000000000000e+03 -1.000000000000000000e+00 -1.000000000000000000e+00 -1.000000000000000000e+00 -1.000000000000000000e+00 -1.000000000000000000e+00 1.840015000000000100e+03 1.105826000000000022e+03 1.971000000000000085e+00 1.340999999999999970e+00 4.083499999999999908e+00 1.913000000000000034e+00
4.000000000000000000e+00 3.037000000000000000e+03 -1.000000000000000000e+00 -1.000000000000000000e+00 -1.000000000000000000e+00 -1.000000000000000000e+00 -1.000000000000000000e+00 1.827686999999999898e+03 1.162855999999999995e+03 1.770999999999999908e+00 1.447500000000000009e+00 5.850500000000000256e+00 1.550999999999999934e+00
4.000000000000000000e+00 3.040000000000000000e+03 -1.000000000000000000e+00 -1.000000000000000000e+00 -1.000000000000000000e+00 -1.000000000000000000e+00 -1.000000000000000000e+00 1.851932999999999993e+03 1.143074000000000069e+03 1.231000000000000094e+00 9.104999999999999760e-01 2.217000000000000082e+00 8.405000000000000249e-01
4.000000000000000000e+00 3.041000000000000000e+03 -1.000000000000000000e+00 -1.000000000000000000e+00 -1.000000000000000000e+00 -1.000000000000000000e+00 -1.000000000000000000e+00 1.834348999999999933e+03 1.103153000000000020e+03 2.318000000000000060e+00 1.425999999999999934e+00 3.966499999999999915e+00 2.049500000000000099e+00
4.000000000000000000e+00 3.045000000000000000e+03 -1.000000000000000000e+00 -1.000000000000000000e+00 -1.000000000000000000e+00 -1.000000000000000000e+00 -1.000000000000000000e+00 1.797371000000000095e+03 1.108645999999999958e+03 2.253000000000000114e+00 1.294499999999999984e+00 3.957500000000000018e+00 1.272499999999999964e+00
5.000000000000000000e+00 3.030000000000000000e+03 -1.000000000000000000e+00 -1.000000000000000000e+00 -1.000000000000000000e+00 -1.000000000000000000e+00 -1.000000000000000000e+00 1.853241999999999962e+03 1.140681000000000040e+03 1.425000000000000044e+00 1.036999999999999922e+00 2.798999999999999932e+00 1.175999999999999934e+00
5.000000000000000000e+00 3.031000000000000000e+03 -1.000000000000000000e+00 -1.000000000000000000e+00 -1.000000000000000000e+00 -1.000000000000000000e+00 -1.000000000000000000e+00 1.847224999999999909e+03 1.149848999999999933e+03 1.389999999999999902e+00 1.012000000000000011e+00 2.524999999999999911e+00 1.000000000000000000e+00
5.000000000000000000e+00 3.034000000000000000e+03 -1.000000000000000000e+00 -1.000000000000000000e+00 -1.000000000000000000e+00 -1.000000000000000000e+00 -1.000000000000000000e+00 1.840060999999999922e+03 1.105799999999999955e+03 1.947999999999999954e+00 1.340999999999999970e+00 4.083499999999999908e+00 1.913000000000000034e+00
5.000000000000000000e+00 3.037000000000000000e+03 -1.000000000000000000e+00 -1.000000000000000000e+00 -1.000000000000000000e+00 -1.000000000000000000e+00 -1.000000000000000000e+00 1.824935999999999922e+03 1.167281999999999925e+03 1.796000000000000041e+00 1.447500000000000009e+00 5.850500000000000256e+00 1.550999999999999934e+00
5.000000000000000000e+00 3.040000000000000000e+03 -1.000000000000000000e+00 -1.000000000000000000e+00 -1.000000000000000000e+00 -1.000000000000000000e+00 -1.000000000000000000e+00 1.851923999999999978e+03 1.142929000000000087e+03 1.231000000000000094e+00 9.104999999999999760e-01 2.217000000000000082e+00 8.405000000000000249e-01
5.000000000000000000e+00 3.041000000000000000e+03 -1.000000000000000000e+00 -1.000000000000000000e+00 -1.000000000000000000e+00 -1.000000000000000000e+00 -1.000000000000000000e+00 1.834195999999999913e+03 1.103251999999999953e+03 2.241999999999999993e+00 1.425999999999999934e+00 3.966499999999999915e+00 2.049500000000000099e+00
5.000000000000000000e+00 3.045000000000000000e+03 -1.000000000000000000e+00 -1.000000000000000000e+00 -1.000000000000000000e+00 -1.000000000000000000e+00 -1.000000000000000000e+00 1.797396999999999935e+03 1.108693999999999960e+03 2.253000000000000114e+00 1.294499999999999984e+00 3.957500000000000018e+00 1.272499999999999964e+00
6.000000000000000000e+00 3.030000000000000000e+03 -1.000000000000000000e+00 -1.000000000000000000e+00 -1.000000000000000000e+00 -1.000000000000000000e+00 -1.000000000000000000e+00 1.853262999999999920e+03 1.140646999999999935e+03 1.413999999999999924e+00 1.036999999999999922e+00 2.798999999999999932e+00 1.175999999999999934e+00
6.000000000000000000e+00 3.031000000000000000e+03 -1.000000000000000000e+00 -1.000000000000000000e+00 -1.000000000000000000e+00 -1.000000000000000000e+00 -1.000000000000000000e+00 1.847244999999999891e+03 1.149820999999999913e+03 1.389999999999999902e+00 1.012000000000000011e+00 2.524999999999999911e+00 1.000000000000000000e+00
6.000000000000000000e+00 3.034000000000000000e+03 -1.000000000000000000e+00 -1.000000000000000000e+00 -1.000000000000000000e+00 -1.000000000000000000e+00 -1.000000000000000000e+00 1.840106999999999971e+03 1.105775000000000091e+03 1.925999999999999934e+00 1.340999999999999970e+00 4.083499999999999908e+00 1.913000000000000034e+00
6.000000000000000000e+00 3.037000000000000000e+03 -1.000000000000000000e+00 -1.000000000000000000e+00 -1.000000000000000000e+00 -1.000000000000000000e+00 -1.000000000000000000e+00 1.822363000000000056e+03 1.171429000000000087e+03 1.770000000000000018e+00 1.447500000000000009e+00 5.850500000000000256e+00 1.550999999999999934e+00
6.000000000000000000e+00 3.040000000000000000e+03 -1.000000000000000000e+00 -1.000000000000000000e+00 -1.000000000000000000e+00 -1.000000000000000000e+00 -1.000000000000000000e+00 1.851893000000000029e+03 1.142825000000000045e+03 1.256000000000000005e+00 9.104999999999999760e-01 2.217000000000000082e+00 8.405000000000000249e-01
6.000000000000000000e+00 3.041000000000000000e+03 -1.000000000000000000e+00 -1.000000000000000000e+00 -1.000000000000000000e+00 -1.000000000000000000e+00 -1.000000000000000000e+00 1.834501999999999953e+03 1.103054000000000087e+03 2.242999999999999883e+00 1.425999999999999934e+00 3.966499999999999915e+00 2.049500000000000099e+00
6.000000000000000000e+00 3.065000000000000000e+03 -1.000000000000000000e+00 -1.000000000000000000e+00 -1.000000000000000000e+00 -1.000000000000000000e+00 -1.000000000000000000e+00 1.886830999999999904e+03 1.137589999999999918e+03 8.870000000000000107e-01 9.679999999999999716e-01 2.387000000000000011e+00 9.164999999999999813e-01
7.000000000000000000e+00 3.030000000000000000e+03 -1.000000000000000000e+00 -1.000000000000000000e+00 -1.000000000000000000e+00 -1.000000000000000000e+00 -1.000000000000000000e+00 1.853282999999999902e+03 1.140613000000000056e+03 1.403000000000000025e+00 1.036999999999999922e+00 2.798999999999999932e+00 1.175999999999999934e+00
7.000000000000000000e+00 3.031000000000000000e+03 -1.000000000000000000e+00 -1.000000000000000000e+00 -1.000000000000000000e+00 -1.000000000000000000e+00 -1.000000000000000000e+00 1.847296000000000049e+03 1.150111000000000104e+03 1.489999999999999991e+00 1.012000000000000011e+00 2.524999999999999911e+00 1.000000000000000000e+00
7.000000000000000000e+00 3.034000000000000000e+03 -1.000000000000000000e+00 -1.000000000000000000e+00 -1.000000000000000000e+00 -1.000000000000000000e+00 -1.000000000000000000e+00 1.840153999999999996e+03 1.105750000000000000e+03 1.903999999999999915e+00 1.340999999999999970e+00 4.083499999999999908e+00 1.913000000000000034e+00
7.000000000000000000e+00 3.040000000000000000e+03 -1.000000000000000000e+00 -1.000000000000000000e+00 -1.000000000000000000e+00 -1.000000000000000000e+00 -1.000000000000000000e+00 1.851862000000000080e+03 1.142721000000000004e+03 1.280999999999999917e+00 9.104999999999999760e-01 2.217000000000000082e+00 8.405000000000000249e-01
7.000000000000000000e+00 3.041000000000000000e+03 -1.000000000000000000e+00 -1.000000000000000000e+00 -1.000000000000000000e+00 -1.000000000000000000e+00 -1.000000000000000000e+00 1.834278000000000020e+03 1.103198000000000093e+03 2.305000000000000160e+00 1.425999999999999934e+00 3.966499999999999915e+00 2.049500000000000099e+00
7.000000000000000000e+00 3.065000000000000000e+03 -1.000000000000000000e+00 -1.000000000000000000e+00 -1.000000000000000000e+00 -1.000000000000000000e+00 -1.000000000000000000e+00 1.886808999999999969e+03 1.137538999999999987e+03 8.020000000000000462e-01 9.679999999999999716e-01 2.387000000000000011e+00 9.164999999999999813e-01
8.000000000000000000e+00 3.030000000000000000e+03 -1.000000000000000000e+00 -1.000000000000000000e+00 -1.000000000000000000e+00 -1.000000000000000000e+00 -1.000000000000000000e+00 1.853304000000000087e+03 1.140578999999999951e+03 1.391999999999999904e+00 1.036999999999999922e+00 2.798999999999999932e+00 1.175999999999999934e+00
8.000000000000000000e+00 3.031000000000000000e+03 -1.000000000000000000e+00 -1.000000000000000000e+00 -1.000000000000000000e+00 -1.000000000000000000e+00 -1.000000000000000000e+00 1.847199000000000069e+03 1.150282999999999902e+03 1.421999999999999931e+00 1.012000000000000011e+00 2.524999999999999911e+00 1.000000000000000000e+00
8.000000000000000000e+00 3.034000000000000000e+03 -1.000000000000000000e+00 -1.000000000000000000e+00 -1.000000000000000000e+00 -1.000000000000000000e+00 -1.000000000000000000e+00 1.840200000000000045e+03 1.105724999999999909e+03 1.947000000000000064e+00 1.340999999999999970e+00 4.083499999999999908e+00 1.913000000000000034e+00
8.000000000000000000e+00 3.040000000000000000e+03 -1.000000000000000000e+00 -1.000000000000000000e+00 -1.000000000000000000e+00 -1.000000000000000000e+00 -1.000000000000000000e+00 1.851749000000000024e+03 1.142770999999999958e+03 1.358000000000000096e+00 9.104999999999999760e-01 2.217000000000000082e+00 8.405000000000000249e-01
8.000000000000000000e+00 3.041000000000000000e+03 -1.000000000000000000e+00 -1.000000000000000000e+00 -1.000000000000000000e+00 -1.000000000000000000e+00 -1.000000000000000000e+00 1.834055000000000064e+03 1.103342000000000098e+03 2.366999999999999993e+00 1.425999999999999934e+00 3.966499999999999915e+00 2.049500000000000099e+00
8.000000000000000000e+00 3.065000000000000000e+03 -1.000000000000000000e+00 -1.000000000000000000e+00 -1.000000000000000000e+00 -1.000000000000000000e+00 -1.000000000000000000e+00 1.886788000000000011e+03 1.137488000000000056e+03 7.159999999999999698e-01 9.679999999999999716e-01 2.387000000000000011e+00 9.164999999999999813e-01
9.000000000000000000e+00 3.030000000000000000e+03 -1.000000000000000000e+00 -1.000000000000000000e+00 -1.000000000000000000e+00 -1.000000000000000000e+00 -1.000000000000000000e+00 1.853327999999999975e+03 1.140538999999999987e+03 1.377999999999999892e+00 1.036999999999999922e+00 2.798999999999999932e+00 1.175999999999999934e+00
9.000000000000000000e+00 3.070000000000000000e+03 -1.000000000000000000e+00 -1.000000000000000000e+00 -1.000000000000000000e+00 -1.000000000000000000e+00 -1.000000000000000000e+00 1.897451999999999998e+03 1.120279999999999973e+03 1.040999999999999925e+00 1.108000000000000096e+00 2.178500000000000103e+00 9.395000000000000018e-01
9.000000000000000000e+00 3.031000000000000000e+03 -1.000000000000000000e+00 -1.000000000000000000e+00 -1.000000000000000000e+00 -1.000000000000000000e+00 -1.000000000000000000e+00 1.847083000000000084e+03 1.150488000000000056e+03 1.340000000000000080e+00 1.012000000000000011e+00 2.524999999999999911e+00 1.000000000000000000e+00
9.000000000000000000e+00 3.034000000000000000e+03 -1.000000000000000000e+00 -1.000000000000000000e+00 -1.000000000000000000e+00 -1.000000000000000000e+00 -1.000000000000000000e+00 1.840255000000000109e+03 1.105694999999999936e+03 2.180000000000000160e+00 1.340999999999999970e+00 4.083499999999999908e+00 1.913000000000000034e+00
9.000000000000000000e+00 3.040000000000000000e+03 -1.000000000000000000e+00 -1.000000000000000000e+00 -1.000000000000000000e+00 -1.000000000000000000e+00 -1.000000000000000000e+00 1.851800999999999931e+03 1.142932000000000016e+03 1.231000000000000094e+00 9.104999999999999760e-01 2.217000000000000082e+00 8.405000000000000249e-01
9.000000000000000000e+00 3.041000000000000000e+03 -1.000000000000000000e+00 -1.000000000000000000e+00 -1.000000000000000000e+00 -1.000000000000000000e+00 -1.000000000000000000e+00 1.834520999999999958e+03 1.103041999999999916e+03 2.440999999999999837e+00 1.425999999999999934e+00 3.966499999999999915e+00 2.049500000000000099e+00
9.000000000000000000e+00 3.065000000000000000e+03 -1.000000000000000000e+00 -1.000000000000000000e+00 -1.000000000000000000e+00 -1.000000000000000000e+00 -1.000000000000000000e+00 1.886760999999999967e+03 1.137428000000000111e+03 8.269999999999999574e-01 9.679999999999999716e-01 2.387000000000000011e+00 9.164999999999999813e-01
1.000000000000000000e+01 3.030000000000000000e+03 -1.000000000000000000e+00 -1.000000000000000000e+00 -1.000000000000000000e+00 -1.000000000000000000e+00 -1.000000000000000000e+00 1.853348999999999933e+03 1.140505000000000109e+03 1.366999999999999993e+00 1.036999999999999922e+00 2.798999999999999932e+00 1.175999999999999934e+00
1.000000000000000000e+01 3.070000000000000000e+03 -1.000000000000000000e+00 -1.000000000000000000e+00 -1.000000000000000000e+00 -1.000000000000000000e+00 -1.000000000000000000e+00 1.897484999999999900e+03 1.120335000000000036e+03 1.072000000000000064e+00 1.108000000000000096e+00 2.178500000000000103e+00 9.395000000000000018e-01
1.000000000000000000e+01 3.034000000000000000e+03 -1.000000000000000000e+00 -1.000000000000000000e+00 -1.000000000000000000e+00 -1.000000000000000000e+00 -1.000000000000000000e+00 1.840301999999999907e+03 1.105670000000000073e+03 2.375000000000000000e+00 1.340999999999999970e+00 4.083499999999999908e+00 1.913000000000000034e+00
1.000000000000000000e+01 3.040000000000000000e+03 -1.000000000000000000e+00 -1.000000000000000000e+00 -1.000000000000000000e+00 -1.000000000000000000e+00 -1.000000000000000000e+00 1.851795000000000073e+03 1.143039999999999964e+03 1.207999999999999963e+00 9.104999999999999760e-01 2.217000000000000082e+00 8.405000000000000249e-01
1.000000000000000000e+01 3.041000000000000000e+03 -1.000000000000000000e+00 -1.000000000000000000e+00 -1.000000000000000000e+00 -1.000000000000000000e+00 -1.000000000000000000e+00 1.834719000000000051e+03 1.102719000000000051e+03 2.892999999999999794e+00 1.425999999999999934e+00 3.966499999999999915e+00 2.049500000000000099e+00
1.000000000000000000e+01 3.065000000000000000e+03 -1.000000000000000000e+00 -1.000000000000000000e+00 -1.000000000000000000e+00 -1.000000000000000000e+00 -1.000000000000000000e+00 1.886738000000000056e+03 1.137377999999999929e+03 9.190000000000000391e-01 9.679999999999999716e-01 2.387000000000000011e+00 9.164999999999999813e-01
1.100000000000000000e+01 3.030000000000000000e+03 -1.000000000000000000e+00 -1.000000000000000000e+00 -1.000000000000000000e+00 -1.000000000000000000e+00 -1.000000000000000000e+00 1.853339999999999918e+03 1.140500000000000000e+03 1.366999999999999993e+00 1.036999999999999922e+00 2.798999999999999932e+00 1.175999999999999934e+00
1.100000000000000000e+01 3.070000000000000000e+03 -1.000000000000000000e+00 -1.000000000000000000e+00 -1.000000000000000000e+00 -1.000000000000000000e+00 -1.000000000000000000e+00 1.897539999999999964e+03 1.120446999999999889e+03 1.078999999999999959e+00 1.108000000000000096e+00 2.178500000000000103e+00 9.395000000000000018e-01
1.100000000000000000e+01 3.034000000000000000e+03 -1.000000000000000000e+00 -1.000000000000000000e+00 -1.000000000000000000e+00 -1.000000000000000000e+00 -1.000000000000000000e+00 1.840347999999999956e+03 1.105644999999999982e+03 2.369000000000000217e+00 1.340999999999999970e+00 4.083499999999999908e+00 1.913000000000000034e+00
1.100000000000000000e+01 3.040000000000000000e+03 -1.000000000000000000e+00 -1.000000000000000000e+00 -1.000000000000000000e+00 -1.000000000000000000e+00 -1.000000000000000000e+00 1.851788999999999987e+03 1.143146999999999935e+03 1.185999999999999943e+00 9.104999999999999760e-01 2.217000000000000082e+00 8.405000000000000249e-01
1.100000000000000000e+01 3.041000000000000000e+03 -1.000000000000000000e+00 -1.000000000000000000e+00 -1.000000000000000000e+00 -1.000000000000000000e+00 -1.000000000000000000e+00 1.834867999999999938e+03 1.102623000000000047e+03 2.842999999999999972e+00 1.425999999999999934e+00 3.966499999999999915e+00 2.049500000000000099e+00
1.100000000000000000e+01 3.065000000000000000e+03 -1.000000000000000000e+00 -1.000000000000000000e+00 -1.000000000000000000e+00 -1.000000000000000000e+00 -1.000000000000000000e+00 1.886688658353981737e+03 1.137279316707963289e+03 8.963295139915370413e-01 9.679999999999999716e-01 2.387000000000000011e+00 9.164999999999999813e-01
1.200000000000000000e+01 3.030000000000000000e+03 -1.000000000000000000e+00 -1.000000000000000000e+00 -1.000000000000000000e+00 -1.000000000000000000e+00 -1.000000000000000000e+00 1.853332000000000107e+03 1.140494999999999891e+03 1.366999999999999993e+00 1.036999999999999922e+00 2.798999999999999932e+00 1.175999999999999934e+00
1.200000000000000000e+01 3.070000000000000000e+03 -1.000000000000000000e+00 -1.000000000000000000e+00 -1.000000000000000000e+00 -1.000000000000000000e+00 -1.000000000000000000e+00 1.897213999999999942e+03 1.120477000000000089e+03 1.070000000000000062e+00 1.108000000000000096e+00 2.178500000000000103e+00 9.395000000000000018e-01
1.200000000000000000e+01 3.034000000000000000e+03 -1.000000000000000000e+00 -1.000000000000000000e+00 -1.000000000000000000e+00 -1.000000000000000000e+00 -1.000000000000000000e+00 1.840347999999999956e+03 1.105644999999999982e+03 2.269000000000000128e+00 1.340999999999999970e+00 4.083499999999999908e+00 1.913000000000000034e+00
1.200000000000000000e+01 3.041000000000000000e+03 -1.000000000000000000e+00 -1.000000000000000000e+00 -1.000000000000000000e+00 -1.000000000000000000e+00 -1.000000000000000000e+00 1.834957000000000107e+03 1.102760999999999967e+03 2.443000000000000060e+00 1.425999999999999934e+00 3.966499999999999915e+00 2.049500000000000099e+00
1.200000000000000000e+01 3.065000000000000000e+03 -1.000000000000000000e+00 -1.000000000000000000e+00 -1.000000000000000000e+00 -1.000000000000000000e+00 -1.000000000000000000e+00 1.886713314930200795e+03 1.137328629860401634e+03 9.076582111733433322e-01 9.679999999999999716e-01 2.387000000000000011e+00 9.164999999999999813e-01
1.300000000000000000e+01 3.030000000000000000e+03 -1.000000000000000000e+00 -1.000000000000000000e+00 -1.000000000000000000e+00 -1.000000000000000000e+00 -1.000000000000000000e+00 1.853323000000000093e+03 1.140490000000000009e+03 1.366999999999999993e+00 1.036999999999999922e+00 2.798999999999999932e+00 1.175999999999999934e+00
1.300000000000000000e+01 3.034000000000000000e+03 -1.000000000000000000e+00 -1.000000000000000000e+00 -1.000000000000000000e+00 -1.000000000000000000e+00 -1.000000000000000000e+00 1.840347999999999956e+03 1.105644999999999982e+03 2.269000000000000128e+00 1.340999999999999970e+00 4.083499999999999908e+00 1.913000000000000034e+00
1.300000000000000000e+01 3.041000000000000000e+03 -1.000000000000000000e+00 -1.000000000000000000e+00 -1.000000000000000000e+00 -1.000000000000000000e+00 -1.000000000000000000e+00 1.834957000000000107e+03 1.102760999999999967e+03 2.443000000000000060e+00 1.425999999999999934e+00 3.966499999999999915e+00 2.049500000000000099e+00
1.300000000000000000e+01 3.065000000000000000e+03 -1.000000000000000000e+00 -1.000000000000000000e+00 -1.000000000000000000e+00 -1.000000000000000000e+00 -1.000000000000000000e+00 1.886663999999999987e+03 1.137230000000000018e+03 8.850000000000000089e-01 9.679999999999999716e-01 2.387000000000000011e+00 9.164999999999999813e-01
1.400000000000000000e+01 3.030000000000000000e+03 -1.000000000000000000e+00 -1.000000000000000000e+00 -1.000000000000000000e+00 -1.000000000000000000e+00 -1.000000000000000000e+00 1.853315000000000055e+03 1.140486000000000104e+03 1.366999999999999993e+00 1.036999999999999922e+00 2.798999999999999932e+00 1.175999999999999934e+00
1.400000000000000000e+01 3.034000000000000000e+03 -1.000000000000000000e+00 -1.000000000000000000e+00 -1.000000000000000000e+00 -1.000000000000000000e+00 -1.000000000000000000e+00 1.840347999999999956e+03 1.105644999999999982e+03 2.068999999999999950e+00 1.340999999999999970e+00 4.083499999999999908e+00 1.913000000000000034e+00
1.400000000000000000e+01 3.041000000000000000e+03 -1.000000000000000000e+00 -1.000000000000000000e+00 -1.000000000000000000e+00 -1.000000000000000000e+00 -1.000000000000000000e+00 1.834946999999999889e+03 1.102744999999999891e+03 2.443000000000000060e+00 1.425999999999999934e+00 3.966499999999999915e+00 2.049500000000000099e+00
1.500000000000000000e+01 3.034000000000000000e+03 -1.000000000000000000e+00 -1.000000000000000000e+00 -1.000000000000000000e+00 -1.000000000000000000e+00 -1.000000000000000000e+00 1.840347999999999956e+03 1.105644999999999982e+03 2.201000000000000068e+00 1.340999999999999970e+00 4.083499999999999908e+00 1.913000000000000034e+00
1.500000000000000000e+01 3.041000000000000000e+03 -1.000000000000000000e+00 -1.000000000000000000e+00 -1.000000000000000000e+00 -1.000000000000000000e+00 -1.000000000000000000e+00 1.834936999999999898e+03 1.102730000000000018e+03 2.443000000000000060e+00 1.425999999999999934e+00 3.966499999999999915e+00 2.049500000000000099e+00
1.500000000000000000e+01 3.086000000000000000e+03 -1.000000000000000000e+00 -1.000000000000000000e+00 -1.000000000000000000e+00 -1.000000000000000000e+00 -1.000000000000000000e+00 1.864743999999999915e+03 1.045528000000000020e+03 1.917999999999999927e+00 1.365499999999999936e+00 3.495999999999999996e+00 1.727500000000000036e+00
1.600000000000000000e+01 3.034000000000000000e+03 -1.000000000000000000e+00 -1.000000000000000000e+00 -1.000000000000000000e+00 -1.000000000000000000e+00 -1.000000000000000000e+00 1.840347999999999956e+03 1.105644999999999982e+03 2.334000000000000075e+00 1.340999999999999970e+00 4.083499999999999908e+00 1.913000000000000034e+00
1.600000000000000000e+01 3.041000000000000000e+03 -1.000000000000000000e+00 -1.000000000000000000e+00 -1.000000000000000000e+00 -1.000000000000000000e+00 -1.000000000000000000e+00 1.834926999999999907e+03 1.102714999999999918e+03 2.443000000000000060e+00 1.425999999999999934e+00 3.966499999999999915e+00 2.049500000000000099e+00
1.600000000000000000e+01 3.086000000000000000e+03 -1.000000000000000000e+00 -1.000000000000000000e+00 -1.000000000000000000e+00 -1.000000000000000000e+00 -1.000000000000000000e+00 1.864743999999999915e+03 1.045528000000000020e+03 1.818000000000000060e+00 1.365499999999999936e+00 3.495999999999999996e+00 1.727500000000000036e+00
1.700000000000000000e+01 3.034000000000000000e+03 -1.000000000000000000e+00 -1.000000000000000000e+00 -1.000000000000000000e+00 -1.000000000000000000e+00 -1.000000000000000000e+00 1.840347999999999956e+03 1.105644999999999982e+03 2.467000000000000082e+00 1.340999999999999970e+00 4.083499999999999908e+00 1.913000000000000034e+00
1.700000000000000000e+01 3.041000000000000000e+03 -1.000000000000000000e+00 -1.000000000000000000e+00 -1.000000000000000000e+00 -1.000000000000000000e+00 -1.000000000000000000e+00 1.834916999999999916e+03 1.102699000000000069e+03 2.443000000000000060e+00 1.425999999999999934e+00 3.966499999999999915e+00 2.049500000000000099e+00
1.700000000000000000e+01 3.086000000000000000e+03 -1.000000000000000000e+00 -1.000000000000000000e+00 -1.000000000000000000e+00 -1.000000000000000000e+00 -1.000000000000000000e+00 1.864743999999999915e+03 1.045528000000000020e+03 1.717999999999999972e+00 1.365499999999999936e+00 3.495999999999999996e+00 1.727500000000000036e+00
1.800000000000000000e+01 3.034000000000000000e+03 -1.000000000000000000e+00 -1.000000000000000000e+00 -1.000000000000000000e+00 -1.000000000000000000e+00 -1.000000000000000000e+00 1.840347999999999956e+03 1.105644999999999982e+03 2.467000000000000082e+00 1.340999999999999970e+00 4.083499999999999908e+00 1.913000000000000034e+00
1.800000000000000000e+01 3.041000000000000000e+03 -1.000000000000000000e+00 -1.000000000000000000e+00 -1.000000000000000000e+00 -1.000000000000000000e+00 -1.000000000000000000e+00 1.834906999999999925e+03 1.102683999999999969e+03 2.443000000000000060e+00 1.425999999999999934e+00 3.966499999999999915e+00 2.049500000000000099e+00
1.800000000000000000e+01 3.086000000000000000e+03 -1.000000000000000000e+00 -1.000000000000000000e+00 -1.000000000000000000e+00 -1.000000000000000000e+00 -1.000000000000000000e+00 1.864743999999999915e+03 1.045528000000000020e+03 1.618000000000000105e+00 1.365499999999999936e+00 3.495999999999999996e+00 1.727500000000000036e+00
1.900000000000000000e+01 3.034000000000000000e+03 -1.000000000000000000e+00 -1.000000000000000000e+00 -1.000000000000000000e+00 -1.000000000000000000e+00 -1.000000000000000000e+00 1.840347999999999956e+03 1.105644999999999982e+03 2.467000000000000082e+00 1.340999999999999970e+00 4.083499999999999908e+00 1.913000000000000034e+00
1.900000000000000000e+01 3.041000000000000000e+03 -1.000000000000000000e+00 -1.000000000000000000e+00 -1.000000000000000000e+00 -1.000000000000000000e+00 -1.000000000000000000e+00 1.834896999999999935e+03 1.102669000000000096e+03 2.443000000000000060e+00 1.425999999999999934e+00 3.966499999999999915e+00 2.049500000000000099e+00
1.900000000000000000e+01 3.086000000000000000e+03 -1.000000000000000000e+00 -1.000000000000000000e+00 -1.000000000000000000e+00 -1.000000000000000000e+00 -1.000000000000000000e+00 1.864743999999999915e+03 1.045528000000000020e+03 1.713000000000000078e+00 1.365499999999999936e+00 3.495999999999999996e+00 1.727500000000000036e+00
2.000000000000000000e+01 3.034000000000000000e+03 -1.000000000000000000e+00 -1.000000000000000000e+00 -1.000000000000000000e+00 -1.000000000000000000e+00 -1.000000000000000000e+00 1.840347999999999956e+03 1.105644999999999982e+03 2.467000000000000082e+00 1.340999999999999970e+00 4.083499999999999908e+00 1.913000000000000034e+00
2.000000000000000000e+01 3.041000000000000000e+03 -1.000000000000000000e+00 -1.000000000000000000e+00 -1.000000000000000000e+00 -1.000000000000000000e+00 -1.000000000000000000e+00 1.834896999999999935e+03 1.102669000000000096e+03 2.443000000000000060e+00 1.425999999999999934e+00 3.966499999999999915e+00 2.049500000000000099e+00
2.000000000000000000e+01 3.086000000000000000e+03 -1.000000000000000000e+00 -1.000000000000000000e+00 -1.000000000000000000e+00 -1.000000000000000000e+00 -1.000000000000000000e+00 1.864743999999999915e+03 1.045528000000000020e+03 1.808000000000000052e+00 1.365499999999999936e+00 3.495999999999999996e+00 1.727500000000000036e+00
2.100000000000000000e+01 3.034000000000000000e+03 -1.000000000000000000e+00 -1.000000000000000000e+00 -1.000000000000000000e+00 -1.000000000000000000e+00 -1.000000000000000000e+00 1.840347999999999956e+03 1.105644999999999982e+03 2.467000000000000082e+00 1.340999999999999970e+00 4.083499999999999908e+00 1.913000000000000034e+00
2.100000000000000000e+01 3.086000000000000000e+03 -1.000000000000000000e+00 -1.000000000000000000e+00 -1.000000000000000000e+00 -1.000000000000000000e+00 -1.000000000000000000e+00 1.864743999999999915e+03 1.045528000000000020e+03 1.883999999999999897e+00 1.365499999999999936e+00 3.495999999999999996e+00 1.727500000000000036e+00
2.200000000000000000e+01 3.086000000000000000e+03 -1.000000000000000000e+00 -1.000000000000000000e+00 -1.000000000000000000e+00 -1.000000000000000000e+00 -1.000000000000000000e+00 1.864743999999999915e+03 1.045528000000000020e+03 1.979000000000000092e+00 1.365499999999999936e+00 3.495999999999999996e+00 1.727500000000000036e+00
2.300000000000000000e+01 3.095000000000000000e+03 -1.000000000000000000e+00 -1.000000000000000000e+00 -1.000000000000000000e+00 -1.000000000000000000e+00 -1.000000000000000000e+00 1.871007000000000062e+03 1.024686999999999898e+03 1.768000000000000016e+00 1.397999999999999909e+00 5.338499999999999801e+00 2.072999999999999954e+00
2.300000000000000000e+01 3.096000000000000000e+03 -1.000000000000000000e+00 -1.000000000000000000e+00 -1.000000000000000000e+00 -1.000000000000000000e+00 -1.000000000000000000e+00 1.930287000000000035e+03 1.050709000000000060e+03 1.941999999999999948e+00 1.550999999999999934e+00 5.552500000000000213e+00 2.014499999999999957e+00
2.300000000000000000e+01 3.086000000000000000e+03 -1.000000000000000000e+00 -1.000000000000000000e+00 -1.000000000000000000e+00 -1.000000000000000000e+00 -1.000000000000000000e+00 1.864743999999999915e+03 1.045528000000000020e+03 2.072999999999999954e+00 1.365499999999999936e+00 3.495999999999999996e+00 1.727500000000000036e+00
2.400000000000000000e+01 3.095000000000000000e+03 -1.000000000000000000e+00 -1.000000000000000000e+00 -1.000000000000000000e+00 -1.000000000000000000e+00 -1.000000000000000000e+00 1.870882000000000062e+03 1.024763999999999896e+03 1.717999999999999972e+00 1.397999999999999909e+00 5.338499999999999801e+00 2.072999999999999954e+00
2.400000000000000000e+01 3.096000000000000000e+03 -1.000000000000000000e+00 -1.000000000000000000e+00 -1.000000000000000000e+00 -1.000000000000000000e+00 -1.000000000000000000e+00 1.926304000000000087e+03 1.053162000000000035e+03 1.941999999999999948e+00 1.550999999999999934e+00 5.552500000000000213e+00 2.014499999999999957e+00
2.400000000000000000e+01 3.086000000000000000e+03 -1.000000000000000000e+00 -1.000000000000000000e+00 -1.000000000000000000e+00 -1.000000000000000000e+00 -1.000000000000000000e+00 1.864743999999999915e+03 1.045528000000000020e+03 2.168000000000000149e+00 1.365499999999999936e+00 3.495999999999999996e+00 1.727500000000000036e+00
2.500000000000000000e+01 3.095000000000000000e+03 -1.000000000000000000e+00 -1.000000000000000000e+00 -1.000000000000000000e+00 -1.000000000000000000e+00 -1.000000000000000000e+00 1.871007000000000062e+03 1.024686999999999898e+03 1.568000000000000060e+00 1.397999999999999909e+00 5.338499999999999801e+00 2.072999999999999954e+00
2.500000000000000000e+01 3.096000000000000000e+03 -1.000000000000000000e+00 -1.000000000000000000e+00 -1.000000000000000000e+00 -1.000000000000000000e+00 -1.000000000000000000e+00 1.922325000000000045e+03 1.055612000000000080e+03 1.941999999999999948e+00 1.550999999999999934e+00 5.552500000000000213e+00 2.014499999999999957e+00
2.500000000000000000e+01 3.086000000000000000e+03 -1.000000000000000000e+00 -1.000000000000000000e+00 -1.000000000000000000e+00 -1.000000000000000000e+00 -1.000000000000000000e+00 1.864738000000000056e+03 1.045563000000000102e+03 2.224000000000000199e+00 1.365499999999999936e+00 3.495999999999999996e+00 1.727500000000000036e+00
2.600000000000000000e+01 3.095000000000000000e+03 -1.000000000000000000e+00 -1.000000000000000000e+00 -1.000000000000000000e+00 -1.000000000000000000e+00 -1.000000000000000000e+00 1.871007000000000062e+03 1.024686999999999898e+03 1.568000000000000060e+00 1.397999999999999909e+00 5.338499999999999801e+00 2.072999999999999954e+00
2.600000000000000000e+01 3.096000000000000000e+03 -1.000000000000000000e+00 -1.000000000000000000e+00 -1.000000000000000000e+00 -1.000000000000000000e+00 -1.000000000000000000e+00 1.918346000000000004e+03 1.058061999999999898e+03 1.941999999999999948e+00 1.550999999999999934e+00 5.552500000000000213e+00 2.014499999999999957e+00
2.600000000000000000e+01 3.086000000000000000e+03 -1.000000000000000000e+00 -1.000000000000000000e+00 -1.000000000000000000e+00 -1.000000000000000000e+00 -1.000000000000000000e+00 1.864731999999999971e+03 1.045596999999999980e+03 2.281000000000000139e+00 1.365499999999999936e+00 3.495999999999999996e+00 1.727500000000000036e+00
2.700000000000000000e+01 3.096000000000000000e+03 -1.000000000000000000e+00 -1.000000000000000000e+00 -1.000000000000000000e+00 -1.000000000000000000e+00 -1.000000000000000000e+00 1.915488000000000056e+03 1.059785000000000082e+03 1.965999999999999970e+00 1.550999999999999934e+00 5.552500000000000213e+00 2.014499999999999957e+00
2.700000000000000000e+01 3.086000000000000000e+03 -1.000000000000000000e+00 -1.000000000000000000e+00 -1.000000000000000000e+00 -1.000000000000000000e+00 -1.000000000000000000e+00 1.864727000000000089e+03 1.045627999999999929e+03 2.330999999999999961e+00 1.365499999999999936e+00 3.495999999999999996e+00 1.727500000000000036e+00
2.700000000000000000e+01 3.095000000000000000e+03 -1.000000000000000000e+00 -1.000000000000000000e+00 -1.000000000000000000e+00 -1.000000000000000000e+00 -1.000000000000000000e+00 1.871007000000000062e+03 1.024686999999999898e+03 1.568000000000000060e+00 1.397999999999999909e+00 5.338499999999999801e+00 2.072999999999999954e+00
2.800000000000000000e+01 3.095000000000000000e+03 -1.000000000000000000e+00 -1.000000000000000000e+00 -1.000000000000000000e+00 -1.000000000000000000e+00 -1.000000000000000000e+00 1.871007000000000062e+03 1.024686999999999898e+03 1.568000000000000060e+00 1.397999999999999909e+00 5.338499999999999801e+00 2.072999999999999954e+00
2.800000000000000000e+01 3.096000000000000000e+03 -1.000000000000000000e+00 -1.000000000000000000e+00 -1.000000000000000000e+00 -1.000000000000000000e+00 -1.000000000000000000e+00 1.912314000000000078e+03 1.061698000000000093e+03 1.991999999999999993e+00 1.550999999999999934e+00 5.552500000000000213e+00 2.014499999999999957e+00
2.800000000000000000e+01 3.086000000000000000e+03 -1.000000000000000000e+00 -1.000000000000000000e+00 -1.000000000000000000e+00 -1.000000000000000000e+00 -1.000000000000000000e+00 1.864721000000000004e+03 1.045662000000000035e+03 2.387999999999999901e+00 1.365499999999999936e+00 3.495999999999999996e+00 1.727500000000000036e+00
2.900000000000000000e+01 3.096000000000000000e+03 -1.000000000000000000e+00 -1.000000000000000000e+00 -1.000000000000000000e+00 -1.000000000000000000e+00 -1.000000000000000000e+00 1.909391000000000076e+03 1.063455999999999904e+03 2.016999999999999904e+00 1.550999999999999934e+00 5.552500000000000213e+00 2.014499999999999957e+00
2.900000000000000000e+01 3.086000000000000000e+03 -1.000000000000000000e+00 -1.000000000000000000e+00 -1.000000000000000000e+00 -1.000000000000000000e+00 -1.000000000000000000e+00 1.864721000000000004e+03 1.045662000000000035e+03 2.387999999999999901e+00 1.365499999999999936e+00 3.495999999999999996e+00 1.727500000000000036e+00
3.000000000000000000e+01 3.096000000000000000e+03 -1.000000000000000000e+00 -1.000000000000000000e+00 -1.000000000000000000e+00 -1.000000000000000000e+00 -1.000000000000000000e+00 1.906465999999999894e+03 1.065215999999999894e+03 2.041999999999999815e+00 1.550999999999999934e+00 5.552500000000000213e+00 2.014499999999999957e+00
3.000000000000000000e+01 3.086000000000000000e+03 -1.000000000000000000e+00 -1.000000000000000000e+00 -1.000000000000000000e+00 -1.000000000000000000e+00 -1.000000000000000000e+00 1.864721000000000004e+03 1.045662000000000035e+03 2.387999999999999901e+00 1.365499999999999936e+00 3.495999999999999996e+00 1.727500000000000036e+00
3.100000000000000000e+01 3.096000000000000000e+03 -1.000000000000000000e+00 -1.000000000000000000e+00 -1.000000000000000000e+00 -1.000000000000000000e+00 -1.000000000000000000e+00 1.903751999999999953e+03 1.066890000000000100e+03 2.092000000000000082e+00 1.550999999999999934e+00 5.552500000000000213e+00 2.014499999999999957e+00
3.200000000000000000e+01 3.096000000000000000e+03 -1.000000000000000000e+00 -1.000000000000000000e+00 -1.000000000000000000e+00 -1.000000000000000000e+00 -1.000000000000000000e+00 1.901038000000000011e+03 1.068564000000000078e+03 2.141999999999999904e+00 1.550999999999999934e+00 5.552500000000000213e+00 2.014499999999999957e+00
3.200000000000000000e+01 3.101000000000000000e+03 -1.000000000000000000e+00 -1.000000000000000000e+00 -1.000000000000000000e+00 -1.000000000000000000e+00 -1.000000000000000000e+00 1.956919000000000096e+03 1.033654999999999973e+03 1.040000000000000036e+00 1.014999999999999902e+00 3.130999999999999783e+00 1.068500000000000005e+00
3.300000000000000000e+01 3.096000000000000000e+03 -1.000000000000000000e+00 -1.000000000000000000e+00 -1.000000000000000000e+00 -1.000000000000000000e+00 -1.000000000000000000e+00 1.898148999999999887e+03 1.070346000000000004e+03 2.309000000000000163e+00 1.550999999999999934e+00 5.552500000000000213e+00 2.014499999999999957e+00
3.300000000000000000e+01 3.101000000000000000e+03 -1.000000000000000000e+00 -1.000000000000000000e+00 -1.000000000000000000e+00 -1.000000000000000000e+00 -1.000000000000000000e+00 1.952084000000000060e+03 1.036702999999999975e+03 1.040000000000000036e+00 1.014999999999999902e+00 3.130999999999999783e+00 1.068500000000000005e+00
3.400000000000000000e+01 3.096000000000000000e+03 -1.000000000000000000e+00 -1.000000000000000000e+00 -1.000000000000000000e+00 -1.000000000000000000e+00 -1.000000000000000000e+00 1.895836000000000013e+03 1.071772999999999911e+03 2.442000000000000171e+00 1.550999999999999934e+00 5.552500000000000213e+00 2.014499999999999957e+00
3.400000000000000000e+01 3.101000000000000000e+03 -1.000000000000000000e+00 -1.000000000000000000e+00 -1.000000000000000000e+00 -1.000000000000000000e+00 -1.000000000000000000e+00 1.948213999999999942e+03 1.039143000000000029e+03 1.040000000000000036e+00 1.014999999999999902e+00 3.130999999999999783e+00 1.068500000000000005e+00
3.500000000000000000e+01 3.096000000000000000e+03 -1.000000000000000000e+00 -1.000000000000000000e+00 -1.000000000000000000e+00 -1.000000000000000000e+00 -1.000000000000000000e+00 1.893526000000000067e+03 1.073278000000000020e+03 2.442000000000000171e+00 1.550999999999999934e+00 5.552500000000000213e+00 2.014499999999999957e+00
3.500000000000000000e+01 3.101000000000000000e+03 -1.000000000000000000e+00 -1.000000000000000000e+00 -1.000000000000000000e+00 -1.000000000000000000e+00 -1.000000000000000000e+00 1.944332000000000107e+03 1.041590999999999894e+03 1.040000000000000036e+00 1.014999999999999902e+00 3.130999999999999783e+00 1.068500000000000005e+00
3.500000000000000000e+01 3.102000000000000000e+03 -1.000000000000000000e+00 -1.000000000000000000e+00 -1.000000000000000000e+00 -1.000000000000000000e+00 -1.000000000000000000e+00 1.945060999999999922e+03 1.017568999999999960e+03 1.576999999999999957e+00 1.092500000000000027e+00 2.620000000000000107e+00 9.364999999999999991e-01
3.600000000000000000e+01 3.096000000000000000e+03 -1.000000000000000000e+00 -1.000000000000000000e+00 -1.000000000000000000e+00 -1.000000000000000000e+00 -1.000000000000000000e+00 1.890642000000000053e+03 1.075156999999999925e+03 2.443000000000000060e+00 1.550999999999999934e+00 5.552500000000000213e+00 2.014499999999999957e+00
3.600000000000000000e+01 3.101000000000000000e+03 -1.000000000000000000e+00 -1.000000000000000000e+00 -1.000000000000000000e+00 -1.000000000000000000e+00 -1.000000000000000000e+00 1.939487000000000080e+03 1.044645999999999958e+03 1.040000000000000036e+00 1.014999999999999902e+00 3.130999999999999783e+00 1.068500000000000005e+00
3.600000000000000000e+01 3.102000000000000000e+03 -1.000000000000000000e+00 -1.000000000000000000e+00 -1.000000000000000000e+00 -1.000000000000000000e+00 -1.000000000000000000e+00 1.945060999999999922e+03 1.017568999999999960e+03 1.552000000000000046e+00 1.092500000000000027e+00 2.620000000000000107e+00 9.364999999999999991e-01
3.700000000000000000e+01 3.101000000000000000e+03 -1.000000000000000000e+00 -1.000000000000000000e+00 -1.000000000000000000e+00 -1.000000000000000000e+00 -1.000000000000000000e+00 1.934317000000000007e+03 1.048002999999999929e+03 9.939999999999999947e-01 1.014999999999999902e+00 3.130999999999999783e+00 1.068500000000000005e+00
3.700000000000000000e+01 3.102000000000000000e+03 -1.000000000000000000e+00 -1.000000000000000000e+00 -1.000000000000000000e+00 -1.000000000000000000e+00 -1.000000000000000000e+00 1.945060999999999922e+03 1.017568999999999960e+03 1.526999999999999913e+00 1.092500000000000027e+00 2.620000000000000107e+00 9.364999999999999991e-01
3.800000000000000000e+01 3.101000000000000000e+03 -1.000000000000000000e+00 -1.000000000000000000e+00 -1.000000000000000000e+00 -1.000000000000000000e+00 -1.000000000000000000e+00 1.929682999999999993e+03 1.050839999999999918e+03 1.143000000000000016e+00 1.014999999999999902e+00 3.130999999999999783e+00 1.068500000000000005e+00
3.800000000000000000e+01 3.105000000000000000e+03 -1.000000000000000000e+00 -1.000000000000000000e+00 -1.000000000000000000e+00 -1.000000000000000000e+00 -1.000000000000000000e+00 1.982076000000000022e+03 1.047558999999999969e+03 2.395999999999999908e+00 1.145499999999999963e+00 2.620999999999999996e+00 1.842999999999999972e+00
3.800000000000000000e+01 3.102000000000000000e+03 -1.000000000000000000e+00 -1.000000000000000000e+00 -1.000000000000000000e+00 -1.000000000000000000e+00 -1.000000000000000000e+00 1.945099999999999909e+03 1.017629999999999995e+03 1.526999999999999913e+00 1.092500000000000027e+00 2.620000000000000107e+00 9.364999999999999991e-01
3.900000000000000000e+01 3.101000000000000000e+03 -1.000000000000000000e+00 -1.000000000000000000e+00 -1.000000000000000000e+00 -1.000000000000000000e+00 -1.000000000000000000e+00 1.924018000000000029e+03 1.054307000000000016e+03 1.252999999999999892e+00 1.014999999999999902e+00 3.130999999999999783e+00 1.068500000000000005e+00
3.900000000000000000e+01 3.105000000000000000e+03 -1.000000000000000000e+00 -1.000000000000000000e+00 -1.000000000000000000e+00 -1.000000000000000000e+00 -1.000000000000000000e+00 1.982076000000000022e+03 1.047558999999999969e+03 2.459000000000000075e+00 1.145499999999999963e+00 2.620999999999999996e+00 1.842999999999999972e+00
3.900000000000000000e+01 3.102000000000000000e+03 -1.000000000000000000e+00 -1.000000000000000000e+00 -1.000000000000000000e+00 -1.000000000000000000e+00 -1.000000000000000000e+00 1.945118999999999915e+03 1.017659999999999968e+03 1.526999999999999913e+00 1.092500000000000027e+00 2.620000000000000107e+00 9.364999999999999991e-01
4.000000000000000000e+01 3.101000000000000000e+03 -1.000000000000000000e+00 -1.000000000000000000e+00 -1.000000000000000000e+00 -1.000000000000000000e+00 -1.000000000000000000e+00 1.918949000000000069e+03 1.057493999999999915e+03 1.320999999999999952e+00 1.014999999999999902e+00 3.130999999999999783e+00 1.068500000000000005e+00
4.000000000000000000e+01 3.102000000000000000e+03 -1.000000000000000000e+00 -1.000000000000000000e+00 -1.000000000000000000e+00 -1.000000000000000000e+00 -1.000000000000000000e+00 1.945068999999999960e+03 1.017649000000000001e+03 1.526999999999999913e+00 1.092500000000000027e+00 2.620000000000000107e+00 9.364999999999999991e-01
4.100000000000000000e+01 3.101000000000000000e+03 -1.000000000000000000e+00 -1.000000000000000000e+00 -1.000000000000000000e+00 -1.000000000000000000e+00 -1.000000000000000000e+00 1.913874000000000024e+03 1.060684999999999945e+03 1.389999999999999902e+00 1.014999999999999902e+00 3.130999999999999783e+00 1.068500000000000005e+00
4.100000000000000000e+01 3.102000000000000000e+03 -1.000000000000000000e+00 -1.000000000000000000e+00 -1.000000000000000000e+00 -1.000000000000000000e+00 -1.000000000000000000e+00 1.945130000000000109e+03 1.017610000000000014e+03 1.526999999999999913e+00 1.092500000000000027e+00 2.620000000000000107e+00 9.364999999999999991e-01
