1.000000000000000000e+00 4.329000000000000000e+03 -1.000000000000000000e+00 -1.000000000000000000e+00 -1.000000000000000000e+00 -1.000000000000000000e+00 -1.000000000000000000e+00 1.255452999999999975e+03 9.896019999999999754e+02 3.900000000000000133e-01 2.685000000000000164e-01 8.954999999999999627e-01 5.560000000000000497e-01
2.000000000000000000e+00 4.329000000000000000e+03 -1.000000000000000000e+00 -1.000000000000000000e+00 -1.000000000000000000e+00 -1.000000000000000000e+00 -1.000000000000000000e+00 1.255452999999999975e+03 9.896019999999999754e+02 3.900000000000000133e-01 2.685000000000000164e-01 8.954999999999999627e-01 5.560000000000000497e-01
3.000000000000000000e+00 4.329000000000000000e+03 -1.000000000000000000e+00 -1.000000000000000000e+00 -1.000000000000000000e+00 -1.000000000000000000e+00 -1.000000000000000000e+00 1.255452999999999975e+03 9.896019999999999754e+02 3.900000000000000133e-01 2.685000000000000164e-01 8.954999999999999627e-01 5.560000000000000497e-01
4.000000000000000000e+00 4.329000000000000000e+03 -1.000000000000000000e+00 -1.000000000000000000e+00 -1.000000000000000000e+00 -1.000000000000000000e+00 -1.000000000000000000e+00 1.255452999999999975e+03 9.896019999999999754e+02 3.900000000000000133e-01 2.685000000000000164e-01 8.954999999999999627e-01 5.560000000000000497e-01
5.000000000000000000e+00 4.329000000000000000e+03 -1.000000000000000000e+00 -1.000000000000000000e+00 -1.000000000000000000e+00 -1.000000000000000000e+00 -1.000000000000000000e+00 1.255452999999999975e+03 9.896019999999999754e+02 3.900000000000000133e-01 2.685000000000000164e-01 8.954999999999999627e-01 5.560000000000000497e-01
6.000000000000000000e+00 4.329000000000000000e+03 -1.000000000000000000e+00 -1.000000000000000000e+00 -1.000000000000000000e+00 -1.000000000000000000e+00 -1.000000000000000000e+00 1.255452999999999975e+03 9.896029999999999518e+02 3.930000000000000160e-01 2.685000000000000164e-01 8.954999999999999627e-01 5.560000000000000497e-01
7.000000000000000000e+00 4.329000000000000000e+03 -1.000000000000000000e+00 -1.000000000000000000e+00 -1.000000000000000000e+00 -1.000000000000000000e+00 -1.000000000000000000e+00 1.255451999999999998e+03 9.896029999999999518e+02 3.950000000000000178e-01 2.685000000000000164e-01 8.954999999999999627e-01 5.560000000000000497e-01
8.000000000000000000e+00 4.329000000000000000e+03 -1.000000000000000000e+00 -1.000000000000000000e+00 -1.000000000000000000e+00 -1.000000000000000000e+00 -1.000000000000000000e+00 1.255451000000000022e+03 9.896040000000000418e+02 3.980000000000000204e-01 2.685000000000000164e-01 8.954999999999999627e-01 5.560000000000000497e-01
9.000000000000000000e+00 4.329000000000000000e+03 -1.000000000000000000e+00 -1.000000000000000000e+00 -1.000000000000000000e+00 -1.000000000000000000e+00 -1.000000000000000000e+00 1.255450000000000045e+03 9.896040000000000418e+02 4.010000000000000231e-01 2.685000000000000164e-01 8.954999999999999627e-01 5.560000000000000497e-01
1.000000000000000000e+01 4.329000000000000000e+03 -1.000000000000000000e+00 -1.000000000000000000e+00 -1.000000000000000000e+00 -1.000000000000000000e+00 -1.000000000000000000e+00 1.255449000000000069e+03 9.896050000000000182e+02 4.040000000000000258e-01 2.685000000000000164e-01 8.954999999999999627e-01 5.560000000000000497e-01
1.100000000000000000e+01 4.329000000000000000e+03 -1.000000000000000000e+00 -1.000000000000000000e+00 -1.000000000000000000e+00 -1.000000000000000000e+00 -1.000000000000000000e+00 1.255449000000000069e+03 9.896059999999999945e+02 4.069999999999999729e-01 2.685000000000000164e-01 8.954999999999999627e-01 5.560000000000000497e-01
1.200000000000000000e+01 4.329000000000000000e+03 -1.000000000000000000e+00 -1.000000000000000000e+00 -1.000000000000000000e+00 -1.000000000000000000e+00 -1.000000000000000000e+00 1.255448000000000093e+03 9.896059999999999945e+02 4.099999999999999756e-01 2.685000000000000164e-01 8.954999999999999627e-01 5.560000000000000497e-01
1.300000000000000000e+01 4.329000000000000000e+03 -1.000000000000000000e+00 -1.000000000000000000e+00 -1.000000000000000000e+00 -1.000000000000000000e+00 -1.000000000000000000e+00 1.255446999999999889e+03 9.896069999999999709e+02 4.119999999999999774e-01 2.685000000000000164e-01 8.954999999999999627e-01 5.560000000000000497e-01
1.400000000000000000e+01 4.329000000000000000e+03 -1.000000000000000000e+00 -1.000000000000000000e+00 -1.000000000000000000e+00 -1.000000000000000000e+00 -1.000000000000000000e+00 1.255445999999999913e+03 9.896079999999999472e+02 4.149999999999999800e-01 2.685000000000000164e-01 8.954999999999999627e-01 5.560000000000000497e-01
1.500000000000000000e+01 4.329000000000000000e+03 -1.000000000000000000e+00 -1.000000000000000000e+00 -1.000000000000000000e+00 -1.000000000000000000e+00 -1.000000000000000000e+00 1.255444999999999936e+03 9.896079999999999472e+02 4.179999999999999827e-01 2.685000000000000164e-01 8.954999999999999627e-01 5.560000000000000497e-01
1.600000000000000000e+01 4.329000000000000000e+03 -1.000000000000000000e+00 -1.000000000000000000e+00 -1.000000000000000000e+00 -1.000000000000000000e+00 -1.000000000000000000e+00 1.255443999999999960e+03 9.896090000000000373e+02 4.209999999999999853e-01 2.685000000000000164e-01 8.954999999999999627e-01 5.560000000000000497e-01
1.700000000000000000e+01 4.329000000000000000e+03 -1.000000000000000000e+00 -1.000000000000000000e+00 -1.000000000000000000e+00 -1.000000000000000000e+00 -1.000000000000000000e+00 1.255442999999999984e+03 9.896100000000000136e+02 4.239999999999999880e-01 2.685000000000000164e-01 8.954999999999999627e-01 5.560000000000000497e-01
1.800000000000000000e+01 4.329000000000000000e+03 -1.000000000000000000e+00 -1.000000000000000000e+00 -1.000000000000000000e+00 -1.000000000000000000e+00 -1.000000000000000000e+00 1.255442999999999984e+03 9.896100000000000136e+02 4.259999999999999898e-01 2.685000000000000164e-01 8.954999999999999627e-01 5.560000000000000497e-01
1.900000000000000000e+01 4.329000000000000000e+03 -1.000000000000000000e+00 -1.000000000000000000e+00 -1.000000000000000000e+00 -1.000000000000000000e+00 -1.000000000000000000e+00 1.255442000000000007e+03 9.896109999999999900e+02 4.299999999999999933e-01 2.685000000000000164e-01 8.954999999999999627e-01 5.560000000000000497e-01
2.000000000000000000e+01 4.329000000000000000e+03 -1.000000000000000000e+00 -1.000000000000000000e+00 -1.000000000000000000e+00 -1.000000000000000000e+00 -1.000000000000000000e+00 1.255441000000000031e+03 9.896119999999999663e+02 4.329999999999999960e-01 2.685000000000000164e-01 8.954999999999999627e-01 5.560000000000000497e-01
2.100000000000000000e+01 4.329000000000000000e+03 -1.000000000000000000e+00 -1.000000000000000000e+00 -1.000000000000000000e+00 -1.000000000000000000e+00 -1.000000000000000000e+00 1.255440000000000055e+03 9.896119999999999663e+02 4.359999999999999987e-01 2.685000000000000164e-01 8.954999999999999627e-01 5.560000000000000497e-01
2.200000000000000000e+01 4.329000000000000000e+03 -1.000000000000000000e+00 -1.000000000000000000e+00 -1.000000000000000000e+00 -1.000000000000000000e+00 -1.000000000000000000e+00 1.255439000000000078e+03 9.896130000000000564e+02 4.390000000000000013e-01 2.685000000000000164e-01 8.954999999999999627e-01 5.560000000000000497e-01
2.300000000000000000e+01 4.329000000000000000e+03 -1.000000000000000000e+00 -1.000000000000000000e+00 -1.000000000000000000e+00 -1.000000000000000000e+00 -1.000000000000000000e+00 1.255438000000000102e+03 9.896140000000000327e+02 4.420000000000000040e-01 2.685000000000000164e-01 8.954999999999999627e-01 5.560000000000000497e-01
2.400000000000000000e+01 4.329000000000000000e+03 -1.000000000000000000e+00 -1.000000000000000000e+00 -1.000000000000000000e+00 -1.000000000000000000e+00 -1.000000000000000000e+00 1.255436999999999898e+03 9.896140000000000327e+02 4.440000000000000058e-01 2.685000000000000164e-01 8.954999999999999627e-01 5.560000000000000497e-01
2.500000000000000000e+01 4.329000000000000000e+03 -1.000000000000000000e+00 -1.000000000000000000e+00 -1.000000000000000000e+00 -1.000000000000000000e+00 -1.000000000000000000e+00 1.255436999999999898e+03 9.896150000000000091e+02 4.470000000000000084e-01 2.685000000000000164e-01 8.954999999999999627e-01 5.560000000000000497e-01
2.600000000000000000e+01 4.329000000000000000e+03 -1.000000000000000000e+00 -1.000000000000000000e+00 -1.000000000000000000e+00 -1.000000000000000000e+00 -1.000000000000000000e+00 1.255435999999999922e+03 9.896150000000000091e+02 4.500000000000000111e-01 2.685000000000000164e-01 8.954999999999999627e-01 5.560000000000000497e-01
2.700000000000000000e+01 4.329000000000000000e+03 -1.000000000000000000e+00 -1.000000000000000000e+00 -1.000000000000000000e+00 -1.000000000000000000e+00 -1.000000000000000000e+00 1.255434999999999945e+03 9.896159999999999854e+02 4.530000000000000138e-01 2.685000000000000164e-01 8.954999999999999627e-01 5.560000000000000497e-01
2.800000000000000000e+01 4.329000000000000000e+03 -1.000000000000000000e+00 -1.000000000000000000e+00 -1.000000000000000000e+00 -1.000000000000000000e+00 -1.000000000000000000e+00 1.255433999999999969e+03 9.896169999999999618e+02 4.560000000000000164e-01 2.685000000000000164e-01 8.954999999999999627e-01 5.560000000000000497e-01
2.900000000000000000e+01 4.329000000000000000e+03 -1.000000000000000000e+00 -1.000000000000000000e+00 -1.000000000000000000e+00 -1.000000000000000000e+00 -1.000000000000000000e+00 1.255432999999999993e+03 9.896169999999999618e+02 4.590000000000000191e-01 2.685000000000000164e-01 8.954999999999999627e-01 5.560000000000000497e-01
3.000000000000000000e+01 4.329000000000000000e+03 -1.000000000000000000e+00 -1.000000000000000000e+00 -1.000000000000000000e+00 -1.000000000000000000e+00 -1.000000000000000000e+00 1.255432000000000016e+03 9.896180000000000518e+02 4.620000000000000218e-01 2.685000000000000164e-01 8.954999999999999627e-01 5.560000000000000497e-01
3.100000000000000000e+01 4.329000000000000000e+03 -1.000000000000000000e+00 -1.000000000000000000e+00 -1.000000000000000000e+00 -1.000000000000000000e+00 -1.000000000000000000e+00 1.255432000000000016e+03 9.896190000000000282e+02 4.640000000000000235e-01 2.685000000000000164e-01 8.954999999999999627e-01 5.560000000000000497e-01
3.200000000000000000e+01 4.329000000000000000e+03 -1.000000000000000000e+00 -1.000000000000000000e+00 -1.000000000000000000e+00 -1.000000000000000000e+00 -1.000000000000000000e+00 1.255431000000000040e+03 9.896190000000000282e+02 4.670000000000000262e-01 2.685000000000000164e-01 8.954999999999999627e-01 5.560000000000000497e-01
3.300000000000000000e+01 4.329000000000000000e+03 -1.000000000000000000e+00 -1.000000000000000000e+00 -1.000000000000000000e+00 -1.000000000000000000e+00 -1.000000000000000000e+00 1.255430000000000064e+03 9.896200000000000045e+02 4.699999999999999734e-01 2.685000000000000164e-01 8.954999999999999627e-01 5.560000000000000497e-01
3.400000000000000000e+01 4.329000000000000000e+03 -1.000000000000000000e+00 -1.000000000000000000e+00 -1.000000000000000000e+00 -1.000000000000000000e+00 -1.000000000000000000e+00 1.255429000000000087e+03 9.896209999999999809e+02 4.719999999999999751e-01 2.685000000000000164e-01 8.954999999999999627e-01 5.560000000000000497e-01
3.500000000000000000e+01 4.329000000000000000e+03 -1.000000000000000000e+00 -1.000000000000000000e+00 -1.000000000000000000e+00 -1.000000000000000000e+00 -1.000000000000000000e+00 1.255428000000000111e+03 9.896209999999999809e+02 4.749999999999999778e-01 2.685000000000000164e-01 8.954999999999999627e-01 5.560000000000000497e-01
3.600000000000000000e+01 4.329000000000000000e+03 -1.000000000000000000e+00 -1.000000000000000000e+00 -1.000000000000000000e+00 -1.000000000000000000e+00 -1.000000000000000000e+00 1.255428000000000111e+03 9.896219999999999573e+02 4.779999999999999805e-01 2.685000000000000164e-01 8.954999999999999627e-01 5.560000000000000497e-01
3.700000000000000000e+01 4.329000000000000000e+03 -1.000000000000000000e+00 -1.000000000000000000e+00 -1.000000000000000000e+00 -1.000000000000000000e+00 -1.000000000000000000e+00 1.255426999999999907e+03 9.896219999999999573e+02 4.809999999999999831e-01 2.685000000000000164e-01 8.954999999999999627e-01 5.560000000000000497e-01
3.800000000000000000e+01 4.329000000000000000e+03 -1.000000000000000000e+00 -1.000000000000000000e+00 -1.000000000000000000e+00 -1.000000000000000000e+00 -1.000000000000000000e+00 1.255425999999999931e+03 9.896230000000000473e+02 4.839999999999999858e-01 2.685000000000000164e-01 8.954999999999999627e-01 5.560000000000000497e-01
3.900000000000000000e+01 4.329000000000000000e+03 -1.000000000000000000e+00 -1.000000000000000000e+00 -1.000000000000000000e+00 -1.000000000000000000e+00 -1.000000000000000000e+00 1.255424999999999955e+03 9.896240000000000236e+02 4.869999999999999885e-01 2.685000000000000164e-01 8.954999999999999627e-01 5.560000000000000497e-01
4.000000000000000000e+01 4.329000000000000000e+03 -1.000000000000000000e+00 -1.000000000000000000e+00 -1.000000000000000000e+00 -1.000000000000000000e+00 -1.000000000000000000e+00 1.255423999999999978e+03 9.896250000000000000e+02 4.899999999999999911e-01 2.685000000000000164e-01 8.954999999999999627e-01 5.560000000000000497e-01
