1.000000000000000000e+00 5.806000000000000000e+03 -1.000000000000000000e+00 -1.000000000000000000e+00 -1.000000000000000000e+00 -1.000000000000000000e+00 -1.000000000000000000e+00 5.426970000000000027e+02 1.754948000000000093e+03 3.008999999999999897e+00 4.630000000000000226e-01 4.964999999999999969e-01 9.080000000000000293e-01
1.000000000000000000e+00 5.809000000000000000e+03 -1.000000000000000000e+00 -1.000000000000000000e+00 -1.000000000000000000e+00 -1.000000000000000000e+00 -1.000000000000000000e+00 5.235850000000000364e+02 1.696393000000000029e+03 1.419999999999999873e-01 4.824999999999999845e-01 5.250000000000000222e-01 9.130000000000000338e-01
2.000000000000000000e+00 5.806000000000000000e+03 -1.000000000000000000e+00 -1.000000000000000000e+00 -1.000000000000000000e+00 -1.000000000000000000e+00 -1.000000000000000000e+00 5.426459999999999582e+02 1.754640000000000100e+03 2.927000000000000046e+00 4.630000000000000226e-01 4.964999999999999969e-01 9.080000000000000293e-01
2.000000000000000000e+00 5.809000000000000000e+03 -1.000000000000000000e+00 -1.000000000000000000e+00 -1.000000000000000000e+00 -1.000000000000000000e+00 -1.000000000000000000e+00 5.244600000000000364e+02 1.696093000000000075e+03 -8.000000000000000167e-03 4.824999999999999845e-01 5.250000000000000222e-01 9.130000000000000338e-01
3.000000000000000000e+00 5.806000000000000000e+03 -1.000000000000000000e+00 -1.000000000000000000e+00 -1.000000000000000000e+00 -1.000000000000000000e+00 -1.000000000000000000e+00 5.425330000000000155e+02 1.754143000000000029e+03 2.685000000000000053e+00 4.630000000000000226e-01 4.964999999999999969e-01 9.080000000000000293e-01
3.000000000000000000e+00 5.809000000000000000e+03 -1.000000000000000000e+00 -1.000000000000000000e+00 -1.000000000000000000e+00 -1.000000000000000000e+00 -1.000000000000000000e+00 5.253840000000000146e+02 1.695775000000000091e+03 -9.299999999999999933e-02 4.824999999999999845e-01 5.250000000000000222e-01 9.130000000000000338e-01
4.000000000000000000e+00 5.806000000000000000e+03 -1.000000000000000000e+00 -1.000000000000000000e+00 -1.000000000000000000e+00 -1.000000000000000000e+00 -1.000000000000000000e+00 5.423600000000000136e+02 1.753602000000000089e+03 2.416999999999999815e+00 4.630000000000000226e-01 4.964999999999999969e-01 9.080000000000000293e-01
4.000000000000000000e+00 5.809000000000000000e+03 -1.000000000000000000e+00 -1.000000000000000000e+00 -1.000000000000000000e+00 -1.000000000000000000e+00 -1.000000000000000000e+00 5.266539999999999964e+02 1.695342000000000098e+03 -2.869999999999999774e-01 4.824999999999999845e-01 5.250000000000000222e-01 9.130000000000000338e-01
5.000000000000000000e+00 5.806000000000000000e+03 -1.000000000000000000e+00 -1.000000000000000000e+00 -1.000000000000000000e+00 -1.000000000000000000e+00 -1.000000000000000000e+00 5.421290000000000191e+02 1.753078999999999951e+03 2.209000000000000075e+00 4.630000000000000226e-01 4.964999999999999969e-01 9.080000000000000293e-01
5.000000000000000000e+00 5.817000000000000000e+03 -1.000000000000000000e+00 -1.000000000000000000e+00 -1.000000000000000000e+00 -1.000000000000000000e+00 -1.000000000000000000e+00 5.461689999999999827e+02 1.772981999999999971e+03 6.347000000000000419e+00 5.580000000000000515e-01 5.560000000000000497e-01 9.385000000000000009e-01
6.000000000000000000e+00 5.806000000000000000e+03 -1.000000000000000000e+00 -1.000000000000000000e+00 -1.000000000000000000e+00 -1.000000000000000000e+00 -1.000000000000000000e+00 5.418990000000000009e+02 1.752556000000000040e+03 2.000000000000000000e+00 4.630000000000000226e-01 4.964999999999999969e-01 9.080000000000000293e-01
6.000000000000000000e+00 5.817000000000000000e+03 -1.000000000000000000e+00 -1.000000000000000000e+00 -1.000000000000000000e+00 -1.000000000000000000e+00 -1.000000000000000000e+00 5.462580000000000382e+02 1.773579999999999927e+03 6.469000000000000306e+00 5.580000000000000515e-01 5.560000000000000497e-01 9.385000000000000009e-01
7.000000000000000000e+00 5.806000000000000000e+03 -1.000000000000000000e+00 -1.000000000000000000e+00 -1.000000000000000000e+00 -1.000000000000000000e+00 -1.000000000000000000e+00 5.416680000000000064e+02 1.752031999999999925e+03 1.792000000000000037e+00 4.630000000000000226e-01 4.964999999999999969e-01 9.080000000000000293e-01
7.000000000000000000e+00 5.817000000000000000e+03 -1.000000000000000000e+00 -1.000000000000000000e+00 -1.000000000000000000e+00 -1.000000000000000000e+00 -1.000000000000000000e+00 5.463329999999999700e+02 1.774097999999999956e+03 6.657000000000000028e+00 5.580000000000000515e-01 5.560000000000000497e-01 9.385000000000000009e-01
8.000000000000000000e+00 5.806000000000000000e+03 -1.000000000000000000e+00 -1.000000000000000000e+00 -1.000000000000000000e+00 -1.000000000000000000e+00 -1.000000000000000000e+00 5.414120000000000346e+02 1.751424999999999955e+03 1.741999999999999993e+00 4.630000000000000226e-01 4.964999999999999969e-01 9.080000000000000293e-01
8.000000000000000000e+00 5.817000000000000000e+03 -1.000000000000000000e+00 -1.000000000000000000e+00 -1.000000000000000000e+00 -1.000000000000000000e+00 -1.000000000000000000e+00 5.464084158714631485e+02 1.774614423914522149e+03 6.845289957229050870e+00 5.580000000000000515e-01 5.560000000000000497e-01 9.385000000000000009e-01
9.000000000000000000e+00 5.806000000000000000e+03 -1.000000000000000000e+00 -1.000000000000000000e+00 -1.000000000000000000e+00 -1.000000000000000000e+00 -1.000000000000000000e+00 5.411889999999999645e+02 1.750807000000000016e+03 1.691999999999999948e+00 4.630000000000000226e-01 4.964999999999999969e-01 9.080000000000000293e-01
9.000000000000000000e+00 5.817000000000000000e+03 -1.000000000000000000e+00 -1.000000000000000000e+00 -1.000000000000000000e+00 -1.000000000000000000e+00 -1.000000000000000000e+00 5.464840000000000373e+02 1.775132000000000062e+03 7.033999999999999808e+00 5.580000000000000515e-01 5.560000000000000497e-01 9.385000000000000009e-01
1.000000000000000000e+01 5.806000000000000000e+03 -1.000000000000000000e+00 -1.000000000000000000e+00 -1.000000000000000000e+00 -1.000000000000000000e+00 -1.000000000000000000e+00 5.410109999999999673e+02 1.750227000000000089e+03 1.542000000000000037e+00 4.630000000000000226e-01 4.964999999999999969e-01 9.080000000000000293e-01
1.000000000000000000e+01 5.817000000000000000e+03 -1.000000000000000000e+00 -1.000000000000000000e+00 -1.000000000000000000e+00 -1.000000000000000000e+00 -1.000000000000000000e+00 5.465800000000000409e+02 1.775778999999999996e+03 6.858999999999999986e+00 5.580000000000000515e-01 5.560000000000000497e-01 9.385000000000000009e-01
1.100000000000000000e+01 5.806000000000000000e+03 -1.000000000000000000e+00 -1.000000000000000000e+00 -1.000000000000000000e+00 -1.000000000000000000e+00 -1.000000000000000000e+00 5.408630000000000564e+02 1.749636999999999944e+03 1.391999999999999904e+00 4.630000000000000226e-01 4.964999999999999969e-01 9.080000000000000293e-01
1.100000000000000000e+01 5.817000000000000000e+03 -1.000000000000000000e+00 -1.000000000000000000e+00 -1.000000000000000000e+00 -1.000000000000000000e+00 -1.000000000000000000e+00 5.466829999999999927e+02 1.776366999999999962e+03 6.884000000000000341e+00 5.580000000000000515e-01 5.560000000000000497e-01 9.385000000000000009e-01
1.200000000000000000e+01 5.806000000000000000e+03 -1.000000000000000000e+00 -1.000000000000000000e+00 -1.000000000000000000e+00 -1.000000000000000000e+00 -1.000000000000000000e+00 5.407240000000000464e+02 1.749046000000000049e+03 1.316999999999999948e+00 4.630000000000000226e-01 4.964999999999999969e-01 9.080000000000000293e-01
1.200000000000000000e+01 5.817000000000000000e+03 -1.000000000000000000e+00 -1.000000000000000000e+00 -1.000000000000000000e+00 -1.000000000000000000e+00 -1.000000000000000000e+00 5.468744017933992154e+02 1.777001674354091392e+03 6.908987179294935999e+00 5.580000000000000515e-01 5.560000000000000497e-01 9.385000000000000009e-01
1.300000000000000000e+01 5.806000000000000000e+03 -1.000000000000000000e+00 -1.000000000000000000e+00 -1.000000000000000000e+00 -1.000000000000000000e+00 -1.000000000000000000e+00 5.406219999999999573e+02 1.748446999999999889e+03 1.241999999999999993e+00 4.630000000000000226e-01 4.964999999999999969e-01 9.080000000000000293e-01
1.300000000000000000e+01 5.817000000000000000e+03 -1.000000000000000000e+00 -1.000000000000000000e+00 -1.000000000000000000e+00 -1.000000000000000000e+00 -1.000000000000000000e+00 5.470660000000000309e+02 1.777636999999999944e+03 6.934000000000000163e+00 5.580000000000000515e-01 5.560000000000000497e-01 9.385000000000000009e-01
1.400000000000000000e+01 5.806000000000000000e+03 -1.000000000000000000e+00 -1.000000000000000000e+00 -1.000000000000000000e+00 -1.000000000000000000e+00 -1.000000000000000000e+00 5.406019999999999754e+02 1.747903999999999996e+03 1.040999999999999925e+00 4.630000000000000226e-01 4.964999999999999969e-01 9.080000000000000293e-01
1.400000000000000000e+01 5.817000000000000000e+03 -1.000000000000000000e+00 -1.000000000000000000e+00 -1.000000000000000000e+00 -1.000000000000000000e+00 -1.000000000000000000e+00 5.473089999999999691e+02 1.778269999999999982e+03 7.083999999999999631e+00 5.580000000000000515e-01 5.560000000000000497e-01 9.385000000000000009e-01
1.500000000000000000e+01 5.806000000000000000e+03 -1.000000000000000000e+00 -1.000000000000000000e+00 -1.000000000000000000e+00 -1.000000000000000000e+00 -1.000000000000000000e+00 5.405960000000000036e+02 1.747361000000000104e+03 8.409999999999999698e-01 4.630000000000000226e-01 4.964999999999999969e-01 9.080000000000000293e-01
1.500000000000000000e+01 5.817000000000000000e+03 -1.000000000000000000e+00 -1.000000000000000000e+00 -1.000000000000000000e+00 -1.000000000000000000e+00 -1.000000000000000000e+00 5.475589999999999691e+02 1.778897999999999911e+03 7.134000000000000341e+00 5.580000000000000515e-01 5.560000000000000497e-01 9.385000000000000009e-01
1.600000000000000000e+01 5.806000000000000000e+03 -1.000000000000000000e+00 -1.000000000000000000e+00 -1.000000000000000000e+00 -1.000000000000000000e+00 -1.000000000000000000e+00 5.405990000000000464e+02 1.746634999999999991e+03 6.420000000000000151e-01 4.630000000000000226e-01 4.964999999999999969e-01 9.080000000000000293e-01
1.600000000000000000e+01 5.817000000000000000e+03 -1.000000000000000000e+00 -1.000000000000000000e+00 -1.000000000000000000e+00 -1.000000000000000000e+00 -1.000000000000000000e+00 5.476319999999999482e+02 1.779512999999999920e+03 7.233999999999999986e+00 5.580000000000000515e-01 5.560000000000000497e-01 9.385000000000000009e-01
1.700000000000000000e+01 5.806000000000000000e+03 -1.000000000000000000e+00 -1.000000000000000000e+00 -1.000000000000000000e+00 -1.000000000000000000e+00 -1.000000000000000000e+00 5.406019999999999754e+02 1.745910000000000082e+03 4.420000000000000040e-01 4.630000000000000226e-01 4.964999999999999969e-01 9.080000000000000293e-01
1.700000000000000000e+01 5.817000000000000000e+03 -1.000000000000000000e+00 -1.000000000000000000e+00 -1.000000000000000000e+00 -1.000000000000000000e+00 -1.000000000000000000e+00 5.477340000000000373e+02 1.779913000000000011e+03 7.233999999999999986e+00 5.580000000000000515e-01 5.560000000000000497e-01 9.385000000000000009e-01
1.800000000000000000e+01 5.806000000000000000e+03 -1.000000000000000000e+00 -1.000000000000000000e+00 -1.000000000000000000e+00 -1.000000000000000000e+00 -1.000000000000000000e+00 5.406499999999999773e+02 1.745209000000000060e+03 3.669999999999999929e-01 4.630000000000000226e-01 4.964999999999999969e-01 9.080000000000000293e-01
1.800000000000000000e+01 5.817000000000000000e+03 -1.000000000000000000e+00 -1.000000000000000000e+00 -1.000000000000000000e+00 -1.000000000000000000e+00 -1.000000000000000000e+00 5.477820000000000391e+02 1.780634999999999991e+03 7.134000000000000341e+00 5.580000000000000515e-01 5.560000000000000497e-01 9.385000000000000009e-01
1.900000000000000000e+01 5.806000000000000000e+03 -1.000000000000000000e+00 -1.000000000000000000e+00 -1.000000000000000000e+00 -1.000000000000000000e+00 -1.000000000000000000e+00 5.407419999999999618e+02 1.744511999999999944e+03 2.909999999999999809e-01 4.630000000000000226e-01 4.964999999999999969e-01 9.080000000000000293e-01
2.000000000000000000e+01 5.806000000000000000e+03 -1.000000000000000000e+00 -1.000000000000000000e+00 -1.000000000000000000e+00 -1.000000000000000000e+00 -1.000000000000000000e+00 5.408220000000000027e+02 1.743920000000000073e+03 2.159999999999999976e-01 4.630000000000000226e-01 4.964999999999999969e-01 9.080000000000000293e-01
2.100000000000000000e+01 5.806000000000000000e+03 -1.000000000000000000e+00 -1.000000000000000000e+00 -1.000000000000000000e+00 -1.000000000000000000e+00 -1.000000000000000000e+00 5.410470000000000255e+02 1.743163999999999987e+03 1.409999999999999865e-01 4.630000000000000226e-01 4.964999999999999969e-01 9.080000000000000293e-01
2.200000000000000000e+01 5.806000000000000000e+03 -1.000000000000000000e+00 -1.000000000000000000e+00 -1.000000000000000000e+00 -1.000000000000000000e+00 -1.000000000000000000e+00 5.413959999999999582e+02 1.742432999999999993e+03 6.600000000000000311e-02 4.630000000000000226e-01 4.964999999999999969e-01 9.080000000000000293e-01
2.300000000000000000e+01 5.806000000000000000e+03 -1.000000000000000000e+00 -1.000000000000000000e+00 -1.000000000000000000e+00 -1.000000000000000000e+00 -1.000000000000000000e+00 5.417640000000000100e+02 1.741712999999999965e+03 -8.999999999999999320e-03 4.630000000000000226e-01 4.964999999999999969e-01 9.080000000000000293e-01
2.400000000000000000e+01 5.806000000000000000e+03 -1.000000000000000000e+00 -1.000000000000000000e+00 -1.000000000000000000e+00 -1.000000000000000000e+00 -1.000000000000000000e+00 5.421309999999999718e+02 1.740979000000000042e+03 -1.089999999999999997e-01 4.630000000000000226e-01 4.964999999999999969e-01 9.080000000000000293e-01
2.500000000000000000e+01 5.806000000000000000e+03 -1.000000000000000000e+00 -1.000000000000000000e+00 -1.000000000000000000e+00 -1.000000000000000000e+00 -1.000000000000000000e+00 5.425170000000000528e+02 1.740253999999999905e+03 -2.089999999999999913e-01 4.630000000000000226e-01 4.964999999999999969e-01 9.080000000000000293e-01
4.000000000000000000e+01 5.819000000000000000e+03 -1.000000000000000000e+00 -1.000000000000000000e+00 -1.000000000000000000e+00 -1.000000000000000000e+00 -1.000000000000000000e+00 5.994120000000000346e+02 1.811503999999999905e+03 2.044000000000000039e+00 4.294999999999999929e-01 4.119999999999999774e-01 8.844999999999999529e-01
