1.000000000000000000e+00 4.500000000000000000e+01 -1.000000000000000000e+00 -1.000000000000000000e+00 -1.000000000000000000e+00 -1.000000000000000000e+00 -1.000000000000000000e+00 1.231309999999999945e+03 6.053890000000000100e+02 1.546000000000000041e+00 1.399999999999999911e+00 5.940000000000000391e+00 1.973500000000000032e+00
2.000000000000000000e+00 4.500000000000000000e+01 -1.000000000000000000e+00 -1.000000000000000000e+00 -1.000000000000000000e+00 -1.000000000000000000e+00 -1.000000000000000000e+00 1.231736000000000104e+03 6.076380000000000337e+02 1.524999999999999911e+00 1.399999999999999911e+00 5.940000000000000391e+00 1.973500000000000032e+00
3.000000000000000000e+00 4.500000000000000000e+01 -1.000000000000000000e+00 -1.000000000000000000e+00 -1.000000000000000000e+00 -1.000000000000000000e+00 -1.000000000000000000e+00 1.231941000000000031e+03 6.098880000000000337e+02 1.502999999999999892e+00 1.399999999999999911e+00 5.940000000000000391e+00 1.973500000000000032e+00
4.000000000000000000e+00 4.500000000000000000e+01 -1.000000000000000000e+00 -1.000000000000000000e+00 -1.000000000000000000e+00 -1.000000000000000000e+00 -1.000000000000000000e+00 1.231990999999999985e+03 6.125819999999999936e+02 1.481999999999999984e+00 1.399999999999999911e+00 5.940000000000000391e+00 1.973500000000000032e+00
5.000000000000000000e+00 4.500000000000000000e+01 -1.000000000000000000e+00 -1.000000000000000000e+00 -1.000000000000000000e+00 -1.000000000000000000e+00 -1.000000000000000000e+00 1.231866999999999962e+03 6.152730000000000246e+02 1.461000000000000076e+00 1.399999999999999911e+00 5.940000000000000391e+00 1.973500000000000032e+00
6.000000000000000000e+00 4.500000000000000000e+01 -1.000000000000000000e+00 -1.000000000000000000e+00 -1.000000000000000000e+00 -1.000000000000000000e+00 -1.000000000000000000e+00 1.231595000000000027e+03 6.179539999999999509e+02 1.439000000000000057e+00 1.399999999999999911e+00 5.940000000000000391e+00 1.973500000000000032e+00
7.000000000000000000e+00 4.500000000000000000e+01 -1.000000000000000000e+00 -1.000000000000000000e+00 -1.000000000000000000e+00 -1.000000000000000000e+00 -1.000000000000000000e+00 1.231558999999999969e+03 6.203799999999999955e+02 1.465999999999999970e+00 1.399999999999999911e+00 5.940000000000000391e+00 1.973500000000000032e+00
8.000000000000000000e+00 4.500000000000000000e+01 -1.000000000000000000e+00 -1.000000000000000000e+00 -1.000000000000000000e+00 -1.000000000000000000e+00 -1.000000000000000000e+00 1.231276000000000067e+03 6.235030000000000427e+02 1.491999999999999993e+00 1.399999999999999911e+00 5.940000000000000391e+00 1.973500000000000032e+00
9.000000000000000000e+00 4.500000000000000000e+01 -1.000000000000000000e+00 -1.000000000000000000e+00 -1.000000000000000000e+00 -1.000000000000000000e+00 -1.000000000000000000e+00 1.230992999999999938e+03 6.266250000000000000e+02 1.518000000000000016e+00 1.399999999999999911e+00 5.940000000000000391e+00 1.973500000000000032e+00
1.000000000000000000e+01 4.500000000000000000e+01 -1.000000000000000000e+00 -1.000000000000000000e+00 -1.000000000000000000e+00 -1.000000000000000000e+00 -1.000000000000000000e+00 1.230709000000000060e+03 6.297480000000000473e+02 1.544000000000000039e+00 1.399999999999999911e+00 5.940000000000000391e+00 1.973500000000000032e+00
1.100000000000000000e+01 4.500000000000000000e+01 -1.000000000000000000e+00 -1.000000000000000000e+00 -1.000000000000000000e+00 -1.000000000000000000e+00 -1.000000000000000000e+00 1.230425999999999931e+03 6.328709999999999809e+02 1.570000000000000062e+00 1.399999999999999911e+00 5.940000000000000391e+00 1.973500000000000032e+00
1.200000000000000000e+01 4.500000000000000000e+01 -1.000000000000000000e+00 -1.000000000000000000e+00 -1.000000000000000000e+00 -1.000000000000000000e+00 -1.000000000000000000e+00 1.230080999999999904e+03 6.363060000000000400e+02 1.596000000000000085e+00 1.399999999999999911e+00 5.940000000000000391e+00 1.973500000000000032e+00
1.300000000000000000e+01 4.500000000000000000e+01 -1.000000000000000000e+00 -1.000000000000000000e+00 -1.000000000000000000e+00 -1.000000000000000000e+00 -1.000000000000000000e+00 1.229675999999999931e+03 6.397350000000000136e+02 1.622999999999999998e+00 1.399999999999999911e+00 5.940000000000000391e+00 1.973500000000000032e+00
1.400000000000000000e+01 4.500000000000000000e+01 -1.000000000000000000e+00 -1.000000000000000000e+00 -1.000000000000000000e+00 -1.000000000000000000e+00 -1.000000000000000000e+00 1.229211000000000013e+03 6.431570000000000391e+02 1.649000000000000021e+00 1.399999999999999911e+00 5.940000000000000391e+00 1.973500000000000032e+00
1.500000000000000000e+01 4.500000000000000000e+01 -1.000000000000000000e+00 -1.000000000000000000e+00 -1.000000000000000000e+00 -1.000000000000000000e+00 -1.000000000000000000e+00 1.229074000000000069e+03 6.468819999999999482e+02 1.675000000000000044e+00 1.399999999999999911e+00 5.940000000000000391e+00 1.973500000000000032e+00
1.600000000000000000e+01 4.500000000000000000e+01 -1.000000000000000000e+00 -1.000000000000000000e+00 -1.000000000000000000e+00 -1.000000000000000000e+00 -1.000000000000000000e+00 1.229035000000000082e+03 6.506100000000000136e+02 1.701000000000000068e+00 1.399999999999999911e+00 5.940000000000000391e+00 1.973500000000000032e+00
1.700000000000000000e+01 4.500000000000000000e+01 -1.000000000000000000e+00 -1.000000000000000000e+00 -1.000000000000000000e+00 -1.000000000000000000e+00 -1.000000000000000000e+00 1.228741999999999962e+03 6.547740000000000009e+02 1.745000000000000107e+00 1.399999999999999911e+00 5.940000000000000391e+00 1.973500000000000032e+00
1.800000000000000000e+01 4.500000000000000000e+01 -1.000000000000000000e+00 -1.000000000000000000e+00 -1.000000000000000000e+00 -1.000000000000000000e+00 -1.000000000000000000e+00 1.228403999999999996e+03 6.585520000000000209e+02 1.788999999999999924e+00 1.399999999999999911e+00 5.940000000000000391e+00 1.973500000000000032e+00
1.900000000000000000e+01 4.500000000000000000e+01 -1.000000000000000000e+00 -1.000000000000000000e+00 -1.000000000000000000e+00 -1.000000000000000000e+00 -1.000000000000000000e+00 1.228344000000000051e+03 6.621180000000000518e+02 1.832000000000000073e+00 1.399999999999999911e+00 5.940000000000000391e+00 1.973500000000000032e+00
2.000000000000000000e+01 4.500000000000000000e+01 -1.000000000000000000e+00 -1.000000000000000000e+00 -1.000000000000000000e+00 -1.000000000000000000e+00 -1.000000000000000000e+00 1.228031999999999925e+03 6.659640000000000555e+02 1.875999999999999890e+00 1.399999999999999911e+00 5.940000000000000391e+00 1.973500000000000032e+00
2.100000000000000000e+01 4.500000000000000000e+01 -1.000000000000000000e+00 -1.000000000000000000e+00 -1.000000000000000000e+00 -1.000000000000000000e+00 -1.000000000000000000e+00 1.228035000000000082e+03 6.702279999999999518e+02 1.919999999999999929e+00 1.399999999999999911e+00 5.940000000000000391e+00 1.973500000000000032e+00
2.200000000000000000e+01 4.500000000000000000e+01 -1.000000000000000000e+00 -1.000000000000000000e+00 -1.000000000000000000e+00 -1.000000000000000000e+00 -1.000000000000000000e+00 1.227865000000000009e+03 6.742340000000000373e+02 1.919999999999999929e+00 1.399999999999999911e+00 5.940000000000000391e+00 1.973500000000000032e+00
2.300000000000000000e+01 4.500000000000000000e+01 -1.000000000000000000e+00 -1.000000000000000000e+00 -1.000000000000000000e+00 -1.000000000000000000e+00 -1.000000000000000000e+00 1.227693999999999960e+03 6.782400000000000091e+02 1.919999999999999929e+00 1.399999999999999911e+00 5.940000000000000391e+00 1.973500000000000032e+00
2.400000000000000000e+01 4.500000000000000000e+01 -1.000000000000000000e+00 -1.000000000000000000e+00 -1.000000000000000000e+00 -1.000000000000000000e+00 -1.000000000000000000e+00 1.227683999999999969e+03 6.823609999999999900e+02 1.919999999999999929e+00 1.399999999999999911e+00 5.940000000000000391e+00 1.973500000000000032e+00
2.500000000000000000e+01 4.500000000000000000e+01 -1.000000000000000000e+00 -1.000000000000000000e+00 -1.000000000000000000e+00 -1.000000000000000000e+00 -1.000000000000000000e+00 1.227448000000000093e+03 6.858609999999999900e+02 1.919999999999999929e+00 1.399999999999999911e+00 5.940000000000000391e+00 1.973500000000000032e+00
2.600000000000000000e+01 4.500000000000000000e+01 -1.000000000000000000e+00 -1.000000000000000000e+00 -1.000000000000000000e+00 -1.000000000000000000e+00 -1.000000000000000000e+00 1.227196999999999889e+03 6.898509999999999991e+02 1.919999999999999929e+00 1.399999999999999911e+00 5.940000000000000391e+00 1.973500000000000032e+00
2.700000000000000000e+01 4.500000000000000000e+01 -1.000000000000000000e+00 -1.000000000000000000e+00 -1.000000000000000000e+00 -1.000000000000000000e+00 -1.000000000000000000e+00 1.226825000000000045e+03 6.941760000000000446e+02 1.919999999999999929e+00 1.399999999999999911e+00 5.940000000000000391e+00 1.973500000000000032e+00
2.800000000000000000e+01 4.500000000000000000e+01 -1.000000000000000000e+00 -1.000000000000000000e+00 -1.000000000000000000e+00 -1.000000000000000000e+00 -1.000000000000000000e+00 1.226546000000000049e+03 6.977530000000000427e+02 1.919999999999999929e+00 1.399999999999999911e+00 5.940000000000000391e+00 1.973500000000000032e+00
2.900000000000000000e+01 4.500000000000000000e+01 -1.000000000000000000e+00 -1.000000000000000000e+00 -1.000000000000000000e+00 -1.000000000000000000e+00 -1.000000000000000000e+00 1.226252999999999929e+03 7.009510000000000218e+02 1.919999999999999929e+00 1.399999999999999911e+00 5.940000000000000391e+00 1.973500000000000032e+00
3.000000000000000000e+01 4.500000000000000000e+01 -1.000000000000000000e+00 -1.000000000000000000e+00 -1.000000000000000000e+00 -1.000000000000000000e+00 -1.000000000000000000e+00 1.225598999999999933e+03 7.047580000000000382e+02 1.919999999999999929e+00 1.399999999999999911e+00 5.940000000000000391e+00 1.973500000000000032e+00
3.100000000000000000e+01 4.500000000000000000e+01 -1.000000000000000000e+00 -1.000000000000000000e+00 -1.000000000000000000e+00 -1.000000000000000000e+00 -1.000000000000000000e+00 1.224711000000000013e+03 7.076680000000000064e+02 2.310000000000000053e+00 1.399999999999999911e+00 5.940000000000000391e+00 1.973500000000000032e+00
3.200000000000000000e+01 4.500000000000000000e+01 -1.000000000000000000e+00 -1.000000000000000000e+00 -1.000000000000000000e+00 -1.000000000000000000e+00 -1.000000000000000000e+00 1.223375999999999976e+03 7.111739999999999782e+02 2.439999999999999947e+00 1.399999999999999911e+00 5.940000000000000391e+00 1.973500000000000032e+00
3.300000000000000000e+01 4.500000000000000000e+01 -1.000000000000000000e+00 -1.000000000000000000e+00 -1.000000000000000000e+00 -1.000000000000000000e+00 -1.000000000000000000e+00 1.221682000000000016e+03 7.145220000000000482e+02 2.569999999999999840e+00 1.399999999999999911e+00 5.940000000000000391e+00 1.973500000000000032e+00
3.400000000000000000e+01 4.500000000000000000e+01 -1.000000000000000000e+00 -1.000000000000000000e+00 -1.000000000000000000e+00 -1.000000000000000000e+00 -1.000000000000000000e+00 1.219647999999999911e+03 7.176730000000000018e+02 2.701000000000000068e+00 1.399999999999999911e+00 5.940000000000000391e+00 1.973500000000000032e+00
3.500000000000000000e+01 4.500000000000000000e+01 -1.000000000000000000e+00 -1.000000000000000000e+00 -1.000000000000000000e+00 -1.000000000000000000e+00 -1.000000000000000000e+00 1.217295000000000073e+03 7.205950000000000273e+02 2.830999999999999961e+00 1.399999999999999911e+00 5.940000000000000391e+00 1.973500000000000032e+00
3.600000000000000000e+01 4.500000000000000000e+01 -1.000000000000000000e+00 -1.000000000000000000e+00 -1.000000000000000000e+00 -1.000000000000000000e+00 -1.000000000000000000e+00 1.214650000000000091e+03 7.232559999999999718e+02 2.962000000000000188e+00 1.399999999999999911e+00 5.940000000000000391e+00 1.973500000000000032e+00
3.700000000000000000e+01 4.500000000000000000e+01 -1.000000000000000000e+00 -1.000000000000000000e+00 -1.000000000000000000e+00 -1.000000000000000000e+00 -1.000000000000000000e+00 1.211726000000000113e+03 7.256979999999999791e+02 3.169999999999999929e+00 1.399999999999999911e+00 5.940000000000000391e+00 1.973500000000000032e+00
3.800000000000000000e+01 4.500000000000000000e+01 -1.000000000000000000e+00 -1.000000000000000000e+00 -1.000000000000000000e+00 -1.000000000000000000e+00 -1.000000000000000000e+00 1.208800999999999931e+03 7.278289999999999509e+02 3.369000000000000217e+00 1.399999999999999911e+00 5.940000000000000391e+00 1.973500000000000032e+00
3.900000000000000000e+01 4.500000000000000000e+01 -1.000000000000000000e+00 -1.000000000000000000e+00 -1.000000000000000000e+00 -1.000000000000000000e+00 -1.000000000000000000e+00 1.205633000000000038e+03 7.298170000000000073e+02 3.455999999999999961e+00 1.399999999999999911e+00 5.940000000000000391e+00 1.973500000000000032e+00
4.000000000000000000e+01 4.500000000000000000e+01 -1.000000000000000000e+00 -1.000000000000000000e+00 -1.000000000000000000e+00 -1.000000000000000000e+00 -1.000000000000000000e+00 1.202356999999999971e+03 7.316230000000000473e+02 3.544000000000000039e+00 1.399999999999999911e+00 5.940000000000000391e+00 1.973500000000000032e+00
