1.300000000000000000e+01 1.564000000000000000e+03 -1.000000000000000000e+00 -1.000000000000000000e+00 -1.000000000000000000e+00 -1.000000000000000000e+00 -1.000000000000000000e+00 1.779720000000000027e+03 1.176542999999999893e+03 2.193999999999999950e+00 1.481500000000000039e+00 7.442000000000000171e+00 2.447499999999999787e+00
1.400000000000000000e+01 1.564000000000000000e+03 -1.000000000000000000e+00 -1.000000000000000000e+00 -1.000000000000000000e+00 -1.000000000000000000e+00 -1.000000000000000000e+00 1.779678000000000111e+03 1.176580999999999904e+03 2.144000000000000128e+00 1.481500000000000039e+00 7.442000000000000171e+00 2.447499999999999787e+00
1.400000000000000000e+01 1.565000000000000000e+03 -1.000000000000000000e+00 -1.000000000000000000e+00 -1.000000000000000000e+00 -1.000000000000000000e+00 -1.000000000000000000e+00 1.782615000000000009e+03 1.175932999999999993e+03 2.104000000000000092e+00 1.516999999999999904e+00 8.464499999999999247e+00 2.116499999999999826e+00
1.500000000000000000e+01 1.564000000000000000e+03 -1.000000000000000000e+00 -1.000000000000000000e+00 -1.000000000000000000e+00 -1.000000000000000000e+00 -1.000000000000000000e+00 1.779567999999999984e+03 1.176680000000000064e+03 2.044000000000000039e+00 1.481500000000000039e+00 7.442000000000000171e+00 2.447499999999999787e+00
1.500000000000000000e+01 1.565000000000000000e+03 -1.000000000000000000e+00 -1.000000000000000000e+00 -1.000000000000000000e+00 -1.000000000000000000e+00 -1.000000000000000000e+00 1.782576000000000022e+03 1.175891000000000076e+03 2.104000000000000092e+00 1.516999999999999904e+00 8.464499999999999247e+00 2.116499999999999826e+00
1.500000000000000000e+01 1.566000000000000000e+03 -1.000000000000000000e+00 -1.000000000000000000e+00 -1.000000000000000000e+00 -1.000000000000000000e+00 -1.000000000000000000e+00 1.785373000000000047e+03 1.174247000000000071e+03 2.137999999999999901e+00 1.357499999999999929e+00 7.883000000000000007e+00 2.221499999999999808e+00
1.600000000000000000e+01 1.567000000000000000e+03 -1.000000000000000000e+00 -1.000000000000000000e+00 -1.000000000000000000e+00 -1.000000000000000000e+00 -1.000000000000000000e+00 1.787579999999999927e+03 1.172057000000000016e+03 2.378000000000000114e+00 1.492499999999999938e+00 8.415499999999999758e+00 2.046499999999999986e+00
1.600000000000000000e+01 1.564000000000000000e+03 -1.000000000000000000e+00 -1.000000000000000000e+00 -1.000000000000000000e+00 -1.000000000000000000e+00 -1.000000000000000000e+00 1.779605999999999995e+03 1.176645999999999958e+03 2.019000000000000128e+00 1.481500000000000039e+00 7.442000000000000171e+00 2.447499999999999787e+00
1.600000000000000000e+01 1.565000000000000000e+03 -1.000000000000000000e+00 -1.000000000000000000e+00 -1.000000000000000000e+00 -1.000000000000000000e+00 -1.000000000000000000e+00 1.782536000000000058e+03 1.175847999999999956e+03 2.104000000000000092e+00 1.516999999999999904e+00 8.464499999999999247e+00 2.116499999999999826e+00
1.600000000000000000e+01 1.566000000000000000e+03 -1.000000000000000000e+00 -1.000000000000000000e+00 -1.000000000000000000e+00 -1.000000000000000000e+00 -1.000000000000000000e+00 1.785373000000000047e+03 1.174247000000000071e+03 2.137999999999999901e+00 1.357499999999999929e+00 7.883000000000000007e+00 2.221499999999999808e+00
1.700000000000000000e+01 1.567000000000000000e+03 -1.000000000000000000e+00 -1.000000000000000000e+00 -1.000000000000000000e+00 -1.000000000000000000e+00 -1.000000000000000000e+00 1.787579999999999927e+03 1.172057000000000016e+03 2.378000000000000114e+00 1.492499999999999938e+00 8.415499999999999758e+00 2.046499999999999986e+00
1.700000000000000000e+01 1.564000000000000000e+03 -1.000000000000000000e+00 -1.000000000000000000e+00 -1.000000000000000000e+00 -1.000000000000000000e+00 -1.000000000000000000e+00 1.779644000000000005e+03 1.176611000000000104e+03 1.993999999999999995e+00 1.481500000000000039e+00 7.442000000000000171e+00 2.447499999999999787e+00
1.700000000000000000e+01 1.565000000000000000e+03 -1.000000000000000000e+00 -1.000000000000000000e+00 -1.000000000000000000e+00 -1.000000000000000000e+00 -1.000000000000000000e+00 1.782455999999999904e+03 1.175762999999999920e+03 2.104000000000000092e+00 1.516999999999999904e+00 8.464499999999999247e+00 2.116499999999999826e+00
1.700000000000000000e+01 1.566000000000000000e+03 -1.000000000000000000e+00 -1.000000000000000000e+00 -1.000000000000000000e+00 -1.000000000000000000e+00 -1.000000000000000000e+00 1.785373000000000047e+03 1.174247000000000071e+03 2.137999999999999901e+00 1.357499999999999929e+00 7.883000000000000007e+00 2.221499999999999808e+00
1.800000000000000000e+01 1.567000000000000000e+03 -1.000000000000000000e+00 -1.000000000000000000e+00 -1.000000000000000000e+00 -1.000000000000000000e+00 -1.000000000000000000e+00 1.787579999999999927e+03 1.172057000000000016e+03 2.378000000000000114e+00 1.492499999999999938e+00 8.415499999999999758e+00 2.046499999999999986e+00
1.800000000000000000e+01 1.564000000000000000e+03 -1.000000000000000000e+00 -1.000000000000000000e+00 -1.000000000000000000e+00 -1.000000000000000000e+00 -1.000000000000000000e+00 1.779682000000000016e+03 1.176576999999999998e+03 1.969000000000000083e+00 1.481500000000000039e+00 7.442000000000000171e+00 2.447499999999999787e+00
1.800000000000000000e+01 1.565000000000000000e+03 -1.000000000000000000e+00 -1.000000000000000000e+00 -1.000000000000000000e+00 -1.000000000000000000e+00 -1.000000000000000000e+00 1.782483999999999924e+03 1.175736000000000104e+03 2.104000000000000092e+00 1.516999999999999904e+00 8.464499999999999247e+00 2.116499999999999826e+00
1.800000000000000000e+01 1.566000000000000000e+03 -1.000000000000000000e+00 -1.000000000000000000e+00 -1.000000000000000000e+00 -1.000000000000000000e+00 -1.000000000000000000e+00 1.785373000000000047e+03 1.174247000000000071e+03 2.137999999999999901e+00 1.357499999999999929e+00 7.883000000000000007e+00 2.221499999999999808e+00
1.900000000000000000e+01 1.567000000000000000e+03 -1.000000000000000000e+00 -1.000000000000000000e+00 -1.000000000000000000e+00 -1.000000000000000000e+00 -1.000000000000000000e+00 1.787579999999999927e+03 1.172057000000000016e+03 2.378000000000000114e+00 1.492499999999999938e+00 8.415499999999999758e+00 2.046499999999999986e+00
1.900000000000000000e+01 1.564000000000000000e+03 -1.000000000000000000e+00 -1.000000000000000000e+00 -1.000000000000000000e+00 -1.000000000000000000e+00 -1.000000000000000000e+00 1.779720000000000027e+03 1.176542999999999893e+03 1.943999999999999950e+00 1.481500000000000039e+00 7.442000000000000171e+00 2.447499999999999787e+00
1.900000000000000000e+01 1.565000000000000000e+03 -1.000000000000000000e+00 -1.000000000000000000e+00 -1.000000000000000000e+00 -1.000000000000000000e+00 -1.000000000000000000e+00 1.782512999999999920e+03 1.175710000000000036e+03 2.104000000000000092e+00 1.516999999999999904e+00 8.464499999999999247e+00 2.116499999999999826e+00
1.900000000000000000e+01 1.566000000000000000e+03 -1.000000000000000000e+00 -1.000000000000000000e+00 -1.000000000000000000e+00 -1.000000000000000000e+00 -1.000000000000000000e+00 1.785373000000000047e+03 1.174247000000000071e+03 2.137999999999999901e+00 1.357499999999999929e+00 7.883000000000000007e+00 2.221499999999999808e+00
2.000000000000000000e+01 1.567000000000000000e+03 -1.000000000000000000e+00 -1.000000000000000000e+00 -1.000000000000000000e+00 -1.000000000000000000e+00 -1.000000000000000000e+00 1.787579999999999927e+03 1.172057000000000016e+03 2.378000000000000114e+00 1.492499999999999938e+00 8.415499999999999758e+00 2.046499999999999986e+00
2.000000000000000000e+01 1.564000000000000000e+03 -1.000000000000000000e+00 -1.000000000000000000e+00 -1.000000000000000000e+00 -1.000000000000000000e+00 -1.000000000000000000e+00 1.779277000000000044e+03 1.176942999999999984e+03 2.161000000000000032e+00 1.481500000000000039e+00 7.442000000000000171e+00 2.447499999999999787e+00
2.000000000000000000e+01 1.565000000000000000e+03 -1.000000000000000000e+00 -1.000000000000000000e+00 -1.000000000000000000e+00 -1.000000000000000000e+00 -1.000000000000000000e+00 1.782540999999999940e+03 1.175682999999999993e+03 2.104000000000000092e+00 1.516999999999999904e+00 8.464499999999999247e+00 2.116499999999999826e+00
2.000000000000000000e+01 1.566000000000000000e+03 -1.000000000000000000e+00 -1.000000000000000000e+00 -1.000000000000000000e+00 -1.000000000000000000e+00 -1.000000000000000000e+00 1.785373000000000047e+03 1.174247000000000071e+03 2.137999999999999901e+00 1.357499999999999929e+00 7.883000000000000007e+00 2.221499999999999808e+00
2.100000000000000000e+01 1.567000000000000000e+03 -1.000000000000000000e+00 -1.000000000000000000e+00 -1.000000000000000000e+00 -1.000000000000000000e+00 -1.000000000000000000e+00 1.787579999999999927e+03 1.172057000000000016e+03 2.378000000000000114e+00 1.492499999999999938e+00 8.415499999999999758e+00 2.046499999999999986e+00
2.100000000000000000e+01 1.564000000000000000e+03 -1.000000000000000000e+00 -1.000000000000000000e+00 -1.000000000000000000e+00 -1.000000000000000000e+00 -1.000000000000000000e+00 1.779288999999999987e+03 1.176932000000000016e+03 2.137000000000000011e+00 1.481500000000000039e+00 7.442000000000000171e+00 2.447499999999999787e+00
2.100000000000000000e+01 1.565000000000000000e+03 -1.000000000000000000e+00 -1.000000000000000000e+00 -1.000000000000000000e+00 -1.000000000000000000e+00 -1.000000000000000000e+00 1.782700000000000045e+03 1.175853000000000065e+03 2.104000000000000092e+00 1.516999999999999904e+00 8.464499999999999247e+00 2.116499999999999826e+00
2.100000000000000000e+01 1.566000000000000000e+03 -1.000000000000000000e+00 -1.000000000000000000e+00 -1.000000000000000000e+00 -1.000000000000000000e+00 -1.000000000000000000e+00 1.785373000000000047e+03 1.174247000000000071e+03 2.137999999999999901e+00 1.357499999999999929e+00 7.883000000000000007e+00 2.221499999999999808e+00
2.100000000000000000e+01 1.572000000000000000e+03 -1.000000000000000000e+00 -1.000000000000000000e+00 -1.000000000000000000e+00 -1.000000000000000000e+00 -1.000000000000000000e+00 1.790025000000000091e+03 1.170077999999999975e+03 2.733999999999999986e+00 1.492499999999999938e+00 8.391000000000000014e+00 1.868000000000000105e+00
2.200000000000000000e+01 1.567000000000000000e+03 -1.000000000000000000e+00 -1.000000000000000000e+00 -1.000000000000000000e+00 -1.000000000000000000e+00 -1.000000000000000000e+00 1.787579999999999927e+03 1.172057000000000016e+03 2.378000000000000114e+00 1.492499999999999938e+00 8.415499999999999758e+00 2.046499999999999986e+00
2.200000000000000000e+01 1.564000000000000000e+03 -1.000000000000000000e+00 -1.000000000000000000e+00 -1.000000000000000000e+00 -1.000000000000000000e+00 -1.000000000000000000e+00 1.779301999999999907e+03 1.176920000000000073e+03 2.113999999999999879e+00 1.481500000000000039e+00 7.442000000000000171e+00 2.447499999999999787e+00
2.200000000000000000e+01 1.565000000000000000e+03 -1.000000000000000000e+00 -1.000000000000000000e+00 -1.000000000000000000e+00 -1.000000000000000000e+00 -1.000000000000000000e+00 1.782698000000000093e+03 1.175935999999999922e+03 2.104000000000000092e+00 1.516999999999999904e+00 8.464499999999999247e+00 2.116499999999999826e+00
2.200000000000000000e+01 1.566000000000000000e+03 -1.000000000000000000e+00 -1.000000000000000000e+00 -1.000000000000000000e+00 -1.000000000000000000e+00 -1.000000000000000000e+00 1.785373000000000047e+03 1.174247000000000071e+03 2.137999999999999901e+00 1.357499999999999929e+00 7.883000000000000007e+00 2.221499999999999808e+00
2.200000000000000000e+01 1.572000000000000000e+03 -1.000000000000000000e+00 -1.000000000000000000e+00 -1.000000000000000000e+00 -1.000000000000000000e+00 -1.000000000000000000e+00 1.790025000000000091e+03 1.170077999999999975e+03 2.733999999999999986e+00 1.492499999999999938e+00 8.391000000000000014e+00 1.868000000000000105e+00
2.300000000000000000e+01 1.567000000000000000e+03 -1.000000000000000000e+00 -1.000000000000000000e+00 -1.000000000000000000e+00 -1.000000000000000000e+00 -1.000000000000000000e+00 1.787579999999999927e+03 1.172057000000000016e+03 2.378000000000000114e+00 1.492499999999999938e+00 8.415499999999999758e+00 2.046499999999999986e+00
2.300000000000000000e+01 1.564000000000000000e+03 -1.000000000000000000e+00 -1.000000000000000000e+00 -1.000000000000000000e+00 -1.000000000000000000e+00 -1.000000000000000000e+00 1.779315000000000055e+03 1.176909000000000106e+03 2.091000000000000192e+00 1.481500000000000039e+00 7.442000000000000171e+00 2.447499999999999787e+00
2.300000000000000000e+01 1.565000000000000000e+03 -1.000000000000000000e+00 -1.000000000000000000e+00 -1.000000000000000000e+00 -1.000000000000000000e+00 -1.000000000000000000e+00 1.782694999999999936e+03 1.176018000000000029e+03 2.104000000000000092e+00 1.516999999999999904e+00 8.464499999999999247e+00 2.116499999999999826e+00
2.300000000000000000e+01 1.566000000000000000e+03 -1.000000000000000000e+00 -1.000000000000000000e+00 -1.000000000000000000e+00 -1.000000000000000000e+00 -1.000000000000000000e+00 1.785373000000000047e+03 1.174247000000000071e+03 2.137999999999999901e+00 1.357499999999999929e+00 7.883000000000000007e+00 2.221499999999999808e+00
2.300000000000000000e+01 1.572000000000000000e+03 -1.000000000000000000e+00 -1.000000000000000000e+00 -1.000000000000000000e+00 -1.000000000000000000e+00 -1.000000000000000000e+00 1.790025000000000091e+03 1.170077999999999975e+03 2.733999999999999986e+00 1.492499999999999938e+00 8.391000000000000014e+00 1.868000000000000105e+00
2.400000000000000000e+01 1.567000000000000000e+03 -1.000000000000000000e+00 -1.000000000000000000e+00 -1.000000000000000000e+00 -1.000000000000000000e+00 -1.000000000000000000e+00 1.787579999999999927e+03 1.172057000000000016e+03 2.378000000000000114e+00 1.492499999999999938e+00 8.415499999999999758e+00 2.046499999999999986e+00
2.400000000000000000e+01 1.564000000000000000e+03 -1.000000000000000000e+00 -1.000000000000000000e+00 -1.000000000000000000e+00 -1.000000000000000000e+00 -1.000000000000000000e+00 1.779326999999999998e+03 1.176897999999999911e+03 2.067000000000000171e+00 1.481500000000000039e+00 7.442000000000000171e+00 2.447499999999999787e+00
2.400000000000000000e+01 1.565000000000000000e+03 -1.000000000000000000e+00 -1.000000000000000000e+00 -1.000000000000000000e+00 -1.000000000000000000e+00 -1.000000000000000000e+00 1.782694999999999936e+03 1.176018000000000029e+03 2.104000000000000092e+00 1.516999999999999904e+00 8.464499999999999247e+00 2.116499999999999826e+00
2.400000000000000000e+01 1.566000000000000000e+03 -1.000000000000000000e+00 -1.000000000000000000e+00 -1.000000000000000000e+00 -1.000000000000000000e+00 -1.000000000000000000e+00 1.785373000000000047e+03 1.174247000000000071e+03 2.137999999999999901e+00 1.357499999999999929e+00 7.883000000000000007e+00 2.221499999999999808e+00
2.400000000000000000e+01 1.572000000000000000e+03 -1.000000000000000000e+00 -1.000000000000000000e+00 -1.000000000000000000e+00 -1.000000000000000000e+00 -1.000000000000000000e+00 1.790025000000000091e+03 1.170077999999999975e+03 2.733999999999999986e+00 1.492499999999999938e+00 8.391000000000000014e+00 1.868000000000000105e+00
2.500000000000000000e+01 1.567000000000000000e+03 -1.000000000000000000e+00 -1.000000000000000000e+00 -1.000000000000000000e+00 -1.000000000000000000e+00 -1.000000000000000000e+00 1.787579999999999927e+03 1.172057000000000016e+03 2.378000000000000114e+00 1.492499999999999938e+00 8.415499999999999758e+00 2.046499999999999986e+00
2.500000000000000000e+01 1.564000000000000000e+03 -1.000000000000000000e+00 -1.000000000000000000e+00 -1.000000000000000000e+00 -1.000000000000000000e+00 -1.000000000000000000e+00 1.779339999999999918e+03 1.176885999999999967e+03 2.044000000000000039e+00 1.481500000000000039e+00 7.442000000000000171e+00 2.447499999999999787e+00
2.500000000000000000e+01 1.565000000000000000e+03 -1.000000000000000000e+00 -1.000000000000000000e+00 -1.000000000000000000e+00 -1.000000000000000000e+00 -1.000000000000000000e+00 1.782694999999999936e+03 1.176018000000000029e+03 2.104000000000000092e+00 1.516999999999999904e+00 8.464499999999999247e+00 2.116499999999999826e+00
2.500000000000000000e+01 1.566000000000000000e+03 -1.000000000000000000e+00 -1.000000000000000000e+00 -1.000000000000000000e+00 -1.000000000000000000e+00 -1.000000000000000000e+00 1.785320999999999913e+03 1.174243999999999915e+03 2.137999999999999901e+00 1.357499999999999929e+00 7.883000000000000007e+00 2.221499999999999808e+00
2.500000000000000000e+01 1.572000000000000000e+03 -1.000000000000000000e+00 -1.000000000000000000e+00 -1.000000000000000000e+00 -1.000000000000000000e+00 -1.000000000000000000e+00 1.790025000000000091e+03 1.170077999999999975e+03 2.733999999999999986e+00 1.492499999999999938e+00 8.391000000000000014e+00 1.868000000000000105e+00
2.600000000000000000e+01 1.567000000000000000e+03 -1.000000000000000000e+00 -1.000000000000000000e+00 -1.000000000000000000e+00 -1.000000000000000000e+00 -1.000000000000000000e+00 1.787579999999999927e+03 1.172057000000000016e+03 2.378000000000000114e+00 1.492499999999999938e+00 8.415499999999999758e+00 2.046499999999999986e+00
2.600000000000000000e+01 1.564000000000000000e+03 -1.000000000000000000e+00 -1.000000000000000000e+00 -1.000000000000000000e+00 -1.000000000000000000e+00 -1.000000000000000000e+00 1.779499000000000024e+03 1.176604000000000042e+03 1.943999999999999950e+00 1.481500000000000039e+00 7.442000000000000171e+00 2.447499999999999787e+00
2.600000000000000000e+01 1.565000000000000000e+03 -1.000000000000000000e+00 -1.000000000000000000e+00 -1.000000000000000000e+00 -1.000000000000000000e+00 -1.000000000000000000e+00 1.782741999999999962e+03 1.175895999999999958e+03 2.104000000000000092e+00 1.516999999999999904e+00 8.464499999999999247e+00 2.116499999999999826e+00
2.600000000000000000e+01 1.566000000000000000e+03 -1.000000000000000000e+00 -1.000000000000000000e+00 -1.000000000000000000e+00 -1.000000000000000000e+00 -1.000000000000000000e+00 1.785269999999999982e+03 1.174240999999999985e+03 2.137999999999999901e+00 1.357499999999999929e+00 7.883000000000000007e+00 2.221499999999999808e+00
2.600000000000000000e+01 1.572000000000000000e+03 -1.000000000000000000e+00 -1.000000000000000000e+00 -1.000000000000000000e+00 -1.000000000000000000e+00 -1.000000000000000000e+00 1.790025000000000091e+03 1.170077999999999975e+03 2.733999999999999986e+00 1.492499999999999938e+00 8.391000000000000014e+00 1.868000000000000105e+00
2.700000000000000000e+01 1.567000000000000000e+03 -1.000000000000000000e+00 -1.000000000000000000e+00 -1.000000000000000000e+00 -1.000000000000000000e+00 -1.000000000000000000e+00 1.787579999999999927e+03 1.172057000000000016e+03 2.378000000000000114e+00 1.492499999999999938e+00 8.415499999999999758e+00 2.046499999999999986e+00
2.700000000000000000e+01 1.564000000000000000e+03 -1.000000000000000000e+00 -1.000000000000000000e+00 -1.000000000000000000e+00 -1.000000000000000000e+00 -1.000000000000000000e+00 1.779580999999999904e+03 1.176530999999999949e+03 1.943999999999999950e+00 1.481500000000000039e+00 7.442000000000000171e+00 2.447499999999999787e+00
2.700000000000000000e+01 1.565000000000000000e+03 -1.000000000000000000e+00 -1.000000000000000000e+00 -1.000000000000000000e+00 -1.000000000000000000e+00 -1.000000000000000000e+00 1.782788000000000011e+03 1.175773999999999887e+03 2.104000000000000092e+00 1.516999999999999904e+00 8.464499999999999247e+00 2.116499999999999826e+00
2.700000000000000000e+01 1.578000000000000000e+03 -1.000000000000000000e+00 -1.000000000000000000e+00 -1.000000000000000000e+00 -1.000000000000000000e+00 -1.000000000000000000e+00 1.792695999999999913e+03 1.167996000000000095e+03 2.402000000000000135e+00 1.562999999999999945e+00 7.763499999999999623e+00 2.007000000000000117e+00
2.700000000000000000e+01 1.566000000000000000e+03 -1.000000000000000000e+00 -1.000000000000000000e+00 -1.000000000000000000e+00 -1.000000000000000000e+00 -1.000000000000000000e+00 1.785218000000000075e+03 1.174238000000000056e+03 2.137999999999999901e+00 1.357499999999999929e+00 7.883000000000000007e+00 2.221499999999999808e+00
2.700000000000000000e+01 1.572000000000000000e+03 -1.000000000000000000e+00 -1.000000000000000000e+00 -1.000000000000000000e+00 -1.000000000000000000e+00 -1.000000000000000000e+00 1.790025000000000091e+03 1.170077999999999975e+03 2.733999999999999986e+00 1.492499999999999938e+00 8.391000000000000014e+00 1.868000000000000105e+00
2.800000000000000000e+01 1.567000000000000000e+03 -1.000000000000000000e+00 -1.000000000000000000e+00 -1.000000000000000000e+00 -1.000000000000000000e+00 -1.000000000000000000e+00 1.787579999999999927e+03 1.172057000000000016e+03 2.378000000000000114e+00 1.492499999999999938e+00 8.415499999999999758e+00 2.046499999999999986e+00
2.800000000000000000e+01 1.564000000000000000e+03 -1.000000000000000000e+00 -1.000000000000000000e+00 -1.000000000000000000e+00 -1.000000000000000000e+00 -1.000000000000000000e+00 1.779561999999999898e+03 1.176826000000000022e+03 1.943999999999999950e+00 1.481500000000000039e+00 7.442000000000000171e+00 2.447499999999999787e+00
2.800000000000000000e+01 1.565000000000000000e+03 -1.000000000000000000e+00 -1.000000000000000000e+00 -1.000000000000000000e+00 -1.000000000000000000e+00 -1.000000000000000000e+00 1.782741999999999962e+03 1.175895999999999958e+03 2.104000000000000092e+00 1.516999999999999904e+00 8.464499999999999247e+00 2.116499999999999826e+00
2.800000000000000000e+01 1.578000000000000000e+03 -1.000000000000000000e+00 -1.000000000000000000e+00 -1.000000000000000000e+00 -1.000000000000000000e+00 -1.000000000000000000e+00 1.792695999999999913e+03 1.167996000000000095e+03 2.402000000000000135e+00 1.562999999999999945e+00 7.763499999999999623e+00 2.007000000000000117e+00
2.800000000000000000e+01 1.566000000000000000e+03 -1.000000000000000000e+00 -1.000000000000000000e+00 -1.000000000000000000e+00 -1.000000000000000000e+00 -1.000000000000000000e+00 1.785218000000000075e+03 1.174238000000000056e+03 2.137999999999999901e+00 1.357499999999999929e+00 7.883000000000000007e+00 2.221499999999999808e+00
2.800000000000000000e+01 1.572000000000000000e+03 -1.000000000000000000e+00 -1.000000000000000000e+00 -1.000000000000000000e+00 -1.000000000000000000e+00 -1.000000000000000000e+00 1.790025000000000091e+03 1.170077999999999975e+03 2.733999999999999986e+00 1.492499999999999938e+00 8.391000000000000014e+00 1.868000000000000105e+00
2.900000000000000000e+01 1.567000000000000000e+03 -1.000000000000000000e+00 -1.000000000000000000e+00 -1.000000000000000000e+00 -1.000000000000000000e+00 -1.000000000000000000e+00 1.787579999999999927e+03 1.172057000000000016e+03 2.378000000000000114e+00 1.492499999999999938e+00 8.415499999999999758e+00 2.046499999999999986e+00
2.900000000000000000e+01 1.564000000000000000e+03 -1.000000000000000000e+00 -1.000000000000000000e+00 -1.000000000000000000e+00 -1.000000000000000000e+00 -1.000000000000000000e+00 1.779282999999999902e+03 1.176823000000000093e+03 1.943999999999999950e+00 1.481500000000000039e+00 7.442000000000000171e+00 2.447499999999999787e+00
2.900000000000000000e+01 1.565000000000000000e+03 -1.000000000000000000e+00 -1.000000000000000000e+00 -1.000000000000000000e+00 -1.000000000000000000e+00 -1.000000000000000000e+00 1.782694999999999936e+03 1.176018000000000029e+03 2.104000000000000092e+00 1.516999999999999904e+00 8.464499999999999247e+00 2.116499999999999826e+00
2.900000000000000000e+01 1.578000000000000000e+03 -1.000000000000000000e+00 -1.000000000000000000e+00 -1.000000000000000000e+00 -1.000000000000000000e+00 -1.000000000000000000e+00 1.792695999999999913e+03 1.167996000000000095e+03 2.402000000000000135e+00 1.562999999999999945e+00 7.763499999999999623e+00 2.007000000000000117e+00
2.900000000000000000e+01 1.566000000000000000e+03 -1.000000000000000000e+00 -1.000000000000000000e+00 -1.000000000000000000e+00 -1.000000000000000000e+00 -1.000000000000000000e+00 1.785218000000000075e+03 1.174238000000000056e+03 2.137999999999999901e+00 1.357499999999999929e+00 7.883000000000000007e+00 2.221499999999999808e+00
2.900000000000000000e+01 1.572000000000000000e+03 -1.000000000000000000e+00 -1.000000000000000000e+00 -1.000000000000000000e+00 -1.000000000000000000e+00 -1.000000000000000000e+00 1.790025000000000091e+03 1.170077999999999975e+03 2.733999999999999986e+00 1.492499999999999938e+00 8.391000000000000014e+00 1.868000000000000105e+00
3.000000000000000000e+01 1.567000000000000000e+03 -1.000000000000000000e+00 -1.000000000000000000e+00 -1.000000000000000000e+00 -1.000000000000000000e+00 -1.000000000000000000e+00 1.787579999999999927e+03 1.172057000000000016e+03 2.378000000000000114e+00 1.492499999999999938e+00 8.415499999999999758e+00 2.046499999999999986e+00
3.000000000000000000e+01 1.587000000000000000e+03 -1.000000000000000000e+00 -1.000000000000000000e+00 -1.000000000000000000e+00 -1.000000000000000000e+00 -1.000000000000000000e+00 1.794513999999999896e+03 1.165577999999999975e+03 2.153999999999999915e+00 1.337499999999999911e+00 7.318500000000000227e+00 1.872000000000000108e+00
3.000000000000000000e+01 1.564000000000000000e+03 -1.000000000000000000e+00 -1.000000000000000000e+00 -1.000000000000000000e+00 -1.000000000000000000e+00 -1.000000000000000000e+00 1.779263999999999896e+03 1.177096999999999980e+03 1.943999999999999950e+00 1.481500000000000039e+00 7.442000000000000171e+00 2.447499999999999787e+00
3.000000000000000000e+01 1.565000000000000000e+03 -1.000000000000000000e+00 -1.000000000000000000e+00 -1.000000000000000000e+00 -1.000000000000000000e+00 -1.000000000000000000e+00 1.782694999999999936e+03 1.176018000000000029e+03 2.104000000000000092e+00 1.516999999999999904e+00 8.464499999999999247e+00 2.116499999999999826e+00
3.000000000000000000e+01 1.578000000000000000e+03 -1.000000000000000000e+00 -1.000000000000000000e+00 -1.000000000000000000e+00 -1.000000000000000000e+00 -1.000000000000000000e+00 1.792695999999999913e+03 1.167996000000000095e+03 2.402000000000000135e+00 1.562999999999999945e+00 7.763499999999999623e+00 2.007000000000000117e+00
3.000000000000000000e+01 1.566000000000000000e+03 -1.000000000000000000e+00 -1.000000000000000000e+00 -1.000000000000000000e+00 -1.000000000000000000e+00 -1.000000000000000000e+00 1.785244999999999891e+03 1.174213999999999942e+03 2.137999999999999901e+00 1.357499999999999929e+00 7.883000000000000007e+00 2.221499999999999808e+00
3.000000000000000000e+01 1.572000000000000000e+03 -1.000000000000000000e+00 -1.000000000000000000e+00 -1.000000000000000000e+00 -1.000000000000000000e+00 -1.000000000000000000e+00 1.790025000000000091e+03 1.170077999999999975e+03 2.733999999999999986e+00 1.492499999999999938e+00 8.391000000000000014e+00 1.868000000000000105e+00
3.100000000000000000e+01 1.567000000000000000e+03 -1.000000000000000000e+00 -1.000000000000000000e+00 -1.000000000000000000e+00 -1.000000000000000000e+00 -1.000000000000000000e+00 1.787579999999999927e+03 1.172057000000000016e+03 2.378000000000000114e+00 1.492499999999999938e+00 8.415499999999999758e+00 2.046499999999999986e+00
3.100000000000000000e+01 1.587000000000000000e+03 -1.000000000000000000e+00 -1.000000000000000000e+00 -1.000000000000000000e+00 -1.000000000000000000e+00 -1.000000000000000000e+00 1.794586000000000013e+03 1.165507000000000062e+03 2.153999999999999915e+00 1.337499999999999911e+00 7.318500000000000227e+00 1.872000000000000108e+00
3.100000000000000000e+01 1.564000000000000000e+03 -1.000000000000000000e+00 -1.000000000000000000e+00 -1.000000000000000000e+00 -1.000000000000000000e+00 -1.000000000000000000e+00 1.779055000000000064e+03 1.176882000000000062e+03 2.044000000000000039e+00 1.481500000000000039e+00 7.442000000000000171e+00 2.447499999999999787e+00
3.100000000000000000e+01 1.565000000000000000e+03 -1.000000000000000000e+00 -1.000000000000000000e+00 -1.000000000000000000e+00 -1.000000000000000000e+00 -1.000000000000000000e+00 1.782694999999999936e+03 1.176018000000000029e+03 2.104000000000000092e+00 1.516999999999999904e+00 8.464499999999999247e+00 2.116499999999999826e+00
3.100000000000000000e+01 1.578000000000000000e+03 -1.000000000000000000e+00 -1.000000000000000000e+00 -1.000000000000000000e+00 -1.000000000000000000e+00 -1.000000000000000000e+00 1.792695999999999913e+03 1.167996000000000095e+03 2.402000000000000135e+00 1.562999999999999945e+00 7.763499999999999623e+00 2.007000000000000117e+00
3.100000000000000000e+01 1.566000000000000000e+03 -1.000000000000000000e+00 -1.000000000000000000e+00 -1.000000000000000000e+00 -1.000000000000000000e+00 -1.000000000000000000e+00 1.785271999999999935e+03 1.174189000000000078e+03 2.137999999999999901e+00 1.357499999999999929e+00 7.883000000000000007e+00 2.221499999999999808e+00
3.100000000000000000e+01 1.572000000000000000e+03 -1.000000000000000000e+00 -1.000000000000000000e+00 -1.000000000000000000e+00 -1.000000000000000000e+00 -1.000000000000000000e+00 1.790025000000000091e+03 1.170077999999999975e+03 2.733999999999999986e+00 1.492499999999999938e+00 8.391000000000000014e+00 1.868000000000000105e+00
3.200000000000000000e+01 1.567000000000000000e+03 -1.000000000000000000e+00 -1.000000000000000000e+00 -1.000000000000000000e+00 -1.000000000000000000e+00 -1.000000000000000000e+00 1.787579999999999927e+03 1.172057000000000016e+03 2.378000000000000114e+00 1.492499999999999938e+00 8.415499999999999758e+00 2.046499999999999986e+00
3.200000000000000000e+01 1.587000000000000000e+03 -1.000000000000000000e+00 -1.000000000000000000e+00 -1.000000000000000000e+00 -1.000000000000000000e+00 -1.000000000000000000e+00 1.794657999999999902e+03 1.165436999999999898e+03 2.153999999999999915e+00 1.337499999999999911e+00 7.318500000000000227e+00 1.872000000000000108e+00
3.200000000000000000e+01 1.564000000000000000e+03 -1.000000000000000000e+00 -1.000000000000000000e+00 -1.000000000000000000e+00 -1.000000000000000000e+00 -1.000000000000000000e+00 1.778984999999999900e+03 1.176807000000000016e+03 2.044000000000000039e+00 1.481500000000000039e+00 7.442000000000000171e+00 2.447499999999999787e+00
3.200000000000000000e+01 1.591000000000000000e+03 -1.000000000000000000e+00 -1.000000000000000000e+00 -1.000000000000000000e+00 -1.000000000000000000e+00 -1.000000000000000000e+00 1.796257000000000062e+03 1.162191000000000031e+03 2.431000000000000050e+00 1.543500000000000094e+00 7.881999999999999673e+00 2.099000000000000199e+00
3.200000000000000000e+01 1.565000000000000000e+03 -1.000000000000000000e+00 -1.000000000000000000e+00 -1.000000000000000000e+00 -1.000000000000000000e+00 -1.000000000000000000e+00 1.782694999999999936e+03 1.176018000000000029e+03 2.104000000000000092e+00 1.516999999999999904e+00 8.464499999999999247e+00 2.116499999999999826e+00
3.200000000000000000e+01 1.578000000000000000e+03 -1.000000000000000000e+00 -1.000000000000000000e+00 -1.000000000000000000e+00 -1.000000000000000000e+00 -1.000000000000000000e+00 1.792695999999999913e+03 1.167996000000000095e+03 2.402000000000000135e+00 1.562999999999999945e+00 7.763499999999999623e+00 2.007000000000000117e+00
3.200000000000000000e+01 1.566000000000000000e+03 -1.000000000000000000e+00 -1.000000000000000000e+00 -1.000000000000000000e+00 -1.000000000000000000e+00 -1.000000000000000000e+00 1.785298999999999978e+03 1.174164999999999964e+03 2.137999999999999901e+00 1.357499999999999929e+00 7.883000000000000007e+00 2.221499999999999808e+00
3.200000000000000000e+01 1.572000000000000000e+03 -1.000000000000000000e+00 -1.000000000000000000e+00 -1.000000000000000000e+00 -1.000000000000000000e+00 -1.000000000000000000e+00 1.790025000000000091e+03 1.170077999999999975e+03 2.733999999999999986e+00 1.492499999999999938e+00 8.391000000000000014e+00 1.868000000000000105e+00
3.300000000000000000e+01 1.567000000000000000e+03 -1.000000000000000000e+00 -1.000000000000000000e+00 -1.000000000000000000e+00 -1.000000000000000000e+00 -1.000000000000000000e+00 1.787494999999999891e+03 1.172135999999999967e+03 2.378000000000000114e+00 1.492499999999999938e+00 8.415499999999999758e+00 2.046499999999999986e+00
3.300000000000000000e+01 1.587000000000000000e+03 -1.000000000000000000e+00 -1.000000000000000000e+00 -1.000000000000000000e+00 -1.000000000000000000e+00 -1.000000000000000000e+00 1.794730000000000018e+03 1.165365999999999985e+03 2.153999999999999915e+00 1.337499999999999911e+00 7.318500000000000227e+00 1.872000000000000108e+00
3.300000000000000000e+01 1.591000000000000000e+03 -1.000000000000000000e+00 -1.000000000000000000e+00 -1.000000000000000000e+00 -1.000000000000000000e+00 -1.000000000000000000e+00 1.796257000000000062e+03 1.162191000000000031e+03 2.431000000000000050e+00 1.543500000000000094e+00 7.881999999999999673e+00 2.099000000000000199e+00
3.300000000000000000e+01 1.565000000000000000e+03 -1.000000000000000000e+00 -1.000000000000000000e+00 -1.000000000000000000e+00 -1.000000000000000000e+00 -1.000000000000000000e+00 1.782536000000000058e+03 1.175847999999999956e+03 2.104000000000000092e+00 1.516999999999999904e+00 8.464499999999999247e+00 2.116499999999999826e+00
3.300000000000000000e+01 1.578000000000000000e+03 -1.000000000000000000e+00 -1.000000000000000000e+00 -1.000000000000000000e+00 -1.000000000000000000e+00 -1.000000000000000000e+00 1.792406999999999925e+03 1.167682000000000016e+03 2.402000000000000135e+00 1.562999999999999945e+00 7.763499999999999623e+00 2.007000000000000117e+00
3.300000000000000000e+01 1.566000000000000000e+03 -1.000000000000000000e+00 -1.000000000000000000e+00 -1.000000000000000000e+00 -1.000000000000000000e+00 -1.000000000000000000e+00 1.785215999999999894e+03 1.174241999999999962e+03 2.137999999999999901e+00 1.357499999999999929e+00 7.883000000000000007e+00 2.221499999999999808e+00
3.300000000000000000e+01 1.572000000000000000e+03 -1.000000000000000000e+00 -1.000000000000000000e+00 -1.000000000000000000e+00 -1.000000000000000000e+00 -1.000000000000000000e+00 1.790025000000000091e+03 1.170077999999999975e+03 2.733999999999999986e+00 1.492499999999999938e+00 8.391000000000000014e+00 1.868000000000000105e+00
3.400000000000000000e+01 1.567000000000000000e+03 -1.000000000000000000e+00 -1.000000000000000000e+00 -1.000000000000000000e+00 -1.000000000000000000e+00 -1.000000000000000000e+00 1.787411000000000058e+03 1.172214999999999918e+03 2.378000000000000114e+00 1.492499999999999938e+00 8.415499999999999758e+00 2.046499999999999986e+00
3.400000000000000000e+01 1.587000000000000000e+03 -1.000000000000000000e+00 -1.000000000000000000e+00 -1.000000000000000000e+00 -1.000000000000000000e+00 -1.000000000000000000e+00 1.794801999999999907e+03 1.165296000000000049e+03 2.153999999999999915e+00 1.337499999999999911e+00 7.318500000000000227e+00 1.872000000000000108e+00
3.400000000000000000e+01 1.591000000000000000e+03 -1.000000000000000000e+00 -1.000000000000000000e+00 -1.000000000000000000e+00 -1.000000000000000000e+00 -1.000000000000000000e+00 1.796257000000000062e+03 1.162191000000000031e+03 2.431000000000000050e+00 1.543500000000000094e+00 7.881999999999999673e+00 2.099000000000000199e+00
3.400000000000000000e+01 1.565000000000000000e+03 -1.000000000000000000e+00 -1.000000000000000000e+00 -1.000000000000000000e+00 -1.000000000000000000e+00 -1.000000000000000000e+00 1.782694999999999936e+03 1.176018000000000029e+03 2.104000000000000092e+00 1.516999999999999904e+00 8.464499999999999247e+00 2.116499999999999826e+00
3.400000000000000000e+01 1.578000000000000000e+03 -1.000000000000000000e+00 -1.000000000000000000e+00 -1.000000000000000000e+00 -1.000000000000000000e+00 -1.000000000000000000e+00 1.792497000000000071e+03 1.167779999999999973e+03 2.402000000000000135e+00 1.562999999999999945e+00 7.763499999999999623e+00 2.007000000000000117e+00
3.400000000000000000e+01 1.566000000000000000e+03 -1.000000000000000000e+00 -1.000000000000000000e+00 -1.000000000000000000e+00 -1.000000000000000000e+00 -1.000000000000000000e+00 1.785218000000000075e+03 1.174238000000000056e+03 2.137999999999999901e+00 1.357499999999999929e+00 7.883000000000000007e+00 2.221499999999999808e+00
3.400000000000000000e+01 1.572000000000000000e+03 -1.000000000000000000e+00 -1.000000000000000000e+00 -1.000000000000000000e+00 -1.000000000000000000e+00 -1.000000000000000000e+00 1.790025000000000091e+03 1.170077999999999975e+03 2.733999999999999986e+00 1.492499999999999938e+00 8.391000000000000014e+00 1.868000000000000105e+00
3.500000000000000000e+01 1.567000000000000000e+03 -1.000000000000000000e+00 -1.000000000000000000e+00 -1.000000000000000000e+00 -1.000000000000000000e+00 -1.000000000000000000e+00 1.787407999999999902e+03 1.172297000000000025e+03 2.378000000000000114e+00 1.492499999999999938e+00 8.415499999999999758e+00 2.046499999999999986e+00
3.500000000000000000e+01 1.587000000000000000e+03 -1.000000000000000000e+00 -1.000000000000000000e+00 -1.000000000000000000e+00 -1.000000000000000000e+00 -1.000000000000000000e+00 1.794730000000000018e+03 1.165365999999999985e+03 2.153999999999999915e+00 1.337499999999999911e+00 7.318500000000000227e+00 1.872000000000000108e+00
3.500000000000000000e+01 1.591000000000000000e+03 -1.000000000000000000e+00 -1.000000000000000000e+00 -1.000000000000000000e+00 -1.000000000000000000e+00 -1.000000000000000000e+00 1.796257000000000062e+03 1.162191000000000031e+03 2.431000000000000050e+00 1.543500000000000094e+00 7.881999999999999673e+00 2.099000000000000199e+00
3.500000000000000000e+01 1.565000000000000000e+03 -1.000000000000000000e+00 -1.000000000000000000e+00 -1.000000000000000000e+00 -1.000000000000000000e+00 -1.000000000000000000e+00 1.782694999999999936e+03 1.176018000000000029e+03 2.104000000000000092e+00 1.516999999999999904e+00 8.464499999999999247e+00 2.116499999999999826e+00
3.500000000000000000e+01 1.578000000000000000e+03 -1.000000000000000000e+00 -1.000000000000000000e+00 -1.000000000000000000e+00 -1.000000000000000000e+00 -1.000000000000000000e+00 1.792587999999999965e+03 1.167877999999999929e+03 2.402000000000000135e+00 1.562999999999999945e+00 7.763499999999999623e+00 2.007000000000000117e+00
3.500000000000000000e+01 1.566000000000000000e+03 -1.000000000000000000e+00 -1.000000000000000000e+00 -1.000000000000000000e+00 -1.000000000000000000e+00 -1.000000000000000000e+00 1.785138999999999896e+03 1.174311999999999898e+03 2.137999999999999901e+00 1.357499999999999929e+00 7.883000000000000007e+00 2.221499999999999808e+00
3.500000000000000000e+01 1.572000000000000000e+03 -1.000000000000000000e+00 -1.000000000000000000e+00 -1.000000000000000000e+00 -1.000000000000000000e+00 -1.000000000000000000e+00 1.790025000000000091e+03 1.170077999999999975e+03 2.733999999999999986e+00 1.492499999999999938e+00 8.391000000000000014e+00 1.868000000000000105e+00
3.600000000000000000e+01 1.567000000000000000e+03 -1.000000000000000000e+00 -1.000000000000000000e+00 -1.000000000000000000e+00 -1.000000000000000000e+00 -1.000000000000000000e+00 1.787404999999999973e+03 1.172378999999999905e+03 2.378000000000000114e+00 1.492499999999999938e+00 8.415499999999999758e+00 2.046499999999999986e+00
3.600000000000000000e+01 1.587000000000000000e+03 -1.000000000000000000e+00 -1.000000000000000000e+00 -1.000000000000000000e+00 -1.000000000000000000e+00 -1.000000000000000000e+00 1.794875000000000000e+03 1.165509000000000015e+03 2.254000000000000004e+00 1.337499999999999911e+00 7.318500000000000227e+00 1.872000000000000108e+00
3.600000000000000000e+01 1.591000000000000000e+03 -1.000000000000000000e+00 -1.000000000000000000e+00 -1.000000000000000000e+00 -1.000000000000000000e+00 -1.000000000000000000e+00 1.796257000000000062e+03 1.162191000000000031e+03 2.431000000000000050e+00 1.543500000000000094e+00 7.881999999999999673e+00 2.099000000000000199e+00
3.600000000000000000e+01 1.565000000000000000e+03 -1.000000000000000000e+00 -1.000000000000000000e+00 -1.000000000000000000e+00 -1.000000000000000000e+00 -1.000000000000000000e+00 1.782694999999999936e+03 1.176018000000000029e+03 2.104000000000000092e+00 1.516999999999999904e+00 8.464499999999999247e+00 2.116499999999999826e+00
3.600000000000000000e+01 1.578000000000000000e+03 -1.000000000000000000e+00 -1.000000000000000000e+00 -1.000000000000000000e+00 -1.000000000000000000e+00 -1.000000000000000000e+00 1.792678000000000111e+03 1.167977000000000089e+03 2.402000000000000135e+00 1.562999999999999945e+00 7.763499999999999623e+00 2.007000000000000117e+00
3.600000000000000000e+01 1.566000000000000000e+03 -1.000000000000000000e+00 -1.000000000000000000e+00 -1.000000000000000000e+00 -1.000000000000000000e+00 -1.000000000000000000e+00 1.785138999999999896e+03 1.174311999999999898e+03 2.137999999999999901e+00 1.357499999999999929e+00 7.883000000000000007e+00 2.221499999999999808e+00
3.600000000000000000e+01 1.572000000000000000e+03 -1.000000000000000000e+00 -1.000000000000000000e+00 -1.000000000000000000e+00 -1.000000000000000000e+00 -1.000000000000000000e+00 1.790025000000000091e+03 1.170077999999999975e+03 2.733999999999999986e+00 1.492499999999999938e+00 8.391000000000000014e+00 1.868000000000000105e+00
3.700000000000000000e+01 1.567000000000000000e+03 -1.000000000000000000e+00 -1.000000000000000000e+00 -1.000000000000000000e+00 -1.000000000000000000e+00 -1.000000000000000000e+00 1.787569999999999936e+03 1.172385999999999967e+03 2.378000000000000114e+00 1.492499999999999938e+00 8.415499999999999758e+00 2.046499999999999986e+00
3.700000000000000000e+01 1.587000000000000000e+03 -1.000000000000000000e+00 -1.000000000000000000e+00 -1.000000000000000000e+00 -1.000000000000000000e+00 -1.000000000000000000e+00 1.795019000000000005e+03 1.165651000000000067e+03 2.353000000000000203e+00 1.337499999999999911e+00 7.318500000000000227e+00 1.872000000000000108e+00
3.700000000000000000e+01 1.591000000000000000e+03 -1.000000000000000000e+00 -1.000000000000000000e+00 -1.000000000000000000e+00 -1.000000000000000000e+00 -1.000000000000000000e+00 1.796257000000000062e+03 1.162191000000000031e+03 2.431000000000000050e+00 1.543500000000000094e+00 7.881999999999999673e+00 2.099000000000000199e+00
3.700000000000000000e+01 1.565000000000000000e+03 -1.000000000000000000e+00 -1.000000000000000000e+00 -1.000000000000000000e+00 -1.000000000000000000e+00 -1.000000000000000000e+00 1.782694999999999936e+03 1.176018000000000029e+03 2.104000000000000092e+00 1.516999999999999904e+00 8.464499999999999247e+00 2.116499999999999826e+00
3.700000000000000000e+01 1.578000000000000000e+03 -1.000000000000000000e+00 -1.000000000000000000e+00 -1.000000000000000000e+00 -1.000000000000000000e+00 -1.000000000000000000e+00 1.792769000000000005e+03 1.168075000000000045e+03 2.402000000000000135e+00 1.562999999999999945e+00 7.763499999999999623e+00 2.007000000000000117e+00
3.700000000000000000e+01 1.566000000000000000e+03 -1.000000000000000000e+00 -1.000000000000000000e+00 -1.000000000000000000e+00 -1.000000000000000000e+00 -1.000000000000000000e+00 1.785298999999999978e+03 1.174164999999999964e+03 2.137999999999999901e+00 1.357499999999999929e+00 7.883000000000000007e+00 2.221499999999999808e+00
3.700000000000000000e+01 1.572000000000000000e+03 -1.000000000000000000e+00 -1.000000000000000000e+00 -1.000000000000000000e+00 -1.000000000000000000e+00 -1.000000000000000000e+00 1.790025000000000091e+03 1.170077999999999975e+03 2.733999999999999986e+00 1.492499999999999938e+00 8.391000000000000014e+00 1.868000000000000105e+00
3.800000000000000000e+01 1.567000000000000000e+03 -1.000000000000000000e+00 -1.000000000000000000e+00 -1.000000000000000000e+00 -1.000000000000000000e+00 -1.000000000000000000e+00 1.787569999999999936e+03 1.172385999999999967e+03 2.378000000000000114e+00 1.492499999999999938e+00 8.415499999999999758e+00 2.046499999999999986e+00
3.800000000000000000e+01 1.587000000000000000e+03 -1.000000000000000000e+00 -1.000000000000000000e+00 -1.000000000000000000e+00 -1.000000000000000000e+00 -1.000000000000000000e+00 1.795163999999999987e+03 1.165794000000000096e+03 2.452999999999999847e+00 1.337499999999999911e+00 7.318500000000000227e+00 1.872000000000000108e+00
3.800000000000000000e+01 1.591000000000000000e+03 -1.000000000000000000e+00 -1.000000000000000000e+00 -1.000000000000000000e+00 -1.000000000000000000e+00 -1.000000000000000000e+00 1.796257000000000062e+03 1.162191000000000031e+03 2.431000000000000050e+00 1.543500000000000094e+00 7.881999999999999673e+00 2.099000000000000199e+00
3.800000000000000000e+01 1.578000000000000000e+03 -1.000000000000000000e+00 -1.000000000000000000e+00 -1.000000000000000000e+00 -1.000000000000000000e+00 -1.000000000000000000e+00 1.792624000000000024e+03 1.167917999999999893e+03 2.402000000000000135e+00 1.562999999999999945e+00 7.763499999999999623e+00 2.007000000000000117e+00
3.800000000000000000e+01 1.572000000000000000e+03 -1.000000000000000000e+00 -1.000000000000000000e+00 -1.000000000000000000e+00 -1.000000000000000000e+00 -1.000000000000000000e+00 1.790025000000000091e+03 1.170077999999999975e+03 2.733999999999999986e+00 1.492499999999999938e+00 8.391000000000000014e+00 1.868000000000000105e+00
3.900000000000000000e+01 1.587000000000000000e+03 -1.000000000000000000e+00 -1.000000000000000000e+00 -1.000000000000000000e+00 -1.000000000000000000e+00 -1.000000000000000000e+00 1.795308999999999969e+03 1.165936999999999898e+03 2.552999999999999936e+00 1.337499999999999911e+00 7.318500000000000227e+00 1.872000000000000108e+00
3.900000000000000000e+01 1.591000000000000000e+03 -1.000000000000000000e+00 -1.000000000000000000e+00 -1.000000000000000000e+00 -1.000000000000000000e+00 -1.000000000000000000e+00 1.796218000000000075e+03 1.162153000000000020e+03 2.431000000000000050e+00 1.543500000000000094e+00 7.881999999999999673e+00 2.099000000000000199e+00
3.900000000000000000e+01 1.578000000000000000e+03 -1.000000000000000000e+00 -1.000000000000000000e+00 -1.000000000000000000e+00 -1.000000000000000000e+00 -1.000000000000000000e+00 1.792479000000000042e+03 1.167759999999999991e+03 2.402000000000000135e+00 1.562999999999999945e+00 7.763499999999999623e+00 2.007000000000000117e+00
4.000000000000000000e+01 1.587000000000000000e+03 -1.000000000000000000e+00 -1.000000000000000000e+00 -1.000000000000000000e+00 -1.000000000000000000e+00 -1.000000000000000000e+00 1.795452999999999975e+03 1.166078999999999951e+03 2.652000000000000135e+00 1.337499999999999911e+00 7.318500000000000227e+00 1.872000000000000108e+00
4.000000000000000000e+01 1.591000000000000000e+03 -1.000000000000000000e+00 -1.000000000000000000e+00 -1.000000000000000000e+00 -1.000000000000000000e+00 -1.000000000000000000e+00 1.796179000000000087e+03 1.162115999999999985e+03 2.431000000000000050e+00 1.543500000000000094e+00 7.881999999999999673e+00 2.099000000000000199e+00
4.000000000000000000e+01 1.578000000000000000e+03 -1.000000000000000000e+00 -1.000000000000000000e+00 -1.000000000000000000e+00 -1.000000000000000000e+00 -1.000000000000000000e+00 1.792624000000000024e+03 1.167917999999999893e+03 2.402000000000000135e+00 1.562999999999999945e+00 7.763499999999999623e+00 2.007000000000000117e+00
