1.000000000000000000e+00 2.301000000000000000e+03 -1.000000000000000000e+00 -1.000000000000000000e+00 -1.000000000000000000e+00 -1.000000000000000000e+00 -1.000000000000000000e+00 1.796042999999999893e+03 8.019210000000000491e+02 2.560000000000000053e+00 1.250999999999999890e+00 5.532000000000000028e+00 1.875000000000000000e+00
1.000000000000000000e+00 2.304000000000000000e+03 -1.000000000000000000e+00 -1.000000000000000000e+00 -1.000000000000000000e+00 -1.000000000000000000e+00 -1.000000000000000000e+00 1.754541999999999916e+03 8.004239999999999782e+02 2.072999999999999954e+00 1.449000000000000066e+00 4.934499999999999886e+00 2.112999999999999989e+00
1.000000000000000000e+00 2.307000000000000000e+03 -1.000000000000000000e+00 -1.000000000000000000e+00 -1.000000000000000000e+00 -1.000000000000000000e+00 -1.000000000000000000e+00 1.782020999999999958e+03 8.016230000000000473e+02 2.251999999999999780e+00 1.370000000000000107e+00 5.778999999999999915e+00 2.105500000000000149e+00
1.000000000000000000e+00 2.312000000000000000e+03 -1.000000000000000000e+00 -1.000000000000000000e+00 -1.000000000000000000e+00 -1.000000000000000000e+00 -1.000000000000000000e+00 1.712815000000000055e+03 7.687190000000000509e+02 2.088999999999999968e+00 1.550000000000000044e+00 4.075499999999999901e+00 1.840999999999999970e+00
1.000000000000000000e+00 2.316000000000000000e+03 -1.000000000000000000e+00 -1.000000000000000000e+00 -1.000000000000000000e+00 -1.000000000000000000e+00 -1.000000000000000000e+00 1.758163000000000011e+03 7.947680000000000291e+02 2.201999999999999957e+00 1.463500000000000023e+00 7.248999999999999666e+00 2.193999999999999950e+00
1.000000000000000000e+00 2.317000000000000000e+03 -1.000000000000000000e+00 -1.000000000000000000e+00 -1.000000000000000000e+00 -1.000000000000000000e+00 -1.000000000000000000e+00 1.778300999999999931e+03 8.016349999999999909e+02 2.548999999999999932e+00 1.414500000000000091e+00 5.836999999999999744e+00 1.812999999999999945e+00
1.000000000000000000e+00 2.324000000000000000e+03 -1.000000000000000000e+00 -1.000000000000000000e+00 -1.000000000000000000e+00 -1.000000000000000000e+00 -1.000000000000000000e+00 1.789319999999999936e+03 8.015420000000000300e+02 2.403999999999999915e+00 1.332500000000000018e+00 5.634000000000000341e+00 1.935000000000000053e+00
1.000000000000000000e+00 2.331000000000000000e+03 -1.000000000000000000e+00 -1.000000000000000000e+00 -1.000000000000000000e+00 -1.000000000000000000e+00 -1.000000000000000000e+00 1.792843000000000075e+03 8.016359999999999673e+02 2.431000000000000050e+00 1.487000000000000099e+00 5.706500000000000128e+00 1.981000000000000094e+00
2.000000000000000000e+00 2.301000000000000000e+03 -1.000000000000000000e+00 -1.000000000000000000e+00 -1.000000000000000000e+00 -1.000000000000000000e+00 -1.000000000000000000e+00 1.796075000000000045e+03 8.019220000000000255e+02 2.560000000000000053e+00 1.250999999999999890e+00 5.532000000000000028e+00 1.875000000000000000e+00
2.000000000000000000e+00 2.304000000000000000e+03 -1.000000000000000000e+00 -1.000000000000000000e+00 -1.000000000000000000e+00 -1.000000000000000000e+00 -1.000000000000000000e+00 1.754605000000000018e+03 8.004260000000000446e+02 2.072999999999999954e+00 1.449000000000000066e+00 4.934499999999999886e+00 2.112999999999999989e+00
2.000000000000000000e+00 2.307000000000000000e+03 -1.000000000000000000e+00 -1.000000000000000000e+00 -1.000000000000000000e+00 -1.000000000000000000e+00 -1.000000000000000000e+00 1.782020999999999958e+03 8.016230000000000473e+02 2.251999999999999780e+00 1.370000000000000107e+00 5.778999999999999915e+00 2.105500000000000149e+00
2.000000000000000000e+00 2.312000000000000000e+03 -1.000000000000000000e+00 -1.000000000000000000e+00 -1.000000000000000000e+00 -1.000000000000000000e+00 -1.000000000000000000e+00 1.712391000000000076e+03 7.688830000000000382e+02 1.913999999999999924e+00 1.550000000000000044e+00 4.075499999999999901e+00 1.840999999999999970e+00
2.000000000000000000e+00 2.316000000000000000e+03 -1.000000000000000000e+00 -1.000000000000000000e+00 -1.000000000000000000e+00 -1.000000000000000000e+00 -1.000000000000000000e+00 1.758170000000000073e+03 7.947680000000000291e+02 2.201999999999999957e+00 1.463500000000000023e+00 7.248999999999999666e+00 2.193999999999999950e+00
2.000000000000000000e+00 2.317000000000000000e+03 -1.000000000000000000e+00 -1.000000000000000000e+00 -1.000000000000000000e+00 -1.000000000000000000e+00 -1.000000000000000000e+00 1.778300999999999931e+03 8.016349999999999909e+02 2.548999999999999932e+00 1.414500000000000091e+00 5.836999999999999744e+00 1.812999999999999945e+00
2.000000000000000000e+00 2.324000000000000000e+03 -1.000000000000000000e+00 -1.000000000000000000e+00 -1.000000000000000000e+00 -1.000000000000000000e+00 -1.000000000000000000e+00 1.789319999999999936e+03 8.015420000000000300e+02 2.403999999999999915e+00 1.332500000000000018e+00 5.634000000000000341e+00 1.935000000000000053e+00
2.000000000000000000e+00 2.331000000000000000e+03 -1.000000000000000000e+00 -1.000000000000000000e+00 -1.000000000000000000e+00 -1.000000000000000000e+00 -1.000000000000000000e+00 1.792837999999999965e+03 8.017799999999999727e+02 2.419999999999999929e+00 1.487000000000000099e+00 5.706500000000000128e+00 1.981000000000000094e+00
2.000000000000000000e+00 2.343000000000000000e+03 -1.000000000000000000e+00 -1.000000000000000000e+00 -1.000000000000000000e+00 -1.000000000000000000e+00 -1.000000000000000000e+00 1.750951999999999998e+03 8.039930000000000518e+02 2.009999999999999787e+00 1.536000000000000032e+00 8.330999999999999517e+00 2.310000000000000053e+00
3.000000000000000000e+00 2.304000000000000000e+03 -1.000000000000000000e+00 -1.000000000000000000e+00 -1.000000000000000000e+00 -1.000000000000000000e+00 -1.000000000000000000e+00 1.754667999999999893e+03 8.004279999999999973e+02 2.072999999999999954e+00 1.449000000000000066e+00 4.934499999999999886e+00 2.112999999999999989e+00
3.000000000000000000e+00 2.312000000000000000e+03 -1.000000000000000000e+00 -1.000000000000000000e+00 -1.000000000000000000e+00 -1.000000000000000000e+00 -1.000000000000000000e+00 1.712420000000000073e+03 7.688329999999999700e+02 1.939000000000000057e+00 1.550000000000000044e+00 4.075499999999999901e+00 1.840999999999999970e+00
3.000000000000000000e+00 2.316000000000000000e+03 -1.000000000000000000e+00 -1.000000000000000000e+00 -1.000000000000000000e+00 -1.000000000000000000e+00 -1.000000000000000000e+00 1.758175999999999931e+03 7.947670000000000528e+02 2.201999999999999957e+00 1.463500000000000023e+00 7.248999999999999666e+00 2.193999999999999950e+00
3.000000000000000000e+00 2.324000000000000000e+03 -1.000000000000000000e+00 -1.000000000000000000e+00 -1.000000000000000000e+00 -1.000000000000000000e+00 -1.000000000000000000e+00 1.789319999999999936e+03 8.015420000000000300e+02 2.403999999999999915e+00 1.332500000000000018e+00 5.634000000000000341e+00 1.935000000000000053e+00
3.000000000000000000e+00 2.331000000000000000e+03 -1.000000000000000000e+00 -1.000000000000000000e+00 -1.000000000000000000e+00 -1.000000000000000000e+00 -1.000000000000000000e+00 1.792833000000000084e+03 8.019239999999999782e+02 2.407999999999999918e+00 1.487000000000000099e+00 5.706500000000000128e+00 1.981000000000000094e+00
3.000000000000000000e+00 2.343000000000000000e+03 -1.000000000000000000e+00 -1.000000000000000000e+00 -1.000000000000000000e+00 -1.000000000000000000e+00 -1.000000000000000000e+00 1.750951999999999998e+03 8.039930000000000518e+02 2.009999999999999787e+00 1.536000000000000032e+00 8.330999999999999517e+00 2.310000000000000053e+00
4.000000000000000000e+00 2.304000000000000000e+03 -1.000000000000000000e+00 -1.000000000000000000e+00 -1.000000000000000000e+00 -1.000000000000000000e+00 -1.000000000000000000e+00 1.754667999999999893e+03 8.004279999999999973e+02 2.072999999999999954e+00 1.449000000000000066e+00 4.934499999999999886e+00 2.112999999999999989e+00
4.000000000000000000e+00 2.312000000000000000e+03 -1.000000000000000000e+00 -1.000000000000000000e+00 -1.000000000000000000e+00 -1.000000000000000000e+00 -1.000000000000000000e+00 1.712436999999999898e+03 7.687129999999999654e+02 1.826999999999999957e+00 1.550000000000000044e+00 4.075499999999999901e+00 1.840999999999999970e+00
4.000000000000000000e+00 2.316000000000000000e+03 -1.000000000000000000e+00 -1.000000000000000000e+00 -1.000000000000000000e+00 -1.000000000000000000e+00 -1.000000000000000000e+00 1.758182999999999993e+03 7.947670000000000528e+02 2.201999999999999957e+00 1.463500000000000023e+00 7.248999999999999666e+00 2.193999999999999950e+00
4.000000000000000000e+00 2.324000000000000000e+03 -1.000000000000000000e+00 -1.000000000000000000e+00 -1.000000000000000000e+00 -1.000000000000000000e+00 -1.000000000000000000e+00 1.789319999999999936e+03 8.015420000000000300e+02 2.403999999999999915e+00 1.332500000000000018e+00 5.634000000000000341e+00 1.935000000000000053e+00
4.000000000000000000e+00 2.331000000000000000e+03 -1.000000000000000000e+00 -1.000000000000000000e+00 -1.000000000000000000e+00 -1.000000000000000000e+00 -1.000000000000000000e+00 1.792827999999999975e+03 8.020679999999999836e+02 2.396999999999999797e+00 1.487000000000000099e+00 5.706500000000000128e+00 1.981000000000000094e+00
4.000000000000000000e+00 2.343000000000000000e+03 -1.000000000000000000e+00 -1.000000000000000000e+00 -1.000000000000000000e+00 -1.000000000000000000e+00 -1.000000000000000000e+00 1.750951999999999998e+03 8.039930000000000518e+02 2.009999999999999787e+00 1.536000000000000032e+00 8.330999999999999517e+00 2.310000000000000053e+00
5.000000000000000000e+00 2.304000000000000000e+03 -1.000000000000000000e+00 -1.000000000000000000e+00 -1.000000000000000000e+00 -1.000000000000000000e+00 -1.000000000000000000e+00 1.754667999999999893e+03 8.004279999999999973e+02 2.072999999999999954e+00 1.449000000000000066e+00 4.934499999999999886e+00 2.112999999999999989e+00
5.000000000000000000e+00 2.312000000000000000e+03 -1.000000000000000000e+00 -1.000000000000000000e+00 -1.000000000000000000e+00 -1.000000000000000000e+00 -1.000000000000000000e+00 1.712451999999999998e+03 7.686639999999999873e+02 1.828999999999999959e+00 1.550000000000000044e+00 4.075499999999999901e+00 1.840999999999999970e+00
5.000000000000000000e+00 2.316000000000000000e+03 -1.000000000000000000e+00 -1.000000000000000000e+00 -1.000000000000000000e+00 -1.000000000000000000e+00 -1.000000000000000000e+00 1.758123000000000047e+03 7.947649999999999864e+02 2.201999999999999957e+00 1.463500000000000023e+00 7.248999999999999666e+00 2.193999999999999950e+00
5.000000000000000000e+00 2.343000000000000000e+03 -1.000000000000000000e+00 -1.000000000000000000e+00 -1.000000000000000000e+00 -1.000000000000000000e+00 -1.000000000000000000e+00 1.750806000000000040e+03 8.039260000000000446e+02 2.009999999999999787e+00 1.536000000000000032e+00 8.330999999999999517e+00 2.310000000000000053e+00
6.000000000000000000e+00 2.304000000000000000e+03 -1.000000000000000000e+00 -1.000000000000000000e+00 -1.000000000000000000e+00 -1.000000000000000000e+00 -1.000000000000000000e+00 1.754636999999999944e+03 8.004270000000000209e+02 2.072999999999999954e+00 1.449000000000000066e+00 4.934499999999999886e+00 2.112999999999999989e+00
6.000000000000000000e+00 2.312000000000000000e+03 -1.000000000000000000e+00 -1.000000000000000000e+00 -1.000000000000000000e+00 -1.000000000000000000e+00 -1.000000000000000000e+00 1.712465999999999894e+03 7.686820000000000164e+02 1.830999999999999961e+00 1.550000000000000044e+00 4.075499999999999901e+00 1.840999999999999970e+00
6.000000000000000000e+00 2.316000000000000000e+03 -1.000000000000000000e+00 -1.000000000000000000e+00 -1.000000000000000000e+00 -1.000000000000000000e+00 -1.000000000000000000e+00 1.758063000000000102e+03 7.947640000000000100e+02 2.201999999999999957e+00 1.463500000000000023e+00 7.248999999999999666e+00 2.193999999999999950e+00
6.000000000000000000e+00 2.343000000000000000e+03 -1.000000000000000000e+00 -1.000000000000000000e+00 -1.000000000000000000e+00 -1.000000000000000000e+00 -1.000000000000000000e+00 1.750659000000000106e+03 8.038590000000000373e+02 2.009999999999999787e+00 1.536000000000000032e+00 8.330999999999999517e+00 2.310000000000000053e+00
7.000000000000000000e+00 2.304000000000000000e+03 -1.000000000000000000e+00 -1.000000000000000000e+00 -1.000000000000000000e+00 -1.000000000000000000e+00 -1.000000000000000000e+00 1.754605000000000018e+03 8.004260000000000446e+02 2.072999999999999954e+00 1.449000000000000066e+00 4.934499999999999886e+00 2.112999999999999989e+00
7.000000000000000000e+00 2.312000000000000000e+03 -1.000000000000000000e+00 -1.000000000000000000e+00 -1.000000000000000000e+00 -1.000000000000000000e+00 -1.000000000000000000e+00 1.712481999999999971e+03 7.685869999999999891e+02 1.832000000000000073e+00 1.550000000000000044e+00 4.075499999999999901e+00 1.840999999999999970e+00
7.000000000000000000e+00 2.316000000000000000e+03 -1.000000000000000000e+00 -1.000000000000000000e+00 -1.000000000000000000e+00 -1.000000000000000000e+00 -1.000000000000000000e+00 1.758002999999999929e+03 7.947619999999999436e+02 2.201999999999999957e+00 1.463500000000000023e+00 7.248999999999999666e+00 2.193999999999999950e+00
7.000000000000000000e+00 2.343000000000000000e+03 -1.000000000000000000e+00 -1.000000000000000000e+00 -1.000000000000000000e+00 -1.000000000000000000e+00 -1.000000000000000000e+00 1.750570999999999913e+03 8.037939999999999827e+02 2.069999999999999840e+00 1.536000000000000032e+00 8.330999999999999517e+00 2.310000000000000053e+00
8.000000000000000000e+00 2.304000000000000000e+03 -1.000000000000000000e+00 -1.000000000000000000e+00 -1.000000000000000000e+00 -1.000000000000000000e+00 -1.000000000000000000e+00 1.754574000000000069e+03 8.004249999999999545e+02 2.072999999999999954e+00 1.449000000000000066e+00 4.934499999999999886e+00 2.112999999999999989e+00
8.000000000000000000e+00 2.312000000000000000e+03 -1.000000000000000000e+00 -1.000000000000000000e+00 -1.000000000000000000e+00 -1.000000000000000000e+00 -1.000000000000000000e+00 1.712494999999999891e+03 7.686319999999999482e+02 1.834000000000000075e+00 1.550000000000000044e+00 4.075499999999999901e+00 1.840999999999999970e+00
8.000000000000000000e+00 2.316000000000000000e+03 -1.000000000000000000e+00 -1.000000000000000000e+00 -1.000000000000000000e+00 -1.000000000000000000e+00 -1.000000000000000000e+00 1.758016000000000076e+03 7.947770000000000437e+02 2.216000000000000192e+00 1.463500000000000023e+00 7.248999999999999666e+00 2.193999999999999950e+00
8.000000000000000000e+00 2.343000000000000000e+03 -1.000000000000000000e+00 -1.000000000000000000e+00 -1.000000000000000000e+00 -1.000000000000000000e+00 -1.000000000000000000e+00 1.750365000000000009e+03 8.037259999999999991e+02 2.009999999999999787e+00 1.536000000000000032e+00 8.330999999999999517e+00 2.310000000000000053e+00
9.000000000000000000e+00 2.304000000000000000e+03 -1.000000000000000000e+00 -1.000000000000000000e+00 -1.000000000000000000e+00 -1.000000000000000000e+00 -1.000000000000000000e+00 1.754541999999999916e+03 8.004239999999999782e+02 2.072999999999999954e+00 1.449000000000000066e+00 4.934499999999999886e+00 2.112999999999999989e+00
9.000000000000000000e+00 2.312000000000000000e+03 -1.000000000000000000e+00 -1.000000000000000000e+00 -1.000000000000000000e+00 -1.000000000000000000e+00 -1.000000000000000000e+00 1.712509000000000015e+03 7.686209999999999809e+02 1.836000000000000076e+00 1.550000000000000044e+00 4.075499999999999901e+00 1.840999999999999970e+00
9.000000000000000000e+00 2.316000000000000000e+03 -1.000000000000000000e+00 -1.000000000000000000e+00 -1.000000000000000000e+00 -1.000000000000000000e+00 -1.000000000000000000e+00 1.758028999999999996e+03 7.947910000000000537e+02 2.229000000000000092e+00 1.463500000000000023e+00 7.248999999999999666e+00 2.193999999999999950e+00
9.000000000000000000e+00 2.343000000000000000e+03 -1.000000000000000000e+00 -1.000000000000000000e+00 -1.000000000000000000e+00 -1.000000000000000000e+00 -1.000000000000000000e+00 1.750432297094668684e+03 8.032934838410044449e+02 2.096200772946671620e+00 1.536000000000000032e+00 8.330999999999999517e+00 2.310000000000000053e+00
1.000000000000000000e+01 2.304000000000000000e+03 -1.000000000000000000e+00 -1.000000000000000000e+00 -1.000000000000000000e+00 -1.000000000000000000e+00 -1.000000000000000000e+00 1.754541999999999916e+03 8.004239999999999782e+02 2.072999999999999954e+00 1.449000000000000066e+00 4.934499999999999886e+00 2.112999999999999989e+00
1.000000000000000000e+01 2.312000000000000000e+03 -1.000000000000000000e+00 -1.000000000000000000e+00 -1.000000000000000000e+00 -1.000000000000000000e+00 -1.000000000000000000e+00 1.712522999999999911e+03 7.686390000000000100e+02 1.838000000000000078e+00 1.550000000000000044e+00 4.075499999999999901e+00 1.840999999999999970e+00
1.000000000000000000e+01 2.316000000000000000e+03 -1.000000000000000000e+00 -1.000000000000000000e+00 -1.000000000000000000e+00 -1.000000000000000000e+00 -1.000000000000000000e+00 1.758041999999999916e+03 7.948049999999999500e+02 2.242999999999999883e+00 1.463500000000000023e+00 7.248999999999999666e+00 2.193999999999999950e+00
1.000000000000000000e+01 2.343000000000000000e+03 -1.000000000000000000e+00 -1.000000000000000000e+00 -1.000000000000000000e+00 -1.000000000000000000e+00 -1.000000000000000000e+00 1.750410593451223576e+03 8.034329724258445822e+02 2.068400600443551340e+00 1.536000000000000032e+00 8.330999999999999517e+00 2.310000000000000053e+00
1.100000000000000000e+01 2.312000000000000000e+03 -1.000000000000000000e+00 -1.000000000000000000e+00 -1.000000000000000000e+00 -1.000000000000000000e+00 -1.000000000000000000e+00 1.712534000000000106e+03 7.687680000000000291e+02 1.838999999999999968e+00 1.550000000000000044e+00 4.075499999999999901e+00 1.840999999999999970e+00
1.100000000000000000e+01 2.316000000000000000e+03 -1.000000000000000000e+00 -1.000000000000000000e+00 -1.000000000000000000e+00 -1.000000000000000000e+00 -1.000000000000000000e+00 1.758055000000000064e+03 7.948189999999999600e+02 2.255999999999999783e+00 1.463500000000000023e+00 7.248999999999999666e+00 2.193999999999999950e+00
1.100000000000000000e+01 2.304000000000000000e+03 -1.000000000000000000e+00 -1.000000000000000000e+00 -1.000000000000000000e+00 -1.000000000000000000e+00 -1.000000000000000000e+00 1.754541999999999916e+03 8.004239999999999782e+02 2.072999999999999954e+00 1.449000000000000066e+00 4.934499999999999886e+00 2.112999999999999989e+00
1.100000000000000000e+01 2.343000000000000000e+03 -1.000000000000000000e+00 -1.000000000000000000e+00 -1.000000000000000000e+00 -1.000000000000000000e+00 -1.000000000000000000e+00 1.750388865319750494e+03 8.035726183944136665e+02 2.040569061253242999e+00 1.536000000000000032e+00 8.330999999999999517e+00 2.310000000000000053e+00
1.200000000000000000e+01 2.304000000000000000e+03 -1.000000000000000000e+00 -1.000000000000000000e+00 -1.000000000000000000e+00 -1.000000000000000000e+00 -1.000000000000000000e+00 1.754541999999999916e+03 8.004239999999999782e+02 2.072999999999999954e+00 1.449000000000000066e+00 4.934499999999999886e+00 2.112999999999999989e+00
1.200000000000000000e+01 2.312000000000000000e+03 -1.000000000000000000e+00 -1.000000000000000000e+00 -1.000000000000000000e+00 -1.000000000000000000e+00 -1.000000000000000000e+00 1.712507000000000062e+03 7.687949999999999591e+02 1.846000000000000085e+00 1.550000000000000044e+00 4.075499999999999901e+00 1.840999999999999970e+00
1.200000000000000000e+01 2.316000000000000000e+03 -1.000000000000000000e+00 -1.000000000000000000e+00 -1.000000000000000000e+00 -1.000000000000000000e+00 -1.000000000000000000e+00 1.758067999999999984e+03 7.948329999999999700e+02 2.270000000000000018e+00 1.463500000000000023e+00 7.248999999999999666e+00 2.193999999999999950e+00
1.200000000000000000e+01 2.343000000000000000e+03 -1.000000000000000000e+00 -1.000000000000000000e+00 -1.000000000000000000e+00 -1.000000000000000000e+00 -1.000000000000000000e+00 1.750453999999999951e+03 8.031539999999999964e+02 2.124000000000000110e+00 1.536000000000000032e+00 8.330999999999999517e+00 2.310000000000000053e+00
1.300000000000000000e+01 2.312000000000000000e+03 -1.000000000000000000e+00 -1.000000000000000000e+00 -1.000000000000000000e+00 -1.000000000000000000e+00 -1.000000000000000000e+00 1.712480999999999995e+03 7.688210000000000264e+02 1.852999999999999980e+00 1.550000000000000044e+00 4.075499999999999901e+00 1.840999999999999970e+00
1.300000000000000000e+01 2.316000000000000000e+03 -1.000000000000000000e+00 -1.000000000000000000e+00 -1.000000000000000000e+00 -1.000000000000000000e+00 -1.000000000000000000e+00 1.758079999999999927e+03 7.948469999999999800e+02 2.282999999999999918e+00 1.463500000000000023e+00 7.248999999999999666e+00 2.193999999999999950e+00
1.300000000000000000e+01 2.343000000000000000e+03 -1.000000000000000000e+00 -1.000000000000000000e+00 -1.000000000000000000e+00 -1.000000000000000000e+00 -1.000000000000000000e+00 1.750476000000000113e+03 8.030109999999999673e+02 2.152000000000000135e+00 1.536000000000000032e+00 8.330999999999999517e+00 2.310000000000000053e+00
1.400000000000000000e+01 2.312000000000000000e+03 -1.000000000000000000e+00 -1.000000000000000000e+00 -1.000000000000000000e+00 -1.000000000000000000e+00 -1.000000000000000000e+00 1.712538000000000011e+03 7.688490000000000464e+02 1.858999999999999986e+00 1.550000000000000044e+00 4.075499999999999901e+00 1.840999999999999970e+00
1.400000000000000000e+01 2.316000000000000000e+03 -1.000000000000000000e+00 -1.000000000000000000e+00 -1.000000000000000000e+00 -1.000000000000000000e+00 -1.000000000000000000e+00 1.758093000000000075e+03 7.948609999999999900e+02 2.297000000000000153e+00 1.463500000000000023e+00 7.248999999999999666e+00 2.193999999999999950e+00
1.400000000000000000e+01 2.343000000000000000e+03 -1.000000000000000000e+00 -1.000000000000000000e+00 -1.000000000000000000e+00 -1.000000000000000000e+00 -1.000000000000000000e+00 1.750498000000000047e+03 8.028680000000000518e+02 2.181000000000000050e+00 1.536000000000000032e+00 8.330999999999999517e+00 2.310000000000000053e+00
1.500000000000000000e+01 2.312000000000000000e+03 -1.000000000000000000e+00 -1.000000000000000000e+00 -1.000000000000000000e+00 -1.000000000000000000e+00 -1.000000000000000000e+00 1.712539999999999964e+03 7.688769999999999527e+02 1.866000000000000103e+00 1.550000000000000044e+00 4.075499999999999901e+00 1.840999999999999970e+00
1.500000000000000000e+01 2.316000000000000000e+03 -1.000000000000000000e+00 -1.000000000000000000e+00 -1.000000000000000000e+00 -1.000000000000000000e+00 -1.000000000000000000e+00 1.758105999999999995e+03 7.948750000000000000e+02 2.310000000000000053e+00 1.463500000000000023e+00 7.248999999999999666e+00 2.193999999999999950e+00
1.500000000000000000e+01 2.343000000000000000e+03 -1.000000000000000000e+00 -1.000000000000000000e+00 -1.000000000000000000e+00 -1.000000000000000000e+00 -1.000000000000000000e+00 1.750519999999999982e+03 8.027250000000000227e+02 2.209000000000000075e+00 1.536000000000000032e+00 8.330999999999999517e+00 2.310000000000000053e+00
1.600000000000000000e+01 2.312000000000000000e+03 -1.000000000000000000e+00 -1.000000000000000000e+00 -1.000000000000000000e+00 -1.000000000000000000e+00 -1.000000000000000000e+00 1.712688000000000102e+03 7.686979999999999791e+02 1.872000000000000108e+00 1.550000000000000044e+00 4.075499999999999901e+00 1.840999999999999970e+00
1.600000000000000000e+01 2.316000000000000000e+03 -1.000000000000000000e+00 -1.000000000000000000e+00 -1.000000000000000000e+00 -1.000000000000000000e+00 -1.000000000000000000e+00 1.758147999999999911e+03 7.948769999999999527e+02 2.310000000000000053e+00 1.463500000000000023e+00 7.248999999999999666e+00 2.193999999999999950e+00
1.600000000000000000e+01 2.343000000000000000e+03 -1.000000000000000000e+00 -1.000000000000000000e+00 -1.000000000000000000e+00 -1.000000000000000000e+00 -1.000000000000000000e+00 1.750542999999999893e+03 8.025819999999999936e+02 2.237999999999999989e+00 1.536000000000000032e+00 8.330999999999999517e+00 2.310000000000000053e+00
1.700000000000000000e+01 2.312000000000000000e+03 -1.000000000000000000e+00 -1.000000000000000000e+00 -1.000000000000000000e+00 -1.000000000000000000e+00 -1.000000000000000000e+00 1.712861000000000104e+03 7.684189999999999827e+02 1.879000000000000004e+00 1.550000000000000044e+00 4.075499999999999901e+00 1.840999999999999970e+00
1.700000000000000000e+01 2.316000000000000000e+03 -1.000000000000000000e+00 -1.000000000000000000e+00 -1.000000000000000000e+00 -1.000000000000000000e+00 -1.000000000000000000e+00 1.758189000000000078e+03 7.948780000000000427e+02 2.310000000000000053e+00 1.463500000000000023e+00 7.248999999999999666e+00 2.193999999999999950e+00
1.700000000000000000e+01 2.343000000000000000e+03 -1.000000000000000000e+00 -1.000000000000000000e+00 -1.000000000000000000e+00 -1.000000000000000000e+00 -1.000000000000000000e+00 1.750565000000000055e+03 8.024389999999999645e+02 2.266000000000000014e+00 1.536000000000000032e+00 8.330999999999999517e+00 2.310000000000000053e+00
1.800000000000000000e+01 2.312000000000000000e+03 -1.000000000000000000e+00 -1.000000000000000000e+00 -1.000000000000000000e+00 -1.000000000000000000e+00 -1.000000000000000000e+00 1.712914999999999964e+03 7.684020000000000437e+02 1.879000000000000004e+00 1.550000000000000044e+00 4.075499999999999901e+00 1.840999999999999970e+00
1.800000000000000000e+01 2.316000000000000000e+03 -1.000000000000000000e+00 -1.000000000000000000e+00 -1.000000000000000000e+00 -1.000000000000000000e+00 -1.000000000000000000e+00 1.758230999999999995e+03 7.948799999999999955e+02 2.310000000000000053e+00 1.463500000000000023e+00 7.248999999999999666e+00 2.193999999999999950e+00
1.800000000000000000e+01 2.343000000000000000e+03 -1.000000000000000000e+00 -1.000000000000000000e+00 -1.000000000000000000e+00 -1.000000000000000000e+00 -1.000000000000000000e+00 1.750586999999999989e+03 8.022960000000000491e+02 2.294999999999999929e+00 1.536000000000000032e+00 8.330999999999999517e+00 2.310000000000000053e+00
1.900000000000000000e+01 2.312000000000000000e+03 -1.000000000000000000e+00 -1.000000000000000000e+00 -1.000000000000000000e+00 -1.000000000000000000e+00 -1.000000000000000000e+00 1.712836999999999989e+03 7.684669999999999845e+02 2.005999999999999783e+00 1.550000000000000044e+00 4.075499999999999901e+00 1.840999999999999970e+00
1.900000000000000000e+01 2.316000000000000000e+03 -1.000000000000000000e+00 -1.000000000000000000e+00 -1.000000000000000000e+00 -1.000000000000000000e+00 -1.000000000000000000e+00 1.758271999999999935e+03 7.948809999999999718e+02 2.310000000000000053e+00 1.463500000000000023e+00 7.248999999999999666e+00 2.193999999999999950e+00
1.900000000000000000e+01 2.343000000000000000e+03 -1.000000000000000000e+00 -1.000000000000000000e+00 -1.000000000000000000e+00 -1.000000000000000000e+00 -1.000000000000000000e+00 1.750608999999999924e+03 8.021530000000000200e+02 2.322999999999999954e+00 1.536000000000000032e+00 8.330999999999999517e+00 2.310000000000000053e+00
2.000000000000000000e+01 2.312000000000000000e+03 -1.000000000000000000e+00 -1.000000000000000000e+00 -1.000000000000000000e+00 -1.000000000000000000e+00 -1.000000000000000000e+00 1.712875000000000000e+03 7.684299999999999500e+02 2.027000000000000135e+00 1.550000000000000044e+00 4.075499999999999901e+00 1.840999999999999970e+00
2.000000000000000000e+01 2.316000000000000000e+03 -1.000000000000000000e+00 -1.000000000000000000e+00 -1.000000000000000000e+00 -1.000000000000000000e+00 -1.000000000000000000e+00 1.758239000000000033e+03 7.948799999999999955e+02 2.310000000000000053e+00 1.463500000000000023e+00 7.248999999999999666e+00 2.193999999999999950e+00
2.000000000000000000e+01 2.343000000000000000e+03 -1.000000000000000000e+00 -1.000000000000000000e+00 -1.000000000000000000e+00 -1.000000000000000000e+00 -1.000000000000000000e+00 1.750631000000000085e+03 8.020099999999999909e+02 2.351999999999999869e+00 1.536000000000000032e+00 8.330999999999999517e+00 2.310000000000000053e+00
2.100000000000000000e+01 2.312000000000000000e+03 -1.000000000000000000e+00 -1.000000000000000000e+00 -1.000000000000000000e+00 -1.000000000000000000e+00 -1.000000000000000000e+00 1.712780999999999949e+03 7.685739999999999554e+02 2.048000000000000043e+00 1.550000000000000044e+00 4.075499999999999901e+00 1.840999999999999970e+00
2.100000000000000000e+01 2.316000000000000000e+03 -1.000000000000000000e+00 -1.000000000000000000e+00 -1.000000000000000000e+00 -1.000000000000000000e+00 -1.000000000000000000e+00 1.758205999999999904e+03 7.948790000000000191e+02 2.310000000000000053e+00 1.463500000000000023e+00 7.248999999999999666e+00 2.193999999999999950e+00
2.100000000000000000e+01 2.343000000000000000e+03 -1.000000000000000000e+00 -1.000000000000000000e+00 -1.000000000000000000e+00 -1.000000000000000000e+00 -1.000000000000000000e+00 1.750653999999999996e+03 8.018669999999999618e+02 2.379999999999999893e+00 1.536000000000000032e+00 8.330999999999999517e+00 2.310000000000000053e+00
2.200000000000000000e+01 2.312000000000000000e+03 -1.000000000000000000e+00 -1.000000000000000000e+00 -1.000000000000000000e+00 -1.000000000000000000e+00 -1.000000000000000000e+00 1.712804000000000087e+03 7.686159999999999854e+02 2.068999999999999950e+00 1.550000000000000044e+00 4.075499999999999901e+00 1.840999999999999970e+00
2.200000000000000000e+01 2.316000000000000000e+03 -1.000000000000000000e+00 -1.000000000000000000e+00 -1.000000000000000000e+00 -1.000000000000000000e+00 -1.000000000000000000e+00 1.758201999999999998e+03 7.950019999999999527e+02 2.350999999999999979e+00 1.463500000000000023e+00 7.248999999999999666e+00 2.193999999999999950e+00
2.200000000000000000e+01 2.343000000000000000e+03 -1.000000000000000000e+00 -1.000000000000000000e+00 -1.000000000000000000e+00 -1.000000000000000000e+00 -1.000000000000000000e+00 1.750675999999999931e+03 8.017240000000000464e+02 2.408999999999999808e+00 1.536000000000000032e+00 8.330999999999999517e+00 2.310000000000000053e+00
2.300000000000000000e+01 2.312000000000000000e+03 -1.000000000000000000e+00 -1.000000000000000000e+00 -1.000000000000000000e+00 -1.000000000000000000e+00 -1.000000000000000000e+00 1.712755000000000109e+03 7.689059999999999491e+02 2.088999999999999968e+00 1.550000000000000044e+00 4.075499999999999901e+00 1.840999999999999970e+00
2.300000000000000000e+01 2.316000000000000000e+03 -1.000000000000000000e+00 -1.000000000000000000e+00 -1.000000000000000000e+00 -1.000000000000000000e+00 -1.000000000000000000e+00 1.758196999999999889e+03 7.951240000000000236e+02 2.391999999999999904e+00 1.463500000000000023e+00 7.248999999999999666e+00 2.193999999999999950e+00
2.300000000000000000e+01 2.343000000000000000e+03 -1.000000000000000000e+00 -1.000000000000000000e+00 -1.000000000000000000e+00 -1.000000000000000000e+00 -1.000000000000000000e+00 1.750698000000000093e+03 8.015810000000000173e+02 2.436999999999999833e+00 1.536000000000000032e+00 8.330999999999999517e+00 2.310000000000000053e+00
2.400000000000000000e+01 2.312000000000000000e+03 -1.000000000000000000e+00 -1.000000000000000000e+00 -1.000000000000000000e+00 -1.000000000000000000e+00 -1.000000000000000000e+00 1.712788000000000011e+03 7.686789999999999736e+02 2.064000000000000057e+00 1.550000000000000044e+00 4.075499999999999901e+00 1.840999999999999970e+00
2.400000000000000000e+01 2.316000000000000000e+03 -1.000000000000000000e+00 -1.000000000000000000e+00 -1.000000000000000000e+00 -1.000000000000000000e+00 -1.000000000000000000e+00 1.758201000000000022e+03 7.950289999999999964e+02 2.432999999999999829e+00 1.463500000000000023e+00 7.248999999999999666e+00 2.193999999999999950e+00
2.400000000000000000e+01 2.343000000000000000e+03 -1.000000000000000000e+00 -1.000000000000000000e+00 -1.000000000000000000e+00 -1.000000000000000000e+00 -1.000000000000000000e+00 1.750764725329744579e+03 8.011521585549008933e+02 2.522468399897374702e+00 1.536000000000000032e+00 8.330999999999999517e+00 2.310000000000000053e+00
2.500000000000000000e+01 2.312000000000000000e+03 -1.000000000000000000e+00 -1.000000000000000000e+00 -1.000000000000000000e+00 -1.000000000000000000e+00 -1.000000000000000000e+00 1.712881000000000085e+03 7.687380000000000564e+02 2.072000000000000064e+00 1.550000000000000044e+00 4.075499999999999901e+00 1.840999999999999970e+00
2.500000000000000000e+01 2.316000000000000000e+03 -1.000000000000000000e+00 -1.000000000000000000e+00 -1.000000000000000000e+00 -1.000000000000000000e+00 -1.000000000000000000e+00 1.758203999999999951e+03 7.949329999999999927e+02 2.474000000000000199e+00 1.463500000000000023e+00 7.248999999999999666e+00 2.193999999999999950e+00
2.500000000000000000e+01 2.343000000000000000e+03 -1.000000000000000000e+00 -1.000000000000000000e+00 -1.000000000000000000e+00 -1.000000000000000000e+00 -1.000000000000000000e+00 1.750742449813778876e+03 8.012953225451524304e+02 2.493935716525556678e+00 1.536000000000000032e+00 8.330999999999999517e+00 2.309999999999999609e+00
2.600000000000000000e+01 2.312000000000000000e+03 -1.000000000000000000e+00 -1.000000000000000000e+00 -1.000000000000000000e+00 -1.000000000000000000e+00 -1.000000000000000000e+00 1.712694999999999936e+03 7.687200000000000273e+02 2.028999999999999915e+00 1.550000000000000044e+00 4.075499999999999901e+00 1.840999999999999970e+00
2.600000000000000000e+01 2.316000000000000000e+03 -1.000000000000000000e+00 -1.000000000000000000e+00 -1.000000000000000000e+00 -1.000000000000000000e+00 -1.000000000000000000e+00 1.758202500670601694e+03 7.949742315584524022e+02 2.761121579768588852e+00 1.463500000000000023e+00 7.248999999999999666e+00 2.193999999999999950e+00
2.600000000000000000e+01 2.343000000000000000e+03 -1.000000000000000000e+00 -1.000000000000000000e+00 -1.000000000000000000e+00 -1.000000000000000000e+00 -1.000000000000000000e+00 1.750720176122766588e+03 8.014384748064894666e+02 2.465405370734627510e+00 1.536000000000000032e+00 8.330999999999999517e+00 2.310000000000000053e+00
2.700000000000000000e+01 2.312000000000000000e+03 -1.000000000000000000e+00 -1.000000000000000000e+00 -1.000000000000000000e+00 -1.000000000000000000e+00 -1.000000000000000000e+00 1.712789999999999964e+03 7.686570000000000391e+02 2.061999999999999833e+00 1.550000000000000044e+00 4.075499999999999901e+00 1.840999999999999970e+00
2.700000000000000000e+01 2.343000000000000000e+03 -1.000000000000000000e+00 -1.000000000000000000e+00 -1.000000000000000000e+00 -1.000000000000000000e+00 -1.000000000000000000e+00 1.750787000000000035e+03 8.010090000000000146e+02 2.551000000000000156e+00 1.536000000000000032e+00 8.330999999999999517e+00 2.310000000000000053e+00
2.700000000000000000e+01 2.316000000000000000e+03 -1.000000000000000000e+00 -1.000000000000000000e+00 -1.000000000000000000e+00 -1.000000000000000000e+00 -1.000000000000000000e+00 1.758202999148053095e+03 7.949605234285382949e+02 2.665663147821032197e+00 1.463500000000000023e+00 7.248999999999999666e+00 2.193999999999999950e+00
2.800000000000000000e+01 2.312000000000000000e+03 -1.000000000000000000e+00 -1.000000000000000000e+00 -1.000000000000000000e+00 -1.000000000000000000e+00 -1.000000000000000000e+00 1.712773999999999887e+03 7.685900000000000318e+02 2.244000000000000217e+00 1.550000000000000044e+00 4.075499999999999901e+00 1.840999999999999970e+00
2.800000000000000000e+01 2.343000000000000000e+03 -1.000000000000000000e+00 -1.000000000000000000e+00 -1.000000000000000000e+00 -1.000000000000000000e+00 -1.000000000000000000e+00 1.750808999999999969e+03 8.008659999999999854e+02 2.579000000000000181e+00 1.536000000000000032e+00 8.330999999999999517e+00 2.310000000000000053e+00
2.800000000000000000e+01 2.316000000000000000e+03 -1.000000000000000000e+00 -1.000000000000000000e+00 -1.000000000000000000e+00 -1.000000000000000000e+00 -1.000000000000000000e+00 1.758203499287375962e+03 7.949467695971536614e+02 2.569886467452178636e+00 1.463500000000000023e+00 7.248999999999998778e+00 2.193999999999999950e+00
2.900000000000000000e+01 2.312000000000000000e+03 -1.000000000000000000e+00 -1.000000000000000000e+00 -1.000000000000000000e+00 -1.000000000000000000e+00 -1.000000000000000000e+00 1.712916999999999916e+03 7.687400000000000091e+02 2.427000000000000046e+00 1.550000000000000044e+00 4.075499999999999901e+00 1.840999999999999970e+00
2.900000000000000000e+01 2.316000000000000000e+03 -1.000000000000000000e+00 -1.000000000000000000e+00 -1.000000000000000000e+00 -1.000000000000000000e+00 -1.000000000000000000e+00 1.758201999999999998e+03 7.949880000000000564e+02 2.857000000000000206e+00 1.463500000000000023e+00 7.248999999999999666e+00 2.193999999999999950e+00
2.900000000000000000e+01 2.343000000000000000e+03 -1.000000000000000000e+00 -1.000000000000000000e+00 -1.000000000000000000e+00 -1.000000000000000000e+00 -1.000000000000000000e+00 1.750830999999999904e+03 8.007229999999999563e+02 2.608000000000000096e+00 1.536000000000000032e+00 8.330999999999999517e+00 2.310000000000000053e+00
3.000000000000000000e+01 2.312000000000000000e+03 -1.000000000000000000e+00 -1.000000000000000000e+00 -1.000000000000000000e+00 -1.000000000000000000e+00 -1.000000000000000000e+00 1.712730999999999995e+03 7.687110000000000127e+02 2.608999999999999986e+00 1.550000000000000044e+00 4.075499999999999901e+00 1.840999999999999970e+00
3.000000000000000000e+01 2.343000000000000000e+03 -1.000000000000000000e+00 -1.000000000000000000e+00 -1.000000000000000000e+00 -1.000000000000000000e+00 -1.000000000000000000e+00 1.750855999999999995e+03 8.004959999999999809e+02 2.490000000000000213e+00 1.536000000000000032e+00 8.330999999999999517e+00 2.310000000000000053e+00
3.000000000000000000e+01 2.316000000000000000e+03 -1.000000000000000000e+00 -1.000000000000000000e+00 -1.000000000000000000e+00 -1.000000000000000000e+00 -1.000000000000000000e+00 1.758201333458383942e+03 7.950153282062524340e+02 3.048297443767141957e+00 1.463500000000000023e+00 7.248999999999998778e+00 2.193999999999999950e+00
3.100000000000000000e+01 2.312000000000000000e+03 -1.000000000000000000e+00 -1.000000000000000000e+00 -1.000000000000000000e+00 -1.000000000000000000e+00 -1.000000000000000000e+00 1.713020999999999958e+03 7.686960000000000264e+02 2.791999999999999815e+00 1.550000000000000044e+00 4.075499999999999901e+00 1.840999999999999970e+00
3.100000000000000000e+01 2.343000000000000000e+03 -1.000000000000000000e+00 -1.000000000000000000e+00 -1.000000000000000000e+00 -1.000000000000000000e+00 -1.000000000000000000e+00 1.750880000000000109e+03 8.002699999999999818e+02 2.371999999999999886e+00 1.536000000000000032e+00 8.330999999999999517e+00 2.310000000000000053e+00
3.100000000000000000e+01 2.316000000000000000e+03 -1.000000000000000000e+00 -1.000000000000000000e+00 -1.000000000000000000e+00 -1.000000000000000000e+00 -1.000000000000000000e+00 1.758201666902108627e+03 7.950016570135480833e+02 2.952599094836892313e+00 1.463500000000000023e+00 7.248999999999999666e+00 2.193999999999999950e+00
3.200000000000000000e+01 2.312000000000000000e+03 -1.000000000000000000e+00 -1.000000000000000000e+00 -1.000000000000000000e+00 -1.000000000000000000e+00 -1.000000000000000000e+00 1.712974999999999909e+03 7.686720000000000255e+02 2.630999999999999783e+00 1.550000000000000044e+00 4.075499999999999901e+00 1.840999999999999970e+00
3.200000000000000000e+01 2.316000000000000000e+03 -1.000000000000000000e+00 -1.000000000000000000e+00 -1.000000000000000000e+00 -1.000000000000000000e+00 -1.000000000000000000e+00 1.758201000000000022e+03 7.950289999999999964e+02 3.144000000000000128e+00 1.463500000000000023e+00 7.248999999999999666e+00 2.193999999999999950e+00
3.200000000000000000e+01 2.343000000000000000e+03 -1.000000000000000000e+00 -1.000000000000000000e+00 -1.000000000000000000e+00 -1.000000000000000000e+00 -1.000000000000000000e+00 1.750903999999999996e+03 8.000430000000000064e+02 2.253000000000000114e+00 1.536000000000000032e+00 8.330999999999999517e+00 2.310000000000000053e+00
3.300000000000000000e+01 2.312000000000000000e+03 -1.000000000000000000e+00 -1.000000000000000000e+00 -1.000000000000000000e+00 -1.000000000000000000e+00 -1.000000000000000000e+00 1.712914999999999964e+03 7.686760000000000446e+02 2.321000000000000174e+00 1.550000000000000044e+00 4.075499999999999901e+00 1.840999999999999970e+00
3.300000000000000000e+01 2.316000000000000000e+03 -1.000000000000000000e+00 -1.000000000000000000e+00 -1.000000000000000000e+00 -1.000000000000000000e+00 -1.000000000000000000e+00 1.758200000000000045e+03 7.950430000000000064e+02 3.238999999999999879e+00 1.463500000000000023e+00 7.248999999999999666e+00 2.193999999999999950e+00
3.300000000000000000e+01 2.343000000000000000e+03 -1.000000000000000000e+00 -1.000000000000000000e+00 -1.000000000000000000e+00 -1.000000000000000000e+00 -1.000000000000000000e+00 1.750849999999999909e+03 7.998139999999999645e+02 2.154999999999999805e+00 1.536000000000000032e+00 8.330999999999999517e+00 2.310000000000000053e+00
3.400000000000000000e+01 2.312000000000000000e+03 -1.000000000000000000e+00 -1.000000000000000000e+00 -1.000000000000000000e+00 -1.000000000000000000e+00 -1.000000000000000000e+00 1.712991999999999962e+03 7.686639999999999873e+02 2.282000000000000028e+00 1.550000000000000044e+00 4.075499999999999901e+00 1.840999999999999970e+00
3.400000000000000000e+01 2.343000000000000000e+03 -1.000000000000000000e+00 -1.000000000000000000e+00 -1.000000000000000000e+00 -1.000000000000000000e+00 -1.000000000000000000e+00 1.750795000000000073e+03 7.995850000000000364e+02 2.056999999999999940e+00 1.536000000000000032e+00 8.330999999999999517e+00 2.310000000000000053e+00
3.500000000000000000e+01 2.312000000000000000e+03 -1.000000000000000000e+00 -1.000000000000000000e+00 -1.000000000000000000e+00 -1.000000000000000000e+00 -1.000000000000000000e+00 1.712832000000000107e+03 7.686459999999999582e+02 2.274000000000000021e+00 1.550000000000000044e+00 4.075499999999999901e+00 1.840999999999999970e+00
3.500000000000000000e+01 2.343000000000000000e+03 -1.000000000000000000e+00 -1.000000000000000000e+00 -1.000000000000000000e+00 -1.000000000000000000e+00 -1.000000000000000000e+00 1.750740000000000009e+03 7.993569999999999709e+02 1.959000000000000075e+00 1.536000000000000032e+00 8.330999999999999517e+00 2.310000000000000053e+00
3.600000000000000000e+01 2.312000000000000000e+03 -1.000000000000000000e+00 -1.000000000000000000e+00 -1.000000000000000000e+00 -1.000000000000000000e+00 -1.000000000000000000e+00 1.712781999999999925e+03 7.686870000000000118e+02 2.241999999999999993e+00 1.550000000000000044e+00 4.075499999999999901e+00 1.840999999999999970e+00
3.600000000000000000e+01 2.343000000000000000e+03 -1.000000000000000000e+00 -1.000000000000000000e+00 -1.000000000000000000e+00 -1.000000000000000000e+00 -1.000000000000000000e+00 1.750684999999999945e+03 7.991280000000000427e+02 1.860000000000000098e+00 1.536000000000000032e+00 8.330999999999999517e+00 2.310000000000000053e+00
3.700000000000000000e+01 2.312000000000000000e+03 -1.000000000000000000e+00 -1.000000000000000000e+00 -1.000000000000000000e+00 -1.000000000000000000e+00 -1.000000000000000000e+00 1.712844000000000051e+03 7.687680000000000291e+02 2.426000000000000156e+00 1.550000000000000044e+00 4.075499999999999901e+00 1.840999999999999970e+00
3.800000000000000000e+01 2.312000000000000000e+03 -1.000000000000000000e+00 -1.000000000000000000e+00 -1.000000000000000000e+00 -1.000000000000000000e+00 -1.000000000000000000e+00 1.713077999999999975e+03 7.686710000000000491e+02 2.273000000000000131e+00 1.550000000000000044e+00 4.075499999999999901e+00 1.840999999999999970e+00
3.900000000000000000e+01 2.312000000000000000e+03 -1.000000000000000000e+00 -1.000000000000000000e+00 -1.000000000000000000e+00 -1.000000000000000000e+00 -1.000000000000000000e+00 1.713042999999999893e+03 7.686009999999999991e+02 2.289000000000000146e+00 1.550000000000000044e+00 4.075499999999999901e+00 1.840999999999999970e+00
