1.000000000000000000e+00 1.546000000000000000e+03 -1.000000000000000000e+00 -1.000000000000000000e+00 -1.000000000000000000e+00 -1.000000000000000000e+00 -1.000000000000000000e+00 1.761035000000000082e+03 1.242962999999999965e+03 1.082000000000000073e+00 2.374999999999999889e-01 2.149999999999999967e-01 1.000000000000000000e+00
1.000000000000000000e+00 1.548000000000000000e+03 -1.000000000000000000e+00 -1.000000000000000000e+00 -1.000000000000000000e+00 -1.000000000000000000e+00 -1.000000000000000000e+00 1.760886999999999944e+03 1.242324000000000069e+03 9.589999999999999636e-01 2.494999999999999996e-01 2.800000000000000266e-01 1.000000000000000000e+00
1.000000000000000000e+00 1.555000000000000000e+03 -1.000000000000000000e+00 -1.000000000000000000e+00 -1.000000000000000000e+00 -1.000000000000000000e+00 -1.000000000000000000e+00 1.752250999999999976e+03 1.250337999999999965e+03 1.169999999999999929e+00 3.719999999999999973e-01 5.104999999999999538e-01 8.499999999999999778e-01
1.000000000000000000e+00 1.556000000000000000e+03 -1.000000000000000000e+00 -1.000000000000000000e+00 -1.000000000000000000e+00 -1.000000000000000000e+00 -1.000000000000000000e+00 1.732369999999999891e+03 1.229815000000000055e+03 8.729999999999999982e-01 2.685000000000000164e-01 3.230000000000000093e-01 9.519999999999999574e-01
2.000000000000000000e+00 1.557000000000000000e+03 -1.000000000000000000e+00 -1.000000000000000000e+00 -1.000000000000000000e+00 -1.000000000000000000e+00 -1.000000000000000000e+00 1.759740999999999985e+03 1.242222999999999956e+03 1.084000000000000075e+00 2.750000000000000222e-01 3.089999999999999969e-01 1.000000000000000000e+00
2.000000000000000000e+00 1.546000000000000000e+03 -1.000000000000000000e+00 -1.000000000000000000e+00 -1.000000000000000000e+00 -1.000000000000000000e+00 -1.000000000000000000e+00 1.760465999999999894e+03 1.243217000000000098e+03 1.181999999999999940e+00 2.374999999999999889e-01 2.149999999999999967e-01 1.000000000000000000e+00
2.000000000000000000e+00 1.548000000000000000e+03 -1.000000000000000000e+00 -1.000000000000000000e+00 -1.000000000000000000e+00 -1.000000000000000000e+00 -1.000000000000000000e+00 1.760230999999999995e+03 1.242692999999999984e+03 1.008999999999999897e+00 2.494999999999999996e-01 2.800000000000000266e-01 1.000000000000000000e+00
2.000000000000000000e+00 1.555000000000000000e+03 -1.000000000000000000e+00 -1.000000000000000000e+00 -1.000000000000000000e+00 -1.000000000000000000e+00 -1.000000000000000000e+00 1.751855000000000018e+03 1.250565000000000055e+03 1.169999999999999929e+00 3.719999999999999973e-01 5.104999999999999538e-01 8.499999999999999778e-01
2.000000000000000000e+00 1.556000000000000000e+03 -1.000000000000000000e+00 -1.000000000000000000e+00 -1.000000000000000000e+00 -1.000000000000000000e+00 -1.000000000000000000e+00 1.732367999999999938e+03 1.229776000000000067e+03 7.940000000000000391e-01 2.685000000000000164e-01 3.230000000000000093e-01 9.519999999999999574e-01
3.000000000000000000e+00 1.557000000000000000e+03 -1.000000000000000000e+00 -1.000000000000000000e+00 -1.000000000000000000e+00 -1.000000000000000000e+00 -1.000000000000000000e+00 1.759068999999999960e+03 1.242525000000000091e+03 1.084000000000000075e+00 2.750000000000000222e-01 3.089999999999999969e-01 1.000000000000000000e+00
3.000000000000000000e+00 1.546000000000000000e+03 -1.000000000000000000e+00 -1.000000000000000000e+00 -1.000000000000000000e+00 -1.000000000000000000e+00 -1.000000000000000000e+00 1.759849999999999909e+03 1.243549999999999955e+03 1.231999999999999984e+00 2.374999999999999889e-01 2.149999999999999967e-01 1.000000000000000000e+00
3.000000000000000000e+00 1.559000000000000000e+03 -1.000000000000000000e+00 -1.000000000000000000e+00 -1.000000000000000000e+00 -1.000000000000000000e+00 -1.000000000000000000e+00 1.740391000000000076e+03 1.224424999999999955e+03 5.180000000000000160e-01 3.604999999999999871e-01 7.604999999999999538e-01 3.925000000000000155e-01
3.000000000000000000e+00 1.548000000000000000e+03 -1.000000000000000000e+00 -1.000000000000000000e+00 -1.000000000000000000e+00 -1.000000000000000000e+00 -1.000000000000000000e+00 1.759575000000000045e+03 1.243063000000000102e+03 1.058999999999999941e+00 2.494999999999999996e-01 2.800000000000000266e-01 1.000000000000000000e+00
3.000000000000000000e+00 1.555000000000000000e+03 -1.000000000000000000e+00 -1.000000000000000000e+00 -1.000000000000000000e+00 -1.000000000000000000e+00 -1.000000000000000000e+00 1.751316000000000031e+03 1.250873000000000047e+03 1.215000000000000080e+00 3.719999999999999973e-01 5.104999999999999538e-01 8.499999999999999778e-01
3.000000000000000000e+00 1.556000000000000000e+03 -1.000000000000000000e+00 -1.000000000000000000e+00 -1.000000000000000000e+00 -1.000000000000000000e+00 -1.000000000000000000e+00 1.732368999999999915e+03 1.229796000000000049e+03 8.080000000000000515e-01 2.685000000000000164e-01 3.230000000000000093e-01 9.519999999999999574e-01
4.000000000000000000e+00 1.557000000000000000e+03 -1.000000000000000000e+00 -1.000000000000000000e+00 -1.000000000000000000e+00 -1.000000000000000000e+00 -1.000000000000000000e+00 1.758397999999999911e+03 1.242826999999999998e+03 1.084000000000000075e+00 2.750000000000000222e-01 3.089999999999999969e-01 1.000000000000000000e+00
4.000000000000000000e+00 1.546000000000000000e+03 -1.000000000000000000e+00 -1.000000000000000000e+00 -1.000000000000000000e+00 -1.000000000000000000e+00 -1.000000000000000000e+00 1.759233999999999924e+03 1.243883000000000038e+03 1.282000000000000028e+00 2.374999999999999889e-01 2.149999999999999967e-01 1.000000000000000000e+00
4.000000000000000000e+00 1.559000000000000000e+03 -1.000000000000000000e+00 -1.000000000000000000e+00 -1.000000000000000000e+00 -1.000000000000000000e+00 -1.000000000000000000e+00 1.740364000000000033e+03 1.224471000000000004e+03 5.340000000000000302e-01 3.604999999999999871e-01 7.604999999999999538e-01 3.925000000000000155e-01
4.000000000000000000e+00 1.561000000000000000e+03 -1.000000000000000000e+00 -1.000000000000000000e+00 -1.000000000000000000e+00 -1.000000000000000000e+00 -1.000000000000000000e+00 1.775875999999999976e+03 1.233810999999999922e+03 9.889999999999999902e-01 3.584999999999999853e-01 4.184999999999999831e-01 9.725000000000000311e-01
4.000000000000000000e+00 1.555000000000000000e+03 -1.000000000000000000e+00 -1.000000000000000000e+00 -1.000000000000000000e+00 -1.000000000000000000e+00 -1.000000000000000000e+00 1.750881000000000085e+03 1.251122000000000071e+03 1.215000000000000080e+00 3.719999999999999973e-01 5.104999999999999538e-01 8.499999999999999778e-01
4.000000000000000000e+00 1.556000000000000000e+03 -1.000000000000000000e+00 -1.000000000000000000e+00 -1.000000000000000000e+00 -1.000000000000000000e+00 -1.000000000000000000e+00 1.732369999999999891e+03 1.229815000000000055e+03 8.229999999999999538e-01 2.685000000000000164e-01 3.230000000000000093e-01 9.519999999999999574e-01
4.000000000000000000e+00 1.548000000000000000e+03 -1.000000000000000000e+00 -1.000000000000000000e+00 -1.000000000000000000e+00 -1.000000000000000000e+00 -1.000000000000000000e+00 1.756952368991198000e+03 1.244541879150739533e+03 1.178973971125429898e+00 2.494999999999999996e-01 2.800000000000000266e-01 1.000000000000000000e+00
5.000000000000000000e+00 1.557000000000000000e+03 -1.000000000000000000e+00 -1.000000000000000000e+00 -1.000000000000000000e+00 -1.000000000000000000e+00 -1.000000000000000000e+00 1.757663000000000011e+03 1.243202999999999975e+03 1.084000000000000075e+00 2.750000000000000222e-01 3.089999999999999969e-01 1.000000000000000000e+00
5.000000000000000000e+00 1.546000000000000000e+03 -1.000000000000000000e+00 -1.000000000000000000e+00 -1.000000000000000000e+00 -1.000000000000000000e+00 -1.000000000000000000e+00 1.758619999999999891e+03 1.244219000000000051e+03 1.306999999999999940e+00 2.374999999999999889e-01 2.149999999999999967e-01 1.000000000000000000e+00
5.000000000000000000e+00 1.559000000000000000e+03 -1.000000000000000000e+00 -1.000000000000000000e+00 -1.000000000000000000e+00 -1.000000000000000000e+00 -1.000000000000000000e+00 1.740336000000000013e+03 1.224515000000000100e+03 5.510000000000000453e-01 3.604999999999999871e-01 7.604999999999999538e-01 3.925000000000000155e-01
5.000000000000000000e+00 1.561000000000000000e+03 -1.000000000000000000e+00 -1.000000000000000000e+00 -1.000000000000000000e+00 -1.000000000000000000e+00 -1.000000000000000000e+00 1.775050999999999931e+03 1.233851000000000113e+03 9.389999999999999458e-01 3.584999999999999853e-01 4.184999999999999831e-01 9.725000000000000311e-01
5.000000000000000000e+00 1.555000000000000000e+03 -1.000000000000000000e+00 -1.000000000000000000e+00 -1.000000000000000000e+00 -1.000000000000000000e+00 -1.000000000000000000e+00 1.750251999999999953e+03 1.251394999999999982e+03 1.264999999999999902e+00 3.719999999999999973e-01 5.104999999999999538e-01 8.499999999999999778e-01
5.000000000000000000e+00 1.556000000000000000e+03 -1.000000000000000000e+00 -1.000000000000000000e+00 -1.000000000000000000e+00 -1.000000000000000000e+00 -1.000000000000000000e+00 1.732022999999999911e+03 1.230018000000000029e+03 8.729999999999999982e-01 2.685000000000000164e-01 3.230000000000000093e-01 9.519999999999999574e-01
5.000000000000000000e+00 1.548000000000000000e+03 -1.000000000000000000e+00 -1.000000000000000000e+00 -1.000000000000000000e+00 -1.000000000000000000e+00 -1.000000000000000000e+00 1.757608029694597917e+03 1.244172157698898673e+03 1.148980343339536248e+00 2.494999999999999996e-01 2.800000000000000266e-01 1.000000000000000000e+00
6.000000000000000000e+00 1.557000000000000000e+03 -1.000000000000000000e+00 -1.000000000000000000e+00 -1.000000000000000000e+00 -1.000000000000000000e+00 -1.000000000000000000e+00 1.756854000000000042e+03 1.243596999999999980e+03 1.183999999999999941e+00 2.750000000000000222e-01 3.089999999999999969e-01 1.000000000000000000e+00
6.000000000000000000e+00 1.546000000000000000e+03 -1.000000000000000000e+00 -1.000000000000000000e+00 -1.000000000000000000e+00 -1.000000000000000000e+00 -1.000000000000000000e+00 1.758005000000000109e+03 1.244555000000000064e+03 1.332000000000000073e+00 2.374999999999999889e-01 2.149999999999999967e-01 1.000000000000000000e+00
6.000000000000000000e+00 1.559000000000000000e+03 -1.000000000000000000e+00 -1.000000000000000000e+00 -1.000000000000000000e+00 -1.000000000000000000e+00 -1.000000000000000000e+00 1.740308999999999969e+03 1.224559999999999945e+03 5.679999999999999494e-01 3.604999999999999871e-01 7.604999999999999538e-01 3.925000000000000155e-01
6.000000000000000000e+00 1.555000000000000000e+03 -1.000000000000000000e+00 -1.000000000000000000e+00 -1.000000000000000000e+00 -1.000000000000000000e+00 -1.000000000000000000e+00 1.749599999999999909e+03 1.251704999999999927e+03 1.290000000000000036e+00 3.719999999999999973e-01 5.104999999999999538e-01 8.499999999999999778e-01
6.000000000000000000e+00 1.548000000000000000e+03 -1.000000000000000000e+00 -1.000000000000000000e+00 -1.000000000000000000e+00 -1.000000000000000000e+00 -1.000000000000000000e+00 1.758263675969912583e+03 1.243802444382931299e+03 1.118987375575819287e+00 2.494999999999999996e-01 2.800000000000000266e-01 1.000000000000000000e+00
6.000000000000000000e+00 1.561000000000000000e+03 -1.000000000000000000e+00 -1.000000000000000000e+00 -1.000000000000000000e+00 -1.000000000000000000e+00 -1.000000000000000000e+00 1.774406987760952461e+03 1.234133005359334675e+03 9.890009502366088334e-01 3.584999999999999853e-01 4.184999999999999831e-01 9.725000000000000311e-01
7.000000000000000000e+00 1.559000000000000000e+03 -1.000000000000000000e+00 -1.000000000000000000e+00 -1.000000000000000000e+00 -1.000000000000000000e+00 -1.000000000000000000e+00 1.740280999999999949e+03 1.224623000000000047e+03 5.929999999999999716e-01 3.604999999999999871e-01 7.604999999999999538e-01 3.925000000000000155e-01
7.000000000000000000e+00 1.561000000000000000e+03 -1.000000000000000000e+00 -1.000000000000000000e+00 -1.000000000000000000e+00 -1.000000000000000000e+00 -1.000000000000000000e+00 1.773762999999999920e+03 1.234414999999999964e+03 1.038999999999999924e+00 3.584999999999999853e-01 4.184999999999999831e-01 9.725000000000000311e-01
7.000000000000000000e+00 1.555000000000000000e+03 -1.000000000000000000e+00 -1.000000000000000000e+00 -1.000000000000000000e+00 -1.000000000000000000e+00 -1.000000000000000000e+00 1.748932000000000016e+03 1.251980999999999995e+03 1.314999999999999947e+00 3.719999999999999973e-01 5.104999999999999538e-01 8.499999999999999778e-01
7.000000000000000000e+00 1.546000000000000000e+03 -1.000000000000000000e+00 -1.000000000000000000e+00 -1.000000000000000000e+00 -1.000000000000000000e+00 -1.000000000000000000e+00 1.757336509361284243e+03 1.244942994566674315e+03 1.332000000000000073e+00 2.374999999999999889e-01 2.149999999999999967e-01 1.000000000000000000e+00
7.000000000000000000e+00 1.548000000000000000e+03 -1.000000000000000000e+00 -1.000000000000000000e+00 -1.000000000000000000e+00 -1.000000000000000000e+00 -1.000000000000000000e+00 1.758919347166464831e+03 1.243432717014091850e+03 1.088993267773797236e+00 2.494999999999999996e-01 2.800000000000000266e-01 1.000000000000000000e+00
7.000000000000000000e+00 1.557000000000000000e+03 -1.000000000000000000e+00 -1.000000000000000000e+00 -1.000000000000000000e+00 -1.000000000000000000e+00 -1.000000000000000000e+00 1.756168009606343958e+03 1.244030993922517155e+03 1.183999999999999941e+00 2.750000000000000222e-01 3.089999999999999969e-01 1.000000000000000000e+00
8.000000000000000000e+00 1.557000000000000000e+03 -1.000000000000000000e+00 -1.000000000000000000e+00 -1.000000000000000000e+00 -1.000000000000000000e+00 -1.000000000000000000e+00 1.755481999999999971e+03 1.244464999999999918e+03 1.183999999999999941e+00 2.750000000000000222e-01 3.089999999999999969e-01 1.000000000000000000e+00
8.000000000000000000e+00 1.546000000000000000e+03 -1.000000000000000000e+00 -1.000000000000000000e+00 -1.000000000000000000e+00 -1.000000000000000000e+00 -1.000000000000000000e+00 1.756667999999999893e+03 1.245330999999999904e+03 1.332000000000000073e+00 2.374999999999999889e-01 2.149999999999999967e-01 1.000000000000000000e+00
8.000000000000000000e+00 1.559000000000000000e+03 -1.000000000000000000e+00 -1.000000000000000000e+00 -1.000000000000000000e+00 -1.000000000000000000e+00 -1.000000000000000000e+00 1.740253999999999905e+03 1.224684999999999945e+03 6.179999999999999938e-01 3.604999999999999871e-01 7.604999999999999538e-01 3.925000000000000155e-01
8.000000000000000000e+00 1.548000000000000000e+03 -1.000000000000000000e+00 -1.000000000000000000e+00 -1.000000000000000000e+00 -1.000000000000000000e+00 -1.000000000000000000e+00 1.756296000000000049e+03 1.244912000000000035e+03 1.209000000000000075e+00 2.494999999999999996e-01 2.800000000000000266e-01 1.000000000000000000e+00
8.000000000000000000e+00 1.561000000000000000e+03 -1.000000000000000000e+00 -1.000000000000000000e+00 -1.000000000000000000e+00 -1.000000000000000000e+00 -1.000000000000000000e+00 1.773207000000000107e+03 1.234643000000000029e+03 1.038999999999999924e+00 3.584999999999999853e-01 4.184999999999999831e-01 9.725000000000000311e-01
8.000000000000000000e+00 1.555000000000000000e+03 -1.000000000000000000e+00 -1.000000000000000000e+00 -1.000000000000000000e+00 -1.000000000000000000e+00 -1.000000000000000000e+00 1.748271966333030832e+03 1.252295016017315447e+03 1.365002550527959269e+00 3.719999999999999973e-01 5.104999999999999538e-01 8.499999999999999778e-01
9.000000000000000000e+00 1.557000000000000000e+03 -1.000000000000000000e+00 -1.000000000000000000e+00 -1.000000000000000000e+00 -1.000000000000000000e+00 -1.000000000000000000e+00 1.754910000000000082e+03 1.244861000000000104e+03 1.233999999999999986e+00 2.750000000000000222e-01 3.089999999999999969e-01 1.000000000000000000e+00
9.000000000000000000e+00 1.546000000000000000e+03 -1.000000000000000000e+00 -1.000000000000000000e+00 -1.000000000000000000e+00 -1.000000000000000000e+00 -1.000000000000000000e+00 1.755963999999999942e+03 1.245786000000000058e+03 1.332000000000000073e+00 2.374999999999999889e-01 2.149999999999999967e-01 1.000000000000000000e+00
9.000000000000000000e+00 1.548000000000000000e+03 -1.000000000000000000e+00 -1.000000000000000000e+00 -1.000000000000000000e+00 -1.000000000000000000e+00 -1.000000000000000000e+00 1.755671000000000049e+03 1.245300999999999931e+03 1.258999999999999897e+00 2.494999999999999996e-01 2.800000000000000266e-01 1.000000000000000000e+00
9.000000000000000000e+00 1.562000000000000000e+03 -1.000000000000000000e+00 -1.000000000000000000e+00 -1.000000000000000000e+00 -1.000000000000000000e+00 -1.000000000000000000e+00 1.789798000000000002e+03 1.225785000000000082e+03 7.329999999999999849e-01 3.639999999999999902e-01 3.554999999999999827e-01 9.124999999999999778e-01
9.000000000000000000e+00 1.561000000000000000e+03 -1.000000000000000000e+00 -1.000000000000000000e+00 -1.000000000000000000e+00 -1.000000000000000000e+00 -1.000000000000000000e+00 1.772692000000000007e+03 1.235090999999999894e+03 1.088999999999999968e+00 3.584999999999999853e-01 4.184999999999999831e-01 9.725000000000000311e-01
9.000000000000000000e+00 1.555000000000000000e+03 -1.000000000000000000e+00 -1.000000000000000000e+00 -1.000000000000000000e+00 -1.000000000000000000e+00 -1.000000000000000000e+00 1.747612000000000080e+03 1.252608999999999924e+03 1.415000000000000036e+00 3.719999999999999973e-01 5.104999999999999538e-01 8.499999999999999778e-01
1.000000000000000000e+01 1.557000000000000000e+03 -1.000000000000000000e+00 -1.000000000000000000e+00 -1.000000000000000000e+00 -1.000000000000000000e+00 -1.000000000000000000e+00 1.754337999999999965e+03 1.245257000000000062e+03 1.284000000000000030e+00 2.750000000000000222e-01 3.089999999999999969e-01 1.000000000000000000e+00
1.000000000000000000e+01 1.546000000000000000e+03 -1.000000000000000000e+00 -1.000000000000000000e+00 -1.000000000000000000e+00 -1.000000000000000000e+00 -1.000000000000000000e+00 1.755371000000000095e+03 1.246169000000000096e+03 1.431999999999999940e+00 2.374999999999999889e-01 2.149999999999999967e-01 1.000000000000000000e+00
1.000000000000000000e+01 1.548000000000000000e+03 -1.000000000000000000e+00 -1.000000000000000000e+00 -1.000000000000000000e+00 -1.000000000000000000e+00 -1.000000000000000000e+00 1.755036000000000058e+03 1.245673999999999978e+03 1.358999999999999986e+00 2.494999999999999996e-01 2.800000000000000266e-01 1.000000000000000000e+00
1.000000000000000000e+01 1.562000000000000000e+03 -1.000000000000000000e+00 -1.000000000000000000e+00 -1.000000000000000000e+00 -1.000000000000000000e+00 -1.000000000000000000e+00 1.789220000000000027e+03 1.226307999999999993e+03 8.329999999999999627e-01 3.639999999999999902e-01 3.554999999999999827e-01 9.124999999999999778e-01
1.000000000000000000e+01 1.561000000000000000e+03 -1.000000000000000000e+00 -1.000000000000000000e+00 -1.000000000000000000e+00 -1.000000000000000000e+00 -1.000000000000000000e+00 1.772017000000000053e+03 1.235259999999999991e+03 1.139000000000000012e+00 3.584999999999999853e-01 4.184999999999999831e-01 9.725000000000000311e-01
1.000000000000000000e+01 1.555000000000000000e+03 -1.000000000000000000e+00 -1.000000000000000000e+00 -1.000000000000000000e+00 -1.000000000000000000e+00 -1.000000000000000000e+00 1.747116999999999962e+03 1.252851000000000113e+03 1.215000000000000080e+00 3.719999999999999973e-01 5.104999999999999538e-01 8.499999999999999778e-01
1.100000000000000000e+01 1.557000000000000000e+03 -1.000000000000000000e+00 -1.000000000000000000e+00 -1.000000000000000000e+00 -1.000000000000000000e+00 -1.000000000000000000e+00 1.753820999999999913e+03 1.245585000000000036e+03 1.334000000000000075e+00 2.750000000000000222e-01 3.089999999999999969e-01 1.000000000000000000e+00
1.100000000000000000e+01 1.546000000000000000e+03 -1.000000000000000000e+00 -1.000000000000000000e+00 -1.000000000000000000e+00 -1.000000000000000000e+00 -1.000000000000000000e+00 1.754913000000000011e+03 1.246461999999999989e+03 1.332000000000000073e+00 2.374999999999999889e-01 2.149999999999999967e-01 1.000000000000000000e+00
1.100000000000000000e+01 1.548000000000000000e+03 -1.000000000000000000e+00 -1.000000000000000000e+00 -1.000000000000000000e+00 -1.000000000000000000e+00 -1.000000000000000000e+00 1.754646999999999935e+03 1.245871000000000095e+03 1.358999999999999986e+00 2.494999999999999996e-01 2.800000000000000266e-01 1.000000000000000000e+00
1.100000000000000000e+01 1.562000000000000000e+03 -1.000000000000000000e+00 -1.000000000000000000e+00 -1.000000000000000000e+00 -1.000000000000000000e+00 -1.000000000000000000e+00 1.788633000000000038e+03 1.226768000000000029e+03 8.489999999999999769e-01 3.639999999999999902e-01 3.554999999999999827e-01 9.124999999999999778e-01
1.100000000000000000e+01 1.561000000000000000e+03 -1.000000000000000000e+00 -1.000000000000000000e+00 -1.000000000000000000e+00 -1.000000000000000000e+00 -1.000000000000000000e+00 1.771500999999999976e+03 1.235557000000000016e+03 1.139000000000000012e+00 3.584999999999999853e-01 4.184999999999999831e-01 9.725000000000000311e-01
1.100000000000000000e+01 1.555000000000000000e+03 -1.000000000000000000e+00 -1.000000000000000000e+00 -1.000000000000000000e+00 -1.000000000000000000e+00 -1.000000000000000000e+00 1.746517000000000053e+03 1.253107999999999947e+03 1.264999999999999902e+00 3.719999999999999973e-01 5.104999999999999538e-01 8.499999999999999778e-01
1.200000000000000000e+01 1.557000000000000000e+03 -1.000000000000000000e+00 -1.000000000000000000e+00 -1.000000000000000000e+00 -1.000000000000000000e+00 -1.000000000000000000e+00 1.753371000000000095e+03 1.245868999999999915e+03 1.133999999999999897e+00 2.750000000000000222e-01 3.089999999999999969e-01 1.000000000000000000e+00
1.200000000000000000e+01 1.546000000000000000e+03 -1.000000000000000000e+00 -1.000000000000000000e+00 -1.000000000000000000e+00 -1.000000000000000000e+00 -1.000000000000000000e+00 1.754454999999999927e+03 1.246755000000000109e+03 1.231999999999999984e+00 2.374999999999999889e-01 2.149999999999999967e-01 1.000000000000000000e+00
1.200000000000000000e+01 1.548000000000000000e+03 -1.000000000000000000e+00 -1.000000000000000000e+00 -1.000000000000000000e+00 -1.000000000000000000e+00 -1.000000000000000000e+00 1.754262999999999920e+03 1.246085000000000036e+03 1.358999999999999986e+00 2.494999999999999996e-01 2.800000000000000266e-01 1.000000000000000000e+00
1.200000000000000000e+01 1.561000000000000000e+03 -1.000000000000000000e+00 -1.000000000000000000e+00 -1.000000000000000000e+00 -1.000000000000000000e+00 -1.000000000000000000e+00 1.771203999999999951e+03 1.235753999999999905e+03 1.139000000000000012e+00 3.584999999999999853e-01 4.184999999999999831e-01 9.725000000000000311e-01
1.200000000000000000e+01 1.555000000000000000e+03 -1.000000000000000000e+00 -1.000000000000000000e+00 -1.000000000000000000e+00 -1.000000000000000000e+00 -1.000000000000000000e+00 1.746090999999999894e+03 1.253307000000000016e+03 1.264999999999999902e+00 3.719999999999999973e-01 5.104999999999999538e-01 8.499999999999999778e-01
1.200000000000000000e+01 1.562000000000000000e+03 -1.000000000000000000e+00 -1.000000000000000000e+00 -1.000000000000000000e+00 -1.000000000000000000e+00 -1.000000000000000000e+00 1.787947201838480396e+03 1.227232787903799135e+03 9.234104887802709882e-01 3.639999999999999902e-01 3.554999999999999827e-01 9.124999999999999778e-01
1.300000000000000000e+01 1.546000000000000000e+03 -1.000000000000000000e+00 -1.000000000000000000e+00 -1.000000000000000000e+00 -1.000000000000000000e+00 -1.000000000000000000e+00 1.753816000000000031e+03 1.247134999999999991e+03 1.282000000000000028e+00 2.374999999999999889e-01 2.149999999999999967e-01 1.000000000000000000e+00
1.300000000000000000e+01 1.548000000000000000e+03 -1.000000000000000000e+00 -1.000000000000000000e+00 -1.000000000000000000e+00 -1.000000000000000000e+00 -1.000000000000000000e+00 1.753678000000000111e+03 1.246415999999999940e+03 1.358999999999999986e+00 2.494999999999999996e-01 2.800000000000000266e-01 1.000000000000000000e+00
1.300000000000000000e+01 1.562000000000000000e+03 -1.000000000000000000e+00 -1.000000000000000000e+00 -1.000000000000000000e+00 -1.000000000000000000e+00 -1.000000000000000000e+00 1.787397999999999911e+03 1.227605000000000018e+03 9.829999999999999849e-01 3.639999999999999902e-01 3.554999999999999827e-01 9.124999999999999778e-01
1.300000000000000000e+01 1.561000000000000000e+03 -1.000000000000000000e+00 -1.000000000000000000e+00 -1.000000000000000000e+00 -1.000000000000000000e+00 -1.000000000000000000e+00 1.770692000000000007e+03 1.236068999999999960e+03 1.239000000000000101e+00 3.584999999999999853e-01 4.184999999999999831e-01 9.725000000000000311e-01
1.300000000000000000e+01 1.555000000000000000e+03 -1.000000000000000000e+00 -1.000000000000000000e+00 -1.000000000000000000e+00 -1.000000000000000000e+00 -1.000000000000000000e+00 1.745671000000000049e+03 1.253517000000000053e+03 1.264999999999999902e+00 3.719999999999999973e-01 5.104999999999999538e-01 8.499999999999999778e-01
1.400000000000000000e+01 1.546000000000000000e+03 -1.000000000000000000e+00 -1.000000000000000000e+00 -1.000000000000000000e+00 -1.000000000000000000e+00 -1.000000000000000000e+00 1.753162000000000035e+03 1.247487000000000080e+03 1.332000000000000073e+00 2.374999999999999889e-01 2.149999999999999967e-01 1.000000000000000000e+00
1.400000000000000000e+01 1.548000000000000000e+03 -1.000000000000000000e+00 -1.000000000000000000e+00 -1.000000000000000000e+00 -1.000000000000000000e+00 -1.000000000000000000e+00 1.753026000000000067e+03 1.246786000000000058e+03 1.358999999999999986e+00 2.494999999999999996e-01 2.800000000000000266e-01 1.000000000000000000e+00
1.400000000000000000e+01 1.562000000000000000e+03 -1.000000000000000000e+00 -1.000000000000000000e+00 -1.000000000000000000e+00 -1.000000000000000000e+00 -1.000000000000000000e+00 1.786740999999999985e+03 1.227998000000000047e+03 1.032999999999999918e+00 3.639999999999999902e-01 3.554999999999999827e-01 9.124999999999999778e-01
1.400000000000000000e+01 1.561000000000000000e+03 -1.000000000000000000e+00 -1.000000000000000000e+00 -1.000000000000000000e+00 -1.000000000000000000e+00 -1.000000000000000000e+00 1.770151000000000067e+03 1.236411000000000058e+03 1.239000000000000101e+00 3.584999999999999853e-01 4.184999999999999831e-01 9.725000000000000311e-01
1.400000000000000000e+01 1.555000000000000000e+03 -1.000000000000000000e+00 -1.000000000000000000e+00 -1.000000000000000000e+00 -1.000000000000000000e+00 -1.000000000000000000e+00 1.745130000000000109e+03 1.253800999999999931e+03 1.364999999999999991e+00 3.719999999999999973e-01 5.104999999999999538e-01 8.499999999999999778e-01
1.500000000000000000e+01 1.562000000000000000e+03 -1.000000000000000000e+00 -1.000000000000000000e+00 -1.000000000000000000e+00 -1.000000000000000000e+00 -1.000000000000000000e+00 1.786084000000000060e+03 1.228392000000000053e+03 9.330000000000000515e-01 3.639999999999999902e-01 3.554999999999999827e-01 9.124999999999999778e-01
1.500000000000000000e+01 1.561000000000000000e+03 -1.000000000000000000e+00 -1.000000000000000000e+00 -1.000000000000000000e+00 -1.000000000000000000e+00 -1.000000000000000000e+00 1.769666999999999916e+03 1.236757000000000062e+03 1.338999999999999968e+00 3.584999999999999853e-01 4.184999999999999831e-01 9.725000000000000311e-01
1.500000000000000000e+01 1.546000000000000000e+03 -1.000000000000000000e+00 -1.000000000000000000e+00 -1.000000000000000000e+00 -1.000000000000000000e+00 -1.000000000000000000e+00 1.751886210001000109e+03 1.248214522397893006e+03 1.472042809988997503e+00 2.374999999999999889e-01 2.150000000000000244e-01 1.000000000000000000e+00
1.500000000000000000e+01 1.548000000000000000e+03 -1.000000000000000000e+00 -1.000000000000000000e+00 -1.000000000000000000e+00 -1.000000000000000000e+00 -1.000000000000000000e+00 1.751610167191011215e+03 1.247589845729336730e+03 1.464032107491747947e+00 2.494999999999999996e-01 2.800000000000000266e-01 1.000000000000000000e+00
1.600000000000000000e+01 1.562000000000000000e+03 -1.000000000000000000e+00 -1.000000000000000000e+00 -1.000000000000000000e+00 -1.000000000000000000e+00 -1.000000000000000000e+00 1.785224999999999909e+03 1.228846999999999980e+03 1.082999999999999963e+00 3.639999999999999902e-01 3.554999999999999827e-01 9.124999999999999778e-01
1.600000000000000000e+01 1.568000000000000000e+03 -1.000000000000000000e+00 -1.000000000000000000e+00 -1.000000000000000000e+00 -1.000000000000000000e+00 -1.000000000000000000e+00 1.800584000000000060e+03 1.220955999999999904e+03 1.131999999999999895e+00 2.695000000000000173e-01 2.545000000000000040e-01 1.000000000000000000e+00
1.600000000000000000e+01 1.561000000000000000e+03 -1.000000000000000000e+00 -1.000000000000000000e+00 -1.000000000000000000e+00 -1.000000000000000000e+00 -1.000000000000000000e+00 1.768974999999999909e+03 1.237308999999999969e+03 1.389000000000000012e+00 3.584999999999999853e-01 4.184999999999999831e-01 9.725000000000000311e-01
1.600000000000000000e+01 1.546000000000000000e+03 -1.000000000000000000e+00 -1.000000000000000000e+00 -1.000000000000000000e+00 -1.000000000000000000e+00 -1.000000000000000000e+00 1.752553989129463616e+03 1.247833719700596930e+03 1.398741039575901013e+00 2.374999999999999889e-01 2.149999999999999967e-01 1.000000000000000000e+00
1.600000000000000000e+01 1.548000000000000000e+03 -1.000000000000000000e+00 -1.000000000000000000e+00 -1.000000000000000000e+00 -1.000000000000000000e+00 -1.000000000000000000e+00 1.752351248089887804e+03 1.247169093567165646e+03 1.409055779681925857e+00 2.494999999999999996e-01 2.800000000000000266e-01 1.000000000000000000e+00
1.700000000000000000e+01 1.546000000000000000e+03 -1.000000000000000000e+00 -1.000000000000000000e+00 -1.000000000000000000e+00 -1.000000000000000000e+00 -1.000000000000000000e+00 1.751339999999999918e+03 1.248526000000000067e+03 1.532000000000000028e+00 2.374999999999999889e-01 2.149999999999999967e-01 1.000000000000000000e+00
1.700000000000000000e+01 1.548000000000000000e+03 -1.000000000000000000e+00 -1.000000000000000000e+00 -1.000000000000000000e+00 -1.000000000000000000e+00 -1.000000000000000000e+00 1.751003999999999905e+03 1.247933999999999969e+03 1.508999999999999897e+00 2.494999999999999996e-01 2.800000000000000266e-01 1.000000000000000000e+00
1.700000000000000000e+01 1.562000000000000000e+03 -1.000000000000000000e+00 -1.000000000000000000e+00 -1.000000000000000000e+00 -1.000000000000000000e+00 -1.000000000000000000e+00 1.784603000000000065e+03 1.229176999999999907e+03 1.133000000000000007e+00 3.639999999999999902e-01 3.554999999999999827e-01 9.124999999999999778e-01
1.700000000000000000e+01 1.568000000000000000e+03 -1.000000000000000000e+00 -1.000000000000000000e+00 -1.000000000000000000e+00 -1.000000000000000000e+00 -1.000000000000000000e+00 1.800683999999999969e+03 1.220917999999999893e+03 1.165000000000000036e+00 2.695000000000000173e-01 2.545000000000000040e-01 1.000000000000000000e+00
1.700000000000000000e+01 1.561000000000000000e+03 -1.000000000000000000e+00 -1.000000000000000000e+00 -1.000000000000000000e+00 -1.000000000000000000e+00 -1.000000000000000000e+00 1.768483999999999924e+03 1.237711000000000013e+03 1.489000000000000101e+00 3.584999999999999853e-01 4.184999999999999831e-01 9.725000000000000311e-01
1.700000000000000000e+01 1.569000000000000000e+03 -1.000000000000000000e+00 -1.000000000000000000e+00 -1.000000000000000000e+00 -1.000000000000000000e+00 -1.000000000000000000e+00 1.796829999999999927e+03 1.227788000000000011e+03 9.240000000000000435e-01 3.995000000000000218e-01 4.555000000000000160e-01 7.660000000000000142e-01
1.700000000000000000e+01 1.570000000000000000e+03 -1.000000000000000000e+00 -1.000000000000000000e+00 -1.000000000000000000e+00 -1.000000000000000000e+00 -1.000000000000000000e+00 1.801231999999999971e+03 1.220279999999999973e+03 1.042999999999999927e+00 2.964999999999999858e-01 2.424999999999999933e-01 1.000000000000000000e+00
1.800000000000000000e+01 1.562000000000000000e+03 -1.000000000000000000e+00 -1.000000000000000000e+00 -1.000000000000000000e+00 -1.000000000000000000e+00 -1.000000000000000000e+00 1.783843000000000075e+03 1.229579999999999927e+03 1.120000000000000107e+00 3.639999999999999902e-01 3.554999999999999827e-01 9.124999999999999778e-01
1.800000000000000000e+01 1.568000000000000000e+03 -1.000000000000000000e+00 -1.000000000000000000e+00 -1.000000000000000000e+00 -1.000000000000000000e+00 -1.000000000000000000e+00 1.800650000000000091e+03 1.220968000000000075e+03 1.298000000000000043e+00 2.695000000000000173e-01 2.545000000000000040e-01 1.000000000000000000e+00
1.800000000000000000e+01 1.561000000000000000e+03 -1.000000000000000000e+00 -1.000000000000000000e+00 -1.000000000000000000e+00 -1.000000000000000000e+00 -1.000000000000000000e+00 1.767979000000000042e+03 1.238130000000000109e+03 1.239000000000000101e+00 3.584999999999999853e-01 4.184999999999999831e-01 9.725000000000000311e-01
1.800000000000000000e+01 1.569000000000000000e+03 -1.000000000000000000e+00 -1.000000000000000000e+00 -1.000000000000000000e+00 -1.000000000000000000e+00 -1.000000000000000000e+00 1.796829999999999927e+03 1.227788000000000011e+03 8.739999999999999991e-01 3.995000000000000218e-01 4.555000000000000160e-01 7.660000000000000142e-01
1.800000000000000000e+01 1.570000000000000000e+03 -1.000000000000000000e+00 -1.000000000000000000e+00 -1.000000000000000000e+00 -1.000000000000000000e+00 -1.000000000000000000e+00 1.801355999999999995e+03 1.220363000000000056e+03 1.042999999999999927e+00 2.964999999999999858e-01 2.424999999999999933e-01 1.000000000000000000e+00
1.900000000000000000e+01 1.562000000000000000e+03 -1.000000000000000000e+00 -1.000000000000000000e+00 -1.000000000000000000e+00 -1.000000000000000000e+00 -1.000000000000000000e+00 1.783121000000000095e+03 1.229996000000000095e+03 1.125999999999999890e+00 3.639999999999999902e-01 3.554999999999999827e-01 9.124999999999999778e-01
1.900000000000000000e+01 1.568000000000000000e+03 -1.000000000000000000e+00 -1.000000000000000000e+00 -1.000000000000000000e+00 -1.000000000000000000e+00 -1.000000000000000000e+00 1.800883000000000038e+03 1.220844000000000051e+03 9.320000000000000506e-01 2.695000000000000173e-01 2.545000000000000040e-01 1.000000000000000000e+00
1.900000000000000000e+01 1.561000000000000000e+03 -1.000000000000000000e+00 -1.000000000000000000e+00 -1.000000000000000000e+00 -1.000000000000000000e+00 -1.000000000000000000e+00 1.767476000000000113e+03 1.238553000000000111e+03 1.314000000000000057e+00 3.584999999999999853e-01 4.184999999999999831e-01 9.725000000000000311e-01
1.900000000000000000e+01 1.569000000000000000e+03 -1.000000000000000000e+00 -1.000000000000000000e+00 -1.000000000000000000e+00 -1.000000000000000000e+00 -1.000000000000000000e+00 1.796858999999999924e+03 1.227845000000000027e+03 8.739999999999999991e-01 3.995000000000000218e-01 4.555000000000000160e-01 7.660000000000000142e-01
1.900000000000000000e+01 1.571000000000000000e+03 -1.000000000000000000e+00 -1.000000000000000000e+00 -1.000000000000000000e+00 -1.000000000000000000e+00 -1.000000000000000000e+00 1.796761999999999944e+03 1.229069999999999936e+03 8.259999999999999565e-01 3.335000000000000187e-01 3.850000000000000089e-01 7.944999999999999840e-01
1.900000000000000000e+01 1.570000000000000000e+03 -1.000000000000000000e+00 -1.000000000000000000e+00 -1.000000000000000000e+00 -1.000000000000000000e+00 -1.000000000000000000e+00 1.801480000000000018e+03 1.220445999999999913e+03 1.042999999999999927e+00 2.964999999999999858e-01 2.424999999999999933e-01 1.000000000000000000e+00
2.000000000000000000e+01 1.562000000000000000e+03 -1.000000000000000000e+00 -1.000000000000000000e+00 -1.000000000000000000e+00 -1.000000000000000000e+00 -1.000000000000000000e+00 1.782419000000000096e+03 1.230442000000000007e+03 1.133000000000000007e+00 3.639999999999999902e-01 3.554999999999999827e-01 9.124999999999999778e-01
2.000000000000000000e+01 1.568000000000000000e+03 -1.000000000000000000e+00 -1.000000000000000000e+00 -1.000000000000000000e+00 -1.000000000000000000e+00 -1.000000000000000000e+00 1.800876999999999953e+03 1.221012999999999920e+03 9.819999999999999840e-01 2.695000000000000173e-01 2.545000000000000040e-01 1.000000000000000000e+00
2.000000000000000000e+01 1.561000000000000000e+03 -1.000000000000000000e+00 -1.000000000000000000e+00 -1.000000000000000000e+00 -1.000000000000000000e+00 -1.000000000000000000e+00 1.766972999999999956e+03 1.238976000000000113e+03 1.288999999999999924e+00 3.584999999999999853e-01 4.184999999999999831e-01 9.725000000000000311e-01
2.000000000000000000e+01 1.569000000000000000e+03 -1.000000000000000000e+00 -1.000000000000000000e+00 -1.000000000000000000e+00 -1.000000000000000000e+00 -1.000000000000000000e+00 1.796799999999999955e+03 1.227958000000000084e+03 9.489999999999999547e-01 3.995000000000000218e-01 4.555000000000000160e-01 7.660000000000000142e-01
2.000000000000000000e+01 1.571000000000000000e+03 -1.000000000000000000e+00 -1.000000000000000000e+00 -1.000000000000000000e+00 -1.000000000000000000e+00 -1.000000000000000000e+00 1.796727000000000089e+03 1.229085000000000036e+03 7.960000000000000409e-01 3.335000000000000187e-01 3.850000000000000089e-01 7.944999999999999840e-01
2.000000000000000000e+01 1.570000000000000000e+03 -1.000000000000000000e+00 -1.000000000000000000e+00 -1.000000000000000000e+00 -1.000000000000000000e+00 -1.000000000000000000e+00 1.801698000000000093e+03 1.220551999999999907e+03 1.042999999999999927e+00 2.964999999999999858e-01 2.424999999999999933e-01 1.000000000000000000e+00
2.100000000000000000e+01 1.562000000000000000e+03 -1.000000000000000000e+00 -1.000000000000000000e+00 -1.000000000000000000e+00 -1.000000000000000000e+00 -1.000000000000000000e+00 1.781854000000000042e+03 1.231005000000000109e+03 1.183000000000000052e+00 3.639999999999999902e-01 3.554999999999999827e-01 9.124999999999999778e-01
2.100000000000000000e+01 1.568000000000000000e+03 -1.000000000000000000e+00 -1.000000000000000000e+00 -1.000000000000000000e+00 -1.000000000000000000e+00 -1.000000000000000000e+00 1.800755000000000109e+03 1.221257000000000062e+03 1.332000000000000073e+00 2.695000000000000173e-01 2.545000000000000040e-01 1.000000000000000000e+00
2.100000000000000000e+01 1.561000000000000000e+03 -1.000000000000000000e+00 -1.000000000000000000e+00 -1.000000000000000000e+00 -1.000000000000000000e+00 -1.000000000000000000e+00 1.766301999999999907e+03 1.239450000000000045e+03 1.288999999999999924e+00 3.584999999999999853e-01 4.184999999999999831e-01 9.725000000000000311e-01
2.100000000000000000e+01 1.569000000000000000e+03 -1.000000000000000000e+00 -1.000000000000000000e+00 -1.000000000000000000e+00 -1.000000000000000000e+00 -1.000000000000000000e+00 1.796741999999999962e+03 1.228069999999999936e+03 1.024000000000000021e+00 3.995000000000000218e-01 4.555000000000000160e-01 7.660000000000000142e-01
2.100000000000000000e+01 1.571000000000000000e+03 -1.000000000000000000e+00 -1.000000000000000000e+00 -1.000000000000000000e+00 -1.000000000000000000e+00 -1.000000000000000000e+00 1.796680000000000064e+03 1.229107999999999947e+03 8.159999999999999476e-01 3.335000000000000187e-01 3.850000000000000089e-01 7.944999999999999840e-01
2.100000000000000000e+01 1.570000000000000000e+03 -1.000000000000000000e+00 -1.000000000000000000e+00 -1.000000000000000000e+00 -1.000000000000000000e+00 -1.000000000000000000e+00 1.801497000000000071e+03 1.220757000000000062e+03 1.042999999999999927e+00 2.964999999999999858e-01 2.424999999999999933e-01 1.000000000000000000e+00
2.200000000000000000e+01 1.562000000000000000e+03 -1.000000000000000000e+00 -1.000000000000000000e+00 -1.000000000000000000e+00 -1.000000000000000000e+00 -1.000000000000000000e+00 1.781193999999999960e+03 1.231540999999999940e+03 1.183000000000000052e+00 3.639999999999999902e-01 3.554999999999999827e-01 9.124999999999999778e-01
2.200000000000000000e+01 1.568000000000000000e+03 -1.000000000000000000e+00 -1.000000000000000000e+00 -1.000000000000000000e+00 -1.000000000000000000e+00 -1.000000000000000000e+00 1.800721000000000004e+03 1.221484999999999900e+03 1.332000000000000073e+00 2.695000000000000173e-01 2.545000000000000040e-01 1.000000000000000000e+00
2.200000000000000000e+01 1.561000000000000000e+03 -1.000000000000000000e+00 -1.000000000000000000e+00 -1.000000000000000000e+00 -1.000000000000000000e+00 -1.000000000000000000e+00 1.765615000000000009e+03 1.239900000000000091e+03 1.288999999999999924e+00 3.584999999999999853e-01 4.184999999999999831e-01 9.725000000000000311e-01
2.200000000000000000e+01 1.571000000000000000e+03 -1.000000000000000000e+00 -1.000000000000000000e+00 -1.000000000000000000e+00 -1.000000000000000000e+00 -1.000000000000000000e+00 1.796646999999999935e+03 1.229124000000000024e+03 8.659999999999999920e-01 3.335000000000000187e-01 3.850000000000000089e-01 7.944999999999999840e-01
2.200000000000000000e+01 1.570000000000000000e+03 -1.000000000000000000e+00 -1.000000000000000000e+00 -1.000000000000000000e+00 -1.000000000000000000e+00 -1.000000000000000000e+00 1.801548999999999978e+03 1.220845000000000027e+03 1.042999999999999927e+00 2.964999999999999858e-01 2.424999999999999933e-01 1.000000000000000000e+00
2.300000000000000000e+01 1.562000000000000000e+03 -1.000000000000000000e+00 -1.000000000000000000e+00 -1.000000000000000000e+00 -1.000000000000000000e+00 -1.000000000000000000e+00 1.780563000000000102e+03 1.232111000000000104e+03 1.183000000000000052e+00 3.639999999999999902e-01 3.554999999999999827e-01 9.124999999999999778e-01
2.300000000000000000e+01 1.568000000000000000e+03 -1.000000000000000000e+00 -1.000000000000000000e+00 -1.000000000000000000e+00 -1.000000000000000000e+00 -1.000000000000000000e+00 1.800838999999999942e+03 1.221615999999999985e+03 1.332000000000000073e+00 2.695000000000000173e-01 2.545000000000000040e-01 1.000000000000000000e+00
2.300000000000000000e+01 1.570000000000000000e+03 -1.000000000000000000e+00 -1.000000000000000000e+00 -1.000000000000000000e+00 -1.000000000000000000e+00 -1.000000000000000000e+00 1.801599999999999909e+03 1.220933999999999969e+03 1.042999999999999927e+00 2.964999999999999858e-01 2.424999999999999933e-01 1.000000000000000000e+00
2.400000000000000000e+01 1.562000000000000000e+03 -1.000000000000000000e+00 -1.000000000000000000e+00 -1.000000000000000000e+00 -1.000000000000000000e+00 -1.000000000000000000e+00 1.779877999999999929e+03 1.232700000000000045e+03 1.233000000000000096e+00 3.639999999999999902e-01 3.554999999999999827e-01 9.124999999999999778e-01
2.400000000000000000e+01 1.568000000000000000e+03 -1.000000000000000000e+00 -1.000000000000000000e+00 -1.000000000000000000e+00 -1.000000000000000000e+00 -1.000000000000000000e+00 1.800959000000000060e+03 1.221800999999999931e+03 1.181999999999999940e+00 2.695000000000000173e-01 2.545000000000000040e-01 1.000000000000000000e+00
2.400000000000000000e+01 1.570000000000000000e+03 -1.000000000000000000e+00 -1.000000000000000000e+00 -1.000000000000000000e+00 -1.000000000000000000e+00 -1.000000000000000000e+00 1.801652000000000044e+03 1.221021999999999935e+03 1.042999999999999927e+00 2.964999999999999858e-01 2.424999999999999933e-01 1.000000000000000000e+00
2.500000000000000000e+01 1.562000000000000000e+03 -1.000000000000000000e+00 -1.000000000000000000e+00 -1.000000000000000000e+00 -1.000000000000000000e+00 -1.000000000000000000e+00 1.779050999999999931e+03 1.233319999999999936e+03 1.207999999999999963e+00 3.639999999999999902e-01 3.554999999999999827e-01 9.124999999999999778e-01
2.500000000000000000e+01 1.568000000000000000e+03 -1.000000000000000000e+00 -1.000000000000000000e+00 -1.000000000000000000e+00 -1.000000000000000000e+00 -1.000000000000000000e+00 1.801220000000000027e+03 1.221731999999999971e+03 9.819999999999999840e-01 2.695000000000000173e-01 2.545000000000000040e-01 1.000000000000000000e+00
2.500000000000000000e+01 1.570000000000000000e+03 -1.000000000000000000e+00 -1.000000000000000000e+00 -1.000000000000000000e+00 -1.000000000000000000e+00 -1.000000000000000000e+00 1.801702999999999975e+03 1.221109999999999900e+03 1.042999999999999927e+00 2.964999999999999858e-01 2.424999999999999933e-01 1.000000000000000000e+00
2.600000000000000000e+01 1.562000000000000000e+03 -1.000000000000000000e+00 -1.000000000000000000e+00 -1.000000000000000000e+00 -1.000000000000000000e+00 -1.000000000000000000e+00 1.778178000000000111e+03 1.233874000000000024e+03 1.183000000000000052e+00 3.639999999999999902e-01 3.554999999999999827e-01 9.124999999999999778e-01
2.600000000000000000e+01 1.568000000000000000e+03 -1.000000000000000000e+00 -1.000000000000000000e+00 -1.000000000000000000e+00 -1.000000000000000000e+00 -1.000000000000000000e+00 1.801279999999999973e+03 1.221940000000000055e+03 9.320000000000000506e-01 2.695000000000000173e-01 2.545000000000000040e-01 1.000000000000000000e+00
2.600000000000000000e+01 1.570000000000000000e+03 -1.000000000000000000e+00 -1.000000000000000000e+00 -1.000000000000000000e+00 -1.000000000000000000e+00 -1.000000000000000000e+00 1.801755000000000109e+03 1.221199000000000069e+03 1.042999999999999927e+00 2.964999999999999858e-01 2.424999999999999933e-01 1.000000000000000000e+00
2.700000000000000000e+01 1.568000000000000000e+03 -1.000000000000000000e+00 -1.000000000000000000e+00 -1.000000000000000000e+00 -1.000000000000000000e+00 -1.000000000000000000e+00 1.801337999999999965e+03 1.222067000000000007e+03 9.320000000000000506e-01 2.695000000000000173e-01 2.545000000000000040e-01 1.000000000000000000e+00
2.700000000000000000e+01 1.570000000000000000e+03 -1.000000000000000000e+00 -1.000000000000000000e+00 -1.000000000000000000e+00 -1.000000000000000000e+00 -1.000000000000000000e+00 1.801806000000000040e+03 1.221287000000000035e+03 1.042999999999999927e+00 2.964999999999999858e-01 2.424999999999999933e-01 1.000000000000000000e+00
2.700000000000000000e+01 1.579000000000000000e+03 -1.000000000000000000e+00 -1.000000000000000000e+00 -1.000000000000000000e+00 -1.000000000000000000e+00 -1.000000000000000000e+00 1.807959000000000060e+03 1.167250999999999976e+03 1.112000000000000099e+00 3.689999999999999947e-01 3.629999999999999893e-01 1.000000000000000000e+00
2.800000000000000000e+01 1.568000000000000000e+03 -1.000000000000000000e+00 -1.000000000000000000e+00 -1.000000000000000000e+00 -1.000000000000000000e+00 -1.000000000000000000e+00 1.801348999999999933e+03 1.221936999999999898e+03 9.819999999999999840e-01 2.695000000000000173e-01 2.545000000000000040e-01 1.000000000000000000e+00
2.800000000000000000e+01 1.582000000000000000e+03 -1.000000000000000000e+00 -1.000000000000000000e+00 -1.000000000000000000e+00 -1.000000000000000000e+00 -1.000000000000000000e+00 1.806708000000000084e+03 1.168460000000000036e+03 1.028999999999999915e+00 3.624999999999999889e-01 3.614999999999999880e-01 9.310000000000000497e-01
2.800000000000000000e+01 1.570000000000000000e+03 -1.000000000000000000e+00 -1.000000000000000000e+00 -1.000000000000000000e+00 -1.000000000000000000e+00 -1.000000000000000000e+00 1.801806000000000040e+03 1.221287000000000035e+03 1.042999999999999927e+00 2.964999999999999858e-01 2.424999999999999933e-01 1.000000000000000000e+00
2.800000000000000000e+01 1.579000000000000000e+03 -1.000000000000000000e+00 -1.000000000000000000e+00 -1.000000000000000000e+00 -1.000000000000000000e+00 -1.000000000000000000e+00 1.807665999999999940e+03 1.167824000000000069e+03 1.112000000000000099e+00 3.689999999999999947e-01 3.629999999999999893e-01 1.000000000000000000e+00
2.900000000000000000e+01 1.568000000000000000e+03 -1.000000000000000000e+00 -1.000000000000000000e+00 -1.000000000000000000e+00 -1.000000000000000000e+00 -1.000000000000000000e+00 1.801358999999999924e+03 1.221806000000000040e+03 1.032000000000000028e+00 2.695000000000000173e-01 2.545000000000000040e-01 1.000000000000000000e+00
2.900000000000000000e+01 1.582000000000000000e+03 -1.000000000000000000e+00 -1.000000000000000000e+00 -1.000000000000000000e+00 -1.000000000000000000e+00 -1.000000000000000000e+00 1.806489000000000033e+03 1.168990000000000009e+03 1.028999999999999915e+00 3.624999999999999889e-01 3.614999999999999880e-01 9.310000000000000497e-01
2.900000000000000000e+01 1.570000000000000000e+03 -1.000000000000000000e+00 -1.000000000000000000e+00 -1.000000000000000000e+00 -1.000000000000000000e+00 -1.000000000000000000e+00 1.801806000000000040e+03 1.221287000000000035e+03 1.042999999999999927e+00 2.964999999999999858e-01 2.424999999999999933e-01 1.000000000000000000e+00
2.900000000000000000e+01 1.579000000000000000e+03 -1.000000000000000000e+00 -1.000000000000000000e+00 -1.000000000000000000e+00 -1.000000000000000000e+00 -1.000000000000000000e+00 1.807374000000000024e+03 1.168396999999999935e+03 1.112000000000000099e+00 3.689999999999999947e-01 3.629999999999999893e-01 1.000000000000000000e+00
2.900000000000000000e+01 1.584000000000000000e+03 -1.000000000000000000e+00 -1.000000000000000000e+00 -1.000000000000000000e+00 -1.000000000000000000e+00 -1.000000000000000000e+00 1.808111000000000104e+03 1.167361000000000104e+03 1.274999999999999911e+00 4.359999999999999987e-01 3.624999999999999889e-01 1.000000000000000000e+00
3.000000000000000000e+01 1.586000000000000000e+03 -1.000000000000000000e+00 -1.000000000000000000e+00 -1.000000000000000000e+00 -1.000000000000000000e+00 -1.000000000000000000e+00 1.807852000000000089e+03 1.166336000000000013e+03 1.084000000000000075e+00 4.204999999999999849e-01 4.025000000000000244e-01 9.449999999999999512e-01
3.000000000000000000e+01 1.568000000000000000e+03 -1.000000000000000000e+00 -1.000000000000000000e+00 -1.000000000000000000e+00 -1.000000000000000000e+00 -1.000000000000000000e+00 1.801271999999999935e+03 1.221863000000000056e+03 1.032000000000000028e+00 2.695000000000000173e-01 2.545000000000000040e-01 1.000000000000000000e+00
3.000000000000000000e+01 1.582000000000000000e+03 -1.000000000000000000e+00 -1.000000000000000000e+00 -1.000000000000000000e+00 -1.000000000000000000e+00 -1.000000000000000000e+00 1.806299999999999955e+03 1.169532999999999902e+03 1.028999999999999915e+00 3.624999999999999889e-01 3.614999999999999880e-01 9.310000000000000497e-01
3.000000000000000000e+01 1.570000000000000000e+03 -1.000000000000000000e+00 -1.000000000000000000e+00 -1.000000000000000000e+00 -1.000000000000000000e+00 -1.000000000000000000e+00 1.801806000000000040e+03 1.221287000000000035e+03 1.042999999999999927e+00 2.964999999999999858e-01 2.424999999999999933e-01 1.000000000000000000e+00
3.000000000000000000e+01 1.579000000000000000e+03 -1.000000000000000000e+00 -1.000000000000000000e+00 -1.000000000000000000e+00 -1.000000000000000000e+00 -1.000000000000000000e+00 1.807080999999999904e+03 1.168970000000000027e+03 1.112000000000000099e+00 3.689999999999999947e-01 3.629999999999999893e-01 1.000000000000000000e+00
3.000000000000000000e+01 1.584000000000000000e+03 -1.000000000000000000e+00 -1.000000000000000000e+00 -1.000000000000000000e+00 -1.000000000000000000e+00 -1.000000000000000000e+00 1.807807999999999993e+03 1.167824000000000069e+03 1.199999999999999956e+00 4.359999999999999987e-01 3.624999999999999889e-01 1.000000000000000000e+00
3.100000000000000000e+01 1.586000000000000000e+03 -1.000000000000000000e+00 -1.000000000000000000e+00 -1.000000000000000000e+00 -1.000000000000000000e+00 -1.000000000000000000e+00 1.807627999999999929e+03 1.166788999999999987e+03 1.084000000000000075e+00 4.204999999999999849e-01 4.025000000000000244e-01 9.449999999999999512e-01
3.100000000000000000e+01 1.582000000000000000e+03 -1.000000000000000000e+00 -1.000000000000000000e+00 -1.000000000000000000e+00 -1.000000000000000000e+00 -1.000000000000000000e+00 1.806050999999999931e+03 1.170050999999999931e+03 1.028999999999999915e+00 3.624999999999999889e-01 3.614999999999999880e-01 9.310000000000000497e-01
3.100000000000000000e+01 1.588000000000000000e+03 -1.000000000000000000e+00 -1.000000000000000000e+00 -1.000000000000000000e+00 -1.000000000000000000e+00 -1.000000000000000000e+00 1.808584000000000060e+03 1.166299999999999955e+03 1.084000000000000075e+00 3.679999999999999938e-01 4.839999999999999858e-01 1.000000000000000000e+00
3.100000000000000000e+01 1.589000000000000000e+03 -1.000000000000000000e+00 -1.000000000000000000e+00 -1.000000000000000000e+00 -1.000000000000000000e+00 -1.000000000000000000e+00 1.806557999999999993e+03 1.168615999999999985e+03 1.125000000000000000e+00 2.379999999999999893e-01 3.385000000000000231e-01 1.000000000000000000e+00
3.100000000000000000e+01 1.579000000000000000e+03 -1.000000000000000000e+00 -1.000000000000000000e+00 -1.000000000000000000e+00 -1.000000000000000000e+00 -1.000000000000000000e+00 1.806768000000000029e+03 1.169576999999999998e+03 1.112000000000000099e+00 3.689999999999999947e-01 3.629999999999999893e-01 1.000000000000000000e+00
3.100000000000000000e+01 1.584000000000000000e+03 -1.000000000000000000e+00 -1.000000000000000000e+00 -1.000000000000000000e+00 -1.000000000000000000e+00 -1.000000000000000000e+00 1.807505000000000109e+03 1.168288000000000011e+03 1.125000000000000000e+00 4.359999999999999987e-01 3.624999999999999889e-01 1.000000000000000000e+00
3.100000000000000000e+01 1.568000000000000000e+03 -1.000000000000000000e+00 -1.000000000000000000e+00 -1.000000000000000000e+00 -1.000000000000000000e+00 -1.000000000000000000e+00 1.801315325002965210e+03 1.221834338844192189e+03 1.106652312801602367e+00 2.695000000000000173e-01 2.545000000000000040e-01 1.000000000000000000e+00
3.100000000000000000e+01 1.570000000000000000e+03 -1.000000000000000000e+00 -1.000000000000000000e+00 -1.000000000000000000e+00 -1.000000000000000000e+00 -1.000000000000000000e+00 1.801806000000000040e+03 1.221287000000000035e+03 1.042999999999999927e+00 2.964999999999999858e-01 2.424999999999999933e-01 1.000000000000000000e+00
3.200000000000000000e+01 1.586000000000000000e+03 -1.000000000000000000e+00 -1.000000000000000000e+00 -1.000000000000000000e+00 -1.000000000000000000e+00 -1.000000000000000000e+00 1.807403999999999996e+03 1.167241999999999962e+03 1.084000000000000075e+00 4.204999999999999849e-01 4.025000000000000244e-01 9.449999999999999512e-01
3.200000000000000000e+01 1.590000000000000000e+03 -1.000000000000000000e+00 -1.000000000000000000e+00 -1.000000000000000000e+00 -1.000000000000000000e+00 -1.000000000000000000e+00 1.805970000000000027e+03 1.168951000000000022e+03 1.358000000000000096e+00 1.474999999999999922e-01 1.754999999999999893e-01 3.654999999999999916e-01
3.200000000000000000e+01 1.582000000000000000e+03 -1.000000000000000000e+00 -1.000000000000000000e+00 -1.000000000000000000e+00 -1.000000000000000000e+00 -1.000000000000000000e+00 1.805786000000000058e+03 1.170516000000000076e+03 1.028999999999999915e+00 3.624999999999999889e-01 3.614999999999999880e-01 9.310000000000000497e-01
3.200000000000000000e+01 1.588000000000000000e+03 -1.000000000000000000e+00 -1.000000000000000000e+00 -1.000000000000000000e+00 -1.000000000000000000e+00 -1.000000000000000000e+00 1.808317000000000007e+03 1.166651000000000067e+03 1.084000000000000075e+00 3.679999999999999938e-01 4.839999999999999858e-01 1.000000000000000000e+00
3.200000000000000000e+01 1.589000000000000000e+03 -1.000000000000000000e+00 -1.000000000000000000e+00 -1.000000000000000000e+00 -1.000000000000000000e+00 -1.000000000000000000e+00 1.806250999999999976e+03 1.169142000000000053e+03 1.104999999999999982e+00 2.379999999999999893e-01 3.385000000000000231e-01 1.000000000000000000e+00
3.200000000000000000e+01 1.579000000000000000e+03 -1.000000000000000000e+00 -1.000000000000000000e+00 -1.000000000000000000e+00 -1.000000000000000000e+00 -1.000000000000000000e+00 1.806488000000000056e+03 1.170017000000000053e+03 1.112000000000000099e+00 3.689999999999999947e-01 3.629999999999999893e-01 1.000000000000000000e+00
3.200000000000000000e+01 1.584000000000000000e+03 -1.000000000000000000e+00 -1.000000000000000000e+00 -1.000000000000000000e+00 -1.000000000000000000e+00 -1.000000000000000000e+00 1.807201999999999998e+03 1.168750999999999976e+03 1.125000000000000000e+00 4.359999999999999987e-01 3.624999999999999889e-01 1.000000000000000000e+00
3.200000000000000000e+01 1.568000000000000000e+03 -1.000000000000000000e+00 -1.000000000000000000e+00 -1.000000000000000000e+00 -1.000000000000000000e+00 -1.000000000000000000e+00 1.801293674130791942e+03 1.221848661728860861e+03 1.069346194595444777e+00 2.695000000000000173e-01 2.545000000000000040e-01 1.000000000000000000e+00
3.200000000000000000e+01 1.570000000000000000e+03 -1.000000000000000000e+00 -1.000000000000000000e+00 -1.000000000000000000e+00 -1.000000000000000000e+00 -1.000000000000000000e+00 1.801806000000000040e+03 1.221287000000000262e+03 1.042999999999999927e+00 2.964999999999999858e-01 2.424999999999999933e-01 1.000000000000000000e+00
3.300000000000000000e+01 1.586000000000000000e+03 -1.000000000000000000e+00 -1.000000000000000000e+00 -1.000000000000000000e+00 -1.000000000000000000e+00 -1.000000000000000000e+00 1.807228000000000065e+03 1.167717000000000098e+03 1.084000000000000075e+00 4.204999999999999849e-01 4.025000000000000244e-01 9.449999999999999512e-01
3.300000000000000000e+01 1.590000000000000000e+03 -1.000000000000000000e+00 -1.000000000000000000e+00 -1.000000000000000000e+00 -1.000000000000000000e+00 -1.000000000000000000e+00 1.805673999999999978e+03 1.169424999999999955e+03 1.358000000000000096e+00 1.474999999999999922e-01 1.754999999999999893e-01 3.654999999999999916e-01
3.300000000000000000e+01 1.568000000000000000e+03 -1.000000000000000000e+00 -1.000000000000000000e+00 -1.000000000000000000e+00 -1.000000000000000000e+00 -1.000000000000000000e+00 1.801336999999999989e+03 1.221819999999999936e+03 1.143999999999999906e+00 2.695000000000000173e-01 2.545000000000000040e-01 1.000000000000000000e+00
3.300000000000000000e+01 1.582000000000000000e+03 -1.000000000000000000e+00 -1.000000000000000000e+00 -1.000000000000000000e+00 -1.000000000000000000e+00 -1.000000000000000000e+00 1.805478000000000065e+03 1.170948000000000093e+03 1.028999999999999915e+00 3.624999999999999889e-01 3.614999999999999880e-01 9.310000000000000497e-01
3.300000000000000000e+01 1.588000000000000000e+03 -1.000000000000000000e+00 -1.000000000000000000e+00 -1.000000000000000000e+00 -1.000000000000000000e+00 -1.000000000000000000e+00 1.808067999999999984e+03 1.167016000000000076e+03 1.084000000000000075e+00 3.679999999999999938e-01 4.839999999999999858e-01 1.000000000000000000e+00
3.300000000000000000e+01 1.570000000000000000e+03 -1.000000000000000000e+00 -1.000000000000000000e+00 -1.000000000000000000e+00 -1.000000000000000000e+00 -1.000000000000000000e+00 1.801806000000000040e+03 1.221287000000000035e+03 1.042999999999999927e+00 2.964999999999999858e-01 2.424999999999999933e-01 1.000000000000000000e+00
3.300000000000000000e+01 1.589000000000000000e+03 -1.000000000000000000e+00 -1.000000000000000000e+00 -1.000000000000000000e+00 -1.000000000000000000e+00 -1.000000000000000000e+00 1.805922000000000025e+03 1.169653999999999996e+03 1.084000000000000075e+00 2.379999999999999893e-01 3.385000000000000231e-01 1.000000000000000000e+00
3.300000000000000000e+01 1.579000000000000000e+03 -1.000000000000000000e+00 -1.000000000000000000e+00 -1.000000000000000000e+00 -1.000000000000000000e+00 -1.000000000000000000e+00 1.806207000000000107e+03 1.170455999999999904e+03 1.112000000000000099e+00 3.689999999999999947e-01 3.629999999999999893e-01 1.000000000000000000e+00
3.300000000000000000e+01 1.584000000000000000e+03 -1.000000000000000000e+00 -1.000000000000000000e+00 -1.000000000000000000e+00 -1.000000000000000000e+00 -1.000000000000000000e+00 1.806898999999999887e+03 1.169213999999999942e+03 1.125000000000000000e+00 4.359999999999999987e-01 3.624999999999999889e-01 1.000000000000000000e+00
3.400000000000000000e+01 1.586000000000000000e+03 -1.000000000000000000e+00 -1.000000000000000000e+00 -1.000000000000000000e+00 -1.000000000000000000e+00 -1.000000000000000000e+00 1.807051999999999907e+03 1.168192000000000007e+03 1.084000000000000075e+00 4.204999999999999849e-01 4.025000000000000244e-01 9.449999999999999512e-01
3.400000000000000000e+01 1.590000000000000000e+03 -1.000000000000000000e+00 -1.000000000000000000e+00 -1.000000000000000000e+00 -1.000000000000000000e+00 -1.000000000000000000e+00 1.805377999999999929e+03 1.169898999999999887e+03 1.358000000000000096e+00 1.474999999999999922e-01 1.754999999999999893e-01 3.654999999999999916e-01
3.400000000000000000e+01 1.582000000000000000e+03 -1.000000000000000000e+00 -1.000000000000000000e+00 -1.000000000000000000e+00 -1.000000000000000000e+00 -1.000000000000000000e+00 1.805083000000000084e+03 1.171505000000000109e+03 1.028999999999999915e+00 3.624999999999999889e-01 3.614999999999999880e-01 9.310000000000000497e-01
3.400000000000000000e+01 1.588000000000000000e+03 -1.000000000000000000e+00 -1.000000000000000000e+00 -1.000000000000000000e+00 -1.000000000000000000e+00 -1.000000000000000000e+00 1.807813000000000102e+03 1.167349999999999909e+03 1.084000000000000075e+00 3.679999999999999938e-01 4.839999999999999858e-01 1.000000000000000000e+00
3.400000000000000000e+01 1.589000000000000000e+03 -1.000000000000000000e+00 -1.000000000000000000e+00 -1.000000000000000000e+00 -1.000000000000000000e+00 -1.000000000000000000e+00 1.805609999999999900e+03 1.170130000000000109e+03 1.062999999999999945e+00 2.379999999999999893e-01 3.385000000000000231e-01 1.000000000000000000e+00
3.400000000000000000e+01 1.579000000000000000e+03 -1.000000000000000000e+00 -1.000000000000000000e+00 -1.000000000000000000e+00 -1.000000000000000000e+00 -1.000000000000000000e+00 1.805974999999999909e+03 1.170923000000000002e+03 1.112000000000000099e+00 3.689999999999999947e-01 3.629999999999999893e-01 1.000000000000000000e+00
3.400000000000000000e+01 1.584000000000000000e+03 -1.000000000000000000e+00 -1.000000000000000000e+00 -1.000000000000000000e+00 -1.000000000000000000e+00 -1.000000000000000000e+00 1.806625000000000000e+03 1.169692999999999984e+03 1.125000000000000000e+00 4.359999999999999987e-01 3.624999999999999889e-01 1.000000000000000000e+00
3.500000000000000000e+01 1.586000000000000000e+03 -1.000000000000000000e+00 -1.000000000000000000e+00 -1.000000000000000000e+00 -1.000000000000000000e+00 -1.000000000000000000e+00 1.806875999999999976e+03 1.168666999999999916e+03 1.084000000000000075e+00 4.204999999999999849e-01 4.025000000000000244e-01 9.449999999999999512e-01
3.500000000000000000e+01 1.590000000000000000e+03 -1.000000000000000000e+00 -1.000000000000000000e+00 -1.000000000000000000e+00 -1.000000000000000000e+00 -1.000000000000000000e+00 1.805029999999999973e+03 1.170455999999999904e+03 1.358000000000000096e+00 1.474999999999999922e-01 1.754999999999999893e-01 3.654999999999999916e-01
3.500000000000000000e+01 1.582000000000000000e+03 -1.000000000000000000e+00 -1.000000000000000000e+00 -1.000000000000000000e+00 -1.000000000000000000e+00 -1.000000000000000000e+00 1.804644000000000005e+03 1.172123000000000047e+03 1.028999999999999915e+00 3.624999999999999889e-01 3.614999999999999880e-01 9.310000000000000497e-01
3.500000000000000000e+01 1.588000000000000000e+03 -1.000000000000000000e+00 -1.000000000000000000e+00 -1.000000000000000000e+00 -1.000000000000000000e+00 -1.000000000000000000e+00 1.807601000000000113e+03 1.167736000000000104e+03 1.084000000000000075e+00 3.679999999999999938e-01 4.839999999999999858e-01 1.000000000000000000e+00
3.500000000000000000e+01 1.589000000000000000e+03 -1.000000000000000000e+00 -1.000000000000000000e+00 -1.000000000000000000e+00 -1.000000000000000000e+00 -1.000000000000000000e+00 1.805297000000000025e+03 1.170605000000000018e+03 1.042999999999999927e+00 2.379999999999999893e-01 3.385000000000000231e-01 1.000000000000000000e+00
3.500000000000000000e+01 1.579000000000000000e+03 -1.000000000000000000e+00 -1.000000000000000000e+00 -1.000000000000000000e+00 -1.000000000000000000e+00 -1.000000000000000000e+00 1.805713999999999942e+03 1.171375000000000000e+03 1.112000000000000099e+00 3.689999999999999947e-01 3.629999999999999893e-01 1.000000000000000000e+00
3.500000000000000000e+01 1.584000000000000000e+03 -1.000000000000000000e+00 -1.000000000000000000e+00 -1.000000000000000000e+00 -1.000000000000000000e+00 -1.000000000000000000e+00 1.806363000000000056e+03 1.170179000000000087e+03 1.125000000000000000e+00 4.359999999999999987e-01 3.624999999999999889e-01 1.000000000000000000e+00
3.600000000000000000e+01 1.586000000000000000e+03 -1.000000000000000000e+00 -1.000000000000000000e+00 -1.000000000000000000e+00 -1.000000000000000000e+00 -1.000000000000000000e+00 1.806700000000000045e+03 1.169142000000000053e+03 1.084000000000000075e+00 4.204999999999999849e-01 4.025000000000000244e-01 9.449999999999999512e-01
3.600000000000000000e+01 1.595000000000000000e+03 -1.000000000000000000e+00 -1.000000000000000000e+00 -1.000000000000000000e+00 -1.000000000000000000e+00 -1.000000000000000000e+00 1.823292999999999893e+03 1.142391000000000076e+03 1.193999999999999950e+00 3.059999999999999942e-01 2.740000000000000213e-01 8.830000000000000071e-01
3.600000000000000000e+01 1.582000000000000000e+03 -1.000000000000000000e+00 -1.000000000000000000e+00 -1.000000000000000000e+00 -1.000000000000000000e+00 -1.000000000000000000e+00 1.804380000000000109e+03 1.172494999999999891e+03 1.028999999999999915e+00 3.624999999999999889e-01 3.614999999999999880e-01 9.310000000000000497e-01
3.600000000000000000e+01 1.588000000000000000e+03 -1.000000000000000000e+00 -1.000000000000000000e+00 -1.000000000000000000e+00 -1.000000000000000000e+00 -1.000000000000000000e+00 1.807405999999999949e+03 1.168003999999999905e+03 1.084000000000000075e+00 3.679999999999999938e-01 4.839999999999999858e-01 1.000000000000000000e+00
3.600000000000000000e+01 1.589000000000000000e+03 -1.000000000000000000e+00 -1.000000000000000000e+00 -1.000000000000000000e+00 -1.000000000000000000e+00 -1.000000000000000000e+00 1.805119999999999891e+03 1.170917999999999893e+03 1.042999999999999927e+00 2.379999999999999893e-01 3.385000000000000231e-01 1.000000000000000000e+00
3.600000000000000000e+01 1.579000000000000000e+03 -1.000000000000000000e+00 -1.000000000000000000e+00 -1.000000000000000000e+00 -1.000000000000000000e+00 -1.000000000000000000e+00 1.805404999999999973e+03 1.171786000000000058e+03 1.112000000000000099e+00 3.689999999999999947e-01 3.629999999999999893e-01 1.000000000000000000e+00
3.600000000000000000e+01 1.584000000000000000e+03 -1.000000000000000000e+00 -1.000000000000000000e+00 -1.000000000000000000e+00 -1.000000000000000000e+00 -1.000000000000000000e+00 1.806128999999999905e+03 1.170635999999999967e+03 1.125000000000000000e+00 4.359999999999999987e-01 3.624999999999999889e-01 1.000000000000000000e+00
3.600000000000000000e+01 1.590000000000000000e+03 -1.000000000000000000e+00 -1.000000000000000000e+00 -1.000000000000000000e+00 -1.000000000000000000e+00 -1.000000000000000000e+00 1.804769011581664927e+03 1.170874136763843353e+03 1.358000000000000096e+00 1.474999999999999922e-01 1.754999999999999893e-01 3.654999999999999916e-01
3.700000000000000000e+01 1.586000000000000000e+03 -1.000000000000000000e+00 -1.000000000000000000e+00 -1.000000000000000000e+00 -1.000000000000000000e+00 -1.000000000000000000e+00 1.806471999999999980e+03 1.169596000000000004e+03 1.084000000000000075e+00 4.204999999999999849e-01 4.025000000000000244e-01 9.449999999999999512e-01
3.700000000000000000e+01 1.595000000000000000e+03 -1.000000000000000000e+00 -1.000000000000000000e+00 -1.000000000000000000e+00 -1.000000000000000000e+00 -1.000000000000000000e+00 1.822648999999999887e+03 1.142750000000000000e+03 1.143999999999999906e+00 3.059999999999999942e-01 2.740000000000000213e-01 8.830000000000000071e-01
3.700000000000000000e+01 1.590000000000000000e+03 -1.000000000000000000e+00 -1.000000000000000000e+00 -1.000000000000000000e+00 -1.000000000000000000e+00 -1.000000000000000000e+00 1.804559999999999945e+03 1.171209000000000060e+03 1.358000000000000096e+00 1.474999999999999922e-01 1.754999999999999893e-01 3.654999999999999916e-01
3.700000000000000000e+01 1.597000000000000000e+03 -1.000000000000000000e+00 -1.000000000000000000e+00 -1.000000000000000000e+00 -1.000000000000000000e+00 -1.000000000000000000e+00 1.833125999999999976e+03 1.163655999999999949e+03 9.899999999999999911e-01 2.174999999999999989e-01 2.344999999999999862e-01 8.495000000000000329e-01
3.700000000000000000e+01 1.582000000000000000e+03 -1.000000000000000000e+00 -1.000000000000000000e+00 -1.000000000000000000e+00 -1.000000000000000000e+00 -1.000000000000000000e+00 1.804073000000000093e+03 1.172926999999999907e+03 1.028999999999999915e+00 3.624999999999999889e-01 3.614999999999999880e-01 9.310000000000000497e-01
3.700000000000000000e+01 1.588000000000000000e+03 -1.000000000000000000e+00 -1.000000000000000000e+00 -1.000000000000000000e+00 -1.000000000000000000e+00 -1.000000000000000000e+00 1.807182999999999993e+03 1.168453999999999951e+03 1.084000000000000075e+00 3.679999999999999938e-01 4.839999999999999858e-01 1.000000000000000000e+00
3.700000000000000000e+01 1.589000000000000000e+03 -1.000000000000000000e+00 -1.000000000000000000e+00 -1.000000000000000000e+00 -1.000000000000000000e+00 -1.000000000000000000e+00 1.804778999999999996e+03 1.171471999999999980e+03 1.042999999999999927e+00 2.379999999999999893e-01 3.385000000000000231e-01 1.000000000000000000e+00
3.700000000000000000e+01 1.579000000000000000e+03 -1.000000000000000000e+00 -1.000000000000000000e+00 -1.000000000000000000e+00 -1.000000000000000000e+00 -1.000000000000000000e+00 1.805096000000000004e+03 1.172198000000000093e+03 1.112000000000000099e+00 3.689999999999999947e-01 3.629999999999999893e-01 1.000000000000000000e+00
3.700000000000000000e+01 1.584000000000000000e+03 -1.000000000000000000e+00 -1.000000000000000000e+00 -1.000000000000000000e+00 -1.000000000000000000e+00 -1.000000000000000000e+00 1.805861000000000104e+03 1.171074000000000069e+03 1.125000000000000000e+00 4.359999999999999987e-01 3.624999999999999889e-01 1.000000000000000000e+00
3.800000000000000000e+01 1.586000000000000000e+03 -1.000000000000000000e+00 -1.000000000000000000e+00 -1.000000000000000000e+00 -1.000000000000000000e+00 -1.000000000000000000e+00 1.806201000000000022e+03 1.170026000000000067e+03 1.084000000000000075e+00 4.204999999999999849e-01 4.025000000000000244e-01 9.449999999999999512e-01
3.800000000000000000e+01 1.595000000000000000e+03 -1.000000000000000000e+00 -1.000000000000000000e+00 -1.000000000000000000e+00 -1.000000000000000000e+00 -1.000000000000000000e+00 1.821972999999999956e+03 1.143047000000000025e+03 1.143999999999999906e+00 3.059999999999999942e-01 2.740000000000000213e-01 8.830000000000000071e-01
3.800000000000000000e+01 1.597000000000000000e+03 -1.000000000000000000e+00 -1.000000000000000000e+00 -1.000000000000000000e+00 -1.000000000000000000e+00 -1.000000000000000000e+00 1.833548000000000002e+03 1.163071999999999889e+03 1.032000000000000028e+00 2.174999999999999989e-01 2.344999999999999862e-01 8.495000000000000329e-01
3.800000000000000000e+01 1.582000000000000000e+03 -1.000000000000000000e+00 -1.000000000000000000e+00 -1.000000000000000000e+00 -1.000000000000000000e+00 -1.000000000000000000e+00 1.803765000000000100e+03 1.173359999999999900e+03 1.028999999999999915e+00 3.624999999999999889e-01 3.614999999999999880e-01 9.310000000000000497e-01
3.800000000000000000e+01 1.588000000000000000e+03 -1.000000000000000000e+00 -1.000000000000000000e+00 -1.000000000000000000e+00 -1.000000000000000000e+00 -1.000000000000000000e+00 1.806949000000000069e+03 1.168896999999999935e+03 1.084000000000000075e+00 3.679999999999999938e-01 4.839999999999999858e-01 1.000000000000000000e+00
3.800000000000000000e+01 1.589000000000000000e+03 -1.000000000000000000e+00 -1.000000000000000000e+00 -1.000000000000000000e+00 -1.000000000000000000e+00 -1.000000000000000000e+00 1.804465999999999894e+03 1.171951999999999998e+03 1.042999999999999927e+00 2.379999999999999893e-01 3.385000000000000231e-01 1.000000000000000000e+00
3.800000000000000000e+01 1.579000000000000000e+03 -1.000000000000000000e+00 -1.000000000000000000e+00 -1.000000000000000000e+00 -1.000000000000000000e+00 -1.000000000000000000e+00 1.804807000000000016e+03 1.172575000000000045e+03 1.112000000000000099e+00 3.689999999999999947e-01 3.629999999999999893e-01 1.000000000000000000e+00
3.800000000000000000e+01 1.584000000000000000e+03 -1.000000000000000000e+00 -1.000000000000000000e+00 -1.000000000000000000e+00 -1.000000000000000000e+00 -1.000000000000000000e+00 1.805618999999999915e+03 1.171375999999999976e+03 1.125000000000000000e+00 4.359999999999999987e-01 3.624999999999999889e-01 1.000000000000000000e+00
3.900000000000000000e+01 1.586000000000000000e+03 -1.000000000000000000e+00 -1.000000000000000000e+00 -1.000000000000000000e+00 -1.000000000000000000e+00 -1.000000000000000000e+00 1.805894999999999982e+03 1.170458000000000084e+03 1.084000000000000075e+00 4.204999999999999849e-01 4.025000000000000244e-01 9.449999999999999512e-01
3.900000000000000000e+01 1.595000000000000000e+03 -1.000000000000000000e+00 -1.000000000000000000e+00 -1.000000000000000000e+00 -1.000000000000000000e+00 -1.000000000000000000e+00 1.821230999999999995e+03 1.143332000000000107e+03 1.094000000000000083e+00 3.059999999999999942e-01 2.740000000000000213e-01 8.830000000000000071e-01
3.900000000000000000e+01 1.597000000000000000e+03 -1.000000000000000000e+00 -1.000000000000000000e+00 -1.000000000000000000e+00 -1.000000000000000000e+00 -1.000000000000000000e+00 1.834071999999999889e+03 1.162288000000000011e+03 1.032000000000000028e+00 2.174999999999999989e-01 2.344999999999999862e-01 8.495000000000000329e-01
3.900000000000000000e+01 1.582000000000000000e+03 -1.000000000000000000e+00 -1.000000000000000000e+00 -1.000000000000000000e+00 -1.000000000000000000e+00 -1.000000000000000000e+00 1.803458000000000084e+03 1.173792999999999893e+03 1.028999999999999915e+00 3.624999999999999889e-01 3.614999999999999880e-01 9.310000000000000497e-01
3.900000000000000000e+01 1.588000000000000000e+03 -1.000000000000000000e+00 -1.000000000000000000e+00 -1.000000000000000000e+00 -1.000000000000000000e+00 -1.000000000000000000e+00 1.806586999999999989e+03 1.169376999999999953e+03 1.133999999999999897e+00 3.679999999999999938e-01 4.839999999999999858e-01 1.000000000000000000e+00
3.900000000000000000e+01 1.604000000000000000e+03 -1.000000000000000000e+00 -1.000000000000000000e+00 -1.000000000000000000e+00 -1.000000000000000000e+00 -1.000000000000000000e+00 1.846063000000000102e+03 1.147169000000000096e+03 1.235000000000000098e+00 4.309999999999999942e-01 3.634999999999999898e-01 1.000000000000000000e+00
3.900000000000000000e+01 1.589000000000000000e+03 -1.000000000000000000e+00 -1.000000000000000000e+00 -1.000000000000000000e+00 -1.000000000000000000e+00 -1.000000000000000000e+00 1.804152000000000044e+03 1.172432999999999993e+03 1.042999999999999927e+00 2.379999999999999893e-01 3.385000000000000231e-01 1.000000000000000000e+00
3.900000000000000000e+01 1.579000000000000000e+03 -1.000000000000000000e+00 -1.000000000000000000e+00 -1.000000000000000000e+00 -1.000000000000000000e+00 -1.000000000000000000e+00 1.804435999999999922e+03 1.173137999999999920e+03 1.112000000000000099e+00 3.689999999999999947e-01 3.629999999999999893e-01 1.000000000000000000e+00
3.900000000000000000e+01 1.584000000000000000e+03 -1.000000000000000000e+00 -1.000000000000000000e+00 -1.000000000000000000e+00 -1.000000000000000000e+00 -1.000000000000000000e+00 1.805256000000000085e+03 1.171924999999999955e+03 1.125000000000000000e+00 4.359999999999999987e-01 3.624999999999999889e-01 1.000000000000000000e+00
4.000000000000000000e+01 1.586000000000000000e+03 -1.000000000000000000e+00 -1.000000000000000000e+00 -1.000000000000000000e+00 -1.000000000000000000e+00 -1.000000000000000000e+00 1.805553000000000111e+03 1.170952999999999975e+03 1.084000000000000075e+00 4.204999999999999849e-01 4.025000000000000244e-01 9.449999999999999512e-01
4.000000000000000000e+01 1.595000000000000000e+03 -1.000000000000000000e+00 -1.000000000000000000e+00 -1.000000000000000000e+00 -1.000000000000000000e+00 -1.000000000000000000e+00 1.820567999999999984e+03 1.143586000000000013e+03 1.076999999999999957e+00 3.059999999999999942e-01 2.740000000000000213e-01 8.830000000000000071e-01
4.000000000000000000e+01 1.597000000000000000e+03 -1.000000000000000000e+00 -1.000000000000000000e+00 -1.000000000000000000e+00 -1.000000000000000000e+00 -1.000000000000000000e+00 1.834625999999999976e+03 1.161460000000000036e+03 1.032000000000000028e+00 2.174999999999999989e-01 2.344999999999999862e-01 8.495000000000000329e-01
4.000000000000000000e+01 1.582000000000000000e+03 -1.000000000000000000e+00 -1.000000000000000000e+00 -1.000000000000000000e+00 -1.000000000000000000e+00 -1.000000000000000000e+00 1.803150000000000091e+03 1.174226000000000113e+03 1.028999999999999915e+00 3.624999999999999889e-01 3.614999999999999880e-01 9.310000000000000497e-01
4.000000000000000000e+01 1.588000000000000000e+03 -1.000000000000000000e+00 -1.000000000000000000e+00 -1.000000000000000000e+00 -1.000000000000000000e+00 -1.000000000000000000e+00 1.806265000000000100e+03 1.169814000000000078e+03 1.183999999999999941e+00 3.679999999999999938e-01 4.839999999999999858e-01 1.000000000000000000e+00
4.000000000000000000e+01 1.604000000000000000e+03 -1.000000000000000000e+00 -1.000000000000000000e+00 -1.000000000000000000e+00 -1.000000000000000000e+00 -1.000000000000000000e+00 1.846165999999999940e+03 1.147450000000000045e+03 9.619999999999999662e-01 4.309999999999999942e-01 3.634999999999999898e-01 1.000000000000000000e+00
4.000000000000000000e+01 1.589000000000000000e+03 -1.000000000000000000e+00 -1.000000000000000000e+00 -1.000000000000000000e+00 -1.000000000000000000e+00 -1.000000000000000000e+00 1.803880000000000109e+03 1.172847999999999956e+03 1.042999999999999927e+00 2.379999999999999893e-01 3.385000000000000231e-01 1.000000000000000000e+00
4.000000000000000000e+01 1.579000000000000000e+03 -1.000000000000000000e+00 -1.000000000000000000e+00 -1.000000000000000000e+00 -1.000000000000000000e+00 -1.000000000000000000e+00 1.804112000000000080e+03 1.173637999999999920e+03 1.112000000000000099e+00 3.689999999999999947e-01 3.629999999999999893e-01 1.000000000000000000e+00
4.000000000000000000e+01 1.584000000000000000e+03 -1.000000000000000000e+00 -1.000000000000000000e+00 -1.000000000000000000e+00 -1.000000000000000000e+00 -1.000000000000000000e+00 1.804977000000000089e+03 1.172344000000000051e+03 1.125000000000000000e+00 4.359999999999999987e-01 3.624999999999999889e-01 1.000000000000000000e+00
