2.100000000000000000e+01 1.134000000000000000e+03 -1.000000000000000000e+00 -1.000000000000000000e+00 -1.000000000000000000e+00 -1.000000000000000000e+00 -1.000000000000000000e+00 6.712870000000000346e+02 1.578659000000000106e+03 9.889999999999999902e-01 2.819999999999999729e-01 9.030000000000000249e-01 6.714999999999999858e-01
2.200000000000000000e+01 1.134000000000000000e+03 -1.000000000000000000e+00 -1.000000000000000000e+00 -1.000000000000000000e+00 -1.000000000000000000e+00 -1.000000000000000000e+00 6.713257778808483636e+02 1.578671438188196589e+03 9.933899487752739788e-01 2.819999999999999729e-01 9.030000000000000249e-01 6.714999999999999858e-01
2.300000000000000000e+01 1.134000000000000000e+03 -1.000000000000000000e+00 -1.000000000000000000e+00 -1.000000000000000000e+00 -1.000000000000000000e+00 -1.000000000000000000e+00 6.713128032298451444e+02 1.578667276507686438e+03 9.919211203598168325e-01 2.820000000000000284e-01 9.030000000000000249e-01 6.714999999999999858e-01
2.400000000000000000e+01 1.134000000000000000e+03 -1.000000000000000000e+00 -1.000000000000000000e+00 -1.000000000000000000e+00 -1.000000000000000000e+00 -1.000000000000000000e+00 6.712999208594321772e+02 1.578663144426610188e+03 9.904627388036444380e-01 2.819999999999999729e-01 9.030000000000000249e-01 6.714999999999999858e-01
2.500000000000000000e+01 1.134000000000000000e+03 -1.000000000000000000e+00 -1.000000000000000000e+00 -1.000000000000000000e+00 -1.000000000000000000e+00 -1.000000000000000000e+00 6.713400000000000318e+02 1.578675999999999931e+03 9.949999999999999956e-01 2.819999999999999729e-01 9.030000000000000249e-01 6.714999999999999858e-01
2.600000000000000000e+01 1.134000000000000000e+03 -1.000000000000000000e+00 -1.000000000000000000e+00 -1.000000000000000000e+00 -1.000000000000000000e+00 -1.000000000000000000e+00 6.713940000000000055e+02 1.578704999999999927e+03 9.699999999999999734e-01 2.819999999999999729e-01 9.030000000000000249e-01 6.714999999999999858e-01
2.700000000000000000e+01 1.134000000000000000e+03 -1.000000000000000000e+00 -1.000000000000000000e+00 -1.000000000000000000e+00 -1.000000000000000000e+00 -1.000000000000000000e+00 6.714489999999999554e+02 1.578734999999999900e+03 9.449999999999999512e-01 2.819999999999999729e-01 9.030000000000000249e-01 6.714999999999999858e-01
2.800000000000000000e+01 1.134000000000000000e+03 -1.000000000000000000e+00 -1.000000000000000000e+00 -1.000000000000000000e+00 -1.000000000000000000e+00 -1.000000000000000000e+00 6.714059999999999491e+02 1.578710000000000036e+03 9.449999999999999512e-01 2.819999999999999729e-01 9.030000000000000249e-01 6.714999999999999858e-01
2.900000000000000000e+01 1.134000000000000000e+03 -1.000000000000000000e+00 -1.000000000000000000e+00 -1.000000000000000000e+00 -1.000000000000000000e+00 -1.000000000000000000e+00 6.714180000000000064e+02 1.578713999999999942e+03 8.950000000000000178e-01 2.819999999999999729e-01 9.030000000000000249e-01 6.714999999999999858e-01
3.000000000000000000e+01 1.134000000000000000e+03 -1.000000000000000000e+00 -1.000000000000000000e+00 -1.000000000000000000e+00 -1.000000000000000000e+00 -1.000000000000000000e+00 6.714130000000000109e+02 1.578700000000000045e+03 8.449999999999999734e-01 2.819999999999999729e-01 9.030000000000000249e-01 6.714999999999999858e-01
3.100000000000000000e+01 1.134000000000000000e+03 -1.000000000000000000e+00 -1.000000000000000000e+00 -1.000000000000000000e+00 -1.000000000000000000e+00 -1.000000000000000000e+00 6.713980000000000246e+02 1.578699000000000069e+03 5.949999999999999734e-01 2.819999999999999729e-01 9.030000000000000249e-01 6.714999999999999858e-01
3.200000000000000000e+01 1.134000000000000000e+03 -1.000000000000000000e+00 -1.000000000000000000e+00 -1.000000000000000000e+00 -1.000000000000000000e+00 -1.000000000000000000e+00 6.713759999999999764e+02 1.578688000000000102e+03 5.949999999999999734e-01 2.819999999999999729e-01 9.030000000000000249e-01 6.714999999999999858e-01
3.300000000000000000e+01 1.134000000000000000e+03 -1.000000000000000000e+00 -1.000000000000000000e+00 -1.000000000000000000e+00 -1.000000000000000000e+00 -1.000000000000000000e+00 6.714109999999999445e+02 1.578684999999999945e+03 7.149999999999999689e-01 2.819999999999999729e-01 9.030000000000000249e-01 6.714999999999999858e-01
3.400000000000000000e+01 1.134000000000000000e+03 -1.000000000000000000e+00 -1.000000000000000000e+00 -1.000000000000000000e+00 -1.000000000000000000e+00 -1.000000000000000000e+00 6.714389999999999645e+02 1.578710000000000036e+03 5.949999999999999734e-01 2.819999999999999729e-01 9.030000000000000249e-01 6.714999999999999858e-01
3.500000000000000000e+01 1.162000000000000000e+03 -1.000000000000000000e+00 -1.000000000000000000e+00 -1.000000000000000000e+00 -1.000000000000000000e+00 -1.000000000000000000e+00 6.819930000000000518e+02 1.565087999999999965e+03 9.060000000000000275e-01 3.464999999999999747e-01 1.087499999999999911e+00 7.029999999999999583e-01
3.500000000000000000e+01 1.134000000000000000e+03 -1.000000000000000000e+00 -1.000000000000000000e+00 -1.000000000000000000e+00 -1.000000000000000000e+00 -1.000000000000000000e+00 6.713590000000000373e+02 1.578673999999999978e+03 6.450000000000000178e-01 2.819999999999999729e-01 9.030000000000000249e-01 6.714999999999999858e-01
3.600000000000000000e+01 1.134000000000000000e+03 -1.000000000000000000e+00 -1.000000000000000000e+00 -1.000000000000000000e+00 -1.000000000000000000e+00 -1.000000000000000000e+00 6.714059999999999491e+02 1.578622000000000071e+03 7.419999999999999929e-01 2.819999999999999729e-01 9.030000000000000249e-01 6.714999999999999858e-01
3.600000000000000000e+01 1.162000000000000000e+03 -1.000000000000000000e+00 -1.000000000000000000e+00 -1.000000000000000000e+00 -1.000000000000000000e+00 -1.000000000000000000e+00 6.819929999999999382e+02 1.565087999999999965e+03 9.059999999999999165e-01 3.464999999999999747e-01 1.087499999999999911e+00 7.029999999999999583e-01
3.700000000000000000e+01 1.162000000000000000e+03 -1.000000000000000000e+00 -1.000000000000000000e+00 -1.000000000000000000e+00 -1.000000000000000000e+00 -1.000000000000000000e+00 6.819930000000000518e+02 1.565087999999999965e+03 9.060000000000000275e-01 3.464999999999999747e-01 1.087499999999999911e+00 7.029999999999999583e-01
3.800000000000000000e+01 1.162000000000000000e+03 -1.000000000000000000e+00 -1.000000000000000000e+00 -1.000000000000000000e+00 -1.000000000000000000e+00 -1.000000000000000000e+00 6.819930000000000518e+02 1.565087999999999965e+03 9.060000000000000275e-01 3.464999999999999747e-01 1.087499999999999911e+00 7.029999999999999583e-01
3.900000000000000000e+01 1.162000000000000000e+03 -1.000000000000000000e+00 -1.000000000000000000e+00 -1.000000000000000000e+00 -1.000000000000000000e+00 -1.000000000000000000e+00 6.819939983235012733e+02 1.565076519279735294e+03 9.060000000000000275e-01 3.464999999999999747e-01 1.087499999999999911e+00 7.029999999999999583e-01
4.000000000000000000e+01 1.162000000000000000e+03 -1.000000000000000000e+00 -1.000000000000000000e+00 -1.000000000000000000e+00 -1.000000000000000000e+00 -1.000000000000000000e+00 6.819950000000000045e+02 1.565065000000000055e+03 9.060000000000000275e-01 3.464999999999999747e-01 1.087499999999999911e+00 7.029999999999999583e-01
