1.000000000000000000e+00 4.850000000000000000e+02 -1.000000000000000000e+00 -1.000000000000000000e+00 -1.000000000000000000e+00 -1.000000000000000000e+00 -1.000000000000000000e+00 3.352780000000000200e+02 1.015501999999999953e+03 1.193999999999999950e+00 3.920000000000000151e-01 4.435000000000000053e-01 8.100000000000000533e-01
2.000000000000000000e+00 4.890000000000000000e+02 -1.000000000000000000e+00 -1.000000000000000000e+00 -1.000000000000000000e+00 -1.000000000000000000e+00 -1.000000000000000000e+00 3.316159999999999854e+02 1.037903000000000020e+03 9.449999999999999512e-01 4.339999999999999969e-01 4.239999999999999880e-01 1.002499999999999947e+00
2.000000000000000000e+00 4.850000000000000000e+02 -1.000000000000000000e+00 -1.000000000000000000e+00 -1.000000000000000000e+00 -1.000000000000000000e+00 -1.000000000000000000e+00 3.350280000000000200e+02 1.014839000000000055e+03 1.135000000000000009e+00 3.920000000000000151e-01 4.435000000000000053e-01 8.100000000000000533e-01
3.000000000000000000e+00 4.910000000000000000e+02 -1.000000000000000000e+00 -1.000000000000000000e+00 -1.000000000000000000e+00 -1.000000000000000000e+00 -1.000000000000000000e+00 3.278600000000000136e+02 1.019849000000000046e+03 9.060000000000000275e-01 2.139999999999999958e-01 2.020000000000000129e-01 8.219999999999999529e-01
3.000000000000000000e+00 4.890000000000000000e+02 -1.000000000000000000e+00 -1.000000000000000000e+00 -1.000000000000000000e+00 -1.000000000000000000e+00 -1.000000000000000000e+00 3.311480000000000246e+02 1.038368999999999915e+03 9.350000000000000533e-01 4.339999999999999969e-01 4.239999999999999880e-01 1.002499999999999947e+00
3.000000000000000000e+00 4.850000000000000000e+02 -1.000000000000000000e+00 -1.000000000000000000e+00 -1.000000000000000000e+00 -1.000000000000000000e+00 -1.000000000000000000e+00 3.347780000000000200e+02 1.014177000000000021e+03 1.076000000000000068e+00 3.920000000000000151e-01 4.435000000000000053e-01 8.100000000000000533e-01
4.000000000000000000e+00 4.910000000000000000e+02 -1.000000000000000000e+00 -1.000000000000000000e+00 -1.000000000000000000e+00 -1.000000000000000000e+00 -1.000000000000000000e+00 3.278709999999999809e+02 1.019894999999999982e+03 9.060000000000000275e-01 2.139999999999999958e-01 2.020000000000000129e-01 8.219999999999999529e-01
4.000000000000000000e+00 4.890000000000000000e+02 -1.000000000000000000e+00 -1.000000000000000000e+00 -1.000000000000000000e+00 -1.000000000000000000e+00 -1.000000000000000000e+00 3.306800000000000068e+02 1.038836000000000013e+03 9.250000000000000444e-01 4.339999999999999969e-01 4.239999999999999880e-01 1.002499999999999947e+00
4.000000000000000000e+00 4.850000000000000000e+02 -1.000000000000000000e+00 -1.000000000000000000e+00 -1.000000000000000000e+00 -1.000000000000000000e+00 -1.000000000000000000e+00 3.345099999999999909e+02 1.013523000000000025e+03 1.068000000000000060e+00 3.920000000000000151e-01 4.435000000000000053e-01 8.100000000000000533e-01
5.000000000000000000e+00 4.950000000000000000e+02 -1.000000000000000000e+00 -1.000000000000000000e+00 -1.000000000000000000e+00 -1.000000000000000000e+00 -1.000000000000000000e+00 3.270389999999999873e+02 1.021134000000000015e+03 1.074999999999999956e+00 2.245000000000000051e-01 2.154999999999999971e-01 7.205000000000000293e-01
5.000000000000000000e+00 4.890000000000000000e+02 -1.000000000000000000e+00 -1.000000000000000000e+00 -1.000000000000000000e+00 -1.000000000000000000e+00 -1.000000000000000000e+00 3.302119999999999891e+02 1.039303000000000111e+03 9.150000000000000355e-01 4.339999999999999969e-01 4.239999999999999880e-01 1.002499999999999947e+00
5.000000000000000000e+00 4.850000000000000000e+02 -1.000000000000000000e+00 -1.000000000000000000e+00 -1.000000000000000000e+00 -1.000000000000000000e+00 -1.000000000000000000e+00 3.342409999999999854e+02 1.012868000000000052e+03 1.060000000000000053e+00 3.920000000000000151e-01 4.435000000000000053e-01 8.100000000000000533e-01
6.000000000000000000e+00 4.950000000000000000e+02 -1.000000000000000000e+00 -1.000000000000000000e+00 -1.000000000000000000e+00 -1.000000000000000000e+00 -1.000000000000000000e+00 3.269239999999999782e+02 1.020861999999999966e+03 1.074999999999999956e+00 2.245000000000000051e-01 2.154999999999999971e-01 7.205000000000000293e-01
6.000000000000000000e+00 4.890000000000000000e+02 -1.000000000000000000e+00 -1.000000000000000000e+00 -1.000000000000000000e+00 -1.000000000000000000e+00 -1.000000000000000000e+00 3.297440000000000282e+02 1.039769000000000005e+03 9.050000000000000266e-01 4.339999999999999969e-01 4.239999999999999880e-01 1.002499999999999947e+00
6.000000000000000000e+00 4.850000000000000000e+02 -1.000000000000000000e+00 -1.000000000000000000e+00 -1.000000000000000000e+00 -1.000000000000000000e+00 -1.000000000000000000e+00 3.339370000000000118e+02 1.012125000000000000e+03 1.133999999999999897e+00 3.920000000000000151e-01 4.435000000000000053e-01 8.100000000000000533e-01
7.000000000000000000e+00 4.890000000000000000e+02 -1.000000000000000000e+00 -1.000000000000000000e+00 -1.000000000000000000e+00 -1.000000000000000000e+00 -1.000000000000000000e+00 3.292760000000000105e+02 1.040236000000000104e+03 8.950000000000000178e-01 4.339999999999999969e-01 4.239999999999999880e-01 1.002499999999999947e+00
7.000000000000000000e+00 4.850000000000000000e+02 -1.000000000000000000e+00 -1.000000000000000000e+00 -1.000000000000000000e+00 -1.000000000000000000e+00 -1.000000000000000000e+00 3.336320000000000050e+02 1.011380999999999972e+03 1.131999999999999895e+00 3.920000000000000151e-01 4.435000000000000053e-01 8.100000000000000533e-01
7.000000000000000000e+00 4.950000000000000000e+02 -1.000000000000000000e+00 -1.000000000000000000e+00 -1.000000000000000000e+00 -1.000000000000000000e+00 -1.000000000000000000e+00 3.268710912615185862e+02 1.020737637192023158e+03 1.074999999999999956e+00 2.245000000000000051e-01 2.154999999999999971e-01 7.205000000000000293e-01
8.000000000000000000e+00 4.950000000000000000e+02 -1.000000000000000000e+00 -1.000000000000000000e+00 -1.000000000000000000e+00 -1.000000000000000000e+00 -1.000000000000000000e+00 3.268269999999999982e+02 1.020634000000000015e+03 1.074999999999999956e+00 2.245000000000000051e-01 2.154999999999999971e-01 7.205000000000000293e-01
8.000000000000000000e+00 4.850000000000000000e+02 -1.000000000000000000e+00 -1.000000000000000000e+00 -1.000000000000000000e+00 -1.000000000000000000e+00 -1.000000000000000000e+00 3.333269999999999982e+02 1.010636999999999944e+03 1.129999999999999893e+00 3.920000000000000151e-01 4.435000000000000053e-01 8.100000000000000533e-01
9.000000000000000000e+00 4.850000000000000000e+02 -1.000000000000000000e+00 -1.000000000000000000e+00 -1.000000000000000000e+00 -1.000000000000000000e+00 -1.000000000000000000e+00 3.330219999999999914e+02 1.009893000000000029e+03 1.169999999999999929e+00 3.920000000000000151e-01 4.435000000000000053e-01 8.100000000000000533e-01
1.000000000000000000e+01 4.850000000000000000e+02 -1.000000000000000000e+00 -1.000000000000000000e+00 -1.000000000000000000e+00 -1.000000000000000000e+00 -1.000000000000000000e+00 3.327180000000000177e+02 1.009149999999999977e+03 1.209999999999999964e+00 3.920000000000000151e-01 4.435000000000000053e-01 8.100000000000000533e-01
1.100000000000000000e+01 4.850000000000000000e+02 -1.000000000000000000e+00 -1.000000000000000000e+00 -1.000000000000000000e+00 -1.000000000000000000e+00 -1.000000000000000000e+00 3.324759999999999991e+02 1.008559999999999945e+03 1.209999999999999964e+00 3.920000000000000151e-01 4.435000000000000053e-01 8.100000000000000533e-01
1.100000000000000000e+01 5.000000000000000000e+02 -1.000000000000000000e+00 -1.000000000000000000e+00 -1.000000000000000000e+00 -1.000000000000000000e+00 -1.000000000000000000e+00 3.163009999999999877e+02 9.922119999999999891e+02 9.399999999999999467e-01 2.839999999999999747e-01 3.119999999999999996e-01 9.204999999999999849e-01
1.200000000000000000e+01 4.850000000000000000e+02 -1.000000000000000000e+00 -1.000000000000000000e+00 -1.000000000000000000e+00 -1.000000000000000000e+00 -1.000000000000000000e+00 3.324660000000000082e+02 1.008086000000000013e+03 1.260000000000000009e+00 3.920000000000000151e-01 4.435000000000000053e-01 8.100000000000000533e-01
1.300000000000000000e+01 4.850000000000000000e+02 -1.000000000000000000e+00 -1.000000000000000000e+00 -1.000000000000000000e+00 -1.000000000000000000e+00 -1.000000000000000000e+00 3.322350000000000136e+02 1.007399000000000001e+03 1.310000000000000053e+00 3.920000000000000151e-01 4.435000000000000053e-01 8.100000000000000533e-01
1.400000000000000000e+01 4.850000000000000000e+02 -1.000000000000000000e+00 -1.000000000000000000e+00 -1.000000000000000000e+00 -1.000000000000000000e+00 -1.000000000000000000e+00 3.321000000000000227e+02 1.006744000000000028e+03 1.260000000000000009e+00 3.920000000000000151e-01 4.435000000000000053e-01 8.100000000000000533e-01
1.600000000000000000e+01 5.010000000000000000e+02 -1.000000000000000000e+00 -1.000000000000000000e+00 -1.000000000000000000e+00 -1.000000000000000000e+00 -1.000000000000000000e+00 3.067919999999999732e+02 9.265370000000000346e+02 8.449999999999999734e-01 4.420000000000000040e-01 3.945000000000000173e-01 7.109999999999999654e-01
1.700000000000000000e+01 5.020000000000000000e+02 -1.000000000000000000e+00 -1.000000000000000000e+00 -1.000000000000000000e+00 -1.000000000000000000e+00 -1.000000000000000000e+00 3.064549999999999841e+02 9.251779999999999973e+02 7.560000000000000053e-01 3.865000000000000102e-01 3.865000000000000102e-01 7.039999999999999591e-01
1.700000000000000000e+01 5.010000000000000000e+02 -1.000000000000000000e+00 -1.000000000000000000e+00 -1.000000000000000000e+00 -1.000000000000000000e+00 -1.000000000000000000e+00 3.067919999999999732e+02 9.265370000000000346e+02 8.449999999999999734e-01 4.420000000000000040e-01 3.945000000000000173e-01 7.109999999999999654e-01
1.800000000000000000e+01 5.020000000000000000e+02 -1.000000000000000000e+00 -1.000000000000000000e+00 -1.000000000000000000e+00 -1.000000000000000000e+00 -1.000000000000000000e+00 3.064549999999999841e+02 9.251779999999999973e+02 7.560000000000000053e-01 3.865000000000000102e-01 3.865000000000000102e-01 7.039999999999999591e-01
1.800000000000000000e+01 5.010000000000000000e+02 -1.000000000000000000e+00 -1.000000000000000000e+00 -1.000000000000000000e+00 -1.000000000000000000e+00 -1.000000000000000000e+00 3.068020000000000209e+02 9.264410000000000309e+02 8.449999999999999734e-01 4.420000000000000040e-01 3.945000000000000173e-01 7.109999999999999654e-01
1.900000000000000000e+01 5.020000000000000000e+02 -1.000000000000000000e+00 -1.000000000000000000e+00 -1.000000000000000000e+00 -1.000000000000000000e+00 -1.000000000000000000e+00 3.064549999999999841e+02 9.251779999999999973e+02 7.560000000000000053e-01 3.865000000000000102e-01 3.865000000000000102e-01 7.039999999999999591e-01
1.900000000000000000e+01 5.050000000000000000e+02 -1.000000000000000000e+00 -1.000000000000000000e+00 -1.000000000000000000e+00 -1.000000000000000000e+00 -1.000000000000000000e+00 2.838980000000000246e+02 9.700760000000000218e+02 1.340999999999999970e+00 3.405000000000000249e-01 3.405000000000000249e-01 1.000000000000000000e+00
1.900000000000000000e+01 5.010000000000000000e+02 -1.000000000000000000e+00 -1.000000000000000000e+00 -1.000000000000000000e+00 -1.000000000000000000e+00 -1.000000000000000000e+00 3.068109999999999786e+02 9.263450000000000273e+02 8.449999999999999734e-01 4.420000000000000040e-01 3.945000000000000173e-01 7.109999999999999654e-01
2.000000000000000000e+01 5.020000000000000000e+02 -1.000000000000000000e+00 -1.000000000000000000e+00 -1.000000000000000000e+00 -1.000000000000000000e+00 -1.000000000000000000e+00 3.064700000000000273e+02 9.250960000000000036e+02 7.560000000000000053e-01 3.865000000000000102e-01 3.865000000000000102e-01 7.039999999999999591e-01
2.000000000000000000e+01 5.050000000000000000e+02 -1.000000000000000000e+00 -1.000000000000000000e+00 -1.000000000000000000e+00 -1.000000000000000000e+00 -1.000000000000000000e+00 2.836039999999999850e+02 9.701140000000000327e+02 1.340999999999999970e+00 3.405000000000000249e-01 3.405000000000000249e-01 1.000000000000000000e+00
2.000000000000000000e+01 5.010000000000000000e+02 -1.000000000000000000e+00 -1.000000000000000000e+00 -1.000000000000000000e+00 -1.000000000000000000e+00 -1.000000000000000000e+00 3.068210000000000264e+02 9.262490000000000236e+02 8.449999999999999734e-01 4.420000000000000040e-01 3.945000000000000173e-01 7.109999999999999654e-01
2.100000000000000000e+01 5.020000000000000000e+02 -1.000000000000000000e+00 -1.000000000000000000e+00 -1.000000000000000000e+00 -1.000000000000000000e+00 -1.000000000000000000e+00 3.064859999999999900e+02 9.250140000000000100e+02 7.560000000000000053e-01 3.865000000000000102e-01 3.865000000000000102e-01 7.039999999999999591e-01
2.100000000000000000e+01 5.010000000000000000e+02 -1.000000000000000000e+00 -1.000000000000000000e+00 -1.000000000000000000e+00 -1.000000000000000000e+00 -1.000000000000000000e+00 3.068310000000000173e+02 9.261530000000000200e+02 8.449999999999999734e-01 4.420000000000000040e-01 3.945000000000000173e-01 7.109999999999999654e-01
2.200000000000000000e+01 5.020000000000000000e+02 -1.000000000000000000e+00 -1.000000000000000000e+00 -1.000000000000000000e+00 -1.000000000000000000e+00 -1.000000000000000000e+00 3.065009999999999764e+02 9.249329999999999927e+02 7.560000000000000053e-01 3.865000000000000102e-01 3.865000000000000102e-01 7.039999999999999591e-01
2.200000000000000000e+01 5.010000000000000000e+02 -1.000000000000000000e+00 -1.000000000000000000e+00 -1.000000000000000000e+00 -1.000000000000000000e+00 -1.000000000000000000e+00 3.068399999999999750e+02 9.260570000000000164e+02 8.449999999999999734e-01 4.420000000000000040e-01 3.945000000000000173e-01 7.109999999999999654e-01
2.300000000000000000e+01 5.020000000000000000e+02 -1.000000000000000000e+00 -1.000000000000000000e+00 -1.000000000000000000e+00 -1.000000000000000000e+00 -1.000000000000000000e+00 3.065169999999999959e+02 9.248509999999999991e+02 7.560000000000000053e-01 3.865000000000000102e-01 3.865000000000000102e-01 7.039999999999999591e-01
2.300000000000000000e+01 5.010000000000000000e+02 -1.000000000000000000e+00 -1.000000000000000000e+00 -1.000000000000000000e+00 -1.000000000000000000e+00 -1.000000000000000000e+00 3.068500000000000227e+02 9.259610000000000127e+02 8.449999999999999734e-01 4.420000000000000040e-01 3.945000000000000173e-01 7.109999999999999654e-01
2.400000000000000000e+01 5.020000000000000000e+02 -1.000000000000000000e+00 -1.000000000000000000e+00 -1.000000000000000000e+00 -1.000000000000000000e+00 -1.000000000000000000e+00 3.065310000000000059e+02 9.248099999999999454e+02 7.850000000000000311e-01 3.865000000000000102e-01 3.865000000000000102e-01 7.039999999999999591e-01
2.400000000000000000e+01 5.010000000000000000e+02 -1.000000000000000000e+00 -1.000000000000000000e+00 -1.000000000000000000e+00 -1.000000000000000000e+00 -1.000000000000000000e+00 3.068500000000000227e+02 9.259610000000000127e+02 8.449999999999999734e-01 4.420000000000000040e-01 3.945000000000000173e-01 7.109999999999999654e-01
2.500000000000000000e+01 5.020000000000000000e+02 -1.000000000000000000e+00 -1.000000000000000000e+00 -1.000000000000000000e+00 -1.000000000000000000e+00 -1.000000000000000000e+00 3.065459999999999923e+02 9.247690000000000055e+02 8.139999999999999458e-01 3.865000000000000102e-01 3.865000000000000102e-01 7.039999999999999591e-01
2.500000000000000000e+01 5.010000000000000000e+02 -1.000000000000000000e+00 -1.000000000000000000e+00 -1.000000000000000000e+00 -1.000000000000000000e+00 -1.000000000000000000e+00 3.068500000000000227e+02 9.259610000000000127e+02 8.449999999999999734e-01 4.420000000000000040e-01 3.945000000000000173e-01 7.109999999999999654e-01
2.600000000000000000e+01 5.020000000000000000e+02 -1.000000000000000000e+00 -1.000000000000000000e+00 -1.000000000000000000e+00 -1.000000000000000000e+00 -1.000000000000000000e+00 3.065609999999999786e+02 9.247279999999999518e+02 8.429999999999999716e-01 3.865000000000000102e-01 3.865000000000000102e-01 7.039999999999999591e-01
2.600000000000000000e+01 5.010000000000000000e+02 -1.000000000000000000e+00 -1.000000000000000000e+00 -1.000000000000000000e+00 -1.000000000000000000e+00 -1.000000000000000000e+00 3.068500000000000227e+02 9.259610000000000127e+02 8.449999999999999734e-01 4.420000000000000040e-01 3.945000000000000173e-01 7.109999999999999654e-01
2.700000000000000000e+01 5.020000000000000000e+02 -1.000000000000000000e+00 -1.000000000000000000e+00 -1.000000000000000000e+00 -1.000000000000000000e+00 -1.000000000000000000e+00 3.065760000000000218e+02 9.246870000000000118e+02 8.719999999999999973e-01 3.865000000000000102e-01 3.865000000000000102e-01 7.039999999999999591e-01
2.700000000000000000e+01 5.010000000000000000e+02 -1.000000000000000000e+00 -1.000000000000000000e+00 -1.000000000000000000e+00 -1.000000000000000000e+00 -1.000000000000000000e+00 3.068500000000000227e+02 9.259610000000000127e+02 8.449999999999999734e-01 4.420000000000000040e-01 3.945000000000000173e-01 7.109999999999999654e-01
2.800000000000000000e+01 5.010000000000000000e+02 -1.000000000000000000e+00 -1.000000000000000000e+00 -1.000000000000000000e+00 -1.000000000000000000e+00 -1.000000000000000000e+00 3.068500000000000227e+02 9.259610000000000127e+02 8.449999999999999734e-01 4.420000000000000040e-01 3.945000000000000173e-01 7.109999999999999654e-01
3.800000000000000000e+01 5.230000000000000000e+02 -1.000000000000000000e+00 -1.000000000000000000e+00 -1.000000000000000000e+00 -1.000000000000000000e+00 -1.000000000000000000e+00 2.495740000000000123e+02 8.276000000000000227e+02 1.296000000000000041e+00 3.885000000000000120e-01 4.184999999999999831e-01 1.000000000000000000e+00
