1.000000000000000000e+00 2.242000000000000000e+03 -1.000000000000000000e+00 -1.000000000000000000e+00 -1.000000000000000000e+00 -1.000000000000000000e+00 -1.000000000000000000e+00 2.547460000000000093e+02 7.563310000000000173e+02 1.885999999999999899e+00 9.054999999999999716e-01 2.645000000000000018e+00 1.163499999999999979e+00
1.000000000000000000e+00 2.250000000000000000e+03 -1.000000000000000000e+00 -1.000000000000000000e+00 -1.000000000000000000e+00 -1.000000000000000000e+00 -1.000000000000000000e+00 2.562939999999999827e+02 7.535660000000000309e+02 1.741999999999999993e+00 9.539999999999999591e-01 2.316500000000000004e+00 1.096999999999999975e+00
1.000000000000000000e+00 2.253000000000000000e+03 -1.000000000000000000e+00 -1.000000000000000000e+00 -1.000000000000000000e+00 -1.000000000000000000e+00 -1.000000000000000000e+00 3.263999999999999773e+02 7.453070000000000164e+02 2.032999999999999918e+00 1.298000000000000043e+00 5.089999999999999858e+00 1.618500000000000050e+00
1.000000000000000000e+00 2.254000000000000000e+03 -1.000000000000000000e+00 -1.000000000000000000e+00 -1.000000000000000000e+00 -1.000000000000000000e+00 -1.000000000000000000e+00 2.566519999999999868e+02 7.597730000000000246e+02 2.366000000000000103e+00 1.451500000000000012e+00 5.952499999999999680e+00 1.679999999999999938e+00
2.000000000000000000e+00 2.242000000000000000e+03 -1.000000000000000000e+00 -1.000000000000000000e+00 -1.000000000000000000e+00 -1.000000000000000000e+00 -1.000000000000000000e+00 2.548410000000000082e+02 7.560560000000000400e+02 1.885999999999999899e+00 9.054999999999999716e-01 2.645000000000000018e+00 1.163499999999999979e+00
2.000000000000000000e+00 2.267000000000000000e+03 -1.000000000000000000e+00 -1.000000000000000000e+00 -1.000000000000000000e+00 -1.000000000000000000e+00 -1.000000000000000000e+00 3.143340000000000032e+02 7.520549999999999500e+02 1.385999999999999899e+00 9.240000000000000435e-01 2.754000000000000004e+00 1.061500000000000110e+00
2.000000000000000000e+00 2.253000000000000000e+03 -1.000000000000000000e+00 -1.000000000000000000e+00 -1.000000000000000000e+00 -1.000000000000000000e+00 -1.000000000000000000e+00 3.261259999999999764e+02 7.448859999999999673e+02 2.003000000000000114e+00 1.298000000000000043e+00 5.089999999999999858e+00 1.618500000000000050e+00
2.000000000000000000e+00 2.254000000000000000e+03 -1.000000000000000000e+00 -1.000000000000000000e+00 -1.000000000000000000e+00 -1.000000000000000000e+00 -1.000000000000000000e+00 2.567970000000000255e+02 7.594980000000000473e+02 2.366000000000000103e+00 1.451500000000000012e+00 5.952499999999999680e+00 1.679999999999999938e+00
2.000000000000000000e+00 2.250000000000000000e+03 -1.000000000000000000e+00 -1.000000000000000000e+00 -1.000000000000000000e+00 -1.000000000000000000e+00 -1.000000000000000000e+00 2.564069418225113850e+02 7.533021359190884141e+02 1.717012871125791040e+00 9.539999999999999591e-01 2.316500000000000004e+00 1.096999999999999975e+00
3.000000000000000000e+00 2.242000000000000000e+03 -1.000000000000000000e+00 -1.000000000000000000e+00 -1.000000000000000000e+00 -1.000000000000000000e+00 -1.000000000000000000e+00 2.549730000000000132e+02 7.556779999999999973e+02 1.885999999999999899e+00 9.054999999999999716e-01 2.645000000000000018e+00 1.163499999999999979e+00
3.000000000000000000e+00 2.267000000000000000e+03 -1.000000000000000000e+00 -1.000000000000000000e+00 -1.000000000000000000e+00 -1.000000000000000000e+00 -1.000000000000000000e+00 3.144889999999999759e+02 7.519470000000000027e+02 1.336000000000000076e+00 9.240000000000000435e-01 2.754000000000000004e+00 1.061500000000000110e+00
3.000000000000000000e+00 2.250000000000000000e+03 -1.000000000000000000e+00 -1.000000000000000000e+00 -1.000000000000000000e+00 -1.000000000000000000e+00 -1.000000000000000000e+00 2.565199999999999818e+02 7.530380000000000109e+02 1.691999999999999948e+00 9.539999999999999591e-01 2.316500000000000004e+00 1.096999999999999975e+00
3.000000000000000000e+00 2.253000000000000000e+03 -1.000000000000000000e+00 -1.000000000000000000e+00 -1.000000000000000000e+00 -1.000000000000000000e+00 -1.000000000000000000e+00 3.257660000000000196e+02 7.444130000000000109e+02 1.973999999999999977e+00 1.298000000000000043e+00 5.089999999999999858e+00 1.618500000000000050e+00
3.000000000000000000e+00 2.254000000000000000e+03 -1.000000000000000000e+00 -1.000000000000000000e+00 -1.000000000000000000e+00 -1.000000000000000000e+00 -1.000000000000000000e+00 2.569420000000000073e+02 7.592229999999999563e+02 2.366000000000000103e+00 1.451500000000000012e+00 5.952499999999999680e+00 1.679999999999999938e+00
4.000000000000000000e+00 2.242000000000000000e+03 -1.000000000000000000e+00 -1.000000000000000000e+00 -1.000000000000000000e+00 -1.000000000000000000e+00 -1.000000000000000000e+00 2.551040000000000134e+02 7.552989999999999782e+02 1.885999999999999899e+00 9.054999999999999716e-01 2.645000000000000018e+00 1.163499999999999979e+00
4.000000000000000000e+00 2.267000000000000000e+03 -1.000000000000000000e+00 -1.000000000000000000e+00 -1.000000000000000000e+00 -1.000000000000000000e+00 -1.000000000000000000e+00 3.145960000000000036e+02 7.518559999999999945e+02 1.318999999999999950e+00 9.240000000000000435e-01 2.754000000000000004e+00 1.061500000000000110e+00
4.000000000000000000e+00 2.253000000000000000e+03 -1.000000000000000000e+00 -1.000000000000000000e+00 -1.000000000000000000e+00 -1.000000000000000000e+00 -1.000000000000000000e+00 3.254370000000000118e+02 7.440439999999999827e+02 1.943999999999999950e+00 1.298000000000000043e+00 5.089999999999999858e+00 1.618500000000000050e+00
4.000000000000000000e+00 2.254000000000000000e+03 -1.000000000000000000e+00 -1.000000000000000000e+00 -1.000000000000000000e+00 -1.000000000000000000e+00 -1.000000000000000000e+00 2.570710000000000264e+02 7.589759999999999991e+02 2.366000000000000103e+00 1.451500000000000012e+00 5.952499999999999680e+00 1.679999999999999938e+00
4.000000000000000000e+00 2.250000000000000000e+03 -1.000000000000000000e+00 -1.000000000000000000e+00 -1.000000000000000000e+00 -1.000000000000000000e+00 -1.000000000000000000e+00 2.566329374163994999e+02 7.527736464899319344e+02 1.642027691858593652e+00 9.539999999999999591e-01 2.316500000000000004e+00 1.096999999999999975e+00
5.000000000000000000e+00 2.267000000000000000e+03 -1.000000000000000000e+00 -1.000000000000000000e+00 -1.000000000000000000e+00 -1.000000000000000000e+00 -1.000000000000000000e+00 3.146469999999999914e+02 7.518049999999999500e+02 1.302000000000000046e+00 9.240000000000000435e-01 2.754000000000000004e+00 1.061500000000000110e+00
5.000000000000000000e+00 2.250000000000000000e+03 -1.000000000000000000e+00 -1.000000000000000000e+00 -1.000000000000000000e+00 -1.000000000000000000e+00 -1.000000000000000000e+00 2.567459999999999809e+02 7.525090000000000146e+02 1.592000000000000082e+00 9.539999999999999591e-01 2.316500000000000004e+00 1.096999999999999975e+00
5.000000000000000000e+00 2.253000000000000000e+03 -1.000000000000000000e+00 -1.000000000000000000e+00 -1.000000000000000000e+00 -1.000000000000000000e+00 -1.000000000000000000e+00 3.249420000000000073e+02 7.437839999999999918e+02 1.915000000000000036e+00 1.298000000000000043e+00 5.089999999999999858e+00 1.618500000000000050e+00
5.000000000000000000e+00 2.254000000000000000e+03 -1.000000000000000000e+00 -1.000000000000000000e+00 -1.000000000000000000e+00 -1.000000000000000000e+00 -1.000000000000000000e+00 2.571159999999999854e+02 7.589160000000000537e+02 2.366000000000000103e+00 1.451500000000000012e+00 5.952499999999999680e+00 1.679999999999999938e+00
5.000000000000000000e+00 2.242000000000000000e+03 -1.000000000000000000e+00 -1.000000000000000000e+00 -1.000000000000000000e+00 -1.000000000000000000e+00 -1.000000000000000000e+00 2.550874997854470223e+02 7.552354991742961374e+02 1.885999999999999899e+00 9.054999999999999716e-01 2.645000000000000018e+00 1.163499999999999979e+00
6.000000000000000000e+00 2.242000000000000000e+03 -1.000000000000000000e+00 -1.000000000000000000e+00 -1.000000000000000000e+00 -1.000000000000000000e+00 -1.000000000000000000e+00 2.550709999999999980e+02 7.551720000000000255e+02 1.885999999999999899e+00 9.054999999999999716e-01 2.645000000000000018e+00 1.163499999999999979e+00
6.000000000000000000e+00 2.267000000000000000e+03 -1.000000000000000000e+00 -1.000000000000000000e+00 -1.000000000000000000e+00 -1.000000000000000000e+00 -1.000000000000000000e+00 3.147160000000000082e+02 7.517409999999999854e+02 1.286000000000000032e+00 9.240000000000000435e-01 2.754000000000000004e+00 1.061500000000000110e+00
6.000000000000000000e+00 2.250000000000000000e+03 -1.000000000000000000e+00 -1.000000000000000000e+00 -1.000000000000000000e+00 -1.000000000000000000e+00 -1.000000000000000000e+00 2.567500000000000000e+02 7.525449999999999591e+02 1.542000000000000037e+00 9.539999999999999591e-01 2.316500000000000004e+00 1.096999999999999975e+00
6.000000000000000000e+00 2.253000000000000000e+03 -1.000000000000000000e+00 -1.000000000000000000e+00 -1.000000000000000000e+00 -1.000000000000000000e+00 -1.000000000000000000e+00 3.244590000000000032e+02 7.435049999999999955e+02 1.885000000000000009e+00 1.298000000000000043e+00 5.089999999999999858e+00 1.618500000000000050e+00
6.000000000000000000e+00 2.254000000000000000e+03 -1.000000000000000000e+00 -1.000000000000000000e+00 -1.000000000000000000e+00 -1.000000000000000000e+00 -1.000000000000000000e+00 2.571619999999999777e+02 7.588550000000000182e+02 2.366000000000000103e+00 1.451500000000000012e+00 5.952499999999999680e+00 1.679999999999999938e+00
7.000000000000000000e+00 2.242000000000000000e+03 -1.000000000000000000e+00 -1.000000000000000000e+00 -1.000000000000000000e+00 -1.000000000000000000e+00 -1.000000000000000000e+00 2.550000000000000000e+02 7.553790000000000191e+02 1.885999999999999899e+00 9.054999999999999716e-01 2.645000000000000018e+00 1.163499999999999979e+00
7.000000000000000000e+00 2.267000000000000000e+03 -1.000000000000000000e+00 -1.000000000000000000e+00 -1.000000000000000000e+00 -1.000000000000000000e+00 -1.000000000000000000e+00 3.146850000000000023e+02 7.517630000000000337e+02 1.314000000000000057e+00 9.240000000000000435e-01 2.754000000000000004e+00 1.061500000000000110e+00
7.000000000000000000e+00 2.253000000000000000e+03 -1.000000000000000000e+00 -1.000000000000000000e+00 -1.000000000000000000e+00 -1.000000000000000000e+00 -1.000000000000000000e+00 3.239870000000000232e+02 7.432060000000000173e+02 1.856000000000000094e+00 1.298000000000000043e+00 5.089999999999999858e+00 1.618500000000000050e+00
7.000000000000000000e+00 2.254000000000000000e+03 -1.000000000000000000e+00 -1.000000000000000000e+00 -1.000000000000000000e+00 -1.000000000000000000e+00 -1.000000000000000000e+00 2.572649999999999864e+02 7.588659999999999854e+02 2.366000000000000103e+00 1.451500000000000012e+00 5.952499999999999680e+00 1.679999999999999938e+00
7.000000000000000000e+00 2.250000000000000000e+03 -1.000000000000000000e+00 -1.000000000000000000e+00 -1.000000000000000000e+00 -1.000000000000000000e+00 -1.000000000000000000e+00 2.567500000000000000e+02 7.525449999999999591e+02 1.542000000000000259e+00 9.539999999999999591e-01 2.316500000000000004e+00 1.096999999999999975e+00
8.000000000000000000e+00 2.267000000000000000e+03 -1.000000000000000000e+00 -1.000000000000000000e+00 -1.000000000000000000e+00 -1.000000000000000000e+00 -1.000000000000000000e+00 3.147160000000000082e+02 7.517409999999999854e+02 1.231999999999999984e+00 9.240000000000000435e-01 2.754000000000000004e+00 1.061500000000000110e+00
8.000000000000000000e+00 2.279000000000000000e+03 -1.000000000000000000e+00 -1.000000000000000000e+00 -1.000000000000000000e+00 -1.000000000000000000e+00 -1.000000000000000000e+00 3.437320000000000277e+02 7.529310000000000400e+02 2.040999999999999925e+00 1.523500000000000076e+00 4.956500000000000128e+00 1.542000000000000037e+00
8.000000000000000000e+00 2.253000000000000000e+03 -1.000000000000000000e+00 -1.000000000000000000e+00 -1.000000000000000000e+00 -1.000000000000000000e+00 -1.000000000000000000e+00 3.237500000000000000e+02 7.430030000000000427e+02 1.842999999999999972e+00 1.298000000000000043e+00 5.089999999999999858e+00 1.618500000000000050e+00
8.000000000000000000e+00 2.254000000000000000e+03 -1.000000000000000000e+00 -1.000000000000000000e+00 -1.000000000000000000e+00 -1.000000000000000000e+00 -1.000000000000000000e+00 2.573679999999999950e+02 7.588759999999999764e+02 2.366000000000000103e+00 1.451500000000000012e+00 5.952499999999999680e+00 1.679999999999999938e+00
8.000000000000000000e+00 2.250000000000000000e+03 -1.000000000000000000e+00 -1.000000000000000000e+00 -1.000000000000000000e+00 -1.000000000000000000e+00 -1.000000000000000000e+00 2.567500000000000000e+02 7.525449999999999591e+02 1.542000000000000259e+00 9.539999999999999591e-01 2.316500000000000448e+00 1.096999999999999975e+00
9.000000000000000000e+00 2.267000000000000000e+03 -1.000000000000000000e+00 -1.000000000000000000e+00 -1.000000000000000000e+00 -1.000000000000000000e+00 -1.000000000000000000e+00 3.147780000000000200e+02 7.516979999999999791e+02 1.231999999999999984e+00 9.240000000000000435e-01 2.754000000000000004e+00 1.061500000000000110e+00
9.000000000000000000e+00 2.250000000000000000e+03 -1.000000000000000000e+00 -1.000000000000000000e+00 -1.000000000000000000e+00 -1.000000000000000000e+00 -1.000000000000000000e+00 2.567500000000000000e+02 7.525449999999999591e+02 1.542000000000000037e+00 9.539999999999999591e-01 2.316500000000000004e+00 1.096999999999999975e+00
9.000000000000000000e+00 2.253000000000000000e+03 -1.000000000000000000e+00 -1.000000000000000000e+00 -1.000000000000000000e+00 -1.000000000000000000e+00 -1.000000000000000000e+00 3.235210000000000150e+02 7.427889999999999873e+02 1.830000000000000071e+00 1.298000000000000043e+00 5.089999999999999858e+00 1.618500000000000050e+00
9.000000000000000000e+00 2.279000000000000000e+03 -1.000000000000000000e+00 -1.000000000000000000e+00 -1.000000000000000000e+00 -1.000000000000000000e+00 -1.000000000000000000e+00 3.438686879619094725e+02 7.531270305404946157e+02 2.040999999999999925e+00 1.523500000000000298e+00 4.956500000000000128e+00 1.542000000000000037e+00
1.000000000000000000e+01 2.267000000000000000e+03 -1.000000000000000000e+00 -1.000000000000000000e+00 -1.000000000000000000e+00 -1.000000000000000000e+00 -1.000000000000000000e+00 3.147250000000000227e+02 7.516889999999999645e+02 1.231999999999999984e+00 9.240000000000000435e-01 2.754000000000000004e+00 1.061500000000000110e+00
1.000000000000000000e+01 2.253000000000000000e+03 -1.000000000000000000e+00 -1.000000000000000000e+00 -1.000000000000000000e+00 -1.000000000000000000e+00 -1.000000000000000000e+00 3.232570000000000050e+02 7.426689999999999827e+02 1.816999999999999948e+00 1.298000000000000043e+00 5.089999999999999858e+00 1.618500000000000050e+00
1.000000000000000000e+01 2.279000000000000000e+03 -1.000000000000000000e+00 -1.000000000000000000e+00 -1.000000000000000000e+00 -1.000000000000000000e+00 -1.000000000000000000e+00 3.438003827638326584e+02 7.530290708905697556e+02 2.040999999999999925e+00 1.523500000000000076e+00 4.956500000000000128e+00 1.542000000000000037e+00
1.100000000000000000e+01 2.267000000000000000e+03 -1.000000000000000000e+00 -1.000000000000000000e+00 -1.000000000000000000e+00 -1.000000000000000000e+00 -1.000000000000000000e+00 3.146630000000000109e+02 7.517319999999999709e+02 1.231999999999999984e+00 9.240000000000000435e-01 2.754000000000000004e+00 1.061500000000000110e+00
1.100000000000000000e+01 2.279000000000000000e+03 -1.000000000000000000e+00 -1.000000000000000000e+00 -1.000000000000000000e+00 -1.000000000000000000e+00 -1.000000000000000000e+00 3.439370000000000118e+02 7.532250000000000227e+02 2.040999999999999925e+00 1.523500000000000076e+00 4.956500000000000128e+00 1.542000000000000037e+00
1.100000000000000000e+01 2.253000000000000000e+03 -1.000000000000000000e+00 -1.000000000000000000e+00 -1.000000000000000000e+00 -1.000000000000000000e+00 -1.000000000000000000e+00 3.230350000000000250e+02 7.424569999999999936e+02 1.804999999999999938e+00 1.298000000000000043e+00 5.089999999999999858e+00 1.618500000000000050e+00
1.200000000000000000e+01 2.267000000000000000e+03 -1.000000000000000000e+00 -1.000000000000000000e+00 -1.000000000000000000e+00 -1.000000000000000000e+00 -1.000000000000000000e+00 3.146009999999999991e+02 7.517759999999999536e+02 1.282000000000000028e+00 9.240000000000000435e-01 2.754000000000000004e+00 1.061500000000000110e+00
1.200000000000000000e+01 2.253000000000000000e+03 -1.000000000000000000e+00 -1.000000000000000000e+00 -1.000000000000000000e+00 -1.000000000000000000e+00 -1.000000000000000000e+00 3.227690000000000055e+02 7.423150000000000546e+02 1.792000000000000037e+00 1.298000000000000043e+00 5.089999999999999858e+00 1.618500000000000050e+00
1.200000000000000000e+01 2.279000000000000000e+03 -1.000000000000000000e+00 -1.000000000000000000e+00 -1.000000000000000000e+00 -1.000000000000000000e+00 -1.000000000000000000e+00 3.442795387590622340e+02 7.537133885956459380e+02 2.040999999999999925e+00 1.523500000000000076e+00 4.956500000000000128e+00 1.542000000000000037e+00
1.300000000000000000e+01 2.267000000000000000e+03 -1.000000000000000000e+00 -1.000000000000000000e+00 -1.000000000000000000e+00 -1.000000000000000000e+00 -1.000000000000000000e+00 3.145699999999999932e+02 7.517970000000000255e+02 1.282000000000000028e+00 9.240000000000000435e-01 2.754000000000000004e+00 1.061500000000000110e+00
1.300000000000000000e+01 2.253000000000000000e+03 -1.000000000000000000e+00 -1.000000000000000000e+00 -1.000000000000000000e+00 -1.000000000000000000e+00 -1.000000000000000000e+00 3.226940000000000168e+02 7.422599999999999909e+02 1.778999999999999915e+00 1.298000000000000043e+00 5.089999999999999858e+00 1.618500000000000050e+00
1.300000000000000000e+01 2.279000000000000000e+03 -1.000000000000000000e+00 -1.000000000000000000e+00 -1.000000000000000000e+00 -1.000000000000000000e+00 -1.000000000000000000e+00 3.442110779289978950e+02 7.536157777771113615e+02 2.040999999999999925e+00 1.523500000000000298e+00 4.956500000000000128e+00 1.542000000000000259e+00
1.400000000000000000e+01 2.267000000000000000e+03 -1.000000000000000000e+00 -1.000000000000000000e+00 -1.000000000000000000e+00 -1.000000000000000000e+00 -1.000000000000000000e+00 3.145699999999999932e+02 7.517970000000000255e+02 1.282000000000000028e+00 9.240000000000000435e-01 2.754000000000000004e+00 1.061500000000000110e+00
1.400000000000000000e+01 2.253000000000000000e+03 -1.000000000000000000e+00 -1.000000000000000000e+00 -1.000000000000000000e+00 -1.000000000000000000e+00 -1.000000000000000000e+00 3.226200000000000045e+02 7.422050000000000409e+02 1.766000000000000014e+00 1.298000000000000043e+00 5.089999999999999858e+00 1.618500000000000050e+00
1.400000000000000000e+01 2.279000000000000000e+03 -1.000000000000000000e+00 -1.000000000000000000e+00 -1.000000000000000000e+00 -1.000000000000000000e+00 -1.000000000000000000e+00 3.441425369786106216e+02 7.535180527237611159e+02 2.040999999999999925e+00 1.523500000000000076e+00 4.956500000000000128e+00 1.542000000000000037e+00
1.500000000000000000e+01 2.267000000000000000e+03 -1.000000000000000000e+00 -1.000000000000000000e+00 -1.000000000000000000e+00 -1.000000000000000000e+00 -1.000000000000000000e+00 3.145079999999999814e+02 7.518410000000000082e+02 1.282000000000000028e+00 9.240000000000000435e-01 2.754000000000000004e+00 1.061500000000000110e+00
1.500000000000000000e+01 2.253000000000000000e+03 -1.000000000000000000e+00 -1.000000000000000000e+00 -1.000000000000000000e+00 -1.000000000000000000e+00 -1.000000000000000000e+00 3.223500000000000227e+02 7.421200000000000045e+02 1.766000000000000014e+00 1.298000000000000043e+00 5.089999999999999858e+00 1.618500000000000050e+00
1.500000000000000000e+01 2.279000000000000000e+03 -1.000000000000000000e+00 -1.000000000000000000e+00 -1.000000000000000000e+00 -1.000000000000000000e+00 -1.000000000000000000e+00 3.440740024652407101e+02 7.534203368482508267e+02 2.040999999999999925e+00 1.523500000000000298e+00 4.956500000000000128e+00 1.542000000000000259e+00
1.600000000000000000e+01 2.267000000000000000e+03 -1.000000000000000000e+00 -1.000000000000000000e+00 -1.000000000000000000e+00 -1.000000000000000000e+00 -1.000000000000000000e+00 3.144769999999999754e+02 7.518630000000000564e+02 1.282000000000000028e+00 9.240000000000000435e-01 2.754000000000000004e+00 1.061500000000000110e+00
1.600000000000000000e+01 2.253000000000000000e+03 -1.000000000000000000e+00 -1.000000000000000000e+00 -1.000000000000000000e+00 -1.000000000000000000e+00 -1.000000000000000000e+00 3.220810000000000173e+02 7.420349999999999682e+02 1.766000000000000014e+00 1.298000000000000043e+00 5.089999999999999858e+00 1.618500000000000050e+00
1.600000000000000000e+01 2.279000000000000000e+03 -1.000000000000000000e+00 -1.000000000000000000e+00 -1.000000000000000000e+00 -1.000000000000000000e+00 -1.000000000000000000e+00 3.440055398547248160e+02 7.533227234911647656e+02 2.040999999999999925e+00 1.523500000000000076e+00 4.956500000000000128e+00 1.542000000000000037e+00
1.700000000000000000e+01 2.267000000000000000e+03 -1.000000000000000000e+00 -1.000000000000000000e+00 -1.000000000000000000e+00 -1.000000000000000000e+00 -1.000000000000000000e+00 3.144769999999999754e+02 7.518630000000000564e+02 1.282000000000000028e+00 9.240000000000000435e-01 2.754000000000000004e+00 1.061500000000000110e+00
1.700000000000000000e+01 2.279000000000000000e+03 -1.000000000000000000e+00 -1.000000000000000000e+00 -1.000000000000000000e+00 -1.000000000000000000e+00 -1.000000000000000000e+00 3.443480000000000132e+02 7.538110000000000355e+02 2.040999999999999925e+00 1.523500000000000076e+00 4.956500000000000128e+00 1.542000000000000037e+00
1.700000000000000000e+01 2.253000000000000000e+03 -1.000000000000000000e+00 -1.000000000000000000e+00 -1.000000000000000000e+00 -1.000000000000000000e+00 -1.000000000000000000e+00 3.218600000000000136e+02 7.418559999999999945e+02 1.766000000000000014e+00 1.298000000000000043e+00 5.089999999999999858e+00 1.618500000000000050e+00
1.800000000000000000e+01 2.267000000000000000e+03 -1.000000000000000000e+00 -1.000000000000000000e+00 -1.000000000000000000e+00 -1.000000000000000000e+00 -1.000000000000000000e+00 3.144460000000000264e+02 7.518849999999999909e+02 1.282000000000000028e+00 9.240000000000000435e-01 2.754000000000000004e+00 1.061500000000000110e+00
1.800000000000000000e+01 2.279000000000000000e+03 -1.000000000000000000e+00 -1.000000000000000000e+00 -1.000000000000000000e+00 -1.000000000000000000e+00 -1.000000000000000000e+00 3.444159999999999968e+02 7.539089999999999918e+02 2.040999999999999925e+00 1.523500000000000076e+00 4.956500000000000128e+00 1.542000000000000037e+00
1.800000000000000000e+01 2.253000000000000000e+03 -1.000000000000000000e+00 -1.000000000000000000e+00 -1.000000000000000000e+00 -1.000000000000000000e+00 -1.000000000000000000e+00 3.216299999999999955e+02 7.417019999999999982e+02 1.766000000000000014e+00 1.298000000000000043e+00 5.089999999999999858e+00 1.618500000000000050e+00
1.900000000000000000e+01 2.267000000000000000e+03 -1.000000000000000000e+00 -1.000000000000000000e+00 -1.000000000000000000e+00 -1.000000000000000000e+00 -1.000000000000000000e+00 3.144460000000000264e+02 7.518849999999999909e+02 1.282000000000000028e+00 9.240000000000000435e-01 2.754000000000000004e+00 1.061500000000000110e+00
1.900000000000000000e+01 2.253000000000000000e+03 -1.000000000000000000e+00 -1.000000000000000000e+00 -1.000000000000000000e+00 -1.000000000000000000e+00 -1.000000000000000000e+00 3.214049999999999727e+02 7.415399999999999636e+02 1.766000000000000014e+00 1.298000000000000043e+00 5.089999999999999858e+00 1.618500000000000050e+00
1.900000000000000000e+01 2.279000000000000000e+03 -1.000000000000000000e+00 -1.000000000000000000e+00 -1.000000000000000000e+00 -1.000000000000000000e+00 -1.000000000000000000e+00 3.445623799615177631e+02 7.541189302862742352e+02 2.040999999999999925e+00 1.523500000000000298e+00 4.956500000000000128e+00 1.542000000000000037e+00
2.000000000000000000e+01 2.253000000000000000e+03 -1.000000000000000000e+00 -1.000000000000000000e+00 -1.000000000000000000e+00 -1.000000000000000000e+00 -1.000000000000000000e+00 3.211789999999999736e+02 7.413790000000000191e+02 1.766000000000000014e+00 1.298000000000000043e+00 5.089999999999999858e+00 1.618500000000000050e+00
2.000000000000000000e+01 2.267000000000000000e+03 -1.000000000000000000e+00 -1.000000000000000000e+00 -1.000000000000000000e+00 -1.000000000000000000e+00 -1.000000000000000000e+00 3.144460000000000264e+02 7.518849999999999909e+02 1.282000000000000028e+00 9.240000000000001545e-01 2.754000000000000004e+00 1.061500000000000110e+00
2.000000000000000000e+01 2.279000000000000000e+03 -1.000000000000000000e+00 -1.000000000000000000e+00 -1.000000000000000000e+00 -1.000000000000000000e+00 -1.000000000000000000e+00 3.444892703628102026e+02 7.540140804227619356e+02 2.040999999999999925e+00 1.523500000000000076e+00 4.956500000000000128e+00 1.542000000000000037e+00
2.100000000000000000e+01 2.279000000000000000e+03 -1.000000000000000000e+00 -1.000000000000000000e+00 -1.000000000000000000e+00 -1.000000000000000000e+00 -1.000000000000000000e+00 3.446209999999999809e+02 7.542029999999999745e+02 2.040999999999999925e+00 1.523500000000000076e+00 4.956500000000000128e+00 1.542000000000000037e+00
2.100000000000000000e+01 2.253000000000000000e+03 -1.000000000000000000e+00 -1.000000000000000000e+00 -1.000000000000000000e+00 -1.000000000000000000e+00 -1.000000000000000000e+00 3.210649999999999977e+02 7.411710000000000491e+02 1.766000000000000014e+00 1.298000000000000043e+00 5.089999999999999858e+00 1.618500000000000050e+00
2.100000000000000000e+01 2.267000000000000000e+03 -1.000000000000000000e+00 -1.000000000000000000e+00 -1.000000000000000000e+00 -1.000000000000000000e+00 -1.000000000000000000e+00 3.144460000000000264e+02 7.518849999999999909e+02 1.282000000000000028e+00 9.240000000000001545e-01 2.754000000000000004e+00 1.061500000000000110e+00
2.200000000000000000e+01 2.267000000000000000e+03 -1.000000000000000000e+00 -1.000000000000000000e+00 -1.000000000000000000e+00 -1.000000000000000000e+00 -1.000000000000000000e+00 3.144460000000000264e+02 7.518849999999999909e+02 1.282000000000000028e+00 9.240000000000000435e-01 2.754000000000000004e+00 1.061500000000000110e+00
2.200000000000000000e+01 2.279000000000000000e+03 -1.000000000000000000e+00 -1.000000000000000000e+00 -1.000000000000000000e+00 -1.000000000000000000e+00 -1.000000000000000000e+00 3.446209999999999809e+02 7.542029999999999745e+02 2.091000000000000192e+00 1.523500000000000076e+00 4.956500000000000128e+00 1.542000000000000037e+00
2.200000000000000000e+01 2.253000000000000000e+03 -1.000000000000000000e+00 -1.000000000000000000e+00 -1.000000000000000000e+00 -1.000000000000000000e+00 -1.000000000000000000e+00 3.210570000000000164e+02 7.411549999999999727e+02 1.778999999999999915e+00 1.298000000000000043e+00 5.089999999999999858e+00 1.618500000000000050e+00
2.300000000000000000e+01 2.279000000000000000e+03 -1.000000000000000000e+00 -1.000000000000000000e+00 -1.000000000000000000e+00 -1.000000000000000000e+00 -1.000000000000000000e+00 3.446209999999999809e+02 7.542029999999999745e+02 2.141000000000000014e+00 1.523500000000000076e+00 4.956500000000000128e+00 1.542000000000000037e+00
2.300000000000000000e+01 2.253000000000000000e+03 -1.000000000000000000e+00 -1.000000000000000000e+00 -1.000000000000000000e+00 -1.000000000000000000e+00 -1.000000000000000000e+00 3.210489999999999782e+02 7.411399999999999864e+02 1.790999999999999925e+00 1.298000000000000043e+00 5.089999999999999858e+00 1.618500000000000050e+00
2.300000000000000000e+01 2.267000000000000000e+03 -1.000000000000000000e+00 -1.000000000000000000e+00 -1.000000000000000000e+00 -1.000000000000000000e+00 -1.000000000000000000e+00 3.144460000000000264e+02 7.518849999999999909e+02 1.282000000000000028e+00 9.239999999999999325e-01 2.754000000000000004e+00 1.061500000000000110e+00
2.400000000000000000e+01 2.267000000000000000e+03 -1.000000000000000000e+00 -1.000000000000000000e+00 -1.000000000000000000e+00 -1.000000000000000000e+00 -1.000000000000000000e+00 3.144460000000000264e+02 7.518849999999999909e+02 1.282000000000000028e+00 9.240000000000000435e-01 2.754000000000000004e+00 1.061500000000000110e+00
2.400000000000000000e+01 2.279000000000000000e+03 -1.000000000000000000e+00 -1.000000000000000000e+00 -1.000000000000000000e+00 -1.000000000000000000e+00 -1.000000000000000000e+00 3.446680000000000064e+02 7.541490000000000009e+02 2.141000000000000014e+00 1.523500000000000076e+00 4.956500000000000128e+00 1.542000000000000037e+00
2.400000000000000000e+01 2.253000000000000000e+03 -1.000000000000000000e+00 -1.000000000000000000e+00 -1.000000000000000000e+00 -1.000000000000000000e+00 -1.000000000000000000e+00 3.210409999999999968e+02 7.411240000000000236e+02 1.804000000000000048e+00 1.298000000000000043e+00 5.089999999999999858e+00 1.618500000000000050e+00
2.500000000000000000e+01 2.253000000000000000e+03 -1.000000000000000000e+00 -1.000000000000000000e+00 -1.000000000000000000e+00 -1.000000000000000000e+00 -1.000000000000000000e+00 3.210330000000000155e+02 7.411090000000000373e+02 1.816000000000000059e+00 1.298000000000000043e+00 5.089999999999999858e+00 1.618500000000000050e+00
2.500000000000000000e+01 2.279000000000000000e+03 -1.000000000000000000e+00 -1.000000000000000000e+00 -1.000000000000000000e+00 -1.000000000000000000e+00 -1.000000000000000000e+00 3.447163846891947969e+02 7.540932524233190861e+02 2.141000000000000014e+00 1.523500000000000076e+00 4.956500000000000128e+00 1.542000000000000037e+00
2.600000000000000000e+01 2.279000000000000000e+03 -1.000000000000000000e+00 -1.000000000000000000e+00 -1.000000000000000000e+00 -1.000000000000000000e+00 -1.000000000000000000e+00 3.447599999999999909e+02 7.540430000000000064e+02 2.141000000000000014e+00 1.523500000000000076e+00 4.956500000000000128e+00 1.542000000000000037e+00
2.600000000000000000e+01 2.253000000000000000e+03 -1.000000000000000000e+00 -1.000000000000000000e+00 -1.000000000000000000e+00 -1.000000000000000000e+00 -1.000000000000000000e+00 3.213500000000000227e+02 7.410890000000000555e+02 1.850000000000000089e+00 1.298000000000000043e+00 5.089999999999999858e+00 1.618500000000000050e+00
2.700000000000000000e+01 2.279000000000000000e+03 -1.000000000000000000e+00 -1.000000000000000000e+00 -1.000000000000000000e+00 -1.000000000000000000e+00 -1.000000000000000000e+00 3.448059999999999832e+02 7.539900000000000091e+02 2.141000000000000014e+00 1.523500000000000076e+00 4.956500000000000128e+00 1.542000000000000037e+00
2.700000000000000000e+01 2.253000000000000000e+03 -1.000000000000000000e+00 -1.000000000000000000e+00 -1.000000000000000000e+00 -1.000000000000000000e+00 -1.000000000000000000e+00 3.216109999999999900e+02 7.411580000000000155e+02 1.883000000000000007e+00 1.298000000000000043e+00 5.089999999999999858e+00 1.618500000000000050e+00
2.800000000000000000e+01 2.279000000000000000e+03 -1.000000000000000000e+00 -1.000000000000000000e+00 -1.000000000000000000e+00 -1.000000000000000000e+00 -1.000000000000000000e+00 3.448059999999999832e+02 7.539900000000000091e+02 2.141000000000000014e+00 1.523500000000000076e+00 4.956500000000000128e+00 1.542000000000000037e+00
2.800000000000000000e+01 2.253000000000000000e+03 -1.000000000000000000e+00 -1.000000000000000000e+00 -1.000000000000000000e+00 -1.000000000000000000e+00 -1.000000000000000000e+00 3.218709999999999809e+02 7.412269999999999754e+02 1.915999999999999925e+00 1.298000000000000043e+00 5.089999999999999858e+00 1.618500000000000050e+00
2.900000000000000000e+01 2.279000000000000000e+03 -1.000000000000000000e+00 -1.000000000000000000e+00 -1.000000000000000000e+00 -1.000000000000000000e+00 -1.000000000000000000e+00 3.448059999999999832e+02 7.539900000000000091e+02 2.141000000000000014e+00 1.523500000000000076e+00 4.956500000000000128e+00 1.542000000000000037e+00
2.900000000000000000e+01 2.253000000000000000e+03 -1.000000000000000000e+00 -1.000000000000000000e+00 -1.000000000000000000e+00 -1.000000000000000000e+00 -1.000000000000000000e+00 3.217389999999999759e+02 7.410869999999999891e+02 2.004000000000000004e+00 1.298000000000000043e+00 5.089999999999999858e+00 1.618500000000000050e+00
3.000000000000000000e+01 2.279000000000000000e+03 -1.000000000000000000e+00 -1.000000000000000000e+00 -1.000000000000000000e+00 -1.000000000000000000e+00 -1.000000000000000000e+00 3.448059999999999832e+02 7.539900000000000091e+02 2.141000000000000014e+00 1.523500000000000076e+00 4.956500000000000128e+00 1.542000000000000037e+00
3.000000000000000000e+01 2.253000000000000000e+03 -1.000000000000000000e+00 -1.000000000000000000e+00 -1.000000000000000000e+00 -1.000000000000000000e+00 -1.000000000000000000e+00 3.216059999999999945e+02 7.409470000000000027e+02 2.091000000000000192e+00 1.298000000000000043e+00 5.089999999999999858e+00 1.618500000000000050e+00
3.100000000000000000e+01 2.253000000000000000e+03 -1.000000000000000000e+00 -1.000000000000000000e+00 -1.000000000000000000e+00 -1.000000000000000000e+00 -1.000000000000000000e+00 3.214730000000000132e+02 7.408079999999999927e+02 2.178999999999999826e+00 1.298000000000000043e+00 5.089999999999999858e+00 1.618500000000000050e+00
3.200000000000000000e+01 2.253000000000000000e+03 -1.000000000000000000e+00 -1.000000000000000000e+00 -1.000000000000000000e+00 -1.000000000000000000e+00 -1.000000000000000000e+00 3.213410000000000082e+02 7.406680000000000064e+02 2.266000000000000014e+00 1.298000000000000043e+00 5.089999999999999858e+00 1.618500000000000050e+00
3.300000000000000000e+01 2.253000000000000000e+03 -1.000000000000000000e+00 -1.000000000000000000e+00 -1.000000000000000000e+00 -1.000000000000000000e+00 -1.000000000000000000e+00 3.212330000000000041e+02 7.405829999999999700e+02 2.379000000000000004e+00 1.298000000000000043e+00 5.089999999999999858e+00 1.618500000000000050e+00
3.400000000000000000e+01 2.253000000000000000e+03 -1.000000000000000000e+00 -1.000000000000000000e+00 -1.000000000000000000e+00 -1.000000000000000000e+00 -1.000000000000000000e+00 3.211279999999999859e+02 7.404959999999999809e+02 2.491000000000000103e+00 1.298000000000000043e+00 5.089999999999999858e+00 1.618500000000000050e+00
3.500000000000000000e+01 2.253000000000000000e+03 -1.000000000000000000e+00 -1.000000000000000000e+00 -1.000000000000000000e+00 -1.000000000000000000e+00 -1.000000000000000000e+00 3.211109999999999900e+02 7.403450000000000273e+02 2.604000000000000092e+00 1.298000000000000043e+00 5.089999999999999858e+00 1.618500000000000050e+00
