1.000000000000000000e+00 4.638000000000000000e+03 -1.000000000000000000e+00 -1.000000000000000000e+00 -1.000000000000000000e+00 -1.000000000000000000e+00 -1.000000000000000000e+00 1.738246000000000095e+03 2.644018000000000029e+03 7.910000000000000364e-01 8.565000000000000391e-01 2.188000000000000167e+00 7.960000000000000409e-01
1.000000000000000000e+00 4.639000000000000000e+03 -1.000000000000000000e+00 -1.000000000000000000e+00 -1.000000000000000000e+00 -1.000000000000000000e+00 -1.000000000000000000e+00 1.726584000000000060e+03 2.663641000000000076e+03 7.650000000000000133e-01 9.409999999999999476e-01 2.302999999999999936e+00 7.930000000000000382e-01
1.000000000000000000e+00 4.641000000000000000e+03 -1.000000000000000000e+00 -1.000000000000000000e+00 -1.000000000000000000e+00 -1.000000000000000000e+00 -1.000000000000000000e+00 1.716992999999999938e+03 2.676641999999999825e+03 8.990000000000000213e-01 9.060000000000000275e-01 2.381499999999999950e+00 8.080000000000000515e-01
2.000000000000000000e+00 4.638000000000000000e+03 -1.000000000000000000e+00 -1.000000000000000000e+00 -1.000000000000000000e+00 -1.000000000000000000e+00 -1.000000000000000000e+00 1.734663000000000011e+03 2.648664999999999964e+03 8.289999999999999591e-01 8.565000000000000391e-01 2.188000000000000167e+00 7.960000000000000409e-01
2.000000000000000000e+00 4.639000000000000000e+03 -1.000000000000000000e+00 -1.000000000000000000e+00 -1.000000000000000000e+00 -1.000000000000000000e+00 -1.000000000000000000e+00 1.722691000000000031e+03 2.668684000000000196e+03 7.650000000000000133e-01 9.409999999999999476e-01 2.302999999999999936e+00 7.930000000000000382e-01
2.000000000000000000e+00 4.641000000000000000e+03 -1.000000000000000000e+00 -1.000000000000000000e+00 -1.000000000000000000e+00 -1.000000000000000000e+00 -1.000000000000000000e+00 1.712731999999999971e+03 2.682259000000000015e+03 9.240000000000000435e-01 9.060000000000000275e-01 2.381499999999999950e+00 8.080000000000000515e-01
3.000000000000000000e+00 4.638000000000000000e+03 -1.000000000000000000e+00 -1.000000000000000000e+00 -1.000000000000000000e+00 -1.000000000000000000e+00 -1.000000000000000000e+00 1.731084000000000060e+03 2.653306000000000040e+03 8.669999999999999929e-01 8.565000000000000391e-01 2.188000000000000167e+00 7.960000000000000409e-01
3.000000000000000000e+00 4.639000000000000000e+03 -1.000000000000000000e+00 -1.000000000000000000e+00 -1.000000000000000000e+00 -1.000000000000000000e+00 -1.000000000000000000e+00 1.718827999999999975e+03 2.673742000000000189e+03 7.650000000000000133e-01 9.409999999999999476e-01 2.302999999999999936e+00 7.930000000000000382e-01
3.000000000000000000e+00 4.641000000000000000e+03 -1.000000000000000000e+00 -1.000000000000000000e+00 -1.000000000000000000e+00 -1.000000000000000000e+00 -1.000000000000000000e+00 1.708477000000000089e+03 2.687871000000000095e+03 9.489999999999999547e-01 9.060000000000000275e-01 2.381499999999999950e+00 8.080000000000000515e-01
4.000000000000000000e+00 4.638000000000000000e+03 -1.000000000000000000e+00 -1.000000000000000000e+00 -1.000000000000000000e+00 -1.000000000000000000e+00 -1.000000000000000000e+00 1.727506000000000085e+03 2.657949000000000069e+03 8.790000000000000036e-01 8.565000000000000391e-01 2.188000000000000167e+00 7.960000000000000409e-01
4.000000000000000000e+00 4.639000000000000000e+03 -1.000000000000000000e+00 -1.000000000000000000e+00 -1.000000000000000000e+00 -1.000000000000000000e+00 -1.000000000000000000e+00 1.715065000000000055e+03 2.678670999999999822e+03 8.149999999999999467e-01 9.409999999999999476e-01 2.302999999999999936e+00 7.930000000000000382e-01
4.000000000000000000e+00 4.641000000000000000e+03 -1.000000000000000000e+00 -1.000000000000000000e+00 -1.000000000000000000e+00 -1.000000000000000000e+00 -1.000000000000000000e+00 1.704271999999999935e+03 2.693389999999999873e+03 9.739999999999999769e-01 9.060000000000000275e-01 2.381499999999999950e+00 8.080000000000000515e-01
5.000000000000000000e+00 4.638000000000000000e+03 -1.000000000000000000e+00 -1.000000000000000000e+00 -1.000000000000000000e+00 -1.000000000000000000e+00 -1.000000000000000000e+00 1.723926999999999907e+03 2.662592000000000098e+03 8.920000000000000151e-01 8.565000000000000391e-01 2.188000000000000167e+00 7.960000000000000409e-01
5.000000000000000000e+00 4.639000000000000000e+03 -1.000000000000000000e+00 -1.000000000000000000e+00 -1.000000000000000000e+00 -1.000000000000000000e+00 -1.000000000000000000e+00 1.711451999999999998e+03 2.683480000000000018e+03 8.339999999999999636e-01 9.409999999999999476e-01 2.302999999999999936e+00 7.930000000000000382e-01
5.000000000000000000e+00 4.641000000000000000e+03 -1.000000000000000000e+00 -1.000000000000000000e+00 -1.000000000000000000e+00 -1.000000000000000000e+00 -1.000000000000000000e+00 1.700066000000000031e+03 2.698909999999999854e+03 9.989999999999999991e-01 9.060000000000000275e-01 2.381499999999999950e+00 8.080000000000000515e-01
6.000000000000000000e+00 4.638000000000000000e+03 -1.000000000000000000e+00 -1.000000000000000000e+00 -1.000000000000000000e+00 -1.000000000000000000e+00 -1.000000000000000000e+00 1.720348999999999933e+03 2.667233999999999924e+03 9.040000000000000258e-01 8.565000000000000391e-01 2.188000000000000167e+00 7.960000000000000409e-01
6.000000000000000000e+00 4.643000000000000000e+03 -1.000000000000000000e+00 -1.000000000000000000e+00 -1.000000000000000000e+00 -1.000000000000000000e+00 -1.000000000000000000e+00 1.672851000000000113e+03 2.729619000000000142e+03 1.455999999999999961e+00 9.639999999999999680e-01 2.557999999999999829e+00 9.569999999999999618e-01
6.000000000000000000e+00 4.639000000000000000e+03 -1.000000000000000000e+00 -1.000000000000000000e+00 -1.000000000000000000e+00 -1.000000000000000000e+00 -1.000000000000000000e+00 1.707819999999999936e+03 2.688313000000000102e+03 8.539999999999999813e-01 9.409999999999999476e-01 2.302999999999999936e+00 7.930000000000000382e-01
6.000000000000000000e+00 4.641000000000000000e+03 -1.000000000000000000e+00 -1.000000000000000000e+00 -1.000000000000000000e+00 -1.000000000000000000e+00 -1.000000000000000000e+00 1.695990000000000009e+03 2.704340999999999894e+03 9.989999999999999991e-01 9.060000000000000275e-01 2.381499999999999950e+00 8.080000000000000515e-01
7.000000000000000000e+00 4.638000000000000000e+03 -1.000000000000000000e+00 -1.000000000000000000e+00 -1.000000000000000000e+00 -1.000000000000000000e+00 -1.000000000000000000e+00 1.716575000000000045e+03 2.672204999999999927e+03 9.180000000000000382e-01 8.565000000000000391e-01 2.188000000000000167e+00 7.960000000000000409e-01
7.000000000000000000e+00 4.643000000000000000e+03 -1.000000000000000000e+00 -1.000000000000000000e+00 -1.000000000000000000e+00 -1.000000000000000000e+00 -1.000000000000000000e+00 1.670833000000000084e+03 2.732422000000000025e+03 1.415999999999999925e+00 9.639999999999999680e-01 2.557999999999999829e+00 9.569999999999999618e-01
7.000000000000000000e+00 4.639000000000000000e+03 -1.000000000000000000e+00 -1.000000000000000000e+00 -1.000000000000000000e+00 -1.000000000000000000e+00 -1.000000000000000000e+00 1.703977000000000089e+03 2.693490999999999985e+03 8.249999999999999556e-01 9.409999999999999476e-01 2.302999999999999936e+00 7.930000000000000382e-01
7.000000000000000000e+00 4.641000000000000000e+03 -1.000000000000000000e+00 -1.000000000000000000e+00 -1.000000000000000000e+00 -1.000000000000000000e+00 -1.000000000000000000e+00 1.691594000000000051e+03 2.710077999999999975e+03 1.016999999999999904e+00 9.060000000000000275e-01 2.381499999999999950e+00 8.080000000000000515e-01
8.000000000000000000e+00 4.638000000000000000e+03 -1.000000000000000000e+00 -1.000000000000000000e+00 -1.000000000000000000e+00 -1.000000000000000000e+00 -1.000000000000000000e+00 1.713059999999999945e+03 2.676646000000000186e+03 9.310000000000000497e-01 8.565000000000000391e-01 2.188000000000000167e+00 7.960000000000000409e-01
8.000000000000000000e+00 4.643000000000000000e+03 -1.000000000000000000e+00 -1.000000000000000000e+00 -1.000000000000000000e+00 -1.000000000000000000e+00 -1.000000000000000000e+00 1.669148999999999887e+03 2.734860999999999876e+03 1.379999999999999893e+00 9.639999999999999680e-01 2.557999999999999829e+00 9.569999999999999618e-01
8.000000000000000000e+00 4.639000000000000000e+03 -1.000000000000000000e+00 -1.000000000000000000e+00 -1.000000000000000000e+00 -1.000000000000000000e+00 -1.000000000000000000e+00 1.700554000000000087e+03 2.698106999999999971e+03 8.449999999999999734e-01 9.409999999999999476e-01 2.302999999999999936e+00 7.930000000000000382e-01
8.000000000000000000e+00 4.641000000000000000e+03 -1.000000000000000000e+00 -1.000000000000000000e+00 -1.000000000000000000e+00 -1.000000000000000000e+00 -1.000000000000000000e+00 1.687714999999999918e+03 2.715367000000000189e+03 1.032999999999999918e+00 9.060000000000000275e-01 2.381499999999999950e+00 8.080000000000000515e-01
9.000000000000000000e+00 4.638000000000000000e+03 -1.000000000000000000e+00 -1.000000000000000000e+00 -1.000000000000000000e+00 -1.000000000000000000e+00 -1.000000000000000000e+00 1.709632000000000062e+03 2.681153999999999996e+03 9.439999999999999503e-01 8.565000000000000391e-01 2.188000000000000167e+00 7.960000000000000409e-01
9.000000000000000000e+00 4.643000000000000000e+03 -1.000000000000000000e+00 -1.000000000000000000e+00 -1.000000000000000000e+00 -1.000000000000000000e+00 -1.000000000000000000e+00 1.667896999999999935e+03 2.737190000000000055e+03 1.342999999999999972e+00 9.639999999999999680e-01 2.557999999999999829e+00 9.569999999999999618e-01
9.000000000000000000e+00 4.639000000000000000e+03 -1.000000000000000000e+00 -1.000000000000000000e+00 -1.000000000000000000e+00 -1.000000000000000000e+00 -1.000000000000000000e+00 1.697131000000000085e+03 2.702724000000000160e+03 8.649999999999999911e-01 9.409999999999999476e-01 2.302999999999999936e+00 7.930000000000000382e-01
9.000000000000000000e+00 4.641000000000000000e+03 -1.000000000000000000e+00 -1.000000000000000000e+00 -1.000000000000000000e+00 -1.000000000000000000e+00 -1.000000000000000000e+00 1.683835000000000036e+03 2.720657000000000153e+03 1.048999999999999932e+00 9.060000000000000275e-01 2.381499999999999950e+00 8.080000000000000515e-01
1.000000000000000000e+01 4.638000000000000000e+03 -1.000000000000000000e+00 -1.000000000000000000e+00 -1.000000000000000000e+00 -1.000000000000000000e+00 -1.000000000000000000e+00 1.706597999999999956e+03 2.685110999999999876e+03 9.060000000000000275e-01 8.565000000000000391e-01 2.188000000000000167e+00 7.960000000000000409e-01
1.000000000000000000e+01 4.643000000000000000e+03 -1.000000000000000000e+00 -1.000000000000000000e+00 -1.000000000000000000e+00 -1.000000000000000000e+00 -1.000000000000000000e+00 1.666652000000000044e+03 2.739184000000000196e+03 1.306999999999999940e+00 9.639999999999999680e-01 2.557999999999999829e+00 9.569999999999999618e-01
1.000000000000000000e+01 4.639000000000000000e+03 -1.000000000000000000e+00 -1.000000000000000000e+00 -1.000000000000000000e+00 -1.000000000000000000e+00 -1.000000000000000000e+00 1.693797000000000025e+03 2.707277999999999793e+03 8.840000000000000080e-01 9.409999999999999476e-01 2.302999999999999936e+00 7.930000000000000382e-01
1.000000000000000000e+01 4.641000000000000000e+03 -1.000000000000000000e+00 -1.000000000000000000e+00 -1.000000000000000000e+00 -1.000000000000000000e+00 -1.000000000000000000e+00 1.680224999999999909e+03 2.725577000000000226e+03 1.024000000000000021e+00 9.060000000000000275e-01 2.381499999999999950e+00 8.080000000000000515e-01
1.100000000000000000e+01 4.638000000000000000e+03 -1.000000000000000000e+00 -1.000000000000000000e+00 -1.000000000000000000e+00 -1.000000000000000000e+00 -1.000000000000000000e+00 1.703557999999999993e+03 2.689077999999999975e+03 8.689999999999999947e-01 8.565000000000000391e-01 2.188000000000000167e+00 7.960000000000000409e-01
1.100000000000000000e+01 4.643000000000000000e+03 -1.000000000000000000e+00 -1.000000000000000000e+00 -1.000000000000000000e+00 -1.000000000000000000e+00 -1.000000000000000000e+00 1.665685999999999922e+03 2.740750000000000000e+03 1.239999999999999991e+00 9.639999999999999680e-01 2.557999999999999829e+00 9.569999999999999618e-01
1.100000000000000000e+01 4.639000000000000000e+03 -1.000000000000000000e+00 -1.000000000000000000e+00 -1.000000000000000000e+00 -1.000000000000000000e+00 -1.000000000000000000e+00 1.690574000000000069e+03 2.711742000000000189e+03 9.040000000000000258e-01 9.409999999999999476e-01 2.302999999999999936e+00 7.930000000000000382e-01
1.100000000000000000e+01 4.641000000000000000e+03 -1.000000000000000000e+00 -1.000000000000000000e+00 -1.000000000000000000e+00 -1.000000000000000000e+00 -1.000000000000000000e+00 1.676952999999999975e+03 2.730110999999999876e+03 9.989999999999999991e-01 9.060000000000000275e-01 2.381499999999999950e+00 8.080000000000000515e-01
1.200000000000000000e+01 4.638000000000000000e+03 -1.000000000000000000e+00 -1.000000000000000000e+00 -1.000000000000000000e+00 -1.000000000000000000e+00 -1.000000000000000000e+00 1.700578999999999951e+03 2.693070999999999913e+03 8.810000000000000053e-01 8.565000000000000391e-01 2.188000000000000167e+00 7.960000000000000409e-01
1.200000000000000000e+01 4.643000000000000000e+03 -1.000000000000000000e+00 -1.000000000000000000e+00 -1.000000000000000000e+00 -1.000000000000000000e+00 -1.000000000000000000e+00 1.664871000000000095e+03 2.742072000000000116e+03 1.274000000000000021e+00 9.639999999999999680e-01 2.557999999999999829e+00 9.569999999999999618e-01
1.200000000000000000e+01 4.639000000000000000e+03 -1.000000000000000000e+00 -1.000000000000000000e+00 -1.000000000000000000e+00 -1.000000000000000000e+00 -1.000000000000000000e+00 1.687428000000000111e+03 2.716003999999999905e+03 9.240000000000000435e-01 9.409999999999999476e-01 2.302999999999999936e+00 7.930000000000000382e-01
1.200000000000000000e+01 4.644000000000000000e+03 -1.000000000000000000e+00 -1.000000000000000000e+00 -1.000000000000000000e+00 -1.000000000000000000e+00 -1.000000000000000000e+00 1.658885999999999967e+03 2.755967000000000098e+03 1.191000000000000059e+00 9.070000000000000284e-01 2.399500000000000188e+00 9.849999999999999867e-01
1.200000000000000000e+01 4.641000000000000000e+03 -1.000000000000000000e+00 -1.000000000000000000e+00 -1.000000000000000000e+00 -1.000000000000000000e+00 -1.000000000000000000e+00 1.673917999999999893e+03 2.734288000000000011e+03 9.989999999999999991e-01 9.060000000000000275e-01 2.381499999999999950e+00 8.080000000000000515e-01
1.300000000000000000e+01 4.638000000000000000e+03 -1.000000000000000000e+00 -1.000000000000000000e+00 -1.000000000000000000e+00 -1.000000000000000000e+00 -1.000000000000000000e+00 1.697727000000000089e+03 2.696940000000000055e+03 8.940000000000000169e-01 8.565000000000000391e-01 2.188000000000000167e+00 7.960000000000000409e-01
1.300000000000000000e+01 4.643000000000000000e+03 -1.000000000000000000e+00 -1.000000000000000000e+00 -1.000000000000000000e+00 -1.000000000000000000e+00 -1.000000000000000000e+00 1.664051999999999907e+03 2.743266000000000076e+03 1.256999999999999895e+00 9.639999999999999680e-01 2.557999999999999829e+00 9.569999999999999618e-01
1.300000000000000000e+01 4.639000000000000000e+03 -1.000000000000000000e+00 -1.000000000000000000e+00 -1.000000000000000000e+00 -1.000000000000000000e+00 -1.000000000000000000e+00 1.684340999999999894e+03 2.720190999999999804e+03 9.429999999999999494e-01 9.409999999999999476e-01 2.302999999999999936e+00 7.930000000000000382e-01
1.300000000000000000e+01 4.644000000000000000e+03 -1.000000000000000000e+00 -1.000000000000000000e+00 -1.000000000000000000e+00 -1.000000000000000000e+00 -1.000000000000000000e+00 1.658935999999999922e+03 2.756010000000000218e+03 1.129000000000000004e+00 9.070000000000000284e-01 2.399500000000000188e+00 9.849999999999999867e-01
1.300000000000000000e+01 4.641000000000000000e+03 -1.000000000000000000e+00 -1.000000000000000000e+00 -1.000000000000000000e+00 -1.000000000000000000e+00 -1.000000000000000000e+00 1.671248000000000047e+03 2.738081999999999880e+03 9.989999999999999991e-01 9.060000000000000275e-01 2.381499999999999950e+00 8.080000000000000515e-01
1.400000000000000000e+01 4.638000000000000000e+03 -1.000000000000000000e+00 -1.000000000000000000e+00 -1.000000000000000000e+00 -1.000000000000000000e+00 -1.000000000000000000e+00 1.694845000000000027e+03 2.700800000000000182e+03 8.820000000000000062e-01 8.565000000000000391e-01 2.188000000000000167e+00 7.960000000000000409e-01
1.400000000000000000e+01 4.643000000000000000e+03 -1.000000000000000000e+00 -1.000000000000000000e+00 -1.000000000000000000e+00 -1.000000000000000000e+00 -1.000000000000000000e+00 1.663548999999999978e+03 2.744219000000000051e+03 1.223999999999999977e+00 9.639999999999999680e-01 2.557999999999999829e+00 9.569999999999999618e-01
1.400000000000000000e+01 4.639000000000000000e+03 -1.000000000000000000e+00 -1.000000000000000000e+00 -1.000000000000000000e+00 -1.000000000000000000e+00 -1.000000000000000000e+00 1.681531999999999925e+03 2.724123999999999796e+03 9.130000000000000338e-01 9.409999999999999476e-01 2.302999999999999936e+00 7.930000000000000382e-01
1.400000000000000000e+01 4.644000000000000000e+03 -1.000000000000000000e+00 -1.000000000000000000e+00 -1.000000000000000000e+00 -1.000000000000000000e+00 -1.000000000000000000e+00 1.658987000000000080e+03 2.756052999999999884e+03 1.066000000000000059e+00 9.070000000000000284e-01 2.399500000000000188e+00 9.849999999999999867e-01
1.400000000000000000e+01 4.641000000000000000e+03 -1.000000000000000000e+00 -1.000000000000000000e+00 -1.000000000000000000e+00 -1.000000000000000000e+00 -1.000000000000000000e+00 1.669053000000000111e+03 2.741342000000000098e+03 9.989999999999999991e-01 9.060000000000000275e-01 2.381499999999999950e+00 8.080000000000000515e-01
1.500000000000000000e+01 4.638000000000000000e+03 -1.000000000000000000e+00 -1.000000000000000000e+00 -1.000000000000000000e+00 -1.000000000000000000e+00 -1.000000000000000000e+00 1.691964999999999918e+03 2.704655999999999949e+03 8.689999999999999947e-01 8.565000000000000391e-01 2.188000000000000167e+00 7.960000000000000409e-01
1.500000000000000000e+01 4.643000000000000000e+03 -1.000000000000000000e+00 -1.000000000000000000e+00 -1.000000000000000000e+00 -1.000000000000000000e+00 -1.000000000000000000e+00 1.662978000000000065e+03 2.745148999999999887e+03 1.189999999999999947e+00 9.639999999999999680e-01 2.557999999999999829e+00 9.569999999999999618e-01
1.500000000000000000e+01 4.639000000000000000e+03 -1.000000000000000000e+00 -1.000000000000000000e+00 -1.000000000000000000e+00 -1.000000000000000000e+00 -1.000000000000000000e+00 1.679067999999999984e+03 2.727657000000000153e+03 8.820000000000000062e-01 9.409999999999999476e-01 2.302999999999999936e+00 7.930000000000000382e-01
1.500000000000000000e+01 4.644000000000000000e+03 -1.000000000000000000e+00 -1.000000000000000000e+00 -1.000000000000000000e+00 -1.000000000000000000e+00 -1.000000000000000000e+00 1.659037000000000035e+03 2.756097000000000207e+03 1.004000000000000004e+00 9.070000000000000284e-01 2.399500000000000188e+00 9.849999999999999867e-01
1.500000000000000000e+01 4.641000000000000000e+03 -1.000000000000000000e+00 -1.000000000000000000e+00 -1.000000000000000000e+00 -1.000000000000000000e+00 -1.000000000000000000e+00 1.667299999999999955e+03 2.744027000000000044e+03 9.989999999999999991e-01 9.060000000000000275e-01 2.381499999999999950e+00 8.080000000000000515e-01
1.600000000000000000e+01 4.638000000000000000e+03 -1.000000000000000000e+00 -1.000000000000000000e+00 -1.000000000000000000e+00 -1.000000000000000000e+00 -1.000000000000000000e+00 1.689326000000000022e+03 2.708182999999999993e+03 8.820000000000000062e-01 8.565000000000000391e-01 2.188000000000000167e+00 7.960000000000000409e-01
1.600000000000000000e+01 4.643000000000000000e+03 -1.000000000000000000e+00 -1.000000000000000000e+00 -1.000000000000000000e+00 -1.000000000000000000e+00 -1.000000000000000000e+00 1.662480999999999995e+03 2.745958999999999833e+03 1.157000000000000028e+00 9.639999999999999680e-01 2.557999999999999829e+00 9.569999999999999618e-01
1.600000000000000000e+01 4.639000000000000000e+03 -1.000000000000000000e+00 -1.000000000000000000e+00 -1.000000000000000000e+00 -1.000000000000000000e+00 -1.000000000000000000e+00 1.676808999999999969e+03 2.730871999999999844e+03 8.519999999999999796e-01 9.409999999999999476e-01 2.302999999999999936e+00 7.930000000000000382e-01
1.600000000000000000e+01 4.644000000000000000e+03 -1.000000000000000000e+00 -1.000000000000000000e+00 -1.000000000000000000e+00 -1.000000000000000000e+00 -1.000000000000000000e+00 1.659087999999999965e+03 2.756139999999999873e+03 9.409999999999999476e-01 9.070000000000000284e-01 2.399500000000000188e+00 9.849999999999999867e-01
1.600000000000000000e+01 4.641000000000000000e+03 -1.000000000000000000e+00 -1.000000000000000000e+00 -1.000000000000000000e+00 -1.000000000000000000e+00 -1.000000000000000000e+00 1.665789999999999964e+03 2.746322000000000116e+03 9.739999999999999769e-01 9.060000000000000275e-01 2.381499999999999950e+00 8.080000000000000515e-01
1.700000000000000000e+01 4.638000000000000000e+03 -1.000000000000000000e+00 -1.000000000000000000e+00 -1.000000000000000000e+00 -1.000000000000000000e+00 -1.000000000000000000e+00 1.686786000000000058e+03 2.711778999999999996e+03 8.950000000000000178e-01 8.565000000000000391e-01 2.188000000000000167e+00 7.960000000000000409e-01
1.700000000000000000e+01 4.643000000000000000e+03 -1.000000000000000000e+00 -1.000000000000000000e+00 -1.000000000000000000e+00 -1.000000000000000000e+00 -1.000000000000000000e+00 1.662117999999999938e+03 2.746541000000000167e+03 1.106999999999999984e+00 9.639999999999999680e-01 2.557999999999999829e+00 9.569999999999999618e-01
1.700000000000000000e+01 4.639000000000000000e+03 -1.000000000000000000e+00 -1.000000000000000000e+00 -1.000000000000000000e+00 -1.000000000000000000e+00 -1.000000000000000000e+00 1.674836000000000013e+03 2.733663000000000011e+03 8.219999999999999529e-01 9.409999999999999476e-01 2.302999999999999936e+00 7.930000000000000382e-01
1.700000000000000000e+01 4.644000000000000000e+03 -1.000000000000000000e+00 -1.000000000000000000e+00 -1.000000000000000000e+00 -1.000000000000000000e+00 -1.000000000000000000e+00 1.659109999999999900e+03 2.756155000000000200e+03 9.210000000000000409e-01 9.070000000000000284e-01 2.399500000000000188e+00 9.849999999999999867e-01
1.700000000000000000e+01 4.641000000000000000e+03 -1.000000000000000000e+00 -1.000000000000000000e+00 -1.000000000000000000e+00 -1.000000000000000000e+00 -1.000000000000000000e+00 1.664690000000000055e+03 2.748021000000000186e+03 9.489999999999999547e-01 9.060000000000000275e-01 2.381499999999999950e+00 8.080000000000000515e-01
1.800000000000000000e+01 4.638000000000000000e+03 -1.000000000000000000e+00 -1.000000000000000000e+00 -1.000000000000000000e+00 -1.000000000000000000e+00 -1.000000000000000000e+00 1.684409000000000106e+03 2.714920999999999822e+03 9.070000000000000284e-01 8.565000000000000391e-01 2.188000000000000167e+00 7.960000000000000409e-01
1.800000000000000000e+01 4.643000000000000000e+03 -1.000000000000000000e+00 -1.000000000000000000e+00 -1.000000000000000000e+00 -1.000000000000000000e+00 -1.000000000000000000e+00 1.661772999999999911e+03 2.747092999999999847e+03 1.157000000000000028e+00 9.639999999999999680e-01 2.557999999999999829e+00 9.569999999999999618e-01
1.800000000000000000e+01 4.639000000000000000e+03 -1.000000000000000000e+00 -1.000000000000000000e+00 -1.000000000000000000e+00 -1.000000000000000000e+00 -1.000000000000000000e+00 1.673145999999999958e+03 2.736068999999999960e+03 8.409999999999999698e-01 9.409999999999999476e-01 2.302999999999999936e+00 7.930000000000000382e-01
1.800000000000000000e+01 4.644000000000000000e+03 -1.000000000000000000e+00 -1.000000000000000000e+00 -1.000000000000000000e+00 -1.000000000000000000e+00 -1.000000000000000000e+00 1.659133000000000038e+03 2.756170000000000073e+03 9.000000000000000222e-01 9.070000000000000284e-01 2.399500000000000188e+00 9.849999999999999867e-01
1.800000000000000000e+01 4.641000000000000000e+03 -1.000000000000000000e+00 -1.000000000000000000e+00 -1.000000000000000000e+00 -1.000000000000000000e+00 -1.000000000000000000e+00 1.663988000000000056e+03 2.749141000000000076e+03 9.240000000000000435e-01 9.060000000000000275e-01 2.381499999999999950e+00 8.080000000000000515e-01
1.900000000000000000e+01 4.638000000000000000e+03 -1.000000000000000000e+00 -1.000000000000000000e+00 -1.000000000000000000e+00 -1.000000000000000000e+00 -1.000000000000000000e+00 1.682054000000000087e+03 2.718085000000000036e+03 9.200000000000000400e-01 8.565000000000000391e-01 2.188000000000000167e+00 7.960000000000000409e-01
1.900000000000000000e+01 4.643000000000000000e+03 -1.000000000000000000e+00 -1.000000000000000000e+00 -1.000000000000000000e+00 -1.000000000000000000e+00 -1.000000000000000000e+00 1.661511999999999944e+03 2.747510999999999967e+03 1.157000000000000028e+00 9.639999999999999680e-01 2.557999999999999829e+00 9.569999999999999618e-01
1.900000000000000000e+01 4.639000000000000000e+03 -1.000000000000000000e+00 -1.000000000000000000e+00 -1.000000000000000000e+00 -1.000000000000000000e+00 -1.000000000000000000e+00 1.671748000000000047e+03 2.738144999999999982e+03 8.110000000000000542e-01 9.409999999999999476e-01 2.302999999999999936e+00 7.930000000000000382e-01
1.900000000000000000e+01 4.644000000000000000e+03 -1.000000000000000000e+00 -1.000000000000000000e+00 -1.000000000000000000e+00 -1.000000000000000000e+00 -1.000000000000000000e+00 1.659154999999999973e+03 2.756184999999999945e+03 8.800000000000000044e-01 9.070000000000000284e-01 2.399500000000000188e+00 9.849999999999999867e-01
1.900000000000000000e+01 4.641000000000000000e+03 -1.000000000000000000e+00 -1.000000000000000000e+00 -1.000000000000000000e+00 -1.000000000000000000e+00 -1.000000000000000000e+00 1.663477000000000089e+03 2.749918999999999869e+03 8.990000000000000213e-01 9.060000000000000275e-01 2.381499999999999950e+00 8.080000000000000515e-01
2.000000000000000000e+01 4.638000000000000000e+03 -1.000000000000000000e+00 -1.000000000000000000e+00 -1.000000000000000000e+00 -1.000000000000000000e+00 -1.000000000000000000e+00 1.680278000000000020e+03 2.720625000000000000e+03 9.260000000000000453e-01 8.565000000000000391e-01 2.188000000000000167e+00 7.960000000000000409e-01
2.000000000000000000e+01 4.643000000000000000e+03 -1.000000000000000000e+00 -1.000000000000000000e+00 -1.000000000000000000e+00 -1.000000000000000000e+00 -1.000000000000000000e+00 1.661269000000000005e+03 2.747898999999999887e+03 1.106999999999999984e+00 9.639999999999999680e-01 2.557999999999999829e+00 9.569999999999999618e-01
2.000000000000000000e+01 4.639000000000000000e+03 -1.000000000000000000e+00 -1.000000000000000000e+00 -1.000000000000000000e+00 -1.000000000000000000e+00 -1.000000000000000000e+00 1.670557999999999993e+03 2.739804000000000087e+03 8.329999999999999627e-01 9.409999999999999476e-01 2.302999999999999936e+00 7.930000000000000382e-01
2.000000000000000000e+01 4.644000000000000000e+03 -1.000000000000000000e+00 -1.000000000000000000e+00 -1.000000000000000000e+00 -1.000000000000000000e+00 -1.000000000000000000e+00 1.659178000000000111e+03 2.756199999999999818e+03 8.599999999999999867e-01 9.070000000000000284e-01 2.399500000000000188e+00 9.849999999999999867e-01
2.000000000000000000e+01 4.641000000000000000e+03 -1.000000000000000000e+00 -1.000000000000000000e+00 -1.000000000000000000e+00 -1.000000000000000000e+00 -1.000000000000000000e+00 1.663305000000000064e+03 2.750204000000000178e+03 8.990000000000000213e-01 9.060000000000000275e-01 2.381499999999999950e+00 8.080000000000000515e-01
2.100000000000000000e+01 4.638000000000000000e+03 -1.000000000000000000e+00 -1.000000000000000000e+00 -1.000000000000000000e+00 -1.000000000000000000e+00 -1.000000000000000000e+00 1.678635999999999967e+03 2.722878000000000156e+03 9.320000000000000506e-01 8.565000000000000391e-01 2.188000000000000167e+00 7.960000000000000409e-01
2.100000000000000000e+01 4.643000000000000000e+03 -1.000000000000000000e+00 -1.000000000000000000e+00 -1.000000000000000000e+00 -1.000000000000000000e+00 -1.000000000000000000e+00 1.661260999999999967e+03 2.747913000000000011e+03 1.122000000000000108e+00 9.639999999999999680e-01 2.557999999999999829e+00 9.569999999999999618e-01
2.100000000000000000e+01 4.639000000000000000e+03 -1.000000000000000000e+00 -1.000000000000000000e+00 -1.000000000000000000e+00 -1.000000000000000000e+00 -1.000000000000000000e+00 1.669707000000000107e+03 2.741052999999999884e+03 8.529999999999999805e-01 9.409999999999999476e-01 2.302999999999999936e+00 7.930000000000000382e-01
2.100000000000000000e+01 4.644000000000000000e+03 -1.000000000000000000e+00 -1.000000000000000000e+00 -1.000000000000000000e+00 -1.000000000000000000e+00 -1.000000000000000000e+00 1.659198000000000093e+03 2.756213000000000193e+03 8.409999999999999698e-01 9.070000000000000284e-01 2.399500000000000188e+00 9.849999999999999867e-01
2.100000000000000000e+01 4.641000000000000000e+03 -1.000000000000000000e+00 -1.000000000000000000e+00 -1.000000000000000000e+00 -1.000000000000000000e+00 -1.000000000000000000e+00 1.663148999999999887e+03 2.750460999999999785e+03 8.990000000000000213e-01 9.060000000000000275e-01 2.381499999999999950e+00 8.080000000000000515e-01
2.200000000000000000e+01 4.638000000000000000e+03 -1.000000000000000000e+00 -1.000000000000000000e+00 -1.000000000000000000e+00 -1.000000000000000000e+00 -1.000000000000000000e+00 1.676964999999999918e+03 2.725206999999999880e+03 9.509999999999999565e-01 8.565000000000000391e-01 2.188000000000000167e+00 7.960000000000000409e-01
2.200000000000000000e+01 4.643000000000000000e+03 -1.000000000000000000e+00 -1.000000000000000000e+00 -1.000000000000000000e+00 -1.000000000000000000e+00 -1.000000000000000000e+00 1.661250999999999976e+03 2.747927000000000135e+03 1.088999999999999968e+00 9.639999999999999680e-01 2.557999999999999829e+00 9.569999999999999618e-01
2.200000000000000000e+01 4.639000000000000000e+03 -1.000000000000000000e+00 -1.000000000000000000e+00 -1.000000000000000000e+00 -1.000000000000000000e+00 -1.000000000000000000e+00 1.669030999999999949e+03 2.742079999999999927e+03 8.750000000000000000e-01 9.409999999999999476e-01 2.302999999999999936e+00 7.930000000000000382e-01
2.200000000000000000e+01 4.644000000000000000e+03 -1.000000000000000000e+00 -1.000000000000000000e+00 -1.000000000000000000e+00 -1.000000000000000000e+00 -1.000000000000000000e+00 1.659201999999999998e+03 2.756206000000000131e+03 8.409999999999999698e-01 9.070000000000000284e-01 2.399500000000000188e+00 9.849999999999999867e-01
2.200000000000000000e+01 4.641000000000000000e+03 -1.000000000000000000e+00 -1.000000000000000000e+00 -1.000000000000000000e+00 -1.000000000000000000e+00 -1.000000000000000000e+00 1.663135999999999967e+03 2.750483999999999924e+03 8.990000000000000213e-01 9.060000000000000275e-01 2.381499999999999950e+00 8.080000000000000515e-01
2.300000000000000000e+01 4.638000000000000000e+03 -1.000000000000000000e+00 -1.000000000000000000e+00 -1.000000000000000000e+00 -1.000000000000000000e+00 -1.000000000000000000e+00 1.675431000000000040e+03 2.727362000000000080e+03 9.709999999999999742e-01 8.565000000000000391e-01 2.188000000000000167e+00 7.960000000000000409e-01
2.300000000000000000e+01 4.643000000000000000e+03 -1.000000000000000000e+00 -1.000000000000000000e+00 -1.000000000000000000e+00 -1.000000000000000000e+00 -1.000000000000000000e+00 1.661183999999999969e+03 2.748032999999999902e+03 1.106999999999999984e+00 9.639999999999999680e-01 2.557999999999999829e+00 9.569999999999999618e-01
2.300000000000000000e+01 4.639000000000000000e+03 -1.000000000000000000e+00 -1.000000000000000000e+00 -1.000000000000000000e+00 -1.000000000000000000e+00 -1.000000000000000000e+00 1.668483999999999924e+03 2.742898999999999887e+03 8.990000000000000213e-01 9.409999999999999476e-01 2.302999999999999936e+00 7.930000000000000382e-01
2.300000000000000000e+01 4.644000000000000000e+03 -1.000000000000000000e+00 -1.000000000000000000e+00 -1.000000000000000000e+00 -1.000000000000000000e+00 -1.000000000000000000e+00 1.659207000000000107e+03 2.756199000000000069e+03 8.409999999999999698e-01 9.070000000000000284e-01 2.399500000000000188e+00 9.849999999999999867e-01
2.300000000000000000e+01 4.641000000000000000e+03 -1.000000000000000000e+00 -1.000000000000000000e+00 -1.000000000000000000e+00 -1.000000000000000000e+00 -1.000000000000000000e+00 1.663121000000000095e+03 2.750509000000000015e+03 8.990000000000000213e-01 9.060000000000000275e-01 2.381499999999999950e+00 8.080000000000000515e-01
2.400000000000000000e+01 4.638000000000000000e+03 -1.000000000000000000e+00 -1.000000000000000000e+00 -1.000000000000000000e+00 -1.000000000000000000e+00 -1.000000000000000000e+00 1.674125999999999976e+03 2.729230000000000018e+03 9.389999999999999458e-01 8.565000000000000391e-01 2.188000000000000167e+00 7.960000000000000409e-01
2.400000000000000000e+01 4.643000000000000000e+03 -1.000000000000000000e+00 -1.000000000000000000e+00 -1.000000000000000000e+00 -1.000000000000000000e+00 -1.000000000000000000e+00 1.661174999999999955e+03 2.748047999999999774e+03 1.074000000000000066e+00 9.639999999999999680e-01 2.557999999999999829e+00 9.569999999999999618e-01
2.400000000000000000e+01 4.639000000000000000e+03 -1.000000000000000000e+00 -1.000000000000000000e+00 -1.000000000000000000e+00 -1.000000000000000000e+00 -1.000000000000000000e+00 1.668236000000000104e+03 2.743300999999999931e+03 8.219999999999999529e-01 9.409999999999999476e-01 2.302999999999999936e+00 7.930000000000000382e-01
2.400000000000000000e+01 4.644000000000000000e+03 -1.000000000000000000e+00 -1.000000000000000000e+00 -1.000000000000000000e+00 -1.000000000000000000e+00 -1.000000000000000000e+00 1.659211999999999989e+03 2.756192000000000007e+03 8.409999999999999698e-01 9.070000000000000284e-01 2.399500000000000188e+00 9.849999999999999867e-01
2.400000000000000000e+01 4.648000000000000000e+03 -1.000000000000000000e+00 -1.000000000000000000e+00 -1.000000000000000000e+00 -1.000000000000000000e+00 -1.000000000000000000e+00 1.697771999999999935e+03 2.700431999999999789e+03 8.469999999999999751e-01 9.455000000000000071e-01 2.382000000000000117e+00 8.060000000000000497e-01
2.400000000000000000e+01 4.641000000000000000e+03 -1.000000000000000000e+00 -1.000000000000000000e+00 -1.000000000000000000e+00 -1.000000000000000000e+00 -1.000000000000000000e+00 1.663106999999999971e+03 2.750532000000000153e+03 8.990000000000000213e-01 9.060000000000000275e-01 2.381499999999999950e+00 8.080000000000000515e-01
2.500000000000000000e+01 4.638000000000000000e+03 -1.000000000000000000e+00 -1.000000000000000000e+00 -1.000000000000000000e+00 -1.000000000000000000e+00 -1.000000000000000000e+00 1.673031999999999925e+03 2.730802999999999884e+03 9.080000000000000293e-01 8.565000000000000391e-01 2.188000000000000167e+00 7.960000000000000409e-01
2.500000000000000000e+01 4.643000000000000000e+03 -1.000000000000000000e+00 -1.000000000000000000e+00 -1.000000000000000000e+00 -1.000000000000000000e+00 -1.000000000000000000e+00 1.661211999999999989e+03 2.747987999999999829e+03 1.139999999999999902e+00 9.639999999999999680e-01 2.557999999999999829e+00 9.569999999999999618e-01
2.500000000000000000e+01 4.639000000000000000e+03 -1.000000000000000000e+00 -1.000000000000000000e+00 -1.000000000000000000e+00 -1.000000000000000000e+00 -1.000000000000000000e+00 1.668163999999999987e+03 2.743396000000000186e+03 8.639999999999999902e-01 9.409999999999999476e-01 2.302999999999999936e+00 7.930000000000000382e-01
2.500000000000000000e+01 4.644000000000000000e+03 -1.000000000000000000e+00 -1.000000000000000000e+00 -1.000000000000000000e+00 -1.000000000000000000e+00 -1.000000000000000000e+00 1.659215999999999894e+03 2.756186000000000149e+03 8.409999999999999698e-01 9.070000000000000284e-01 2.399500000000000188e+00 9.849999999999999867e-01
2.500000000000000000e+01 4.648000000000000000e+03 -1.000000000000000000e+00 -1.000000000000000000e+00 -1.000000000000000000e+00 -1.000000000000000000e+00 -1.000000000000000000e+00 1.695675999999999931e+03 2.703413000000000011e+03 8.469999999999999751e-01 9.455000000000000071e-01 2.382000000000000117e+00 8.060000000000000497e-01
2.500000000000000000e+01 4.641000000000000000e+03 -1.000000000000000000e+00 -1.000000000000000000e+00 -1.000000000000000000e+00 -1.000000000000000000e+00 -1.000000000000000000e+00 1.663108999999999924e+03 2.750523999999999887e+03 8.990000000000000213e-01 9.060000000000000275e-01 2.381499999999999950e+00 8.080000000000000515e-01
2.600000000000000000e+01 4.638000000000000000e+03 -1.000000000000000000e+00 -1.000000000000000000e+00 -1.000000000000000000e+00 -1.000000000000000000e+00 -1.000000000000000000e+00 1.672123000000000047e+03 2.732061000000000149e+03 9.080000000000000293e-01 8.565000000000000391e-01 2.188000000000000167e+00 7.960000000000000409e-01
2.600000000000000000e+01 4.643000000000000000e+03 -1.000000000000000000e+00 -1.000000000000000000e+00 -1.000000000000000000e+00 -1.000000000000000000e+00 -1.000000000000000000e+00 1.661211999999999989e+03 2.747987999999999829e+03 1.157000000000000028e+00 9.639999999999999680e-01 2.557999999999999829e+00 9.569999999999999618e-01
2.600000000000000000e+01 4.639000000000000000e+03 -1.000000000000000000e+00 -1.000000000000000000e+00 -1.000000000000000000e+00 -1.000000000000000000e+00 -1.000000000000000000e+00 1.668086000000000013e+03 2.743498000000000047e+03 8.559999999999999831e-01 9.409999999999999476e-01 2.302999999999999936e+00 7.930000000000000382e-01
2.600000000000000000e+01 4.644000000000000000e+03 -1.000000000000000000e+00 -1.000000000000000000e+00 -1.000000000000000000e+00 -1.000000000000000000e+00 -1.000000000000000000e+00 1.659203999999999951e+03 2.756204000000000178e+03 8.409999999999999698e-01 9.070000000000000284e-01 2.399500000000000188e+00 9.849999999999999867e-01
2.600000000000000000e+01 4.648000000000000000e+03 -1.000000000000000000e+00 -1.000000000000000000e+00 -1.000000000000000000e+00 -1.000000000000000000e+00 -1.000000000000000000e+00 1.693578999999999951e+03 2.706394999999999982e+03 8.469999999999999751e-01 9.455000000000000071e-01 2.382000000000000117e+00 8.060000000000000497e-01
2.600000000000000000e+01 4.641000000000000000e+03 -1.000000000000000000e+00 -1.000000000000000000e+00 -1.000000000000000000e+00 -1.000000000000000000e+00 -1.000000000000000000e+00 1.663111000000000104e+03 2.750516000000000076e+03 8.990000000000000213e-01 9.060000000000000275e-01 2.381499999999999950e+00 8.080000000000000515e-01
2.700000000000000000e+01 4.638000000000000000e+03 -1.000000000000000000e+00 -1.000000000000000000e+00 -1.000000000000000000e+00 -1.000000000000000000e+00 -1.000000000000000000e+00 1.671300999999999931e+03 2.733152999999999793e+03 9.080000000000000293e-01 8.565000000000000391e-01 2.188000000000000167e+00 7.960000000000000409e-01
2.700000000000000000e+01 4.643000000000000000e+03 -1.000000000000000000e+00 -1.000000000000000000e+00 -1.000000000000000000e+00 -1.000000000000000000e+00 -1.000000000000000000e+00 1.661221999999999980e+03 2.747974000000000160e+03 1.125999999999999890e+00 9.639999999999999680e-01 2.557999999999999829e+00 9.569999999999999618e-01
2.700000000000000000e+01 4.639000000000000000e+03 -1.000000000000000000e+00 -1.000000000000000000e+00 -1.000000000000000000e+00 -1.000000000000000000e+00 -1.000000000000000000e+00 1.668031999999999925e+03 2.743565000000000055e+03 8.479999999999999760e-01 9.409999999999999476e-01 2.302999999999999936e+00 7.930000000000000382e-01
2.700000000000000000e+01 4.644000000000000000e+03 -1.000000000000000000e+00 -1.000000000000000000e+00 -1.000000000000000000e+00 -1.000000000000000000e+00 -1.000000000000000000e+00 1.659192000000000007e+03 2.756222000000000207e+03 8.409999999999999698e-01 9.070000000000000284e-01 2.399500000000000188e+00 9.849999999999999867e-01
2.700000000000000000e+01 4.648000000000000000e+03 -1.000000000000000000e+00 -1.000000000000000000e+00 -1.000000000000000000e+00 -1.000000000000000000e+00 -1.000000000000000000e+00 1.691510999999999967e+03 2.709391999999999825e+03 8.469999999999999751e-01 9.455000000000000071e-01 2.382000000000000117e+00 8.060000000000000497e-01
2.700000000000000000e+01 4.641000000000000000e+03 -1.000000000000000000e+00 -1.000000000000000000e+00 -1.000000000000000000e+00 -1.000000000000000000e+00 -1.000000000000000000e+00 1.663107999999999947e+03 2.750543999999999869e+03 8.990000000000000213e-01 9.060000000000000275e-01 2.381499999999999950e+00 8.080000000000000515e-01
2.800000000000000000e+01 4.638000000000000000e+03 -1.000000000000000000e+00 -1.000000000000000000e+00 -1.000000000000000000e+00 -1.000000000000000000e+00 -1.000000000000000000e+00 1.670817999999999984e+03 2.733876000000000204e+03 9.579999999999999627e-01 8.565000000000000391e-01 2.188000000000000167e+00 7.960000000000000409e-01
2.800000000000000000e+01 4.643000000000000000e+03 -1.000000000000000000e+00 -1.000000000000000000e+00 -1.000000000000000000e+00 -1.000000000000000000e+00 -1.000000000000000000e+00 1.661230999999999995e+03 2.747958999999999833e+03 1.161999999999999922e+00 9.639999999999999680e-01 2.557999999999999829e+00 9.569999999999999618e-01
2.800000000000000000e+01 4.639000000000000000e+03 -1.000000000000000000e+00 -1.000000000000000000e+00 -1.000000000000000000e+00 -1.000000000000000000e+00 -1.000000000000000000e+00 1.668086999999999989e+03 2.743534999999999854e+03 8.399999999999999689e-01 9.409999999999999476e-01 2.302999999999999936e+00 7.930000000000000382e-01
2.800000000000000000e+01 4.644000000000000000e+03 -1.000000000000000000e+00 -1.000000000000000000e+00 -1.000000000000000000e+00 -1.000000000000000000e+00 -1.000000000000000000e+00 1.659180000000000064e+03 2.756240999999999985e+03 8.409999999999999698e-01 9.070000000000000284e-01 2.399500000000000188e+00 9.849999999999999867e-01
2.800000000000000000e+01 4.648000000000000000e+03 -1.000000000000000000e+00 -1.000000000000000000e+00 -1.000000000000000000e+00 -1.000000000000000000e+00 -1.000000000000000000e+00 1.689583000000000084e+03 2.712193999999999960e+03 8.469999999999999751e-01 9.455000000000000071e-01 2.382000000000000117e+00 8.060000000000000497e-01
2.800000000000000000e+01 4.641000000000000000e+03 -1.000000000000000000e+00 -1.000000000000000000e+00 -1.000000000000000000e+00 -1.000000000000000000e+00 -1.000000000000000000e+00 1.663146999999999935e+03 2.750543000000000120e+03 9.150000000000000355e-01 9.060000000000000275e-01 2.381499999999999950e+00 8.080000000000000515e-01
2.900000000000000000e+01 4.638000000000000000e+03 -1.000000000000000000e+00 -1.000000000000000000e+00 -1.000000000000000000e+00 -1.000000000000000000e+00 -1.000000000000000000e+00 1.670448000000000093e+03 2.734456999999999880e+03 9.579999999999999627e-01 8.565000000000000391e-01 2.188000000000000167e+00 7.960000000000000409e-01
2.900000000000000000e+01 4.643000000000000000e+03 -1.000000000000000000e+00 -1.000000000000000000e+00 -1.000000000000000000e+00 -1.000000000000000000e+00 -1.000000000000000000e+00 1.661240999999999985e+03 2.747943999999999960e+03 1.147000000000000020e+00 9.639999999999999680e-01 2.557999999999999829e+00 9.569999999999999618e-01
2.900000000000000000e+01 4.639000000000000000e+03 -1.000000000000000000e+00 -1.000000000000000000e+00 -1.000000000000000000e+00 -1.000000000000000000e+00 -1.000000000000000000e+00 1.668060999999999922e+03 2.743563999999999851e+03 8.319999999999999618e-01 9.409999999999999476e-01 2.302999999999999936e+00 7.930000000000000382e-01
2.900000000000000000e+01 4.644000000000000000e+03 -1.000000000000000000e+00 -1.000000000000000000e+00 -1.000000000000000000e+00 -1.000000000000000000e+00 -1.000000000000000000e+00 1.659189000000000078e+03 2.756226999999999862e+03 8.409999999999999698e-01 9.070000000000000284e-01 2.399500000000000188e+00 9.849999999999999867e-01
2.900000000000000000e+01 4.648000000000000000e+03 -1.000000000000000000e+00 -1.000000000000000000e+00 -1.000000000000000000e+00 -1.000000000000000000e+00 -1.000000000000000000e+00 1.687653000000000020e+03 2.714998000000000047e+03 8.469999999999999751e-01 9.455000000000000071e-01 2.382000000000000117e+00 8.060000000000000497e-01
2.900000000000000000e+01 4.641000000000000000e+03 -1.000000000000000000e+00 -1.000000000000000000e+00 -1.000000000000000000e+00 -1.000000000000000000e+00 -1.000000000000000000e+00 1.663136999999999944e+03 2.750530000000000200e+03 9.320000000000000506e-01 9.060000000000000275e-01 2.381499999999999950e+00 8.080000000000000515e-01
3.000000000000000000e+01 4.638000000000000000e+03 -1.000000000000000000e+00 -1.000000000000000000e+00 -1.000000000000000000e+00 -1.000000000000000000e+00 -1.000000000000000000e+00 1.670269000000000005e+03 2.734731999999999971e+03 9.579999999999999627e-01 8.565000000000000391e-01 2.188000000000000167e+00 7.960000000000000409e-01
3.000000000000000000e+01 4.643000000000000000e+03 -1.000000000000000000e+00 -1.000000000000000000e+00 -1.000000000000000000e+00 -1.000000000000000000e+00 -1.000000000000000000e+00 1.661250000000000000e+03 2.747929000000000087e+03 1.133000000000000007e+00 9.639999999999999680e-01 2.557999999999999829e+00 9.569999999999999618e-01
3.000000000000000000e+01 4.639000000000000000e+03 -1.000000000000000000e+00 -1.000000000000000000e+00 -1.000000000000000000e+00 -1.000000000000000000e+00 -1.000000000000000000e+00 1.668054000000000087e+03 2.743557999999999993e+03 8.249999999999999556e-01 9.409999999999999476e-01 2.302999999999999936e+00 7.930000000000000382e-01
3.000000000000000000e+01 4.644000000000000000e+03 -1.000000000000000000e+00 -1.000000000000000000e+00 -1.000000000000000000e+00 -1.000000000000000000e+00 -1.000000000000000000e+00 1.659198000000000093e+03 2.756213000000000193e+03 8.409999999999999698e-01 9.070000000000000284e-01 2.399500000000000188e+00 9.849999999999999867e-01
3.000000000000000000e+01 4.648000000000000000e+03 -1.000000000000000000e+00 -1.000000000000000000e+00 -1.000000000000000000e+00 -1.000000000000000000e+00 -1.000000000000000000e+00 1.685753999999999905e+03 2.717822999999999865e+03 8.469999999999999751e-01 9.455000000000000071e-01 2.382000000000000117e+00 8.060000000000000497e-01
3.000000000000000000e+01 4.641000000000000000e+03 -1.000000000000000000e+00 -1.000000000000000000e+00 -1.000000000000000000e+00 -1.000000000000000000e+00 -1.000000000000000000e+00 1.663127999999999929e+03 2.750516999999999825e+03 9.489999999999999547e-01 9.060000000000000275e-01 2.381499999999999950e+00 8.080000000000000515e-01
3.100000000000000000e+01 4.638000000000000000e+03 -1.000000000000000000e+00 -1.000000000000000000e+00 -1.000000000000000000e+00 -1.000000000000000000e+00 -1.000000000000000000e+00 1.669992999999999938e+03 2.735079000000000178e+03 9.579999999999999627e-01 8.565000000000000391e-01 2.188000000000000167e+00 7.960000000000000409e-01
3.100000000000000000e+01 4.643000000000000000e+03 -1.000000000000000000e+00 -1.000000000000000000e+00 -1.000000000000000000e+00 -1.000000000000000000e+00 -1.000000000000000000e+00 1.661250000000000000e+03 2.747929000000000087e+03 1.127000000000000002e+00 9.639999999999999680e-01 2.557999999999999829e+00 9.569999999999999618e-01
3.100000000000000000e+01 4.639000000000000000e+03 -1.000000000000000000e+00 -1.000000000000000000e+00 -1.000000000000000000e+00 -1.000000000000000000e+00 -1.000000000000000000e+00 1.668047000000000025e+03 2.743552000000000135e+03 8.179999999999999494e-01 9.409999999999999476e-01 2.302999999999999936e+00 7.930000000000000382e-01
3.100000000000000000e+01 4.644000000000000000e+03 -1.000000000000000000e+00 -1.000000000000000000e+00 -1.000000000000000000e+00 -1.000000000000000000e+00 -1.000000000000000000e+00 1.659207000000000107e+03 2.756199999999999818e+03 8.409999999999999698e-01 9.070000000000000284e-01 2.399500000000000188e+00 9.849999999999999867e-01
3.100000000000000000e+01 4.648000000000000000e+03 -1.000000000000000000e+00 -1.000000000000000000e+00 -1.000000000000000000e+00 -1.000000000000000000e+00 -1.000000000000000000e+00 1.684047000000000025e+03 2.720364999999999782e+03 8.469999999999999751e-01 9.455000000000000071e-01 2.382000000000000117e+00 8.060000000000000497e-01
3.100000000000000000e+01 4.641000000000000000e+03 -1.000000000000000000e+00 -1.000000000000000000e+00 -1.000000000000000000e+00 -1.000000000000000000e+00 -1.000000000000000000e+00 1.663116999999999962e+03 2.750534000000000106e+03 9.489999999999999547e-01 9.060000000000000275e-01 2.381499999999999950e+00 8.080000000000000515e-01
3.200000000000000000e+01 4.638000000000000000e+03 -1.000000000000000000e+00 -1.000000000000000000e+00 -1.000000000000000000e+00 -1.000000000000000000e+00 -1.000000000000000000e+00 1.669938000000000102e+03 2.735255000000000109e+03 9.579999999999999627e-01 8.565000000000000391e-01 2.188000000000000167e+00 7.960000000000000409e-01
3.200000000000000000e+01 4.643000000000000000e+03 -1.000000000000000000e+00 -1.000000000000000000e+00 -1.000000000000000000e+00 -1.000000000000000000e+00 -1.000000000000000000e+00 1.661250000000000000e+03 2.747929000000000087e+03 1.120999999999999996e+00 9.639999999999999680e-01 2.557999999999999829e+00 9.569999999999999618e-01
3.200000000000000000e+01 4.639000000000000000e+03 -1.000000000000000000e+00 -1.000000000000000000e+00 -1.000000000000000000e+00 -1.000000000000000000e+00 -1.000000000000000000e+00 1.668039999999999964e+03 2.743545999999999822e+03 8.100000000000000533e-01 9.409999999999999476e-01 2.302999999999999936e+00 7.930000000000000382e-01
3.200000000000000000e+01 4.644000000000000000e+03 -1.000000000000000000e+00 -1.000000000000000000e+00 -1.000000000000000000e+00 -1.000000000000000000e+00 -1.000000000000000000e+00 1.659215999999999894e+03 2.756186000000000149e+03 8.409999999999999698e-01 9.070000000000000284e-01 2.399500000000000188e+00 9.849999999999999867e-01
3.200000000000000000e+01 4.648000000000000000e+03 -1.000000000000000000e+00 -1.000000000000000000e+00 -1.000000000000000000e+00 -1.000000000000000000e+00 -1.000000000000000000e+00 1.682148999999999887e+03 2.723190000000000055e+03 8.469999999999999751e-01 9.455000000000000071e-01 2.382000000000000117e+00 8.060000000000000497e-01
3.200000000000000000e+01 4.641000000000000000e+03 -1.000000000000000000e+00 -1.000000000000000000e+00 -1.000000000000000000e+00 -1.000000000000000000e+00 -1.000000000000000000e+00 1.663105000000000018e+03 2.750552999999999884e+03 9.489999999999999547e-01 9.060000000000000275e-01 2.381499999999999950e+00 8.080000000000000515e-01
3.300000000000000000e+01 4.638000000000000000e+03 -1.000000000000000000e+00 -1.000000000000000000e+00 -1.000000000000000000e+00 -1.000000000000000000e+00 -1.000000000000000000e+00 1.669844000000000051e+03 2.735376999999999953e+03 9.579999999999999627e-01 8.565000000000000391e-01 2.188000000000000167e+00 7.960000000000000409e-01
3.300000000000000000e+01 4.643000000000000000e+03 -1.000000000000000000e+00 -1.000000000000000000e+00 -1.000000000000000000e+00 -1.000000000000000000e+00 -1.000000000000000000e+00 1.661250000000000000e+03 2.747929000000000087e+03 1.114000000000000101e+00 9.639999999999999680e-01 2.557999999999999829e+00 9.569999999999999618e-01
3.300000000000000000e+01 4.639000000000000000e+03 -1.000000000000000000e+00 -1.000000000000000000e+00 -1.000000000000000000e+00 -1.000000000000000000e+00 -1.000000000000000000e+00 1.668071999999999889e+03 2.743503000000000156e+03 8.509999999999999787e-01 9.409999999999999476e-01 2.302999999999999936e+00 7.930000000000000382e-01
3.300000000000000000e+01 4.644000000000000000e+03 -1.000000000000000000e+00 -1.000000000000000000e+00 -1.000000000000000000e+00 -1.000000000000000000e+00 -1.000000000000000000e+00 1.659215999999999894e+03 2.756186000000000149e+03 8.409999999999999698e-01 9.070000000000000284e-01 2.399500000000000188e+00 9.849999999999999867e-01
3.300000000000000000e+01 4.648000000000000000e+03 -1.000000000000000000e+00 -1.000000000000000000e+00 -1.000000000000000000e+00 -1.000000000000000000e+00 -1.000000000000000000e+00 1.680436999999999898e+03 2.725751000000000204e+03 8.469999999999999751e-01 9.455000000000000071e-01 2.382000000000000117e+00 8.060000000000000497e-01
3.300000000000000000e+01 4.641000000000000000e+03 -1.000000000000000000e+00 -1.000000000000000000e+00 -1.000000000000000000e+00 -1.000000000000000000e+00 -1.000000000000000000e+00 1.663133000000000038e+03 2.750510999999999967e+03 9.489999999999999547e-01 9.060000000000000275e-01 2.381499999999999950e+00 8.080000000000000515e-01
3.400000000000000000e+01 4.638000000000000000e+03 -1.000000000000000000e+00 -1.000000000000000000e+00 -1.000000000000000000e+00 -1.000000000000000000e+00 -1.000000000000000000e+00 1.669804000000000087e+03 2.735393000000000029e+03 9.080000000000000293e-01 8.565000000000000391e-01 2.188000000000000167e+00 7.960000000000000409e-01
3.400000000000000000e+01 4.643000000000000000e+03 -1.000000000000000000e+00 -1.000000000000000000e+00 -1.000000000000000000e+00 -1.000000000000000000e+00 -1.000000000000000000e+00 1.661250000000000000e+03 2.747929000000000087e+03 1.106999999999999984e+00 9.639999999999999680e-01 2.557999999999999829e+00 9.569999999999999618e-01
3.400000000000000000e+01 4.639000000000000000e+03 -1.000000000000000000e+00 -1.000000000000000000e+00 -1.000000000000000000e+00 -1.000000000000000000e+00 -1.000000000000000000e+00 1.668145999999999958e+03 2.743456999999999880e+03 8.429999999999999716e-01 9.409999999999999476e-01 2.302999999999999936e+00 7.930000000000000382e-01
3.400000000000000000e+01 4.644000000000000000e+03 -1.000000000000000000e+00 -1.000000000000000000e+00 -1.000000000000000000e+00 -1.000000000000000000e+00 -1.000000000000000000e+00 1.659215999999999894e+03 2.756186000000000149e+03 8.409999999999999698e-01 9.070000000000000284e-01 2.399500000000000188e+00 9.849999999999999867e-01
3.400000000000000000e+01 4.648000000000000000e+03 -1.000000000000000000e+00 -1.000000000000000000e+00 -1.000000000000000000e+00 -1.000000000000000000e+00 -1.000000000000000000e+00 1.678880000000000109e+03 2.728081000000000131e+03 8.469999999999999751e-01 9.455000000000000071e-01 2.382000000000000117e+00 8.060000000000000497e-01
3.400000000000000000e+01 4.641000000000000000e+03 -1.000000000000000000e+00 -1.000000000000000000e+00 -1.000000000000000000e+00 -1.000000000000000000e+00 -1.000000000000000000e+00 1.663157999999999902e+03 2.750472000000000207e+03 9.489999999999999547e-01 9.060000000000000275e-01 2.381499999999999950e+00 8.080000000000000515e-01
3.500000000000000000e+01 4.638000000000000000e+03 -1.000000000000000000e+00 -1.000000000000000000e+00 -1.000000000000000000e+00 -1.000000000000000000e+00 -1.000000000000000000e+00 1.669826999999999998e+03 2.735494999999999891e+03 9.080000000000000293e-01 8.565000000000000391e-01 2.188000000000000167e+00 7.960000000000000409e-01
3.500000000000000000e+01 4.643000000000000000e+03 -1.000000000000000000e+00 -1.000000000000000000e+00 -1.000000000000000000e+00 -1.000000000000000000e+00 -1.000000000000000000e+00 1.661250000000000000e+03 2.747929000000000087e+03 1.106999999999999984e+00 9.639999999999999680e-01 2.557999999999999829e+00 9.569999999999999618e-01
3.500000000000000000e+01 4.639000000000000000e+03 -1.000000000000000000e+00 -1.000000000000000000e+00 -1.000000000000000000e+00 -1.000000000000000000e+00 -1.000000000000000000e+00 1.668125000000000000e+03 2.743485999999999876e+03 8.429999999999999716e-01 9.409999999999999476e-01 2.302999999999999936e+00 7.930000000000000382e-01
3.500000000000000000e+01 4.644000000000000000e+03 -1.000000000000000000e+00 -1.000000000000000000e+00 -1.000000000000000000e+00 -1.000000000000000000e+00 -1.000000000000000000e+00 1.659215999999999894e+03 2.756186000000000149e+03 8.409999999999999698e-01 9.070000000000000284e-01 2.399500000000000188e+00 9.849999999999999867e-01
3.500000000000000000e+01 4.648000000000000000e+03 -1.000000000000000000e+00 -1.000000000000000000e+00 -1.000000000000000000e+00 -1.000000000000000000e+00 -1.000000000000000000e+00 1.677324000000000069e+03 2.730409999999999854e+03 8.469999999999999751e-01 9.455000000000000071e-01 2.382000000000000117e+00 8.060000000000000497e-01
3.500000000000000000e+01 4.641000000000000000e+03 -1.000000000000000000e+00 -1.000000000000000000e+00 -1.000000000000000000e+00 -1.000000000000000000e+00 -1.000000000000000000e+00 1.663161000000000058e+03 2.750487999999999829e+03 9.489999999999999547e-01 9.060000000000000275e-01 2.381499999999999950e+00 8.080000000000000515e-01
3.600000000000000000e+01 4.638000000000000000e+03 -1.000000000000000000e+00 -1.000000000000000000e+00 -1.000000000000000000e+00 -1.000000000000000000e+00 -1.000000000000000000e+00 1.669799999999999955e+03 2.735563000000000102e+03 9.080000000000000293e-01 8.565000000000000391e-01 2.188000000000000167e+00 7.960000000000000409e-01
3.600000000000000000e+01 4.643000000000000000e+03 -1.000000000000000000e+00 -1.000000000000000000e+00 -1.000000000000000000e+00 -1.000000000000000000e+00 -1.000000000000000000e+00 1.661250000000000000e+03 2.747929000000000087e+03 1.106999999999999984e+00 9.639999999999999680e-01 2.557999999999999829e+00 9.569999999999999618e-01
3.600000000000000000e+01 4.639000000000000000e+03 -1.000000000000000000e+00 -1.000000000000000000e+00 -1.000000000000000000e+00 -1.000000000000000000e+00 -1.000000000000000000e+00 1.668104000000000042e+03 2.743514999999999873e+03 8.429999999999999716e-01 9.409999999999999476e-01 2.302999999999999936e+00 7.930000000000000382e-01
3.600000000000000000e+01 4.644000000000000000e+03 -1.000000000000000000e+00 -1.000000000000000000e+00 -1.000000000000000000e+00 -1.000000000000000000e+00 -1.000000000000000000e+00 1.659215999999999894e+03 2.756186000000000149e+03 8.409999999999999698e-01 9.070000000000000284e-01 2.399500000000000188e+00 9.849999999999999867e-01
3.600000000000000000e+01 4.648000000000000000e+03 -1.000000000000000000e+00 -1.000000000000000000e+00 -1.000000000000000000e+00 -1.000000000000000000e+00 -1.000000000000000000e+00 1.676228000000000065e+03 2.732043000000000120e+03 8.469999999999999751e-01 9.455000000000000071e-01 2.382000000000000117e+00 8.060000000000000497e-01
3.600000000000000000e+01 4.641000000000000000e+03 -1.000000000000000000e+00 -1.000000000000000000e+00 -1.000000000000000000e+00 -1.000000000000000000e+00 -1.000000000000000000e+00 1.663163999999999987e+03 2.750503000000000156e+03 9.489999999999999547e-01 9.060000000000000275e-01 2.381499999999999950e+00 8.080000000000000515e-01
3.700000000000000000e+01 4.638000000000000000e+03 -1.000000000000000000e+00 -1.000000000000000000e+00 -1.000000000000000000e+00 -1.000000000000000000e+00 -1.000000000000000000e+00 1.669771999999999935e+03 2.735630000000000109e+03 9.080000000000000293e-01 8.565000000000000391e-01 2.188000000000000167e+00 7.960000000000000409e-01
3.700000000000000000e+01 4.643000000000000000e+03 -1.000000000000000000e+00 -1.000000000000000000e+00 -1.000000000000000000e+00 -1.000000000000000000e+00 -1.000000000000000000e+00 1.661250000000000000e+03 2.747929000000000087e+03 1.106999999999999984e+00 9.639999999999999680e-01 2.557999999999999829e+00 9.569999999999999618e-01
3.700000000000000000e+01 4.639000000000000000e+03 -1.000000000000000000e+00 -1.000000000000000000e+00 -1.000000000000000000e+00 -1.000000000000000000e+00 -1.000000000000000000e+00 1.668114000000000033e+03 2.743518999999999778e+03 8.429999999999999716e-01 9.409999999999999476e-01 2.302999999999999936e+00 7.930000000000000382e-01
3.700000000000000000e+01 4.644000000000000000e+03 -1.000000000000000000e+00 -1.000000000000000000e+00 -1.000000000000000000e+00 -1.000000000000000000e+00 -1.000000000000000000e+00 1.659215999999999894e+03 2.756186000000000149e+03 8.409999999999999698e-01 9.070000000000000284e-01 2.399500000000000188e+00 9.849999999999999867e-01
3.700000000000000000e+01 4.648000000000000000e+03 -1.000000000000000000e+00 -1.000000000000000000e+00 -1.000000000000000000e+00 -1.000000000000000000e+00 -1.000000000000000000e+00 1.675132000000000062e+03 2.733675999999999931e+03 8.469999999999999751e-01 9.455000000000000071e-01 2.382000000000000117e+00 8.060000000000000497e-01
3.700000000000000000e+01 4.641000000000000000e+03 -1.000000000000000000e+00 -1.000000000000000000e+00 -1.000000000000000000e+00 -1.000000000000000000e+00 -1.000000000000000000e+00 1.663166999999999916e+03 2.750518000000000029e+03 9.489999999999999547e-01 9.060000000000000275e-01 2.381499999999999950e+00 8.080000000000000515e-01
3.800000000000000000e+01 4.638000000000000000e+03 -1.000000000000000000e+00 -1.000000000000000000e+00 -1.000000000000000000e+00 -1.000000000000000000e+00 -1.000000000000000000e+00 1.669744999999999891e+03 2.735697999999999865e+03 9.080000000000000293e-01 8.565000000000000391e-01 2.188000000000000167e+00 7.960000000000000409e-01
3.800000000000000000e+01 4.643000000000000000e+03 -1.000000000000000000e+00 -1.000000000000000000e+00 -1.000000000000000000e+00 -1.000000000000000000e+00 -1.000000000000000000e+00 1.661250000000000000e+03 2.747929000000000087e+03 1.106999999999999984e+00 9.639999999999999680e-01 2.557999999999999829e+00 9.569999999999999618e-01
3.800000000000000000e+01 4.639000000000000000e+03 -1.000000000000000000e+00 -1.000000000000000000e+00 -1.000000000000000000e+00 -1.000000000000000000e+00 -1.000000000000000000e+00 1.668124000000000024e+03 2.743523999999999887e+03 8.429999999999999716e-01 9.409999999999999476e-01 2.302999999999999936e+00 7.930000000000000382e-01
3.800000000000000000e+01 4.644000000000000000e+03 -1.000000000000000000e+00 -1.000000000000000000e+00 -1.000000000000000000e+00 -1.000000000000000000e+00 -1.000000000000000000e+00 1.659215999999999894e+03 2.756186000000000149e+03 8.409999999999999698e-01 9.070000000000000284e-01 2.399500000000000188e+00 9.849999999999999867e-01
3.800000000000000000e+01 4.648000000000000000e+03 -1.000000000000000000e+00 -1.000000000000000000e+00 -1.000000000000000000e+00 -1.000000000000000000e+00 -1.000000000000000000e+00 1.674037000000000035e+03 2.735309000000000196e+03 8.469999999999999751e-01 9.455000000000000071e-01 2.382000000000000117e+00 8.060000000000000497e-01
3.800000000000000000e+01 4.641000000000000000e+03 -1.000000000000000000e+00 -1.000000000000000000e+00 -1.000000000000000000e+00 -1.000000000000000000e+00 -1.000000000000000000e+00 1.663144999999999982e+03 2.750492000000000189e+03 9.320000000000000506e-01 9.060000000000000275e-01 2.381499999999999950e+00 8.080000000000000515e-01
3.900000000000000000e+01 4.638000000000000000e+03 -1.000000000000000000e+00 -1.000000000000000000e+00 -1.000000000000000000e+00 -1.000000000000000000e+00 -1.000000000000000000e+00 1.669685999999999922e+03 2.735742000000000189e+03 9.080000000000000293e-01 8.565000000000000391e-01 2.188000000000000167e+00 7.960000000000000409e-01
3.900000000000000000e+01 4.643000000000000000e+03 -1.000000000000000000e+00 -1.000000000000000000e+00 -1.000000000000000000e+00 -1.000000000000000000e+00 -1.000000000000000000e+00 1.661250000000000000e+03 2.747929000000000087e+03 1.106999999999999984e+00 9.639999999999999680e-01 2.557999999999999829e+00 9.569999999999999618e-01
3.900000000000000000e+01 4.639000000000000000e+03 -1.000000000000000000e+00 -1.000000000000000000e+00 -1.000000000000000000e+00 -1.000000000000000000e+00 -1.000000000000000000e+00 1.668134000000000015e+03 2.743527999999999793e+03 8.429999999999999716e-01 9.409999999999999476e-01 2.302999999999999936e+00 7.930000000000000382e-01
3.900000000000000000e+01 4.644000000000000000e+03 -1.000000000000000000e+00 -1.000000000000000000e+00 -1.000000000000000000e+00 -1.000000000000000000e+00 -1.000000000000000000e+00 1.659215999999999894e+03 2.756186000000000149e+03 8.409999999999999698e-01 9.070000000000000284e-01 2.399500000000000188e+00 9.849999999999999867e-01
3.900000000000000000e+01 4.648000000000000000e+03 -1.000000000000000000e+00 -1.000000000000000000e+00 -1.000000000000000000e+00 -1.000000000000000000e+00 -1.000000000000000000e+00 1.673480000000000018e+03 2.736119000000000142e+03 8.469999999999999751e-01 9.455000000000000071e-01 2.382000000000000117e+00 8.060000000000000497e-01
3.900000000000000000e+01 4.641000000000000000e+03 -1.000000000000000000e+00 -1.000000000000000000e+00 -1.000000000000000000e+00 -1.000000000000000000e+00 -1.000000000000000000e+00 1.663142000000000053e+03 2.750496000000000095e+03 9.150000000000000355e-01 9.060000000000000275e-01 2.381499999999999950e+00 8.080000000000000515e-01
4.000000000000000000e+01 4.638000000000000000e+03 -1.000000000000000000e+00 -1.000000000000000000e+00 -1.000000000000000000e+00 -1.000000000000000000e+00 -1.000000000000000000e+00 1.669601000000000113e+03 2.735768999999999778e+03 9.080000000000000293e-01 8.565000000000000391e-01 2.188000000000000167e+00 7.960000000000000409e-01
4.000000000000000000e+01 4.643000000000000000e+03 -1.000000000000000000e+00 -1.000000000000000000e+00 -1.000000000000000000e+00 -1.000000000000000000e+00 -1.000000000000000000e+00 1.661250000000000000e+03 2.747929000000000087e+03 1.106999999999999984e+00 9.639999999999999680e-01 2.557999999999999829e+00 9.569999999999999618e-01
4.000000000000000000e+01 4.639000000000000000e+03 -1.000000000000000000e+00 -1.000000000000000000e+00 -1.000000000000000000e+00 -1.000000000000000000e+00 -1.000000000000000000e+00 1.668106999999999971e+03 2.743510999999999967e+03 8.429999999999999716e-01 9.409999999999999476e-01 2.302999999999999936e+00 7.930000000000000382e-01
4.000000000000000000e+01 4.644000000000000000e+03 -1.000000000000000000e+00 -1.000000000000000000e+00 -1.000000000000000000e+00 -1.000000000000000000e+00 -1.000000000000000000e+00 1.659215999999999894e+03 2.756186000000000149e+03 8.409999999999999698e-01 9.070000000000000284e-01 2.399500000000000188e+00 9.849999999999999867e-01
4.000000000000000000e+01 4.648000000000000000e+03 -1.000000000000000000e+00 -1.000000000000000000e+00 -1.000000000000000000e+00 -1.000000000000000000e+00 -1.000000000000000000e+00 1.672923000000000002e+03 2.736929000000000087e+03 8.469999999999999751e-01 9.455000000000000071e-01 2.382000000000000117e+00 8.060000000000000497e-01
4.000000000000000000e+01 4.641000000000000000e+03 -1.000000000000000000e+00 -1.000000000000000000e+00 -1.000000000000000000e+00 -1.000000000000000000e+00 -1.000000000000000000e+00 1.663138999999999896e+03 2.750500000000000000e+03 8.990000000000000213e-01 9.060000000000000275e-01 2.381499999999999950e+00 8.080000000000000515e-01
