1.000000000000000000e+00 4.434000000000000000e+03 -1.000000000000000000e+00 -1.000000000000000000e+00 -1.000000000000000000e+00 -1.000000000000000000e+00 -1.000000000000000000e+00 1.468238000000000056e+03 1.223499000000000024e+03 1.252000000000000002e+00 3.559999999999999831e-01 4.079999999999999738e-01 1.024999999999999911e+00
1.000000000000000000e+00 4.439000000000000000e+03 -1.000000000000000000e+00 -1.000000000000000000e+00 -1.000000000000000000e+00 -1.000000000000000000e+00 -1.000000000000000000e+00 1.439068999999999960e+03 1.190404999999999973e+03 1.415999999999999925e+00 3.029999999999999916e-01 3.810000000000000053e-01 9.519999999999999574e-01
2.000000000000000000e+00 4.434000000000000000e+03 -1.000000000000000000e+00 -1.000000000000000000e+00 -1.000000000000000000e+00 -1.000000000000000000e+00 -1.000000000000000000e+00 1.467952999999999975e+03 1.222758000000000038e+03 1.131999999999999895e+00 3.559999999999999831e-01 4.079999999999999738e-01 1.024999999999999911e+00
2.000000000000000000e+00 4.439000000000000000e+03 -1.000000000000000000e+00 -1.000000000000000000e+00 -1.000000000000000000e+00 -1.000000000000000000e+00 -1.000000000000000000e+00 1.439538999999999987e+03 1.190926999999999907e+03 1.449999999999999956e+00 3.029999999999999916e-01 3.810000000000000053e-01 9.519999999999999574e-01
3.000000000000000000e+00 4.434000000000000000e+03 -1.000000000000000000e+00 -1.000000000000000000e+00 -1.000000000000000000e+00 -1.000000000000000000e+00 -1.000000000000000000e+00 1.467653999999999996e+03 1.222022999999999911e+03 1.161999999999999922e+00 3.559999999999999831e-01 4.079999999999999738e-01 1.024999999999999911e+00
3.000000000000000000e+00 4.439000000000000000e+03 -1.000000000000000000e+00 -1.000000000000000000e+00 -1.000000000000000000e+00 -1.000000000000000000e+00 -1.000000000000000000e+00 1.440007000000000062e+03 1.191448000000000093e+03 1.483999999999999986e+00 3.029999999999999916e-01 3.810000000000000053e-01 9.519999999999999574e-01
4.000000000000000000e+00 4.434000000000000000e+03 -1.000000000000000000e+00 -1.000000000000000000e+00 -1.000000000000000000e+00 -1.000000000000000000e+00 -1.000000000000000000e+00 1.467354000000000042e+03 1.221288000000000011e+03 1.191999999999999948e+00 3.559999999999999831e-01 4.079999999999999738e-01 1.024999999999999911e+00
4.000000000000000000e+00 4.439000000000000000e+03 -1.000000000000000000e+00 -1.000000000000000000e+00 -1.000000000000000000e+00 -1.000000000000000000e+00 -1.000000000000000000e+00 1.440476000000000113e+03 1.191969000000000051e+03 1.518000000000000016e+00 3.029999999999999916e-01 3.810000000000000053e-01 9.519999999999999574e-01
5.000000000000000000e+00 4.434000000000000000e+03 -1.000000000000000000e+00 -1.000000000000000000e+00 -1.000000000000000000e+00 -1.000000000000000000e+00 -1.000000000000000000e+00 1.467054000000000087e+03 1.220553000000000111e+03 1.221999999999999975e+00 3.559999999999999831e-01 4.079999999999999738e-01 1.024999999999999911e+00
5.000000000000000000e+00 4.439000000000000000e+03 -1.000000000000000000e+00 -1.000000000000000000e+00 -1.000000000000000000e+00 -1.000000000000000000e+00 -1.000000000000000000e+00 1.440942999999999984e+03 1.192492999999999938e+03 1.453000000000000069e+00 3.029999999999999916e-01 3.810000000000000053e-01 9.519999999999999574e-01
6.000000000000000000e+00 4.434000000000000000e+03 -1.000000000000000000e+00 -1.000000000000000000e+00 -1.000000000000000000e+00 -1.000000000000000000e+00 -1.000000000000000000e+00 1.466753999999999905e+03 1.219817999999999984e+03 1.252000000000000002e+00 3.559999999999999831e-01 4.079999999999999738e-01 1.024999999999999911e+00
6.000000000000000000e+00 4.439000000000000000e+03 -1.000000000000000000e+00 -1.000000000000000000e+00 -1.000000000000000000e+00 -1.000000000000000000e+00 -1.000000000000000000e+00 1.441498000000000047e+03 1.193132000000000062e+03 1.437000000000000055e+00 3.029999999999999916e-01 3.810000000000000053e-01 9.519999999999999574e-01
7.000000000000000000e+00 4.434000000000000000e+03 -1.000000000000000000e+00 -1.000000000000000000e+00 -1.000000000000000000e+00 -1.000000000000000000e+00 -1.000000000000000000e+00 1.466453999999999951e+03 1.219082000000000107e+03 1.282000000000000028e+00 3.559999999999999831e-01 4.079999999999999738e-01 1.024999999999999911e+00
7.000000000000000000e+00 4.439000000000000000e+03 -1.000000000000000000e+00 -1.000000000000000000e+00 -1.000000000000000000e+00 -1.000000000000000000e+00 -1.000000000000000000e+00 1.442054000000000087e+03 1.193771999999999935e+03 1.421000000000000041e+00 3.029999999999999916e-01 3.810000000000000053e-01 9.519999999999999574e-01
8.000000000000000000e+00 4.434000000000000000e+03 -1.000000000000000000e+00 -1.000000000000000000e+00 -1.000000000000000000e+00 -1.000000000000000000e+00 -1.000000000000000000e+00 1.466234999999999900e+03 1.218465999999999894e+03 1.312000000000000055e+00 3.559999999999999831e-01 4.079999999999999738e-01 1.024999999999999911e+00
8.000000000000000000e+00 4.439000000000000000e+03 -1.000000000000000000e+00 -1.000000000000000000e+00 -1.000000000000000000e+00 -1.000000000000000000e+00 -1.000000000000000000e+00 1.442487987675264776e+03 1.194257545611311116e+03 1.404982000451587165e+00 3.029999999999999916e-01 3.810000000000000053e-01 9.519999999999999574e-01
9.000000000000000000e+00 4.434000000000000000e+03 -1.000000000000000000e+00 -1.000000000000000000e+00 -1.000000000000000000e+00 -1.000000000000000000e+00 -1.000000000000000000e+00 1.466015000000000100e+03 1.217848999999999933e+03 1.342000000000000082e+00 3.559999999999999831e-01 4.079999999999999738e-01 1.024999999999999911e+00
9.000000000000000000e+00 4.439000000000000000e+03 -1.000000000000000000e+00 -1.000000000000000000e+00 -1.000000000000000000e+00 -1.000000000000000000e+00 -1.000000000000000000e+00 1.442921000000000049e+03 1.194741999999999962e+03 1.389000000000000012e+00 3.029999999999999916e-01 3.810000000000000053e-01 9.519999999999999574e-01
1.000000000000000000e+01 4.434000000000000000e+03 -1.000000000000000000e+00 -1.000000000000000000e+00 -1.000000000000000000e+00 -1.000000000000000000e+00 -1.000000000000000000e+00 1.465796000000000049e+03 1.217232999999999947e+03 1.372000000000000108e+00 3.559999999999999831e-01 4.079999999999999738e-01 1.024999999999999911e+00
1.000000000000000000e+01 4.439000000000000000e+03 -1.000000000000000000e+00 -1.000000000000000000e+00 -1.000000000000000000e+00 -1.000000000000000000e+00 -1.000000000000000000e+00 1.443377999999999929e+03 1.195269000000000005e+03 1.397999999999999909e+00 3.029999999999999916e-01 3.810000000000000053e-01 9.519999999999999574e-01
1.100000000000000000e+01 4.434000000000000000e+03 -1.000000000000000000e+00 -1.000000000000000000e+00 -1.000000000000000000e+00 -1.000000000000000000e+00 -1.000000000000000000e+00 1.465540999999999940e+03 1.216596999999999980e+03 1.352000000000000091e+00 3.559999999999999831e-01 4.079999999999999738e-01 1.024999999999999911e+00
1.100000000000000000e+01 4.439000000000000000e+03 -1.000000000000000000e+00 -1.000000000000000000e+00 -1.000000000000000000e+00 -1.000000000000000000e+00 -1.000000000000000000e+00 1.443865000000000009e+03 1.195768000000000029e+03 1.407000000000000028e+00 3.029999999999999916e-01 3.810000000000000053e-01 9.519999999999999574e-01
1.200000000000000000e+01 4.434000000000000000e+03 -1.000000000000000000e+00 -1.000000000000000000e+00 -1.000000000000000000e+00 -1.000000000000000000e+00 -1.000000000000000000e+00 1.465286000000000058e+03 1.215961000000000013e+03 1.332000000000000073e+00 3.559999999999999831e-01 4.079999999999999738e-01 1.024999999999999911e+00
1.200000000000000000e+01 4.439000000000000000e+03 -1.000000000000000000e+00 -1.000000000000000000e+00 -1.000000000000000000e+00 -1.000000000000000000e+00 -1.000000000000000000e+00 1.444402000000000044e+03 1.196260999999999967e+03 1.417000000000000037e+00 3.029999999999999916e-01 3.810000000000000053e-01 9.519999999999999574e-01
1.300000000000000000e+01 4.434000000000000000e+03 -1.000000000000000000e+00 -1.000000000000000000e+00 -1.000000000000000000e+00 -1.000000000000000000e+00 -1.000000000000000000e+00 1.465030999999999949e+03 1.215325000000000045e+03 1.312000000000000055e+00 3.559999999999999831e-01 4.079999999999999738e-01 1.024999999999999911e+00
1.300000000000000000e+01 4.439000000000000000e+03 -1.000000000000000000e+00 -1.000000000000000000e+00 -1.000000000000000000e+00 -1.000000000000000000e+00 -1.000000000000000000e+00 1.444920000000000073e+03 1.196772999999999911e+03 1.425999999999999934e+00 3.029999999999999916e-01 3.810000000000000053e-01 9.519999999999999574e-01
1.400000000000000000e+01 4.434000000000000000e+03 -1.000000000000000000e+00 -1.000000000000000000e+00 -1.000000000000000000e+00 -1.000000000000000000e+00 -1.000000000000000000e+00 1.464876999999999953e+03 1.214921000000000049e+03 1.342000000000000082e+00 3.559999999999999831e-01 4.079999999999999738e-01 1.024999999999999911e+00
1.400000000000000000e+01 4.439000000000000000e+03 -1.000000000000000000e+00 -1.000000000000000000e+00 -1.000000000000000000e+00 -1.000000000000000000e+00 -1.000000000000000000e+00 1.445395999999999958e+03 1.197316000000000031e+03 1.403000000000000025e+00 3.029999999999999916e-01 3.810000000000000053e-01 9.519999999999999574e-01
1.500000000000000000e+01 4.434000000000000000e+03 -1.000000000000000000e+00 -1.000000000000000000e+00 -1.000000000000000000e+00 -1.000000000000000000e+00 -1.000000000000000000e+00 1.464722999999999956e+03 1.214518000000000029e+03 1.372000000000000108e+00 3.559999999999999831e-01 4.079999999999999738e-01 1.024999999999999911e+00
1.500000000000000000e+01 4.439000000000000000e+03 -1.000000000000000000e+00 -1.000000000000000000e+00 -1.000000000000000000e+00 -1.000000000000000000e+00 -1.000000000000000000e+00 1.445872000000000071e+03 1.197858999999999924e+03 1.379999999999999893e+00 3.029999999999999916e-01 3.810000000000000053e-01 9.519999999999999574e-01
1.600000000000000000e+01 4.439000000000000000e+03 -1.000000000000000000e+00 -1.000000000000000000e+00 -1.000000000000000000e+00 -1.000000000000000000e+00 -1.000000000000000000e+00 1.446335000000000036e+03 1.198413999999999987e+03 1.346999999999999975e+00 3.029999999999999916e-01 3.810000000000000053e-01 9.519999999999999574e-01
1.700000000000000000e+01 4.439000000000000000e+03 -1.000000000000000000e+00 -1.000000000000000000e+00 -1.000000000000000000e+00 -1.000000000000000000e+00 -1.000000000000000000e+00 1.446797000000000025e+03 1.198968000000000075e+03 1.314000000000000057e+00 3.029999999999999916e-01 3.810000000000000053e-01 9.519999999999999574e-01
1.800000000000000000e+01 4.439000000000000000e+03 -1.000000000000000000e+00 -1.000000000000000000e+00 -1.000000000000000000e+00 -1.000000000000000000e+00 -1.000000000000000000e+00 1.447259999999999991e+03 1.199522999999999911e+03 1.322000000000000064e+00 3.029999999999999916e-01 3.810000000000000053e-01 9.519999999999999574e-01
1.900000000000000000e+01 4.439000000000000000e+03 -1.000000000000000000e+00 -1.000000000000000000e+00 -1.000000000000000000e+00 -1.000000000000000000e+00 -1.000000000000000000e+00 1.447722999999999956e+03 1.200076999999999998e+03 1.330999999999999961e+00 3.029999999999999916e-01 3.810000000000000053e-01 9.519999999999999574e-01
2.000000000000000000e+01 4.439000000000000000e+03 -1.000000000000000000e+00 -1.000000000000000000e+00 -1.000000000000000000e+00 -1.000000000000000000e+00 -1.000000000000000000e+00 1.448185999999999922e+03 1.200632000000000062e+03 1.340000000000000080e+00 3.029999999999999916e-01 3.810000000000000053e-01 9.519999999999999574e-01
2.100000000000000000e+01 4.439000000000000000e+03 -1.000000000000000000e+00 -1.000000000000000000e+00 -1.000000000000000000e+00 -1.000000000000000000e+00 -1.000000000000000000e+00 1.448520999999999958e+03 1.201058999999999969e+03 1.346999999999999975e+00 3.029999999999999916e-01 3.810000000000000053e-01 9.519999999999999574e-01
2.200000000000000000e+01 4.439000000000000000e+03 -1.000000000000000000e+00 -1.000000000000000000e+00 -1.000000000000000000e+00 -1.000000000000000000e+00 -1.000000000000000000e+00 1.448938000000000102e+03 1.201593000000000075e+03 1.356000000000000094e+00 3.029999999999999916e-01 3.810000000000000053e-01 9.519999999999999574e-01
2.300000000000000000e+01 4.439000000000000000e+03 -1.000000000000000000e+00 -1.000000000000000000e+00 -1.000000000000000000e+00 -1.000000000000000000e+00 -1.000000000000000000e+00 1.449394000000000005e+03 1.202089999999999918e+03 1.364000000000000101e+00 3.029999999999999916e-01 3.810000000000000053e-01 9.519999999999999574e-01
2.400000000000000000e+01 4.439000000000000000e+03 -1.000000000000000000e+00 -1.000000000000000000e+00 -1.000000000000000000e+00 -1.000000000000000000e+00 -1.000000000000000000e+00 1.449968000000000075e+03 1.202681000000000040e+03 1.375000000000000000e+00 3.029999999999999916e-01 3.810000000000000053e-01 9.519999999999999574e-01
2.500000000000000000e+01 4.439000000000000000e+03 -1.000000000000000000e+00 -1.000000000000000000e+00 -1.000000000000000000e+00 -1.000000000000000000e+00 -1.000000000000000000e+00 1.450369999999999891e+03 1.203222999999999956e+03 1.332999999999999963e+00 3.029999999999999916e-01 3.810000000000000053e-01 9.519999999999999574e-01
2.600000000000000000e+01 4.439000000000000000e+03 -1.000000000000000000e+00 -1.000000000000000000e+00 -1.000000000000000000e+00 -1.000000000000000000e+00 -1.000000000000000000e+00 1.450790999999999940e+03 1.203801999999999907e+03 1.324000000000000066e+00 3.029999999999999916e-01 3.810000000000000053e-01 9.519999999999999574e-01
2.700000000000000000e+01 4.439000000000000000e+03 -1.000000000000000000e+00 -1.000000000000000000e+00 -1.000000000000000000e+00 -1.000000000000000000e+00 -1.000000000000000000e+00 1.451170000000000073e+03 1.204407999999999902e+03 1.316000000000000059e+00 3.029999999999999916e-01 3.810000000000000053e-01 9.519999999999999574e-01
2.800000000000000000e+01 4.439000000000000000e+03 -1.000000000000000000e+00 -1.000000000000000000e+00 -1.000000000000000000e+00 -1.000000000000000000e+00 -1.000000000000000000e+00 1.451551999999999907e+03 1.205015000000000100e+03 1.324000000000000066e+00 3.029999999999999916e-01 3.810000000000000053e-01 9.519999999999999574e-01
2.900000000000000000e+01 4.439000000000000000e+03 -1.000000000000000000e+00 -1.000000000000000000e+00 -1.000000000000000000e+00 -1.000000000000000000e+00 -1.000000000000000000e+00 1.451932999999999993e+03 1.205622000000000071e+03 1.332999999999999963e+00 3.029999999999999916e-01 3.810000000000000053e-01 9.519999999999999574e-01
3.000000000000000000e+01 4.439000000000000000e+03 -1.000000000000000000e+00 -1.000000000000000000e+00 -1.000000000000000000e+00 -1.000000000000000000e+00 -1.000000000000000000e+00 1.452315000000000055e+03 1.206229000000000042e+03 1.340999999999999970e+00 3.029999999999999916e-01 3.810000000000000053e-01 9.519999999999999574e-01
3.100000000000000000e+01 4.439000000000000000e+03 -1.000000000000000000e+00 -1.000000000000000000e+00 -1.000000000000000000e+00 -1.000000000000000000e+00 -1.000000000000000000e+00 1.452694999999999936e+03 1.206836999999999989e+03 1.312999999999999945e+00 3.029999999999999916e-01 3.810000000000000053e-01 9.519999999999999574e-01
3.200000000000000000e+01 4.439000000000000000e+03 -1.000000000000000000e+00 -1.000000000000000000e+00 -1.000000000000000000e+00 -1.000000000000000000e+00 -1.000000000000000000e+00 1.453076000000000022e+03 1.207444999999999936e+03 1.284000000000000030e+00 3.029999999999999916e-01 3.810000000000000053e-01 9.519999999999999574e-01
3.300000000000000000e+01 4.439000000000000000e+03 -1.000000000000000000e+00 -1.000000000000000000e+00 -1.000000000000000000e+00 -1.000000000000000000e+00 -1.000000000000000000e+00 1.453464999999999918e+03 1.208048999999999978e+03 1.298000000000000043e+00 3.029999999999999916e-01 3.810000000000000053e-01 9.519999999999999574e-01
3.400000000000000000e+01 4.439000000000000000e+03 -1.000000000000000000e+00 -1.000000000000000000e+00 -1.000000000000000000e+00 -1.000000000000000000e+00 -1.000000000000000000e+00 1.453892000000000053e+03 1.208625999999999976e+03 1.310999999999999943e+00 3.029999999999999916e-01 3.810000000000000053e-01 9.519999999999999574e-01
3.500000000000000000e+01 4.439000000000000000e+03 -1.000000000000000000e+00 -1.000000000000000000e+00 -1.000000000000000000e+00 -1.000000000000000000e+00 -1.000000000000000000e+00 1.454355999999999995e+03 1.209175999999999931e+03 1.324000000000000066e+00 3.029999999999999916e-01 3.810000000000000053e-01 9.519999999999999574e-01
3.600000000000000000e+01 4.439000000000000000e+03 -1.000000000000000000e+00 -1.000000000000000000e+00 -1.000000000000000000e+00 -1.000000000000000000e+00 -1.000000000000000000e+00 1.454844000000000051e+03 1.209689000000000078e+03 1.340999999999999970e+00 3.029999999999999916e-01 3.810000000000000053e-01 9.519999999999999574e-01
3.700000000000000000e+01 4.439000000000000000e+03 -1.000000000000000000e+00 -1.000000000000000000e+00 -1.000000000000000000e+00 -1.000000000000000000e+00 -1.000000000000000000e+00 1.455330999999999904e+03 1.210201999999999998e+03 1.282999999999999918e+00 3.029999999999999916e-01 3.810000000000000053e-01 9.519999999999999574e-01
3.800000000000000000e+01 4.439000000000000000e+03 -1.000000000000000000e+00 -1.000000000000000000e+00 -1.000000000000000000e+00 -1.000000000000000000e+00 -1.000000000000000000e+00 1.455818999999999960e+03 1.210714999999999918e+03 1.223999999999999977e+00 3.029999999999999916e-01 3.810000000000000053e-01 9.519999999999999574e-01
3.900000000000000000e+01 4.439000000000000000e+03 -1.000000000000000000e+00 -1.000000000000000000e+00 -1.000000000000000000e+00 -1.000000000000000000e+00 -1.000000000000000000e+00 1.456295000000000073e+03 1.211240999999999985e+03 1.223999999999999977e+00 3.029999999999999916e-01 3.810000000000000053e-01 9.519999999999999574e-01
4.000000000000000000e+01 4.439000000000000000e+03 -1.000000000000000000e+00 -1.000000000000000000e+00 -1.000000000000000000e+00 -1.000000000000000000e+00 -1.000000000000000000e+00 1.456747000000000071e+03 1.211788999999999987e+03 1.223999999999999977e+00 3.029999999999999916e-01 3.810000000000000053e-01 9.519999999999999574e-01
4.100000000000000000e+01 4.439000000000000000e+03 -1.000000000000000000e+00 -1.000000000000000000e+00 -1.000000000000000000e+00 -1.000000000000000000e+00 -1.000000000000000000e+00 1.457173999999999978e+03 1.212357999999999947e+03 1.223999999999999977e+00 3.029999999999999916e-01 3.810000000000000053e-01 9.519999999999999574e-01
