1.000000000000000000e+00 8.470000000000000000e+02 -1.000000000000000000e+00 -1.000000000000000000e+00 -1.000000000000000000e+00 -1.000000000000000000e+00 -1.000000000000000000e+00 7.846670000000000300e+02 1.399226000000000113e+03 1.427999999999999936e+00 3.195000000000000062e-01 9.154999999999999805e-01 9.475000000000000089e-01
2.000000000000000000e+00 8.470000000000000000e+02 -1.000000000000000000e+00 -1.000000000000000000e+00 -1.000000000000000000e+00 -1.000000000000000000e+00 -1.000000000000000000e+00 7.813949999999999818e+02 1.401117999999999938e+03 1.370999999999999996e+00 3.195000000000000062e-01 9.154999999999999805e-01 9.475000000000000089e-01
3.000000000000000000e+00 8.470000000000000000e+02 -1.000000000000000000e+00 -1.000000000000000000e+00 -1.000000000000000000e+00 -1.000000000000000000e+00 -1.000000000000000000e+00 7.780130000000000337e+02 1.403074000000000069e+03 1.314999999999999947e+00 3.195000000000000062e-01 9.154999999999999805e-01 9.475000000000000089e-01
4.000000000000000000e+00 8.470000000000000000e+02 -1.000000000000000000e+00 -1.000000000000000000e+00 -1.000000000000000000e+00 -1.000000000000000000e+00 -1.000000000000000000e+00 7.749220000000000255e+02 1.405021999999999935e+03 1.274999999999999911e+00 3.195000000000000062e-01 9.154999999999999805e-01 9.475000000000000089e-01
5.000000000000000000e+00 8.470000000000000000e+02 -1.000000000000000000e+00 -1.000000000000000000e+00 -1.000000000000000000e+00 -1.000000000000000000e+00 -1.000000000000000000e+00 7.718322016863492081e+02 1.406969427466973684e+03 1.235022017614091361e+00 3.195000000000000062e-01 9.154999999999999805e-01 9.475000000000000089e-01
6.000000000000000000e+00 8.470000000000000000e+02 -1.000000000000000000e+00 -1.000000000000000000e+00 -1.000000000000000000e+00 -1.000000000000000000e+00 -1.000000000000000000e+00 7.687390000000000327e+02 1.408919000000000096e+03 1.195000000000000062e+00 3.195000000000000062e-01 9.154999999999999805e-01 9.475000000000000089e-01
7.000000000000000000e+00 8.470000000000000000e+02 -1.000000000000000000e+00 -1.000000000000000000e+00 -1.000000000000000000e+00 -1.000000000000000000e+00 -1.000000000000000000e+00 7.632631599565202123e+02 1.412097632811653966e+03 1.149815479191568235e+00 3.195000000000000062e-01 9.154999999999999805e-01 9.475000000000000089e-01
8.000000000000000000e+00 8.470000000000000000e+02 -1.000000000000000000e+00 -1.000000000000000000e+00 -1.000000000000000000e+00 -1.000000000000000000e+00 -1.000000000000000000e+00 7.661495275400743594e+02 1.410422145099315912e+03 1.173632671641368974e+00 3.195000000000000062e-01 9.154999999999999805e-01 9.475000000000000089e-01
9.000000000000000000e+00 8.470000000000000000e+02 -1.000000000000000000e+00 -1.000000000000000000e+00 -1.000000000000000000e+00 -1.000000000000000000e+00 -1.000000000000000000e+00 7.603769999999999527e+02 1.413772999999999911e+03 1.125999999999999890e+00 3.195000000000000062e-01 9.154999999999999805e-01 9.475000000000000089e-01
1.000000000000000000e+01 8.470000000000000000e+02 -1.000000000000000000e+00 -1.000000000000000000e+00 -1.000000000000000000e+00 -1.000000000000000000e+00 -1.000000000000000000e+00 7.579349999999999454e+02 1.415294000000000096e+03 1.088999999999999968e+00 3.195000000000000062e-01 9.154999999999999805e-01 9.475000000000000089e-01
1.100000000000000000e+01 8.470000000000000000e+02 -1.000000000000000000e+00 -1.000000000000000000e+00 -1.000000000000000000e+00 -1.000000000000000000e+00 -1.000000000000000000e+00 7.560879999999999654e+02 1.416301999999999907e+03 1.052000000000000046e+00 3.195000000000000062e-01 9.154999999999999805e-01 9.475000000000000089e-01
1.200000000000000000e+01 8.470000000000000000e+02 -1.000000000000000000e+00 -1.000000000000000000e+00 -1.000000000000000000e+00 -1.000000000000000000e+00 -1.000000000000000000e+00 7.539339999999999691e+02 1.417768000000000029e+03 1.014999999999999902e+00 3.195000000000000062e-01 9.154999999999999805e-01 9.475000000000000089e-01
1.300000000000000000e+01 8.470000000000000000e+02 -1.000000000000000000e+00 -1.000000000000000000e+00 -1.000000000000000000e+00 -1.000000000000000000e+00 -1.000000000000000000e+00 7.518840000000000146e+02 1.419556000000000040e+03 9.779999999999999805e-01 3.195000000000000062e-01 9.154999999999999805e-01 9.475000000000000089e-01
1.400000000000000000e+01 8.470000000000000000e+02 -1.000000000000000000e+00 -1.000000000000000000e+00 -1.000000000000000000e+00 -1.000000000000000000e+00 -1.000000000000000000e+00 7.499589999999999463e+02 1.421372000000000071e+03 9.409999999999999476e-01 3.195000000000000062e-01 9.154999999999999805e-01 9.475000000000000089e-01
1.500000000000000000e+01 8.470000000000000000e+02 -1.000000000000000000e+00 -1.000000000000000000e+00 -1.000000000000000000e+00 -1.000000000000000000e+00 -1.000000000000000000e+00 7.479139999999999873e+02 1.422990999999999985e+03 9.040000000000000258e-01 3.195000000000000062e-01 9.154999999999999805e-01 9.475000000000000089e-01
1.600000000000000000e+01 8.470000000000000000e+02 -1.000000000000000000e+00 -1.000000000000000000e+00 -1.000000000000000000e+00 -1.000000000000000000e+00 -1.000000000000000000e+00 7.455520000000000209e+02 1.424807000000000016e+03 8.679999999999999938e-01 3.195000000000000062e-01 9.154999999999999805e-01 9.475000000000000089e-01
1.700000000000000000e+01 8.470000000000000000e+02 -1.000000000000000000e+00 -1.000000000000000000e+00 -1.000000000000000000e+00 -1.000000000000000000e+00 -1.000000000000000000e+00 7.430769999999999982e+02 1.426432000000000016e+03 8.309999999999999609e-01 3.195000000000000062e-01 9.154999999999999805e-01 9.475000000000000089e-01
1.800000000000000000e+01 8.470000000000000000e+02 -1.000000000000000000e+00 -1.000000000000000000e+00 -1.000000000000000000e+00 -1.000000000000000000e+00 -1.000000000000000000e+00 7.403020000000000209e+02 1.428131000000000085e+03 9.609999999999999654e-01 3.195000000000000062e-01 9.154999999999999805e-01 9.475000000000000089e-01
1.900000000000000000e+01 8.470000000000000000e+02 -1.000000000000000000e+00 -1.000000000000000000e+00 -1.000000000000000000e+00 -1.000000000000000000e+00 -1.000000000000000000e+00 7.383200000000000500e+02 1.429317999999999984e+03 9.919999999999999929e-01 3.195000000000000062e-01 9.154999999999999805e-01 9.475000000000000089e-01
2.000000000000000000e+01 8.470000000000000000e+02 -1.000000000000000000e+00 -1.000000000000000000e+00 -1.000000000000000000e+00 -1.000000000000000000e+00 -1.000000000000000000e+00 7.354909999999999854e+02 1.430987000000000080e+03 1.038999999999999924e+00 3.195000000000000062e-01 9.154999999999999805e-01 9.475000000000000089e-01
2.100000000000000000e+01 8.470000000000000000e+02 -1.000000000000000000e+00 -1.000000000000000000e+00 -1.000000000000000000e+00 -1.000000000000000000e+00 -1.000000000000000000e+00 7.320610000000000355e+02 1.432892000000000053e+03 1.086999999999999966e+00 3.195000000000000062e-01 9.154999999999999805e-01 9.475000000000000089e-01
2.200000000000000000e+01 8.470000000000000000e+02 -1.000000000000000000e+00 -1.000000000000000000e+00 -1.000000000000000000e+00 -1.000000000000000000e+00 -1.000000000000000000e+00 7.290499999999999545e+02 1.434266000000000076e+03 1.185000000000000053e+00 3.195000000000000062e-01 9.154999999999999805e-01 9.475000000000000089e-01
2.300000000000000000e+01 8.470000000000000000e+02 -1.000000000000000000e+00 -1.000000000000000000e+00 -1.000000000000000000e+00 -1.000000000000000000e+00 -1.000000000000000000e+00 7.264070000000000391e+02 1.435248000000000047e+03 1.233000000000000096e+00 3.195000000000000062e-01 9.154999999999999805e-01 9.475000000000000089e-01
2.400000000000000000e+01 8.470000000000000000e+02 -1.000000000000000000e+00 -1.000000000000000000e+00 -1.000000000000000000e+00 -1.000000000000000000e+00 -1.000000000000000000e+00 7.230910000000000082e+02 1.436809999999999945e+03 1.280999999999999917e+00 3.195000000000000062e-01 9.154999999999999805e-01 9.475000000000000089e-01
2.500000000000000000e+01 8.470000000000000000e+02 -1.000000000000000000e+00 -1.000000000000000000e+00 -1.000000000000000000e+00 -1.000000000000000000e+00 -1.000000000000000000e+00 7.202309999999999945e+02 1.438143000000000029e+03 1.278999999999999915e+00 3.195000000000000062e-01 9.154999999999999805e-01 9.475000000000000089e-01
2.600000000000000000e+01 8.470000000000000000e+02 -1.000000000000000000e+00 -1.000000000000000000e+00 -1.000000000000000000e+00 -1.000000000000000000e+00 -1.000000000000000000e+00 7.173239999999999554e+02 1.439470000000000027e+03 1.276000000000000023e+00 3.195000000000000062e-01 9.154999999999999805e-01 9.475000000000000089e-01
2.700000000000000000e+01 8.470000000000000000e+02 -1.000000000000000000e+00 -1.000000000000000000e+00 -1.000000000000000000e+00 -1.000000000000000000e+00 -1.000000000000000000e+00 7.147780000000000200e+02 1.440643000000000029e+03 1.326000000000000068e+00 3.195000000000000062e-01 9.154999999999999805e-01 9.475000000000000089e-01
2.800000000000000000e+01 8.470000000000000000e+02 -1.000000000000000000e+00 -1.000000000000000000e+00 -1.000000000000000000e+00 -1.000000000000000000e+00 -1.000000000000000000e+00 7.119769999999999754e+02 1.442045000000000073e+03 1.375999999999999890e+00 3.195000000000000062e-01 9.154999999999999805e-01 9.475000000000000089e-01
2.900000000000000000e+01 8.470000000000000000e+02 -1.000000000000000000e+00 -1.000000000000000000e+00 -1.000000000000000000e+00 -1.000000000000000000e+00 -1.000000000000000000e+00 7.089919999999999618e+02 1.443625999999999976e+03 1.425999999999999934e+00 3.195000000000000062e-01 9.154999999999999805e-01 9.475000000000000089e-01
3.000000000000000000e+01 8.470000000000000000e+02 -1.000000000000000000e+00 -1.000000000000000000e+00 -1.000000000000000000e+00 -1.000000000000000000e+00 -1.000000000000000000e+00 7.060339999999999918e+02 1.445506000000000085e+03 1.425999999999999934e+00 3.195000000000000062e-01 9.154999999999999805e-01 9.475000000000000089e-01
3.100000000000000000e+01 8.470000000000000000e+02 -1.000000000000000000e+00 -1.000000000000000000e+00 -1.000000000000000000e+00 -1.000000000000000000e+00 -1.000000000000000000e+00 7.036290000000000191e+02 1.447296000000000049e+03 1.425999999999999934e+00 3.195000000000000062e-01 9.154999999999999805e-01 9.475000000000000089e-01
3.200000000000000000e+01 8.470000000000000000e+02 -1.000000000000000000e+00 -1.000000000000000000e+00 -1.000000000000000000e+00 -1.000000000000000000e+00 -1.000000000000000000e+00 7.006680000000000064e+02 1.449623000000000047e+03 1.326000000000000068e+00 3.195000000000000062e-01 9.154999999999999805e-01 9.475000000000000089e-01
3.300000000000000000e+01 8.470000000000000000e+02 -1.000000000000000000e+00 -1.000000000000000000e+00 -1.000000000000000000e+00 -1.000000000000000000e+00 -1.000000000000000000e+00 6.976970000000000027e+02 1.451955999999999904e+03 1.276000000000000023e+00 3.195000000000000062e-01 9.154999999999999805e-01 9.475000000000000089e-01
3.400000000000000000e+01 8.470000000000000000e+02 -1.000000000000000000e+00 -1.000000000000000000e+00 -1.000000000000000000e+00 -1.000000000000000000e+00 -1.000000000000000000e+00 6.947350000000000136e+02 1.454105000000000018e+03 1.276000000000000023e+00 3.195000000000000062e-01 9.154999999999999805e-01 9.475000000000000089e-01
3.500000000000000000e+01 8.470000000000000000e+02 -1.000000000000000000e+00 -1.000000000000000000e+00 -1.000000000000000000e+00 -1.000000000000000000e+00 -1.000000000000000000e+00 6.911920000000000073e+02 1.456548000000000002e+03 1.326000000000000068e+00 3.195000000000000062e-01 9.154999999999999805e-01 9.475000000000000089e-01
3.600000000000000000e+01 8.470000000000000000e+02 -1.000000000000000000e+00 -1.000000000000000000e+00 -1.000000000000000000e+00 -1.000000000000000000e+00 -1.000000000000000000e+00 6.877809999999999491e+02 1.458765000000000100e+03 1.326000000000000068e+00 3.195000000000000062e-01 9.154999999999999805e-01 9.475000000000000089e-01
3.700000000000000000e+01 8.470000000000000000e+02 -1.000000000000000000e+00 -1.000000000000000000e+00 -1.000000000000000000e+00 -1.000000000000000000e+00 -1.000000000000000000e+00 6.840720000000000027e+02 1.460979000000000042e+03 1.326000000000000068e+00 3.195000000000000062e-01 9.154999999999999805e-01 9.475000000000000089e-01
3.800000000000000000e+01 8.470000000000000000e+02 -1.000000000000000000e+00 -1.000000000000000000e+00 -1.000000000000000000e+00 -1.000000000000000000e+00 -1.000000000000000000e+00 6.803569999999999709e+02 1.463182999999999993e+03 1.276000000000000023e+00 3.195000000000000062e-01 9.154999999999999805e-01 9.475000000000000089e-01
3.900000000000000000e+01 8.470000000000000000e+02 -1.000000000000000000e+00 -1.000000000000000000e+00 -1.000000000000000000e+00 -1.000000000000000000e+00 -1.000000000000000000e+00 6.769930000000000518e+02 1.465252999999999929e+03 1.276000000000000023e+00 3.195000000000000062e-01 9.154999999999999805e-01 9.475000000000000089e-01
