1.000000000000000000e+00 8.860000000000000000e+02 -1.000000000000000000e+00 -1.000000000000000000e+00 -1.000000000000000000e+00 -1.000000000000000000e+00 -1.000000000000000000e+00 5.881369999999999436e+02 1.518882000000000062e+03 1.679999999999999938e+00 1.614000000000000101e+00 5.011999999999999567e+00 1.850500000000000034e+00
1.000000000000000000e+00 8.890000000000000000e+02 -1.000000000000000000e+00 -1.000000000000000000e+00 -1.000000000000000000e+00 -1.000000000000000000e+00 -1.000000000000000000e+00 6.274099999999999682e+02 1.496526000000000067e+03 2.208000000000000185e+00 1.510000000000000009e+00 3.583499999999999908e+00 1.640500000000000069e+00
1.000000000000000000e+00 8.980000000000000000e+02 -1.000000000000000000e+00 -1.000000000000000000e+00 -1.000000000000000000e+00 -1.000000000000000000e+00 -1.000000000000000000e+00 6.056309999999999718e+02 1.489984999999999900e+03 1.675000000000000044e+00 1.482499999999999929e+00 3.036999999999999922e+00 1.561500000000000110e+00
2.000000000000000000e+00 8.860000000000000000e+02 -1.000000000000000000e+00 -1.000000000000000000e+00 -1.000000000000000000e+00 -1.000000000000000000e+00 -1.000000000000000000e+00 5.881369999999999436e+02 1.518882000000000062e+03 1.679999999999999938e+00 1.614000000000000101e+00 5.011999999999999567e+00 1.850500000000000034e+00
2.000000000000000000e+00 8.890000000000000000e+02 -1.000000000000000000e+00 -1.000000000000000000e+00 -1.000000000000000000e+00 -1.000000000000000000e+00 -1.000000000000000000e+00 6.274099999999999682e+02 1.496526000000000067e+03 2.208000000000000185e+00 1.510000000000000009e+00 3.583499999999999908e+00 1.640500000000000069e+00
2.000000000000000000e+00 8.980000000000000000e+02 -1.000000000000000000e+00 -1.000000000000000000e+00 -1.000000000000000000e+00 -1.000000000000000000e+00 -1.000000000000000000e+00 6.056309999999999718e+02 1.489984999999999900e+03 1.675000000000000044e+00 1.482499999999999929e+00 3.036999999999999922e+00 1.561500000000000110e+00
3.000000000000000000e+00 8.860000000000000000e+02 -1.000000000000000000e+00 -1.000000000000000000e+00 -1.000000000000000000e+00 -1.000000000000000000e+00 -1.000000000000000000e+00 5.881369999999999436e+02 1.518882000000000062e+03 1.679999999999999938e+00 1.614000000000000101e+00 5.011999999999999567e+00 1.850500000000000034e+00
3.000000000000000000e+00 8.890000000000000000e+02 -1.000000000000000000e+00 -1.000000000000000000e+00 -1.000000000000000000e+00 -1.000000000000000000e+00 -1.000000000000000000e+00 6.274099999999999682e+02 1.496526000000000067e+03 2.208000000000000185e+00 1.510000000000000009e+00 3.583499999999999908e+00 1.640500000000000069e+00
3.000000000000000000e+00 8.980000000000000000e+02 -1.000000000000000000e+00 -1.000000000000000000e+00 -1.000000000000000000e+00 -1.000000000000000000e+00 -1.000000000000000000e+00 6.056309999999999718e+02 1.489984999999999900e+03 1.675000000000000044e+00 1.482499999999999929e+00 3.036999999999999922e+00 1.561500000000000110e+00
4.000000000000000000e+00 8.860000000000000000e+02 -1.000000000000000000e+00 -1.000000000000000000e+00 -1.000000000000000000e+00 -1.000000000000000000e+00 -1.000000000000000000e+00 5.881369999999999436e+02 1.518882000000000062e+03 1.679999999999999938e+00 1.614000000000000101e+00 5.011999999999999567e+00 1.850500000000000034e+00
4.000000000000000000e+00 8.890000000000000000e+02 -1.000000000000000000e+00 -1.000000000000000000e+00 -1.000000000000000000e+00 -1.000000000000000000e+00 -1.000000000000000000e+00 6.274099999999999682e+02 1.496526000000000067e+03 2.208000000000000185e+00 1.510000000000000009e+00 3.583499999999999908e+00 1.640500000000000069e+00
4.000000000000000000e+00 8.980000000000000000e+02 -1.000000000000000000e+00 -1.000000000000000000e+00 -1.000000000000000000e+00 -1.000000000000000000e+00 -1.000000000000000000e+00 6.056309999999999718e+02 1.489984999999999900e+03 1.675000000000000044e+00 1.482499999999999929e+00 3.036999999999999922e+00 1.561500000000000110e+00
5.000000000000000000e+00 8.860000000000000000e+02 -1.000000000000000000e+00 -1.000000000000000000e+00 -1.000000000000000000e+00 -1.000000000000000000e+00 -1.000000000000000000e+00 5.881369999999999436e+02 1.518882000000000062e+03 1.679999999999999938e+00 1.614000000000000101e+00 5.011999999999999567e+00 1.850500000000000034e+00
5.000000000000000000e+00 8.890000000000000000e+02 -1.000000000000000000e+00 -1.000000000000000000e+00 -1.000000000000000000e+00 -1.000000000000000000e+00 -1.000000000000000000e+00 6.274099999999999682e+02 1.496526000000000067e+03 2.208000000000000185e+00 1.510000000000000009e+00 3.583499999999999908e+00 1.640500000000000069e+00
5.000000000000000000e+00 8.980000000000000000e+02 -1.000000000000000000e+00 -1.000000000000000000e+00 -1.000000000000000000e+00 -1.000000000000000000e+00 -1.000000000000000000e+00 6.056309999999999718e+02 1.489984999999999900e+03 1.675000000000000044e+00 1.482499999999999929e+00 3.036999999999999922e+00 1.561500000000000110e+00
6.000000000000000000e+00 8.860000000000000000e+02 -1.000000000000000000e+00 -1.000000000000000000e+00 -1.000000000000000000e+00 -1.000000000000000000e+00 -1.000000000000000000e+00 5.881369999999999436e+02 1.518882000000000062e+03 1.679999999999999938e+00 1.614000000000000101e+00 5.011999999999999567e+00 1.850500000000000034e+00
6.000000000000000000e+00 8.890000000000000000e+02 -1.000000000000000000e+00 -1.000000000000000000e+00 -1.000000000000000000e+00 -1.000000000000000000e+00 -1.000000000000000000e+00 6.274099999999999682e+02 1.496526000000000067e+03 2.208000000000000185e+00 1.510000000000000009e+00 3.583499999999999908e+00 1.640500000000000069e+00
6.000000000000000000e+00 8.980000000000000000e+02 -1.000000000000000000e+00 -1.000000000000000000e+00 -1.000000000000000000e+00 -1.000000000000000000e+00 -1.000000000000000000e+00 6.056309999999999718e+02 1.489984999999999900e+03 1.675000000000000044e+00 1.482499999999999929e+00 3.036999999999999922e+00 1.561500000000000110e+00
7.000000000000000000e+00 8.860000000000000000e+02 -1.000000000000000000e+00 -1.000000000000000000e+00 -1.000000000000000000e+00 -1.000000000000000000e+00 -1.000000000000000000e+00 5.881369999999999436e+02 1.518882000000000062e+03 1.679999999999999938e+00 1.614000000000000101e+00 5.011999999999999567e+00 1.850500000000000034e+00
7.000000000000000000e+00 8.890000000000000000e+02 -1.000000000000000000e+00 -1.000000000000000000e+00 -1.000000000000000000e+00 -1.000000000000000000e+00 -1.000000000000000000e+00 6.274099999999999682e+02 1.496526000000000067e+03 2.208000000000000185e+00 1.510000000000000009e+00 3.583499999999999908e+00 1.640500000000000069e+00
7.000000000000000000e+00 8.980000000000000000e+02 -1.000000000000000000e+00 -1.000000000000000000e+00 -1.000000000000000000e+00 -1.000000000000000000e+00 -1.000000000000000000e+00 6.056309999999999718e+02 1.489984999999999900e+03 1.675000000000000044e+00 1.482499999999999929e+00 3.036999999999999922e+00 1.561500000000000110e+00
8.000000000000000000e+00 8.860000000000000000e+02 -1.000000000000000000e+00 -1.000000000000000000e+00 -1.000000000000000000e+00 -1.000000000000000000e+00 -1.000000000000000000e+00 5.881369999999999436e+02 1.518882000000000062e+03 1.679999999999999938e+00 1.614000000000000101e+00 5.011999999999999567e+00 1.850500000000000034e+00
8.000000000000000000e+00 8.890000000000000000e+02 -1.000000000000000000e+00 -1.000000000000000000e+00 -1.000000000000000000e+00 -1.000000000000000000e+00 -1.000000000000000000e+00 6.274099999999999682e+02 1.496526000000000067e+03 2.208000000000000185e+00 1.510000000000000009e+00 3.583499999999999908e+00 1.640500000000000069e+00
8.000000000000000000e+00 8.980000000000000000e+02 -1.000000000000000000e+00 -1.000000000000000000e+00 -1.000000000000000000e+00 -1.000000000000000000e+00 -1.000000000000000000e+00 6.056309999999999718e+02 1.489984999999999900e+03 1.675000000000000044e+00 1.482499999999999929e+00 3.036999999999999922e+00 1.561500000000000110e+00
9.000000000000000000e+00 8.860000000000000000e+02 -1.000000000000000000e+00 -1.000000000000000000e+00 -1.000000000000000000e+00 -1.000000000000000000e+00 -1.000000000000000000e+00 5.881369999999999436e+02 1.518882000000000062e+03 1.679999999999999938e+00 1.614000000000000101e+00 5.011999999999999567e+00 1.850500000000000034e+00
9.000000000000000000e+00 8.890000000000000000e+02 -1.000000000000000000e+00 -1.000000000000000000e+00 -1.000000000000000000e+00 -1.000000000000000000e+00 -1.000000000000000000e+00 6.274099999999999682e+02 1.496526000000000067e+03 2.208000000000000185e+00 1.510000000000000009e+00 3.583499999999999908e+00 1.640500000000000069e+00
9.000000000000000000e+00 8.980000000000000000e+02 -1.000000000000000000e+00 -1.000000000000000000e+00 -1.000000000000000000e+00 -1.000000000000000000e+00 -1.000000000000000000e+00 6.056309999999999718e+02 1.489984999999999900e+03 1.675000000000000044e+00 1.482499999999999929e+00 3.036999999999999922e+00 1.561500000000000110e+00
1.000000000000000000e+01 8.860000000000000000e+02 -1.000000000000000000e+00 -1.000000000000000000e+00 -1.000000000000000000e+00 -1.000000000000000000e+00 -1.000000000000000000e+00 5.881369999999999436e+02 1.518882000000000062e+03 1.679999999999999938e+00 1.614000000000000101e+00 5.011999999999999567e+00 1.850500000000000034e+00
1.000000000000000000e+01 8.890000000000000000e+02 -1.000000000000000000e+00 -1.000000000000000000e+00 -1.000000000000000000e+00 -1.000000000000000000e+00 -1.000000000000000000e+00 6.274099999999999682e+02 1.496526000000000067e+03 2.208000000000000185e+00 1.510000000000000009e+00 3.583499999999999908e+00 1.640500000000000069e+00
1.000000000000000000e+01 8.980000000000000000e+02 -1.000000000000000000e+00 -1.000000000000000000e+00 -1.000000000000000000e+00 -1.000000000000000000e+00 -1.000000000000000000e+00 6.056309999999999718e+02 1.489984999999999900e+03 1.675000000000000044e+00 1.482499999999999929e+00 3.036999999999999922e+00 1.561500000000000110e+00
1.100000000000000000e+01 8.860000000000000000e+02 -1.000000000000000000e+00 -1.000000000000000000e+00 -1.000000000000000000e+00 -1.000000000000000000e+00 -1.000000000000000000e+00 5.881369999999999436e+02 1.518882000000000062e+03 1.679999999999999938e+00 1.614000000000000101e+00 5.011999999999999567e+00 1.850500000000000034e+00
1.100000000000000000e+01 8.890000000000000000e+02 -1.000000000000000000e+00 -1.000000000000000000e+00 -1.000000000000000000e+00 -1.000000000000000000e+00 -1.000000000000000000e+00 6.274099999999999682e+02 1.496526000000000067e+03 2.208000000000000185e+00 1.510000000000000009e+00 3.583499999999999908e+00 1.640500000000000069e+00
1.100000000000000000e+01 8.980000000000000000e+02 -1.000000000000000000e+00 -1.000000000000000000e+00 -1.000000000000000000e+00 -1.000000000000000000e+00 -1.000000000000000000e+00 6.056309999999999718e+02 1.489984999999999900e+03 1.675000000000000044e+00 1.482499999999999929e+00 3.036999999999999922e+00 1.561500000000000110e+00
1.200000000000000000e+01 8.860000000000000000e+02 -1.000000000000000000e+00 -1.000000000000000000e+00 -1.000000000000000000e+00 -1.000000000000000000e+00 -1.000000000000000000e+00 5.881369999999999436e+02 1.518882000000000062e+03 1.679999999999999938e+00 1.614000000000000101e+00 5.011999999999999567e+00 1.850500000000000034e+00
1.200000000000000000e+01 8.890000000000000000e+02 -1.000000000000000000e+00 -1.000000000000000000e+00 -1.000000000000000000e+00 -1.000000000000000000e+00 -1.000000000000000000e+00 6.274099999999999682e+02 1.496526000000000067e+03 2.208000000000000185e+00 1.510000000000000009e+00 3.583499999999999908e+00 1.640500000000000069e+00
1.200000000000000000e+01 8.980000000000000000e+02 -1.000000000000000000e+00 -1.000000000000000000e+00 -1.000000000000000000e+00 -1.000000000000000000e+00 -1.000000000000000000e+00 6.056309999999999718e+02 1.489984999999999900e+03 1.675000000000000044e+00 1.482499999999999929e+00 3.036999999999999922e+00 1.561500000000000110e+00
1.300000000000000000e+01 8.860000000000000000e+02 -1.000000000000000000e+00 -1.000000000000000000e+00 -1.000000000000000000e+00 -1.000000000000000000e+00 -1.000000000000000000e+00 5.881369999999999436e+02 1.518882000000000062e+03 1.679999999999999938e+00 1.614000000000000101e+00 5.011999999999999567e+00 1.850500000000000034e+00
1.300000000000000000e+01 8.890000000000000000e+02 -1.000000000000000000e+00 -1.000000000000000000e+00 -1.000000000000000000e+00 -1.000000000000000000e+00 -1.000000000000000000e+00 6.274099999999999682e+02 1.496526000000000067e+03 2.208000000000000185e+00 1.510000000000000009e+00 3.583499999999999908e+00 1.640500000000000069e+00
1.300000000000000000e+01 8.980000000000000000e+02 -1.000000000000000000e+00 -1.000000000000000000e+00 -1.000000000000000000e+00 -1.000000000000000000e+00 -1.000000000000000000e+00 6.056309999999999718e+02 1.489984999999999900e+03 1.675000000000000044e+00 1.482499999999999929e+00 3.036999999999999922e+00 1.561500000000000110e+00
1.400000000000000000e+01 8.860000000000000000e+02 -1.000000000000000000e+00 -1.000000000000000000e+00 -1.000000000000000000e+00 -1.000000000000000000e+00 -1.000000000000000000e+00 5.881369999999999436e+02 1.518882000000000062e+03 1.679999999999999938e+00 1.614000000000000101e+00 5.011999999999999567e+00 1.850500000000000034e+00
1.400000000000000000e+01 8.890000000000000000e+02 -1.000000000000000000e+00 -1.000000000000000000e+00 -1.000000000000000000e+00 -1.000000000000000000e+00 -1.000000000000000000e+00 6.274099999999999682e+02 1.496526000000000067e+03 2.208000000000000185e+00 1.510000000000000009e+00 3.583499999999999908e+00 1.640500000000000069e+00
1.400000000000000000e+01 8.980000000000000000e+02 -1.000000000000000000e+00 -1.000000000000000000e+00 -1.000000000000000000e+00 -1.000000000000000000e+00 -1.000000000000000000e+00 6.056309999999999718e+02 1.489984999999999900e+03 1.675000000000000044e+00 1.482499999999999929e+00 3.036999999999999922e+00 1.561500000000000110e+00
1.500000000000000000e+01 8.860000000000000000e+02 -1.000000000000000000e+00 -1.000000000000000000e+00 -1.000000000000000000e+00 -1.000000000000000000e+00 -1.000000000000000000e+00 5.881369999999999436e+02 1.518882000000000062e+03 1.679999999999999938e+00 1.614000000000000101e+00 5.011999999999999567e+00 1.850500000000000034e+00
1.500000000000000000e+01 8.890000000000000000e+02 -1.000000000000000000e+00 -1.000000000000000000e+00 -1.000000000000000000e+00 -1.000000000000000000e+00 -1.000000000000000000e+00 6.274099999999999682e+02 1.496526000000000067e+03 2.208000000000000185e+00 1.510000000000000009e+00 3.583499999999999908e+00 1.640500000000000069e+00
1.500000000000000000e+01 8.980000000000000000e+02 -1.000000000000000000e+00 -1.000000000000000000e+00 -1.000000000000000000e+00 -1.000000000000000000e+00 -1.000000000000000000e+00 6.056309999999999718e+02 1.489984999999999900e+03 1.675000000000000044e+00 1.482499999999999929e+00 3.036999999999999922e+00 1.561500000000000110e+00
1.600000000000000000e+01 8.860000000000000000e+02 -1.000000000000000000e+00 -1.000000000000000000e+00 -1.000000000000000000e+00 -1.000000000000000000e+00 -1.000000000000000000e+00 5.881369999999999436e+02 1.518882000000000062e+03 1.679999999999999938e+00 1.614000000000000101e+00 5.011999999999999567e+00 1.850500000000000034e+00
1.600000000000000000e+01 8.890000000000000000e+02 -1.000000000000000000e+00 -1.000000000000000000e+00 -1.000000000000000000e+00 -1.000000000000000000e+00 -1.000000000000000000e+00 6.274099999999999682e+02 1.496526000000000067e+03 2.208000000000000185e+00 1.510000000000000009e+00 3.583499999999999908e+00 1.640500000000000069e+00
1.600000000000000000e+01 8.980000000000000000e+02 -1.000000000000000000e+00 -1.000000000000000000e+00 -1.000000000000000000e+00 -1.000000000000000000e+00 -1.000000000000000000e+00 6.056309999999999718e+02 1.489984999999999900e+03 1.675000000000000044e+00 1.482499999999999929e+00 3.036999999999999922e+00 1.561500000000000110e+00
1.700000000000000000e+01 8.860000000000000000e+02 -1.000000000000000000e+00 -1.000000000000000000e+00 -1.000000000000000000e+00 -1.000000000000000000e+00 -1.000000000000000000e+00 5.881369999999999436e+02 1.518882000000000062e+03 1.679999999999999938e+00 1.614000000000000101e+00 5.011999999999999567e+00 1.850500000000000034e+00
1.700000000000000000e+01 8.890000000000000000e+02 -1.000000000000000000e+00 -1.000000000000000000e+00 -1.000000000000000000e+00 -1.000000000000000000e+00 -1.000000000000000000e+00 6.274099999999999682e+02 1.496526000000000067e+03 2.208000000000000185e+00 1.510000000000000009e+00 3.583499999999999908e+00 1.640500000000000069e+00
1.700000000000000000e+01 8.980000000000000000e+02 -1.000000000000000000e+00 -1.000000000000000000e+00 -1.000000000000000000e+00 -1.000000000000000000e+00 -1.000000000000000000e+00 6.056369999999999436e+02 1.489980999999999995e+03 1.675000000000000044e+00 1.482499999999999929e+00 3.036999999999999922e+00 1.561500000000000110e+00
1.800000000000000000e+01 8.860000000000000000e+02 -1.000000000000000000e+00 -1.000000000000000000e+00 -1.000000000000000000e+00 -1.000000000000000000e+00 -1.000000000000000000e+00 5.881369999999999436e+02 1.518882000000000062e+03 1.679999999999999938e+00 1.614000000000000101e+00 5.011999999999999567e+00 1.850500000000000034e+00
1.800000000000000000e+01 8.890000000000000000e+02 -1.000000000000000000e+00 -1.000000000000000000e+00 -1.000000000000000000e+00 -1.000000000000000000e+00 -1.000000000000000000e+00 6.274099999999999682e+02 1.496526000000000067e+03 2.208000000000000185e+00 1.510000000000000009e+00 3.583499999999999908e+00 1.640500000000000069e+00
1.800000000000000000e+01 8.980000000000000000e+02 -1.000000000000000000e+00 -1.000000000000000000e+00 -1.000000000000000000e+00 -1.000000000000000000e+00 -1.000000000000000000e+00 6.056420000000000528e+02 1.489977000000000089e+03 1.675000000000000044e+00 1.482499999999999929e+00 3.036999999999999922e+00 1.561500000000000110e+00
1.900000000000000000e+01 8.860000000000000000e+02 -1.000000000000000000e+00 -1.000000000000000000e+00 -1.000000000000000000e+00 -1.000000000000000000e+00 -1.000000000000000000e+00 5.881369999999999436e+02 1.518882000000000062e+03 1.679999999999999938e+00 1.614000000000000101e+00 5.011999999999999567e+00 1.850500000000000034e+00
1.900000000000000000e+01 8.890000000000000000e+02 -1.000000000000000000e+00 -1.000000000000000000e+00 -1.000000000000000000e+00 -1.000000000000000000e+00 -1.000000000000000000e+00 6.274099999999999682e+02 1.496526000000000067e+03 2.208000000000000185e+00 1.510000000000000009e+00 3.583499999999999908e+00 1.640500000000000069e+00
1.900000000000000000e+01 8.980000000000000000e+02 -1.000000000000000000e+00 -1.000000000000000000e+00 -1.000000000000000000e+00 -1.000000000000000000e+00 -1.000000000000000000e+00 6.056480000000000246e+02 1.489972999999999956e+03 1.675000000000000044e+00 1.482499999999999929e+00 3.036999999999999922e+00 1.561500000000000110e+00
2.000000000000000000e+01 8.860000000000000000e+02 -1.000000000000000000e+00 -1.000000000000000000e+00 -1.000000000000000000e+00 -1.000000000000000000e+00 -1.000000000000000000e+00 5.881369999999999436e+02 1.518882000000000062e+03 1.679999999999999938e+00 1.614000000000000101e+00 5.011999999999999567e+00 1.850500000000000034e+00
2.000000000000000000e+01 8.890000000000000000e+02 -1.000000000000000000e+00 -1.000000000000000000e+00 -1.000000000000000000e+00 -1.000000000000000000e+00 -1.000000000000000000e+00 6.274099999999999682e+02 1.496526000000000067e+03 2.208000000000000185e+00 1.510000000000000009e+00 3.583499999999999908e+00 1.640500000000000069e+00
2.000000000000000000e+01 8.980000000000000000e+02 -1.000000000000000000e+00 -1.000000000000000000e+00 -1.000000000000000000e+00 -1.000000000000000000e+00 -1.000000000000000000e+00 6.056539999999999964e+02 1.489969000000000051e+03 1.675000000000000044e+00 1.482499999999999929e+00 3.036999999999999922e+00 1.561500000000000110e+00
2.100000000000000000e+01 8.860000000000000000e+02 -1.000000000000000000e+00 -1.000000000000000000e+00 -1.000000000000000000e+00 -1.000000000000000000e+00 -1.000000000000000000e+00 5.881369999999999436e+02 1.518882000000000062e+03 1.679999999999999938e+00 1.614000000000000101e+00 5.011999999999999567e+00 1.850500000000000034e+00
2.100000000000000000e+01 8.890000000000000000e+02 -1.000000000000000000e+00 -1.000000000000000000e+00 -1.000000000000000000e+00 -1.000000000000000000e+00 -1.000000000000000000e+00 6.274099999999999682e+02 1.496526000000000067e+03 2.208000000000000185e+00 1.510000000000000009e+00 3.583499999999999908e+00 1.640500000000000069e+00
2.100000000000000000e+01 8.980000000000000000e+02 -1.000000000000000000e+00 -1.000000000000000000e+00 -1.000000000000000000e+00 -1.000000000000000000e+00 -1.000000000000000000e+00 6.056589999999999918e+02 1.489964999999999918e+03 1.675000000000000044e+00 1.482499999999999929e+00 3.036999999999999922e+00 1.561500000000000110e+00
2.200000000000000000e+01 8.860000000000000000e+02 -1.000000000000000000e+00 -1.000000000000000000e+00 -1.000000000000000000e+00 -1.000000000000000000e+00 -1.000000000000000000e+00 5.881369999999999436e+02 1.518882000000000062e+03 1.679999999999999938e+00 1.614000000000000101e+00 5.011999999999999567e+00 1.850500000000000034e+00
2.200000000000000000e+01 8.890000000000000000e+02 -1.000000000000000000e+00 -1.000000000000000000e+00 -1.000000000000000000e+00 -1.000000000000000000e+00 -1.000000000000000000e+00 6.274099999999999682e+02 1.496526000000000067e+03 2.208000000000000185e+00 1.510000000000000009e+00 3.583499999999999908e+00 1.640500000000000069e+00
2.200000000000000000e+01 8.980000000000000000e+02 -1.000000000000000000e+00 -1.000000000000000000e+00 -1.000000000000000000e+00 -1.000000000000000000e+00 -1.000000000000000000e+00 6.056649999999999636e+02 1.489961000000000013e+03 1.675000000000000044e+00 1.482499999999999929e+00 3.036999999999999922e+00 1.561500000000000110e+00
2.300000000000000000e+01 8.860000000000000000e+02 -1.000000000000000000e+00 -1.000000000000000000e+00 -1.000000000000000000e+00 -1.000000000000000000e+00 -1.000000000000000000e+00 5.881150000000000091e+02 1.518895999999999958e+03 1.679999999999999938e+00 1.614000000000000101e+00 5.011999999999999567e+00 1.850500000000000034e+00
2.300000000000000000e+01 8.890000000000000000e+02 -1.000000000000000000e+00 -1.000000000000000000e+00 -1.000000000000000000e+00 -1.000000000000000000e+00 -1.000000000000000000e+00 6.274099999999999682e+02 1.496526000000000067e+03 2.208000000000000185e+00 1.510000000000000009e+00 3.583499999999999908e+00 1.640500000000000069e+00
2.300000000000000000e+01 8.980000000000000000e+02 -1.000000000000000000e+00 -1.000000000000000000e+00 -1.000000000000000000e+00 -1.000000000000000000e+00 -1.000000000000000000e+00 6.056570000000000391e+02 1.489967000000000098e+03 1.675000000000000044e+00 1.482499999999999929e+00 3.036999999999999922e+00 1.561500000000000110e+00
2.400000000000000000e+01 8.860000000000000000e+02 -1.000000000000000000e+00 -1.000000000000000000e+00 -1.000000000000000000e+00 -1.000000000000000000e+00 -1.000000000000000000e+00 5.880929999999999609e+02 1.518910000000000082e+03 1.679999999999999938e+00 1.614000000000000101e+00 5.011999999999999567e+00 1.850500000000000034e+00
2.400000000000000000e+01 8.890000000000000000e+02 -1.000000000000000000e+00 -1.000000000000000000e+00 -1.000000000000000000e+00 -1.000000000000000000e+00 -1.000000000000000000e+00 6.274099999999999682e+02 1.496526000000000067e+03 2.208000000000000185e+00 1.510000000000000009e+00 3.583499999999999908e+00 1.640500000000000069e+00
2.400000000000000000e+01 8.980000000000000000e+02 -1.000000000000000000e+00 -1.000000000000000000e+00 -1.000000000000000000e+00 -1.000000000000000000e+00 -1.000000000000000000e+00 6.056480000000000246e+02 1.489972999999999956e+03 1.675000000000000044e+00 1.482499999999999929e+00 3.036999999999999922e+00 1.561500000000000110e+00
2.500000000000000000e+01 8.860000000000000000e+02 -1.000000000000000000e+00 -1.000000000000000000e+00 -1.000000000000000000e+00 -1.000000000000000000e+00 -1.000000000000000000e+00 5.880700000000000500e+02 1.518924999999999955e+03 1.679999999999999938e+00 1.614000000000000101e+00 5.011999999999999567e+00 1.850500000000000034e+00
2.500000000000000000e+01 8.890000000000000000e+02 -1.000000000000000000e+00 -1.000000000000000000e+00 -1.000000000000000000e+00 -1.000000000000000000e+00 -1.000000000000000000e+00 6.274099999999999682e+02 1.496526000000000067e+03 2.208000000000000185e+00 1.510000000000000009e+00 3.583499999999999908e+00 1.640500000000000069e+00
2.500000000000000000e+01 8.980000000000000000e+02 -1.000000000000000000e+00 -1.000000000000000000e+00 -1.000000000000000000e+00 -1.000000000000000000e+00 -1.000000000000000000e+00 6.056390000000000100e+02 1.489979000000000042e+03 1.675000000000000044e+00 1.482499999999999929e+00 3.036999999999999922e+00 1.561500000000000110e+00
2.600000000000000000e+01 8.860000000000000000e+02 -1.000000000000000000e+00 -1.000000000000000000e+00 -1.000000000000000000e+00 -1.000000000000000000e+00 -1.000000000000000000e+00 5.880700000000000500e+02 1.518924999999999955e+03 1.679999999999999938e+00 1.614000000000000101e+00 5.011999999999999567e+00 1.850500000000000034e+00
2.600000000000000000e+01 8.890000000000000000e+02 -1.000000000000000000e+00 -1.000000000000000000e+00 -1.000000000000000000e+00 -1.000000000000000000e+00 -1.000000000000000000e+00 6.274099999999999682e+02 1.496526000000000067e+03 2.208000000000000185e+00 1.510000000000000009e+00 3.583499999999999908e+00 1.640500000000000069e+00
2.600000000000000000e+01 8.980000000000000000e+02 -1.000000000000000000e+00 -1.000000000000000000e+00 -1.000000000000000000e+00 -1.000000000000000000e+00 -1.000000000000000000e+00 6.056309999999999718e+02 1.489984999999999900e+03 1.675000000000000044e+00 1.482499999999999929e+00 3.036999999999999922e+00 1.561500000000000110e+00
2.700000000000000000e+01 8.860000000000000000e+02 -1.000000000000000000e+00 -1.000000000000000000e+00 -1.000000000000000000e+00 -1.000000000000000000e+00 -1.000000000000000000e+00 5.880700000000000500e+02 1.518924999999999955e+03 1.679999999999999938e+00 1.614000000000000101e+00 5.011999999999999567e+00 1.850500000000000034e+00
2.700000000000000000e+01 8.890000000000000000e+02 -1.000000000000000000e+00 -1.000000000000000000e+00 -1.000000000000000000e+00 -1.000000000000000000e+00 -1.000000000000000000e+00 6.274099999999999682e+02 1.496526000000000067e+03 2.208000000000000185e+00 1.510000000000000009e+00 3.583499999999999908e+00 1.640500000000000069e+00
2.700000000000000000e+01 8.980000000000000000e+02 -1.000000000000000000e+00 -1.000000000000000000e+00 -1.000000000000000000e+00 -1.000000000000000000e+00 -1.000000000000000000e+00 6.056649999999999636e+02 1.489961000000000013e+03 1.675000000000000044e+00 1.482499999999999929e+00 3.036999999999999922e+00 1.561500000000000110e+00
2.800000000000000000e+01 8.860000000000000000e+02 -1.000000000000000000e+00 -1.000000000000000000e+00 -1.000000000000000000e+00 -1.000000000000000000e+00 -1.000000000000000000e+00 5.880700000000000500e+02 1.518924999999999955e+03 1.679999999999999938e+00 1.614000000000000101e+00 5.011999999999999567e+00 1.850500000000000034e+00
2.800000000000000000e+01 8.890000000000000000e+02 -1.000000000000000000e+00 -1.000000000000000000e+00 -1.000000000000000000e+00 -1.000000000000000000e+00 -1.000000000000000000e+00 6.274099999999999682e+02 1.496526000000000067e+03 2.208000000000000185e+00 1.510000000000000009e+00 3.583499999999999908e+00 1.640500000000000069e+00
2.800000000000000000e+01 8.980000000000000000e+02 -1.000000000000000000e+00 -1.000000000000000000e+00 -1.000000000000000000e+00 -1.000000000000000000e+00 -1.000000000000000000e+00 6.056309999999999718e+02 1.489984999999999900e+03 1.675000000000000044e+00 1.482499999999999929e+00 3.036999999999999922e+00 1.561500000000000110e+00
2.900000000000000000e+01 8.860000000000000000e+02 -1.000000000000000000e+00 -1.000000000000000000e+00 -1.000000000000000000e+00 -1.000000000000000000e+00 -1.000000000000000000e+00 5.880700000000000500e+02 1.518924999999999955e+03 1.679999999999999938e+00 1.614000000000000101e+00 5.011999999999999567e+00 1.850500000000000034e+00
2.900000000000000000e+01 8.890000000000000000e+02 -1.000000000000000000e+00 -1.000000000000000000e+00 -1.000000000000000000e+00 -1.000000000000000000e+00 -1.000000000000000000e+00 6.274099999999999682e+02 1.496526000000000067e+03 2.208000000000000185e+00 1.510000000000000009e+00 3.583499999999999908e+00 1.640500000000000069e+00
2.900000000000000000e+01 8.980000000000000000e+02 -1.000000000000000000e+00 -1.000000000000000000e+00 -1.000000000000000000e+00 -1.000000000000000000e+00 -1.000000000000000000e+00 6.056309999999999718e+02 1.489984999999999900e+03 1.675000000000000044e+00 1.482499999999999929e+00 3.036999999999999922e+00 1.561500000000000110e+00
3.000000000000000000e+01 8.860000000000000000e+02 -1.000000000000000000e+00 -1.000000000000000000e+00 -1.000000000000000000e+00 -1.000000000000000000e+00 -1.000000000000000000e+00 5.880700000000000500e+02 1.518924999999999955e+03 1.679999999999999938e+00 1.614000000000000101e+00 5.011999999999999567e+00 1.850500000000000034e+00
3.000000000000000000e+01 8.890000000000000000e+02 -1.000000000000000000e+00 -1.000000000000000000e+00 -1.000000000000000000e+00 -1.000000000000000000e+00 -1.000000000000000000e+00 6.274099999999999682e+02 1.496526000000000067e+03 2.208000000000000185e+00 1.510000000000000009e+00 3.583499999999999908e+00 1.640500000000000069e+00
3.000000000000000000e+01 8.980000000000000000e+02 -1.000000000000000000e+00 -1.000000000000000000e+00 -1.000000000000000000e+00 -1.000000000000000000e+00 -1.000000000000000000e+00 6.056309999999999718e+02 1.489984999999999900e+03 1.675000000000000044e+00 1.482499999999999929e+00 3.036999999999999922e+00 1.561500000000000110e+00
3.100000000000000000e+01 8.860000000000000000e+02 -1.000000000000000000e+00 -1.000000000000000000e+00 -1.000000000000000000e+00 -1.000000000000000000e+00 -1.000000000000000000e+00 5.880700000000000500e+02 1.518924999999999955e+03 1.679999999999999938e+00 1.614000000000000101e+00 5.011999999999999567e+00 1.850500000000000034e+00
3.100000000000000000e+01 8.890000000000000000e+02 -1.000000000000000000e+00 -1.000000000000000000e+00 -1.000000000000000000e+00 -1.000000000000000000e+00 -1.000000000000000000e+00 6.274099999999999682e+02 1.496526000000000067e+03 2.208000000000000185e+00 1.510000000000000009e+00 3.583499999999999908e+00 1.640500000000000069e+00
3.100000000000000000e+01 8.980000000000000000e+02 -1.000000000000000000e+00 -1.000000000000000000e+00 -1.000000000000000000e+00 -1.000000000000000000e+00 -1.000000000000000000e+00 6.056309999999999718e+02 1.489984999999999900e+03 1.675000000000000044e+00 1.482499999999999929e+00 3.036999999999999922e+00 1.561500000000000110e+00
3.200000000000000000e+01 8.860000000000000000e+02 -1.000000000000000000e+00 -1.000000000000000000e+00 -1.000000000000000000e+00 -1.000000000000000000e+00 -1.000000000000000000e+00 5.880700000000000500e+02 1.518924999999999955e+03 1.679999999999999938e+00 1.614000000000000101e+00 5.011999999999999567e+00 1.850500000000000034e+00
3.200000000000000000e+01 8.890000000000000000e+02 -1.000000000000000000e+00 -1.000000000000000000e+00 -1.000000000000000000e+00 -1.000000000000000000e+00 -1.000000000000000000e+00 6.274099999999999682e+02 1.496526000000000067e+03 2.208000000000000185e+00 1.510000000000000009e+00 3.583499999999999908e+00 1.640500000000000069e+00
3.200000000000000000e+01 8.980000000000000000e+02 -1.000000000000000000e+00 -1.000000000000000000e+00 -1.000000000000000000e+00 -1.000000000000000000e+00 -1.000000000000000000e+00 6.056309999999999718e+02 1.489984999999999900e+03 1.675000000000000044e+00 1.482499999999999929e+00 3.036999999999999922e+00 1.561500000000000110e+00
3.300000000000000000e+01 8.860000000000000000e+02 -1.000000000000000000e+00 -1.000000000000000000e+00 -1.000000000000000000e+00 -1.000000000000000000e+00 -1.000000000000000000e+00 5.880700000000000500e+02 1.518924999999999955e+03 1.679999999999999938e+00 1.614000000000000101e+00 5.011999999999999567e+00 1.850500000000000034e+00
3.300000000000000000e+01 8.890000000000000000e+02 -1.000000000000000000e+00 -1.000000000000000000e+00 -1.000000000000000000e+00 -1.000000000000000000e+00 -1.000000000000000000e+00 6.274099999999999682e+02 1.496526000000000067e+03 2.208000000000000185e+00 1.510000000000000009e+00 3.583499999999999908e+00 1.640500000000000069e+00
3.300000000000000000e+01 8.980000000000000000e+02 -1.000000000000000000e+00 -1.000000000000000000e+00 -1.000000000000000000e+00 -1.000000000000000000e+00 -1.000000000000000000e+00 6.056380000000000337e+02 1.489980000000000018e+03 1.675000000000000044e+00 1.482499999999999929e+00 3.036999999999999922e+00 1.561500000000000110e+00
3.400000000000000000e+01 8.860000000000000000e+02 -1.000000000000000000e+00 -1.000000000000000000e+00 -1.000000000000000000e+00 -1.000000000000000000e+00 -1.000000000000000000e+00 5.880700000000000500e+02 1.518924999999999955e+03 1.679999999999999938e+00 1.614000000000000101e+00 5.011999999999999567e+00 1.850500000000000034e+00
3.400000000000000000e+01 8.890000000000000000e+02 -1.000000000000000000e+00 -1.000000000000000000e+00 -1.000000000000000000e+00 -1.000000000000000000e+00 -1.000000000000000000e+00 6.274099999999999682e+02 1.496526000000000067e+03 2.208000000000000185e+00 1.510000000000000009e+00 3.583499999999999908e+00 1.640500000000000069e+00
3.400000000000000000e+01 8.980000000000000000e+02 -1.000000000000000000e+00 -1.000000000000000000e+00 -1.000000000000000000e+00 -1.000000000000000000e+00 -1.000000000000000000e+00 6.056459999999999582e+02 1.489974999999999909e+03 1.675000000000000044e+00 1.482499999999999929e+00 3.036999999999999922e+00 1.561500000000000110e+00
3.500000000000000000e+01 8.860000000000000000e+02 -1.000000000000000000e+00 -1.000000000000000000e+00 -1.000000000000000000e+00 -1.000000000000000000e+00 -1.000000000000000000e+00 5.880700000000000500e+02 1.518924999999999955e+03 1.679999999999999938e+00 1.614000000000000101e+00 5.011999999999999567e+00 1.850500000000000034e+00
3.500000000000000000e+01 8.890000000000000000e+02 -1.000000000000000000e+00 -1.000000000000000000e+00 -1.000000000000000000e+00 -1.000000000000000000e+00 -1.000000000000000000e+00 6.274099999999999682e+02 1.496526000000000067e+03 2.208000000000000185e+00 1.510000000000000009e+00 3.583499999999999908e+00 1.640500000000000069e+00
3.500000000000000000e+01 8.980000000000000000e+02 -1.000000000000000000e+00 -1.000000000000000000e+00 -1.000000000000000000e+00 -1.000000000000000000e+00 -1.000000000000000000e+00 6.056530000000000200e+02 1.489970000000000027e+03 1.675000000000000044e+00 1.482499999999999929e+00 3.036999999999999922e+00 1.561500000000000110e+00
3.600000000000000000e+01 8.860000000000000000e+02 -1.000000000000000000e+00 -1.000000000000000000e+00 -1.000000000000000000e+00 -1.000000000000000000e+00 -1.000000000000000000e+00 5.880700000000000500e+02 1.518924999999999955e+03 1.679999999999999938e+00 1.614000000000000101e+00 5.011999999999999567e+00 1.850500000000000034e+00
3.600000000000000000e+01 8.890000000000000000e+02 -1.000000000000000000e+00 -1.000000000000000000e+00 -1.000000000000000000e+00 -1.000000000000000000e+00 -1.000000000000000000e+00 6.274099999999999682e+02 1.496526000000000067e+03 2.208000000000000185e+00 1.510000000000000009e+00 3.583499999999999908e+00 1.640500000000000069e+00
3.600000000000000000e+01 8.980000000000000000e+02 -1.000000000000000000e+00 -1.000000000000000000e+00 -1.000000000000000000e+00 -1.000000000000000000e+00 -1.000000000000000000e+00 6.056599999999999682e+02 1.489963999999999942e+03 1.675000000000000044e+00 1.482499999999999929e+00 3.036999999999999922e+00 1.561500000000000110e+00
3.700000000000000000e+01 8.860000000000000000e+02 -1.000000000000000000e+00 -1.000000000000000000e+00 -1.000000000000000000e+00 -1.000000000000000000e+00 -1.000000000000000000e+00 5.880700000000000500e+02 1.518924999999999955e+03 1.679999999999999938e+00 1.614000000000000101e+00 5.011999999999999567e+00 1.850500000000000034e+00
3.700000000000000000e+01 8.890000000000000000e+02 -1.000000000000000000e+00 -1.000000000000000000e+00 -1.000000000000000000e+00 -1.000000000000000000e+00 -1.000000000000000000e+00 6.274099999999999682e+02 1.496526000000000067e+03 2.208000000000000185e+00 1.510000000000000009e+00 3.583499999999999908e+00 1.640500000000000069e+00
3.700000000000000000e+01 8.980000000000000000e+02 -1.000000000000000000e+00 -1.000000000000000000e+00 -1.000000000000000000e+00 -1.000000000000000000e+00 -1.000000000000000000e+00 6.057440000000000282e+02 1.489904999999999973e+03 1.675000000000000044e+00 1.482499999999999929e+00 3.036999999999999922e+00 1.561500000000000110e+00
3.800000000000000000e+01 8.860000000000000000e+02 -1.000000000000000000e+00 -1.000000000000000000e+00 -1.000000000000000000e+00 -1.000000000000000000e+00 -1.000000000000000000e+00 5.880700000000000500e+02 1.518924999999999955e+03 1.679999999999999938e+00 1.614000000000000101e+00 5.011999999999999567e+00 1.850500000000000034e+00
3.800000000000000000e+01 8.890000000000000000e+02 -1.000000000000000000e+00 -1.000000000000000000e+00 -1.000000000000000000e+00 -1.000000000000000000e+00 -1.000000000000000000e+00 6.274099999999999682e+02 1.496526000000000067e+03 2.208000000000000185e+00 1.510000000000000009e+00 3.583499999999999908e+00 1.640500000000000069e+00
3.800000000000000000e+01 8.980000000000000000e+02 -1.000000000000000000e+00 -1.000000000000000000e+00 -1.000000000000000000e+00 -1.000000000000000000e+00 -1.000000000000000000e+00 6.057369999999999663e+02 1.489910000000000082e+03 1.675000000000000044e+00 1.482499999999999929e+00 3.036999999999999922e+00 1.561500000000000110e+00
3.900000000000000000e+01 8.860000000000000000e+02 -1.000000000000000000e+00 -1.000000000000000000e+00 -1.000000000000000000e+00 -1.000000000000000000e+00 -1.000000000000000000e+00 5.880700000000000500e+02 1.518924999999999955e+03 1.679999999999999938e+00 1.614000000000000101e+00 5.011999999999999567e+00 1.850500000000000034e+00
3.900000000000000000e+01 8.890000000000000000e+02 -1.000000000000000000e+00 -1.000000000000000000e+00 -1.000000000000000000e+00 -1.000000000000000000e+00 -1.000000000000000000e+00 6.274099999999999682e+02 1.496526000000000067e+03 2.208000000000000185e+00 1.510000000000000009e+00 3.583499999999999908e+00 1.640500000000000069e+00
3.900000000000000000e+01 8.980000000000000000e+02 -1.000000000000000000e+00 -1.000000000000000000e+00 -1.000000000000000000e+00 -1.000000000000000000e+00 -1.000000000000000000e+00 6.057300000000000182e+02 1.489914999999999964e+03 1.675000000000000044e+00 1.482499999999999929e+00 3.036999999999999922e+00 1.561500000000000110e+00
4.000000000000000000e+01 8.860000000000000000e+02 -1.000000000000000000e+00 -1.000000000000000000e+00 -1.000000000000000000e+00 -1.000000000000000000e+00 -1.000000000000000000e+00 5.880700000000000500e+02 1.518924999999999955e+03 1.679999999999999938e+00 1.614000000000000101e+00 5.011999999999999567e+00 1.850500000000000034e+00
4.000000000000000000e+01 8.890000000000000000e+02 -1.000000000000000000e+00 -1.000000000000000000e+00 -1.000000000000000000e+00 -1.000000000000000000e+00 -1.000000000000000000e+00 6.274099999999999682e+02 1.496526000000000067e+03 2.208000000000000185e+00 1.510000000000000009e+00 3.583499999999999908e+00 1.640500000000000069e+00
4.000000000000000000e+01 8.980000000000000000e+02 -1.000000000000000000e+00 -1.000000000000000000e+00 -1.000000000000000000e+00 -1.000000000000000000e+00 -1.000000000000000000e+00 6.057240000000000464e+02 1.489919000000000096e+03 1.675000000000000044e+00 1.482499999999999929e+00 3.036999999999999922e+00 1.561500000000000110e+00
