1.800000000000000000e+01 6.270000000000000000e+03 -1.000000000000000000e+00 -1.000000000000000000e+00 -1.000000000000000000e+00 -1.000000000000000000e+00 -1.000000000000000000e+00 1.570162000000000035e+03 2.463190999999999804e+03 9.849999999999999867e-01 4.229999999999999871e-01 1.231999999999999984e+00 8.395000000000000240e-01
1.900000000000000000e+01 6.270000000000000000e+03 -1.000000000000000000e+00 -1.000000000000000000e+00 -1.000000000000000000e+00 -1.000000000000000000e+00 -1.000000000000000000e+00 1.574659000000000106e+03 2.466746999999999844e+03 1.050999999999999934e+00 4.229999999999999871e-01 1.231999999999999984e+00 8.395000000000000240e-01
2.000000000000000000e+01 6.270000000000000000e+03 -1.000000000000000000e+00 -1.000000000000000000e+00 -1.000000000000000000e+00 -1.000000000000000000e+00 -1.000000000000000000e+00 1.578625999999999976e+03 2.469719000000000051e+03 1.090000000000000080e+00 4.229999999999999871e-01 1.231999999999999984e+00 8.395000000000000240e-01
2.100000000000000000e+01 6.270000000000000000e+03 -1.000000000000000000e+00 -1.000000000000000000e+00 -1.000000000000000000e+00 -1.000000000000000000e+00 -1.000000000000000000e+00 1.583067000000000007e+03 2.472652999999999793e+03 1.074999999999999956e+00 4.229999999999999871e-01 1.231999999999999984e+00 8.395000000000000240e-01
2.200000000000000000e+01 6.270000000000000000e+03 -1.000000000000000000e+00 -1.000000000000000000e+00 -1.000000000000000000e+00 -1.000000000000000000e+00 -1.000000000000000000e+00 1.587230000000000018e+03 2.475288000000000011e+03 1.020999999999999908e+00 4.229999999999999871e-01 1.231999999999999984e+00 8.395000000000000240e-01
2.300000000000000000e+01 6.270000000000000000e+03 -1.000000000000000000e+00 -1.000000000000000000e+00 -1.000000000000000000e+00 -1.000000000000000000e+00 -1.000000000000000000e+00 1.591604000000000042e+03 2.477554999999999836e+03 9.659999999999999698e-01 4.229999999999999871e-01 1.231999999999999984e+00 8.395000000000000240e-01
2.400000000000000000e+01 6.270000000000000000e+03 -1.000000000000000000e+00 -1.000000000000000000e+00 -1.000000000000000000e+00 -1.000000000000000000e+00 -1.000000000000000000e+00 1.595788000000000011e+03 2.479650000000000091e+03 9.130000000000000338e-01 4.229999999999999871e-01 1.231999999999999984e+00 8.395000000000000240e-01
2.500000000000000000e+01 6.270000000000000000e+03 -1.000000000000000000e+00 -1.000000000000000000e+00 -1.000000000000000000e+00 -1.000000000000000000e+00 -1.000000000000000000e+00 1.600144000000000005e+03 2.481373999999999796e+03 8.599999999999999867e-01 4.229999999999999871e-01 1.231999999999999984e+00 8.395000000000000240e-01
2.600000000000000000e+01 6.270000000000000000e+03 -1.000000000000000000e+00 -1.000000000000000000e+00 -1.000000000000000000e+00 -1.000000000000000000e+00 -1.000000000000000000e+00 1.603719000000000051e+03 2.482851999999999862e+03 9.599999999999999645e-01 4.229999999999999871e-01 1.231999999999999984e+00 8.395000000000000240e-01
2.700000000000000000e+01 6.270000000000000000e+03 -1.000000000000000000e+00 -1.000000000000000000e+00 -1.000000000000000000e+00 -1.000000000000000000e+00 -1.000000000000000000e+00 1.607344000000000051e+03 2.484190000000000055e+03 1.060000000000000053e+00 4.229999999999999871e-01 1.231999999999999984e+00 8.395000000000000240e-01
2.800000000000000000e+01 6.270000000000000000e+03 -1.000000000000000000e+00 -1.000000000000000000e+00 -1.000000000000000000e+00 -1.000000000000000000e+00 -1.000000000000000000e+00 1.611019000000000005e+03 2.485385000000000218e+03 1.159999999999999920e+00 4.229999999999999871e-01 1.231999999999999984e+00 8.395000000000000240e-01
2.900000000000000000e+01 6.270000000000000000e+03 -1.000000000000000000e+00 -1.000000000000000000e+00 -1.000000000000000000e+00 -1.000000000000000000e+00 -1.000000000000000000e+00 1.614769999999999982e+03 2.486438999999999851e+03 1.185000000000000053e+00 4.229999999999999871e-01 1.231999999999999984e+00 8.395000000000000240e-01
3.000000000000000000e+01 6.270000000000000000e+03 -1.000000000000000000e+00 -1.000000000000000000e+00 -1.000000000000000000e+00 -1.000000000000000000e+00 -1.000000000000000000e+00 1.617927745564727047e+03 2.487556117529473340e+03 1.009402931999495046e+00 4.229999999999999871e-01 1.231999999999999984e+00 8.395000000000000240e-01
3.100000000000000000e+01 6.270000000000000000e+03 -1.000000000000000000e+00 -1.000000000000000000e+00 -1.000000000000000000e+00 -1.000000000000000000e+00 -1.000000000000000000e+00 1.621082000000000107e+03 2.488672000000000025e+03 8.339999999999999636e-01 4.229999999999999871e-01 1.231999999999999984e+00 8.395000000000000240e-01
3.200000000000000000e+01 6.270000000000000000e+03 -1.000000000000000000e+00 -1.000000000000000000e+00 -1.000000000000000000e+00 -1.000000000000000000e+00 -1.000000000000000000e+00 1.624243999999999915e+03 2.489791000000000167e+03 1.008999999999999897e+00 4.229999999999999871e-01 1.231999999999999984e+00 8.395000000000000240e-01
