1.000000000000000000e+00 5.099000000000000000e+03 -1.000000000000000000e+00 -1.000000000000000000e+00 -1.000000000000000000e+00 -1.000000000000000000e+00 -1.000000000000000000e+00 1.265230999999999995e+03 1.018871999999999957e+03 1.840999999999999970e+00 2.834999999999999742e-01 1.048000000000000043e+00 1.000000000000000000e+00
1.800000000000000000e+01 5.134000000000000000e+03 -1.000000000000000000e+00 -1.000000000000000000e+00 -1.000000000000000000e+00 -1.000000000000000000e+00 -1.000000000000000000e+00 1.175115999999999985e+03 8.978419999999999845e+02 5.399999999999999939e-02 2.474999999999999978e-01 9.120000000000000329e-01 5.360000000000000320e-01
1.900000000000000000e+01 5.134000000000000000e+03 -1.000000000000000000e+00 -1.000000000000000000e+00 -1.000000000000000000e+00 -1.000000000000000000e+00 -1.000000000000000000e+00 1.175115999999999985e+03 8.978419999999999845e+02 5.399999999999999939e-02 2.474999999999999978e-01 9.120000000000000329e-01 5.360000000000000320e-01
2.000000000000000000e+01 5.134000000000000000e+03 -1.000000000000000000e+00 -1.000000000000000000e+00 -1.000000000000000000e+00 -1.000000000000000000e+00 -1.000000000000000000e+00 1.175115999999999985e+03 8.978419999999999845e+02 1.039999999999999952e-01 2.474999999999999978e-01 9.120000000000000329e-01 5.360000000000000320e-01
2.100000000000000000e+01 5.134000000000000000e+03 -1.000000000000000000e+00 -1.000000000000000000e+00 -1.000000000000000000e+00 -1.000000000000000000e+00 -1.000000000000000000e+00 1.175115999999999985e+03 8.978419999999999845e+02 2.039999999999999869e-01 2.474999999999999978e-01 9.120000000000000329e-01 5.360000000000000320e-01
2.200000000000000000e+01 5.134000000000000000e+03 -1.000000000000000000e+00 -1.000000000000000000e+00 -1.000000000000000000e+00 -1.000000000000000000e+00 -1.000000000000000000e+00 1.175115999999999985e+03 8.978419999999999845e+02 3.539999999999999813e-01 2.474999999999999978e-01 9.120000000000000329e-01 5.360000000000000320e-01
2.200000000000000000e+01 5.138000000000000000e+03 -1.000000000000000000e+00 -1.000000000000000000e+00 -1.000000000000000000e+00 -1.000000000000000000e+00 -1.000000000000000000e+00 1.178242999999999938e+03 9.014769999999999754e+02 2.620000000000000107e-01 2.474999999999999978e-01 8.489999999999999769e-01 4.685000000000000275e-01
2.300000000000000000e+01 5.134000000000000000e+03 -1.000000000000000000e+00 -1.000000000000000000e+00 -1.000000000000000000e+00 -1.000000000000000000e+00 -1.000000000000000000e+00 1.175115999999999985e+03 8.978419999999999845e+02 5.040000000000000036e-01 2.474999999999999978e-01 9.120000000000000329e-01 5.360000000000000320e-01
2.300000000000000000e+01 5.140000000000000000e+03 -1.000000000000000000e+00 -1.000000000000000000e+00 -1.000000000000000000e+00 -1.000000000000000000e+00 -1.000000000000000000e+00 1.157509000000000015e+03 8.778859999999999673e+02 -2.299999999999999961e-02 2.810000000000000275e-01 9.250000000000000444e-01 5.090000000000000080e-01
2.300000000000000000e+01 5.138000000000000000e+03 -1.000000000000000000e+00 -1.000000000000000000e+00 -1.000000000000000000e+00 -1.000000000000000000e+00 -1.000000000000000000e+00 1.178242999999999938e+03 9.014769999999999754e+02 3.370000000000000218e-01 2.474999999999999978e-01 8.489999999999999769e-01 4.685000000000000275e-01
2.400000000000000000e+01 5.134000000000000000e+03 -1.000000000000000000e+00 -1.000000000000000000e+00 -1.000000000000000000e+00 -1.000000000000000000e+00 -1.000000000000000000e+00 1.175115999999999985e+03 8.978419999999999845e+02 5.290000000000000258e-01 2.474999999999999978e-01 9.120000000000000329e-01 5.360000000000000320e-01
2.400000000000000000e+01 5.140000000000000000e+03 -1.000000000000000000e+00 -1.000000000000000000e+00 -1.000000000000000000e+00 -1.000000000000000000e+00 -1.000000000000000000e+00 1.157509000000000015e+03 8.778859999999999673e+02 -2.299999999999999961e-02 2.810000000000000275e-01 9.250000000000000444e-01 5.090000000000000080e-01
2.400000000000000000e+01 5.138000000000000000e+03 -1.000000000000000000e+00 -1.000000000000000000e+00 -1.000000000000000000e+00 -1.000000000000000000e+00 -1.000000000000000000e+00 1.178242999999999938e+03 9.014769999999999754e+02 4.119999999999999774e-01 2.474999999999999978e-01 8.489999999999999769e-01 4.685000000000000275e-01
2.500000000000000000e+01 5.134000000000000000e+03 -1.000000000000000000e+00 -1.000000000000000000e+00 -1.000000000000000000e+00 -1.000000000000000000e+00 -1.000000000000000000e+00 1.175115999999999985e+03 8.978419999999999845e+02 5.540000000000000480e-01 2.474999999999999978e-01 9.120000000000000329e-01 5.360000000000000320e-01
2.500000000000000000e+01 5.140000000000000000e+03 -1.000000000000000000e+00 -1.000000000000000000e+00 -1.000000000000000000e+00 -1.000000000000000000e+00 -1.000000000000000000e+00 1.157484999999999900e+03 8.778640000000000327e+02 -2.299999999999999961e-02 2.810000000000000275e-01 9.250000000000000444e-01 5.090000000000000080e-01
2.500000000000000000e+01 5.138000000000000000e+03 -1.000000000000000000e+00 -1.000000000000000000e+00 -1.000000000000000000e+00 -1.000000000000000000e+00 -1.000000000000000000e+00 1.178242999999999938e+03 9.014769999999999754e+02 5.620000000000000551e-01 2.474999999999999978e-01 8.489999999999999769e-01 4.685000000000000275e-01
2.600000000000000000e+01 5.134000000000000000e+03 -1.000000000000000000e+00 -1.000000000000000000e+00 -1.000000000000000000e+00 -1.000000000000000000e+00 -1.000000000000000000e+00 1.175088999999999942e+03 8.978669999999999618e+02 7.039999999999999591e-01 2.474999999999999978e-01 9.120000000000000329e-01 5.360000000000000320e-01
2.600000000000000000e+01 5.140000000000000000e+03 -1.000000000000000000e+00 -1.000000000000000000e+00 -1.000000000000000000e+00 -1.000000000000000000e+00 -1.000000000000000000e+00 1.157484999999999900e+03 8.778640000000000327e+02 7.699999999999999900e-02 2.810000000000000275e-01 9.250000000000000444e-01 5.090000000000000080e-01
2.600000000000000000e+01 5.138000000000000000e+03 -1.000000000000000000e+00 -1.000000000000000000e+00 -1.000000000000000000e+00 -1.000000000000000000e+00 -1.000000000000000000e+00 1.178242999999999938e+03 9.014769999999999754e+02 7.119999999999999662e-01 2.474999999999999978e-01 8.489999999999999769e-01 4.685000000000000275e-01
2.700000000000000000e+01 5.134000000000000000e+03 -1.000000000000000000e+00 -1.000000000000000000e+00 -1.000000000000000000e+00 -1.000000000000000000e+00 -1.000000000000000000e+00 1.175115999999999985e+03 8.978419999999999845e+02 8.539999999999999813e-01 2.474999999999999978e-01 9.120000000000000329e-01 5.360000000000000320e-01
2.700000000000000000e+01 5.140000000000000000e+03 -1.000000000000000000e+00 -1.000000000000000000e+00 -1.000000000000000000e+00 -1.000000000000000000e+00 -1.000000000000000000e+00 1.157509000000000015e+03 8.778859999999999673e+02 1.769999999999999907e-01 2.810000000000000275e-01 9.250000000000000444e-01 5.090000000000000080e-01
2.700000000000000000e+01 5.138000000000000000e+03 -1.000000000000000000e+00 -1.000000000000000000e+00 -1.000000000000000000e+00 -1.000000000000000000e+00 -1.000000000000000000e+00 1.178242999999999938e+03 9.014769999999999754e+02 8.619999999999999885e-01 2.474999999999999978e-01 8.489999999999999769e-01 4.685000000000000275e-01
2.800000000000000000e+01 5.134000000000000000e+03 -1.000000000000000000e+00 -1.000000000000000000e+00 -1.000000000000000000e+00 -1.000000000000000000e+00 -1.000000000000000000e+00 1.175115999999999985e+03 8.978419999999999845e+02 9.539999999999999591e-01 2.474999999999999978e-01 9.120000000000000329e-01 5.360000000000000320e-01
2.800000000000000000e+01 5.140000000000000000e+03 -1.000000000000000000e+00 -1.000000000000000000e+00 -1.000000000000000000e+00 -1.000000000000000000e+00 -1.000000000000000000e+00 1.157465999999999894e+03 8.778469999999999800e+02 3.270000000000000129e-01 2.810000000000000275e-01 9.250000000000000444e-01 5.090000000000000080e-01
2.800000000000000000e+01 5.138000000000000000e+03 -1.000000000000000000e+00 -1.000000000000000000e+00 -1.000000000000000000e+00 -1.000000000000000000e+00 -1.000000000000000000e+00 1.178242999999999938e+03 9.014769999999999754e+02 8.750000000000000000e-01 2.474999999999999978e-01 8.489999999999999769e-01 4.685000000000000275e-01
2.900000000000000000e+01 5.134000000000000000e+03 -1.000000000000000000e+00 -1.000000000000000000e+00 -1.000000000000000000e+00 -1.000000000000000000e+00 -1.000000000000000000e+00 1.175115999999999985e+03 8.978419999999999845e+02 9.040000000000000258e-01 2.474999999999999978e-01 9.120000000000000329e-01 5.360000000000000320e-01
2.900000000000000000e+01 5.140000000000000000e+03 -1.000000000000000000e+00 -1.000000000000000000e+00 -1.000000000000000000e+00 -1.000000000000000000e+00 -1.000000000000000000e+00 1.157490000000000009e+03 8.778690000000000282e+02 4.269999999999999907e-01 2.810000000000000275e-01 9.250000000000000444e-01 5.090000000000000080e-01
2.900000000000000000e+01 5.138000000000000000e+03 -1.000000000000000000e+00 -1.000000000000000000e+00 -1.000000000000000000e+00 -1.000000000000000000e+00 -1.000000000000000000e+00 1.178242999999999938e+03 9.014769999999999754e+02 8.870000000000000107e-01 2.474999999999999978e-01 8.489999999999999769e-01 4.685000000000000275e-01
3.000000000000000000e+01 5.134000000000000000e+03 -1.000000000000000000e+00 -1.000000000000000000e+00 -1.000000000000000000e+00 -1.000000000000000000e+00 -1.000000000000000000e+00 1.175115999999999985e+03 8.978419999999999845e+02 1.004000000000000004e+00 2.474999999999999978e-01 9.120000000000000329e-01 5.360000000000000320e-01
3.000000000000000000e+01 5.140000000000000000e+03 -1.000000000000000000e+00 -1.000000000000000000e+00 -1.000000000000000000e+00 -1.000000000000000000e+00 -1.000000000000000000e+00 1.157451000000000022e+03 8.778329999999999700e+02 4.269999999999999907e-01 2.810000000000000275e-01 9.250000000000000444e-01 5.090000000000000080e-01
3.000000000000000000e+01 5.138000000000000000e+03 -1.000000000000000000e+00 -1.000000000000000000e+00 -1.000000000000000000e+00 -1.000000000000000000e+00 -1.000000000000000000e+00 1.178242999999999938e+03 9.014769999999999754e+02 9.370000000000000551e-01 2.474999999999999978e-01 8.489999999999999769e-01 4.685000000000000275e-01
3.100000000000000000e+01 5.134000000000000000e+03 -1.000000000000000000e+00 -1.000000000000000000e+00 -1.000000000000000000e+00 -1.000000000000000000e+00 -1.000000000000000000e+00 1.175115999999999985e+03 8.978419999999999845e+02 1.054000000000000048e+00 2.474999999999999978e-01 9.120000000000000329e-01 5.360000000000000320e-01
3.100000000000000000e+01 5.140000000000000000e+03 -1.000000000000000000e+00 -1.000000000000000000e+00 -1.000000000000000000e+00 -1.000000000000000000e+00 -1.000000000000000000e+00 1.157402000000000044e+03 8.777889999999999873e+02 5.270000000000000240e-01 2.810000000000000275e-01 9.250000000000000444e-01 5.090000000000000080e-01
3.100000000000000000e+01 5.138000000000000000e+03 -1.000000000000000000e+00 -1.000000000000000000e+00 -1.000000000000000000e+00 -1.000000000000000000e+00 -1.000000000000000000e+00 1.178242999999999938e+03 9.014769999999999754e+02 9.869999999999999885e-01 2.474999999999999978e-01 8.489999999999999769e-01 4.685000000000000275e-01
3.200000000000000000e+01 5.134000000000000000e+03 -1.000000000000000000e+00 -1.000000000000000000e+00 -1.000000000000000000e+00 -1.000000000000000000e+00 -1.000000000000000000e+00 1.175115999999999985e+03 8.978419999999999845e+02 1.153999999999999915e+00 2.474999999999999978e-01 9.120000000000000329e-01 5.360000000000000320e-01
3.200000000000000000e+01 5.140000000000000000e+03 -1.000000000000000000e+00 -1.000000000000000000e+00 -1.000000000000000000e+00 -1.000000000000000000e+00 -1.000000000000000000e+00 1.157402000000000044e+03 8.777889999999999873e+02 6.270000000000000018e-01 2.810000000000000275e-01 9.250000000000000444e-01 5.090000000000000080e-01
3.200000000000000000e+01 5.144000000000000000e+03 -1.000000000000000000e+00 -1.000000000000000000e+00 -1.000000000000000000e+00 -1.000000000000000000e+00 -1.000000000000000000e+00 1.129329999999999927e+03 8.474279999999999973e+02 3.940000000000000169e-01 2.474999999999999978e-01 7.814999999999999725e-01 5.254999999999999671e-01
3.300000000000000000e+01 5.140000000000000000e+03 -1.000000000000000000e+00 -1.000000000000000000e+00 -1.000000000000000000e+00 -1.000000000000000000e+00 -1.000000000000000000e+00 1.157402000000000044e+03 8.777889999999999873e+02 7.269999999999999796e-01 2.810000000000000275e-01 9.250000000000000444e-01 5.090000000000000080e-01
3.300000000000000000e+01 5.144000000000000000e+03 -1.000000000000000000e+00 -1.000000000000000000e+00 -1.000000000000000000e+00 -1.000000000000000000e+00 -1.000000000000000000e+00 1.129344000000000051e+03 8.474120000000000346e+02 4.440000000000000058e-01 2.474999999999999978e-01 7.814999999999999725e-01 5.254999999999999671e-01
3.400000000000000000e+01 5.144000000000000000e+03 -1.000000000000000000e+00 -1.000000000000000000e+00 -1.000000000000000000e+00 -1.000000000000000000e+00 -1.000000000000000000e+00 1.129344000000000051e+03 8.474120000000000346e+02 3.940000000000000169e-01 2.474999999999999978e-01 7.814999999999999725e-01 5.254999999999999671e-01
3.500000000000000000e+01 5.144000000000000000e+03 -1.000000000000000000e+00 -1.000000000000000000e+00 -1.000000000000000000e+00 -1.000000000000000000e+00 -1.000000000000000000e+00 1.129378999999999905e+03 8.473719999999999573e+02 4.440000000000000058e-01 2.474999999999999978e-01 7.814999999999999725e-01 5.254999999999999671e-01
3.600000000000000000e+01 5.144000000000000000e+03 -1.000000000000000000e+00 -1.000000000000000000e+00 -1.000000000000000000e+00 -1.000000000000000000e+00 -1.000000000000000000e+00 1.129295000000000073e+03 8.474690000000000509e+02 5.440000000000000391e-01 2.474999999999999978e-01 7.814999999999999725e-01 5.254999999999999671e-01
3.700000000000000000e+01 5.144000000000000000e+03 -1.000000000000000000e+00 -1.000000000000000000e+00 -1.000000000000000000e+00 -1.000000000000000000e+00 -1.000000000000000000e+00 1.129239000000000033e+03 8.475339999999999918e+02 5.939999999999999725e-01 2.474999999999999978e-01 7.814999999999999725e-01 5.254999999999999671e-01
3.800000000000000000e+01 5.144000000000000000e+03 -1.000000000000000000e+00 -1.000000000000000000e+00 -1.000000000000000000e+00 -1.000000000000000000e+00 -1.000000000000000000e+00 1.129239000000000033e+03 8.475339999999999918e+02 6.190018005221513686e-01 2.474999999999999978e-01 7.814999999999999725e-01 5.254999999999999671e-01
3.900000000000000000e+01 5.144000000000000000e+03 -1.000000000000000000e+00 -1.000000000000000000e+00 -1.000000000000000000e+00 -1.000000000000000000e+00 -1.000000000000000000e+00 1.129239000000000033e+03 8.475339999999999918e+02 6.440000000000000169e-01 2.474999999999999978e-01 7.814999999999999725e-01 5.254999999999999671e-01
4.000000000000000000e+01 5.144000000000000000e+03 -1.000000000000000000e+00 -1.000000000000000000e+00 -1.000000000000000000e+00 -1.000000000000000000e+00 -1.000000000000000000e+00 1.129239000000000033e+03 8.475339999999999918e+02 6.939999999999999503e-01 2.474999999999999978e-01 7.814999999999999725e-01 5.254999999999999671e-01
