1.000000000000000000e+00 4.454000000000000000e+03 -1.000000000000000000e+00 -1.000000000000000000e+00 -1.000000000000000000e+00 -1.000000000000000000e+00 -1.000000000000000000e+00 2.004876999999999953e+03 2.341447999999999865e+03 1.947999999999999954e+00 1.058000000000000052e+00 2.661500000000000199e+00 1.338999999999999968e+00
1.000000000000000000e+00 4.463000000000000000e+03 -1.000000000000000000e+00 -1.000000000000000000e+00 -1.000000000000000000e+00 -1.000000000000000000e+00 -1.000000000000000000e+00 2.001894999999999982e+03 2.331617999999999938e+03 1.933000000000000052e+00 9.360000000000000542e-01 2.460500000000000131e+00 1.350000000000000089e+00
1.000000000000000000e+00 4.469000000000000000e+03 -1.000000000000000000e+00 -1.000000000000000000e+00 -1.000000000000000000e+00 -1.000000000000000000e+00 -1.000000000000000000e+00 2.006279999999999973e+03 2.333367999999999938e+03 1.887999999999999901e+00 9.839999999999999858e-01 2.523499999999999854e+00 1.397999999999999909e+00
1.000000000000000000e+00 4.470000000000000000e+03 -1.000000000000000000e+00 -1.000000000000000000e+00 -1.000000000000000000e+00 -1.000000000000000000e+00 -1.000000000000000000e+00 1.998112000000000080e+03 2.305068999999999960e+03 2.547000000000000153e+00 1.336500000000000021e+00 3.223500000000000032e+00 1.362999999999999989e+00
2.000000000000000000e+00 4.454000000000000000e+03 -1.000000000000000000e+00 -1.000000000000000000e+00 -1.000000000000000000e+00 -1.000000000000000000e+00 -1.000000000000000000e+00 2.005881000000000085e+03 2.343210999999999785e+03 1.897999999999999909e+00 1.058000000000000052e+00 2.661500000000000199e+00 1.338999999999999968e+00
2.000000000000000000e+00 4.463000000000000000e+03 -1.000000000000000000e+00 -1.000000000000000000e+00 -1.000000000000000000e+00 -1.000000000000000000e+00 -1.000000000000000000e+00 2.002244999999999891e+03 2.333289999999999964e+03 1.933000000000000052e+00 9.360000000000000542e-01 2.460500000000000131e+00 1.350000000000000089e+00
2.000000000000000000e+00 4.478000000000000000e+03 -1.000000000000000000e+00 -1.000000000000000000e+00 -1.000000000000000000e+00 -1.000000000000000000e+00 -1.000000000000000000e+00 1.995054000000000087e+03 2.312735000000000127e+03 2.705999999999999961e+00 1.110000000000000098e+00 3.270000000000000018e+00 1.550000000000000044e+00
2.000000000000000000e+00 4.469000000000000000e+03 -1.000000000000000000e+00 -1.000000000000000000e+00 -1.000000000000000000e+00 -1.000000000000000000e+00 -1.000000000000000000e+00 2.007354000000000042e+03 2.335659999999999854e+03 1.838000000000000078e+00 9.839999999999999858e-01 2.523499999999999854e+00 1.397999999999999909e+00
2.000000000000000000e+00 4.470000000000000000e+03 -1.000000000000000000e+00 -1.000000000000000000e+00 -1.000000000000000000e+00 -1.000000000000000000e+00 -1.000000000000000000e+00 1.998188000000000102e+03 2.305766999999999825e+03 2.537999999999999812e+00 1.336500000000000021e+00 3.223500000000000032e+00 1.362999999999999989e+00
3.000000000000000000e+00 4.454000000000000000e+03 -1.000000000000000000e+00 -1.000000000000000000e+00 -1.000000000000000000e+00 -1.000000000000000000e+00 -1.000000000000000000e+00 2.007001999999999953e+03 2.344878999999999905e+03 1.846999999999999975e+00 1.058000000000000052e+00 2.661500000000000199e+00 1.338999999999999968e+00
3.000000000000000000e+00 4.463000000000000000e+03 -1.000000000000000000e+00 -1.000000000000000000e+00 -1.000000000000000000e+00 -1.000000000000000000e+00 -1.000000000000000000e+00 2.002721000000000004e+03 2.335250000000000000e+03 1.883000000000000007e+00 9.360000000000000542e-01 2.460500000000000131e+00 1.350000000000000089e+00
3.000000000000000000e+00 4.478000000000000000e+03 -1.000000000000000000e+00 -1.000000000000000000e+00 -1.000000000000000000e+00 -1.000000000000000000e+00 -1.000000000000000000e+00 1.995159000000000106e+03 2.313849000000000160e+03 2.681000000000000050e+00 1.110000000000000098e+00 3.270000000000000018e+00 1.550000000000000044e+00
3.000000000000000000e+00 4.469000000000000000e+03 -1.000000000000000000e+00 -1.000000000000000000e+00 -1.000000000000000000e+00 -1.000000000000000000e+00 -1.000000000000000000e+00 2.008756000000000085e+03 2.337838000000000193e+03 1.838000000000000078e+00 9.839999999999999858e-01 2.523499999999999854e+00 1.397999999999999909e+00
3.000000000000000000e+00 4.470000000000000000e+03 -1.000000000000000000e+00 -1.000000000000000000e+00 -1.000000000000000000e+00 -1.000000000000000000e+00 -1.000000000000000000e+00 1.998263999999999896e+03 2.306465000000000146e+03 2.528000000000000025e+00 1.336500000000000021e+00 3.223500000000000032e+00 1.362999999999999989e+00
4.000000000000000000e+00 4.454000000000000000e+03 -1.000000000000000000e+00 -1.000000000000000000e+00 -1.000000000000000000e+00 -1.000000000000000000e+00 -1.000000000000000000e+00 2.008297000000000025e+03 2.346407999999999902e+03 1.846999999999999975e+00 1.058000000000000052e+00 2.661500000000000199e+00 1.338999999999999968e+00
4.000000000000000000e+00 4.463000000000000000e+03 -1.000000000000000000e+00 -1.000000000000000000e+00 -1.000000000000000000e+00 -1.000000000000000000e+00 -1.000000000000000000e+00 2.003363000000000056e+03 2.337347000000000207e+03 1.883000000000000007e+00 9.360000000000000542e-01 2.460500000000000131e+00 1.350000000000000089e+00
4.000000000000000000e+00 4.478000000000000000e+03 -1.000000000000000000e+00 -1.000000000000000000e+00 -1.000000000000000000e+00 -1.000000000000000000e+00 -1.000000000000000000e+00 1.995277000000000044e+03 2.314528999999999996e+03 2.681000000000000050e+00 1.110000000000000098e+00 3.270000000000000018e+00 1.550000000000000044e+00
4.000000000000000000e+00 4.469000000000000000e+03 -1.000000000000000000e+00 -1.000000000000000000e+00 -1.000000000000000000e+00 -1.000000000000000000e+00 -1.000000000000000000e+00 2.010491999999999962e+03 2.339833000000000084e+03 1.838000000000000078e+00 9.839999999999999858e-01 2.523499999999999854e+00 1.397999999999999909e+00
4.000000000000000000e+00 4.470000000000000000e+03 -1.000000000000000000e+00 -1.000000000000000000e+00 -1.000000000000000000e+00 -1.000000000000000000e+00 -1.000000000000000000e+00 1.998339999999999918e+03 2.307161000000000058e+03 2.517999999999999794e+00 1.336500000000000021e+00 3.223500000000000032e+00 1.362999999999999989e+00
5.000000000000000000e+00 4.454000000000000000e+03 -1.000000000000000000e+00 -1.000000000000000000e+00 -1.000000000000000000e+00 -1.000000000000000000e+00 -1.000000000000000000e+00 2.009744999999999891e+03 2.347835999999999785e+03 1.796000000000000041e+00 1.058000000000000052e+00 2.661500000000000199e+00 1.338999999999999968e+00
5.000000000000000000e+00 4.463000000000000000e+03 -1.000000000000000000e+00 -1.000000000000000000e+00 -1.000000000000000000e+00 -1.000000000000000000e+00 -1.000000000000000000e+00 2.004096999999999980e+03 2.339494999999999891e+03 1.832999999999999963e+00 9.360000000000000542e-01 2.460500000000000131e+00 1.350000000000000089e+00
5.000000000000000000e+00 4.478000000000000000e+03 -1.000000000000000000e+00 -1.000000000000000000e+00 -1.000000000000000000e+00 -1.000000000000000000e+00 -1.000000000000000000e+00 1.995395999999999958e+03 2.315210000000000036e+03 2.681000000000000050e+00 1.110000000000000098e+00 3.270000000000000018e+00 1.550000000000000044e+00
5.000000000000000000e+00 4.469000000000000000e+03 -1.000000000000000000e+00 -1.000000000000000000e+00 -1.000000000000000000e+00 -1.000000000000000000e+00 -1.000000000000000000e+00 2.012538000000000011e+03 2.341666999999999916e+03 1.838000000000000078e+00 9.839999999999999858e-01 2.523499999999999854e+00 1.397999999999999909e+00
5.000000000000000000e+00 4.470000000000000000e+03 -1.000000000000000000e+00 -1.000000000000000000e+00 -1.000000000000000000e+00 -1.000000000000000000e+00 -1.000000000000000000e+00 1.998469000000000051e+03 2.308461999999999989e+03 2.532000000000000028e+00 1.336500000000000021e+00 3.223500000000000032e+00 1.362999999999999989e+00
6.000000000000000000e+00 4.454000000000000000e+03 -1.000000000000000000e+00 -1.000000000000000000e+00 -1.000000000000000000e+00 -1.000000000000000000e+00 -1.000000000000000000e+00 2.011410000000000082e+03 2.349181000000000040e+03 1.796000000000000041e+00 1.058000000000000052e+00 2.661500000000000199e+00 1.338999999999999968e+00
6.000000000000000000e+00 4.463000000000000000e+03 -1.000000000000000000e+00 -1.000000000000000000e+00 -1.000000000000000000e+00 -1.000000000000000000e+00 -1.000000000000000000e+00 2.004896999999999935e+03 2.341418000000000120e+03 1.832999999999999963e+00 9.360000000000000542e-01 2.460500000000000131e+00 1.350000000000000089e+00
6.000000000000000000e+00 4.478000000000000000e+03 -1.000000000000000000e+00 -1.000000000000000000e+00 -1.000000000000000000e+00 -1.000000000000000000e+00 -1.000000000000000000e+00 1.995486000000000104e+03 2.315623000000000047e+03 2.681000000000000050e+00 1.110000000000000098e+00 3.270000000000000018e+00 1.550000000000000044e+00
6.000000000000000000e+00 4.469000000000000000e+03 -1.000000000000000000e+00 -1.000000000000000000e+00 -1.000000000000000000e+00 -1.000000000000000000e+00 -1.000000000000000000e+00 2.014942999999999984e+03 2.343329999999999927e+03 1.737999999999999989e+00 9.839999999999999858e-01 2.523499999999999854e+00 1.397999999999999909e+00
6.000000000000000000e+00 4.470000000000000000e+03 -1.000000000000000000e+00 -1.000000000000000000e+00 -1.000000000000000000e+00 -1.000000000000000000e+00 -1.000000000000000000e+00 1.998597999999999956e+03 2.309762999999999920e+03 2.545999999999999819e+00 1.336500000000000021e+00 3.223500000000000032e+00 1.362999999999999989e+00
7.000000000000000000e+00 4.454000000000000000e+03 -1.000000000000000000e+00 -1.000000000000000000e+00 -1.000000000000000000e+00 -1.000000000000000000e+00 -1.000000000000000000e+00 2.012338999999999942e+03 2.350027000000000044e+03 1.794999999999999929e+00 1.058000000000000052e+00 2.661500000000000199e+00 1.338999999999999968e+00
7.000000000000000000e+00 4.463000000000000000e+03 -1.000000000000000000e+00 -1.000000000000000000e+00 -1.000000000000000000e+00 -1.000000000000000000e+00 -1.000000000000000000e+00 2.005936999999999898e+03 2.343590000000000146e+03 1.782999999999999918e+00 9.360000000000000542e-01 2.460500000000000131e+00 1.350000000000000089e+00
7.000000000000000000e+00 4.478000000000000000e+03 -1.000000000000000000e+00 -1.000000000000000000e+00 -1.000000000000000000e+00 -1.000000000000000000e+00 -1.000000000000000000e+00 1.995500999999999976e+03 2.315628999999999905e+03 2.681000000000000050e+00 1.110000000000000098e+00 3.270000000000000018e+00 1.550000000000000044e+00
7.000000000000000000e+00 4.469000000000000000e+03 -1.000000000000000000e+00 -1.000000000000000000e+00 -1.000000000000000000e+00 -1.000000000000000000e+00 -1.000000000000000000e+00 2.017554000000000087e+03 2.344710999999999785e+03 1.637999999999999901e+00 9.839999999999999858e-01 2.523499999999999854e+00 1.397999999999999909e+00
7.000000000000000000e+00 4.470000000000000000e+03 -1.000000000000000000e+00 -1.000000000000000000e+00 -1.000000000000000000e+00 -1.000000000000000000e+00 -1.000000000000000000e+00 1.998727000000000089e+03 2.311065999999999804e+03 2.560000000000000053e+00 1.336500000000000021e+00 3.223500000000000032e+00 1.362999999999999989e+00
8.000000000000000000e+00 4.463000000000000000e+03 -1.000000000000000000e+00 -1.000000000000000000e+00 -1.000000000000000000e+00 -1.000000000000000000e+00 -1.000000000000000000e+00 2.007073000000000093e+03 2.345471000000000004e+03 1.782999999999999918e+00 9.360000000000000542e-01 2.460500000000000131e+00 1.350000000000000089e+00
8.000000000000000000e+00 4.478000000000000000e+03 -1.000000000000000000e+00 -1.000000000000000000e+00 -1.000000000000000000e+00 -1.000000000000000000e+00 -1.000000000000000000e+00 1.995517000000000053e+03 2.315635000000000218e+03 2.681000000000000050e+00 1.110000000000000098e+00 3.270000000000000018e+00 1.550000000000000044e+00
8.000000000000000000e+00 4.469000000000000000e+03 -1.000000000000000000e+00 -1.000000000000000000e+00 -1.000000000000000000e+00 -1.000000000000000000e+00 -1.000000000000000000e+00 2.019737000000000080e+03 2.345547000000000025e+03 1.536999999999999922e+00 9.839999999999999858e-01 2.523499999999999854e+00 1.397999999999999909e+00
8.000000000000000000e+00 4.470000000000000000e+03 -1.000000000000000000e+00 -1.000000000000000000e+00 -1.000000000000000000e+00 -1.000000000000000000e+00 -1.000000000000000000e+00 1.998856999999999971e+03 2.312369999999999891e+03 2.572999999999999954e+00 1.336500000000000021e+00 3.223500000000000032e+00 1.362999999999999989e+00
8.000000000000000000e+00 4.454000000000000000e+03 -1.000000000000000000e+00 -1.000000000000000000e+00 -1.000000000000000000e+00 -1.000000000000000000e+00 -1.000000000000000000e+00 2.014621967505263228e+03 2.350842095814611639e+03 1.744555957551614300e+00 1.058000000000000274e+00 2.661500000000000199e+00 1.338999999999999968e+00
9.000000000000000000e+00 4.454000000000000000e+03 -1.000000000000000000e+00 -1.000000000000000000e+00 -1.000000000000000000e+00 -1.000000000000000000e+00 -1.000000000000000000e+00 2.016910000000000082e+03 2.351659000000000106e+03 1.693999999999999950e+00 1.058000000000000052e+00 2.661500000000000199e+00 1.338999999999999968e+00
9.000000000000000000e+00 4.463000000000000000e+03 -1.000000000000000000e+00 -1.000000000000000000e+00 -1.000000000000000000e+00 -1.000000000000000000e+00 -1.000000000000000000e+00 2.008223999999999933e+03 2.347226999999999862e+03 1.733000000000000096e+00 9.360000000000000542e-01 2.460500000000000131e+00 1.350000000000000089e+00
9.000000000000000000e+00 4.478000000000000000e+03 -1.000000000000000000e+00 -1.000000000000000000e+00 -1.000000000000000000e+00 -1.000000000000000000e+00 -1.000000000000000000e+00 1.995531999999999925e+03 2.315641000000000076e+03 2.681000000000000050e+00 1.110000000000000098e+00 3.270000000000000018e+00 1.550000000000000044e+00
9.000000000000000000e+00 4.469000000000000000e+03 -1.000000000000000000e+00 -1.000000000000000000e+00 -1.000000000000000000e+00 -1.000000000000000000e+00 -1.000000000000000000e+00 2.022894999999999982e+03 2.346153999999999996e+03 1.437000000000000055e+00 9.839999999999999858e-01 2.523499999999999854e+00 1.397999999999999909e+00
9.000000000000000000e+00 4.470000000000000000e+03 -1.000000000000000000e+00 -1.000000000000000000e+00 -1.000000000000000000e+00 -1.000000000000000000e+00 -1.000000000000000000e+00 1.999172000000000025e+03 2.314925000000000182e+03 2.501999999999999780e+00 1.336500000000000021e+00 3.223500000000000032e+00 1.362999999999999989e+00
1.000000000000000000e+01 4.454000000000000000e+03 -1.000000000000000000e+00 -1.000000000000000000e+00 -1.000000000000000000e+00 -1.000000000000000000e+00 -1.000000000000000000e+00 2.019200000000000045e+03 2.352103000000000065e+03 1.493999999999999995e+00 1.058000000000000052e+00 2.661500000000000199e+00 1.338999999999999968e+00
1.000000000000000000e+01 4.463000000000000000e+03 -1.000000000000000000e+00 -1.000000000000000000e+00 -1.000000000000000000e+00 -1.000000000000000000e+00 -1.000000000000000000e+00 2.009733999999999924e+03 2.348893000000000029e+03 1.683000000000000052e+00 9.360000000000000542e-01 2.460500000000000131e+00 1.350000000000000089e+00
1.000000000000000000e+01 4.478000000000000000e+03 -1.000000000000000000e+00 -1.000000000000000000e+00 -1.000000000000000000e+00 -1.000000000000000000e+00 -1.000000000000000000e+00 1.995494999999999891e+03 2.315713000000000193e+03 2.681000000000000050e+00 1.110000000000000098e+00 3.270000000000000018e+00 1.550000000000000044e+00
1.000000000000000000e+01 4.469000000000000000e+03 -1.000000000000000000e+00 -1.000000000000000000e+00 -1.000000000000000000e+00 -1.000000000000000000e+00 -1.000000000000000000e+00 2.027123000000000047e+03 2.346125000000000000e+03 1.387000000000000011e+00 9.839999999999999858e-01 2.523499999999999854e+00 1.397999999999999909e+00
1.000000000000000000e+01 4.470000000000000000e+03 -1.000000000000000000e+00 -1.000000000000000000e+00 -1.000000000000000000e+00 -1.000000000000000000e+00 -1.000000000000000000e+00 1.999486000000000104e+03 2.317478000000000065e+03 2.431000000000000050e+00 1.336500000000000021e+00 3.223500000000000032e+00 1.362999999999999989e+00
1.100000000000000000e+01 4.454000000000000000e+03 -1.000000000000000000e+00 -1.000000000000000000e+00 -1.000000000000000000e+00 -1.000000000000000000e+00 -1.000000000000000000e+00 2.022380000000000109e+03 2.352032999999999902e+03 1.393000000000000016e+00 1.058000000000000052e+00 2.661500000000000199e+00 1.338999999999999968e+00
1.100000000000000000e+01 4.463000000000000000e+03 -1.000000000000000000e+00 -1.000000000000000000e+00 -1.000000000000000000e+00 -1.000000000000000000e+00 -1.000000000000000000e+00 2.011482999999999947e+03 2.350402000000000044e+03 1.683000000000000052e+00 9.360000000000000542e-01 2.460500000000000131e+00 1.350000000000000089e+00
1.100000000000000000e+01 4.478000000000000000e+03 -1.000000000000000000e+00 -1.000000000000000000e+00 -1.000000000000000000e+00 -1.000000000000000000e+00 -1.000000000000000000e+00 1.995457000000000107e+03 2.315784999999999854e+03 2.681000000000000050e+00 1.110000000000000098e+00 3.270000000000000018e+00 1.550000000000000044e+00
1.100000000000000000e+01 4.469000000000000000e+03 -1.000000000000000000e+00 -1.000000000000000000e+00 -1.000000000000000000e+00 -1.000000000000000000e+00 -1.000000000000000000e+00 2.030923999999999978e+03 2.345402999999999793e+03 1.387000000000000011e+00 9.839999999999999858e-01 2.523499999999999854e+00 1.397999999999999909e+00
1.100000000000000000e+01 4.470000000000000000e+03 -1.000000000000000000e+00 -1.000000000000000000e+00 -1.000000000000000000e+00 -1.000000000000000000e+00 -1.000000000000000000e+00 1.999800999999999931e+03 2.320030000000000200e+03 2.359999999999999876e+00 1.336500000000000021e+00 3.223500000000000032e+00 1.362999999999999989e+00
1.200000000000000000e+01 4.454000000000000000e+03 -1.000000000000000000e+00 -1.000000000000000000e+00 -1.000000000000000000e+00 -1.000000000000000000e+00 -1.000000000000000000e+00 2.025409000000000106e+03 2.351652999999999793e+03 1.393000000000000016e+00 1.058000000000000052e+00 2.661500000000000199e+00 1.338999999999999968e+00
1.200000000000000000e+01 4.488000000000000000e+03 -1.000000000000000000e+00 -1.000000000000000000e+00 -1.000000000000000000e+00 -1.000000000000000000e+00 -1.000000000000000000e+00 2.000771999999999935e+03 2.300882999999999811e+03 2.213000000000000078e+00 9.090000000000000302e-01 2.423000000000000043e+00 1.000000000000000000e+00
1.200000000000000000e+01 4.463000000000000000e+03 -1.000000000000000000e+00 -1.000000000000000000e+00 -1.000000000000000000e+00 -1.000000000000000000e+00 -1.000000000000000000e+00 2.013736000000000104e+03 2.351628999999999905e+03 1.633000000000000007e+00 9.360000000000000542e-01 2.460500000000000131e+00 1.350000000000000089e+00
1.200000000000000000e+01 4.478000000000000000e+03 -1.000000000000000000e+00 -1.000000000000000000e+00 -1.000000000000000000e+00 -1.000000000000000000e+00 -1.000000000000000000e+00 1.995435999999999922e+03 2.315773999999999887e+03 2.681000000000000050e+00 1.110000000000000098e+00 3.270000000000000018e+00 1.550000000000000044e+00
1.200000000000000000e+01 4.469000000000000000e+03 -1.000000000000000000e+00 -1.000000000000000000e+00 -1.000000000000000000e+00 -1.000000000000000000e+00 -1.000000000000000000e+00 2.034826000000000022e+03 2.344007999999999811e+03 1.336999999999999966e+00 9.839999999999999858e-01 2.523499999999999854e+00 1.397999999999999909e+00
1.200000000000000000e+01 4.470000000000000000e+03 -1.000000000000000000e+00 -1.000000000000000000e+00 -1.000000000000000000e+00 -1.000000000000000000e+00 -1.000000000000000000e+00 2.000115999999999985e+03 2.322585000000000036e+03 2.289000000000000146e+00 1.336500000000000021e+00 3.223500000000000032e+00 1.362999999999999989e+00
1.300000000000000000e+01 4.454000000000000000e+03 -1.000000000000000000e+00 -1.000000000000000000e+00 -1.000000000000000000e+00 -1.000000000000000000e+00 -1.000000000000000000e+00 2.028096999999999980e+03 2.350920999999999822e+03 1.393000000000000016e+00 1.058000000000000052e+00 2.661500000000000199e+00 1.338999999999999968e+00
1.300000000000000000e+01 4.488000000000000000e+03 -1.000000000000000000e+00 -1.000000000000000000e+00 -1.000000000000000000e+00 -1.000000000000000000e+00 -1.000000000000000000e+00 2.001076000000000022e+03 2.302760999999999967e+03 2.153999999999999915e+00 9.090000000000000302e-01 2.423000000000000043e+00 1.000000000000000000e+00
1.300000000000000000e+01 4.463000000000000000e+03 -1.000000000000000000e+00 -1.000000000000000000e+00 -1.000000000000000000e+00 -1.000000000000000000e+00 -1.000000000000000000e+00 2.015544000000000096e+03 2.352583000000000084e+03 1.582999999999999963e+00 9.360000000000000542e-01 2.460500000000000131e+00 1.350000000000000089e+00
1.300000000000000000e+01 4.478000000000000000e+03 -1.000000000000000000e+00 -1.000000000000000000e+00 -1.000000000000000000e+00 -1.000000000000000000e+00 -1.000000000000000000e+00 1.995413999999999987e+03 2.315764000000000124e+03 2.681000000000000050e+00 1.110000000000000098e+00 3.270000000000000018e+00 1.550000000000000044e+00
1.300000000000000000e+01 4.469000000000000000e+03 -1.000000000000000000e+00 -1.000000000000000000e+00 -1.000000000000000000e+00 -1.000000000000000000e+00 -1.000000000000000000e+00 2.038760999999999967e+03 2.342172000000000025e+03 1.137000000000000011e+00 9.839999999999999858e-01 2.523499999999999854e+00 1.397999999999999909e+00
1.300000000000000000e+01 4.470000000000000000e+03 -1.000000000000000000e+00 -1.000000000000000000e+00 -1.000000000000000000e+00 -1.000000000000000000e+00 -1.000000000000000000e+00 2.000569999999999936e+03 2.325561999999999898e+03 2.217000000000000082e+00 1.336500000000000021e+00 3.223500000000000032e+00 1.362999999999999989e+00
1.400000000000000000e+01 4.454000000000000000e+03 -1.000000000000000000e+00 -1.000000000000000000e+00 -1.000000000000000000e+00 -1.000000000000000000e+00 -1.000000000000000000e+00 2.030923000000000002e+03 2.349753999999999905e+03 1.393000000000000016e+00 1.058000000000000052e+00 2.661500000000000199e+00 1.338999999999999968e+00
1.400000000000000000e+01 4.488000000000000000e+03 -1.000000000000000000e+00 -1.000000000000000000e+00 -1.000000000000000000e+00 -1.000000000000000000e+00 -1.000000000000000000e+00 2.001333000000000084e+03 2.304608999999999924e+03 2.128000000000000114e+00 9.090000000000000302e-01 2.423000000000000043e+00 1.000000000000000000e+00
1.400000000000000000e+01 4.463000000000000000e+03 -1.000000000000000000e+00 -1.000000000000000000e+00 -1.000000000000000000e+00 -1.000000000000000000e+00 -1.000000000000000000e+00 2.018647999999999911e+03 2.353030000000000200e+03 1.433000000000000052e+00 9.360000000000000542e-01 2.460500000000000131e+00 1.350000000000000089e+00
1.400000000000000000e+01 4.478000000000000000e+03 -1.000000000000000000e+00 -1.000000000000000000e+00 -1.000000000000000000e+00 -1.000000000000000000e+00 -1.000000000000000000e+00 1.995393000000000029e+03 2.315753000000000156e+03 2.681000000000000050e+00 1.110000000000000098e+00 3.270000000000000018e+00 1.550000000000000044e+00
1.400000000000000000e+01 4.469000000000000000e+03 -1.000000000000000000e+00 -1.000000000000000000e+00 -1.000000000000000000e+00 -1.000000000000000000e+00 -1.000000000000000000e+00 2.042554000000000087e+03 2.340019999999999982e+03 1.137000000000000011e+00 9.839999999999999858e-01 2.523499999999999854e+00 1.397999999999999909e+00
1.400000000000000000e+01 4.470000000000000000e+03 -1.000000000000000000e+00 -1.000000000000000000e+00 -1.000000000000000000e+00 -1.000000000000000000e+00 -1.000000000000000000e+00 2.001099999999999909e+03 2.328519999999999982e+03 2.145999999999999908e+00 1.336500000000000021e+00 3.223500000000000032e+00 1.362999999999999989e+00
1.500000000000000000e+01 4.454000000000000000e+03 -1.000000000000000000e+00 -1.000000000000000000e+00 -1.000000000000000000e+00 -1.000000000000000000e+00 -1.000000000000000000e+00 2.033826000000000022e+03 2.348443000000000211e+03 1.393000000000000016e+00 1.058000000000000052e+00 2.661500000000000199e+00 1.338999999999999968e+00
1.500000000000000000e+01 4.488000000000000000e+03 -1.000000000000000000e+00 -1.000000000000000000e+00 -1.000000000000000000e+00 -1.000000000000000000e+00 -1.000000000000000000e+00 2.001589999999999918e+03 2.306461999999999989e+03 2.101999999999999869e+00 9.090000000000000302e-01 2.423000000000000043e+00 1.000000000000000000e+00
1.500000000000000000e+01 4.463000000000000000e+03 -1.000000000000000000e+00 -1.000000000000000000e+00 -1.000000000000000000e+00 -1.000000000000000000e+00 -1.000000000000000000e+00 2.021616999999999962e+03 2.353079000000000178e+03 1.332000000000000073e+00 9.360000000000000542e-01 2.460500000000000131e+00 1.350000000000000089e+00
1.500000000000000000e+01 4.478000000000000000e+03 -1.000000000000000000e+00 -1.000000000000000000e+00 -1.000000000000000000e+00 -1.000000000000000000e+00 -1.000000000000000000e+00 1.995372000000000071e+03 2.315742999999999938e+03 2.681000000000000050e+00 1.110000000000000098e+00 3.270000000000000018e+00 1.550000000000000044e+00
1.500000000000000000e+01 4.469000000000000000e+03 -1.000000000000000000e+00 -1.000000000000000000e+00 -1.000000000000000000e+00 -1.000000000000000000e+00 -1.000000000000000000e+00 2.046321999999999889e+03 2.337661999999999807e+03 1.137000000000000011e+00 9.839999999999999858e-01 2.523499999999999854e+00 1.397999999999999909e+00
1.500000000000000000e+01 4.470000000000000000e+03 -1.000000000000000000e+00 -1.000000000000000000e+00 -1.000000000000000000e+00 -1.000000000000000000e+00 -1.000000000000000000e+00 2.001709000000000060e+03 2.331472000000000207e+03 2.075000000000000178e+00 1.336500000000000021e+00 3.223500000000000032e+00 1.362999999999999989e+00
1.600000000000000000e+01 4.454000000000000000e+03 -1.000000000000000000e+00 -1.000000000000000000e+00 -1.000000000000000000e+00 -1.000000000000000000e+00 -1.000000000000000000e+00 2.036769999999999982e+03 2.346724000000000160e+03 1.243000000000000105e+00 1.058000000000000052e+00 2.661500000000000199e+00 1.338999999999999968e+00
1.600000000000000000e+01 4.488000000000000000e+03 -1.000000000000000000e+00 -1.000000000000000000e+00 -1.000000000000000000e+00 -1.000000000000000000e+00 -1.000000000000000000e+00 2.001846999999999980e+03 2.308313000000000102e+03 2.076000000000000068e+00 9.090000000000000302e-01 2.423000000000000043e+00 1.000000000000000000e+00
1.600000000000000000e+01 4.463000000000000000e+03 -1.000000000000000000e+00 -1.000000000000000000e+00 -1.000000000000000000e+00 -1.000000000000000000e+00 -1.000000000000000000e+00 2.024478000000000065e+03 2.352668000000000120e+03 1.231999999999999984e+00 9.360000000000000542e-01 2.460500000000000131e+00 1.350000000000000089e+00
1.600000000000000000e+01 4.478000000000000000e+03 -1.000000000000000000e+00 -1.000000000000000000e+00 -1.000000000000000000e+00 -1.000000000000000000e+00 -1.000000000000000000e+00 1.995351000000000113e+03 2.315733000000000175e+03 2.681000000000000050e+00 1.110000000000000098e+00 3.270000000000000018e+00 1.550000000000000044e+00
1.600000000000000000e+01 4.469000000000000000e+03 -1.000000000000000000e+00 -1.000000000000000000e+00 -1.000000000000000000e+00 -1.000000000000000000e+00 -1.000000000000000000e+00 2.050282999999999902e+03 2.335219000000000051e+03 1.137000000000000011e+00 9.839999999999999858e-01 2.523499999999999854e+00 1.397999999999999909e+00
1.600000000000000000e+01 4.470000000000000000e+03 -1.000000000000000000e+00 -1.000000000000000000e+00 -1.000000000000000000e+00 -1.000000000000000000e+00 -1.000000000000000000e+00 2.002394999999999982e+03 2.334403999999999996e+03 2.004000000000000004e+00 1.336500000000000021e+00 3.223500000000000032e+00 1.362999999999999989e+00
1.700000000000000000e+01 4.454000000000000000e+03 -1.000000000000000000e+00 -1.000000000000000000e+00 -1.000000000000000000e+00 -1.000000000000000000e+00 -1.000000000000000000e+00 2.039729000000000042e+03 2.344954999999999927e+03 1.243000000000000105e+00 1.058000000000000052e+00 2.661500000000000199e+00 1.338999999999999968e+00
1.700000000000000000e+01 4.488000000000000000e+03 -1.000000000000000000e+00 -1.000000000000000000e+00 -1.000000000000000000e+00 -1.000000000000000000e+00 -1.000000000000000000e+00 2.002104000000000042e+03 2.310164999999999964e+03 2.049999999999999822e+00 9.090000000000000302e-01 2.423000000000000043e+00 1.000000000000000000e+00
1.700000000000000000e+01 4.463000000000000000e+03 -1.000000000000000000e+00 -1.000000000000000000e+00 -1.000000000000000000e+00 -1.000000000000000000e+00 -1.000000000000000000e+00 2.027167999999999893e+03 2.351981999999999971e+03 1.282000000000000028e+00 9.360000000000000542e-01 2.460500000000000131e+00 1.350000000000000089e+00
1.700000000000000000e+01 4.478000000000000000e+03 -1.000000000000000000e+00 -1.000000000000000000e+00 -1.000000000000000000e+00 -1.000000000000000000e+00 -1.000000000000000000e+00 1.995392000000000053e+03 2.315713999999999942e+03 2.681000000000000050e+00 1.110000000000000098e+00 3.270000000000000018e+00 1.550000000000000044e+00
1.700000000000000000e+01 4.469000000000000000e+03 -1.000000000000000000e+00 -1.000000000000000000e+00 -1.000000000000000000e+00 -1.000000000000000000e+00 -1.000000000000000000e+00 2.054302000000000135e+03 2.332740999999999985e+03 1.137000000000000011e+00 9.839999999999999858e-01 2.523499999999999854e+00 1.397999999999999909e+00
1.700000000000000000e+01 4.470000000000000000e+03 -1.000000000000000000e+00 -1.000000000000000000e+00 -1.000000000000000000e+00 -1.000000000000000000e+00 -1.000000000000000000e+00 2.003128999999999905e+03 2.336940999999999804e+03 1.969999999999999973e+00 1.336500000000000021e+00 3.223500000000000032e+00 1.362999999999999989e+00
1.800000000000000000e+01 4.454000000000000000e+03 -1.000000000000000000e+00 -1.000000000000000000e+00 -1.000000000000000000e+00 -1.000000000000000000e+00 -1.000000000000000000e+00 2.042688000000000102e+03 2.343103999999999814e+03 1.243000000000000105e+00 1.058000000000000052e+00 2.661500000000000199e+00 1.338999999999999968e+00
1.800000000000000000e+01 4.488000000000000000e+03 -1.000000000000000000e+00 -1.000000000000000000e+00 -1.000000000000000000e+00 -1.000000000000000000e+00 -1.000000000000000000e+00 2.002356999999999971e+03 2.311916000000000167e+03 2.036999999999999922e+00 9.090000000000000302e-01 2.423000000000000043e+00 1.000000000000000000e+00
1.800000000000000000e+01 4.463000000000000000e+03 -1.000000000000000000e+00 -1.000000000000000000e+00 -1.000000000000000000e+00 -1.000000000000000000e+00 -1.000000000000000000e+00 2.029750000000000000e+03 2.350978000000000065e+03 1.181999999999999940e+00 9.360000000000000542e-01 2.460500000000000131e+00 1.350000000000000089e+00
1.800000000000000000e+01 4.478000000000000000e+03 -1.000000000000000000e+00 -1.000000000000000000e+00 -1.000000000000000000e+00 -1.000000000000000000e+00 -1.000000000000000000e+00 1.995432999999999993e+03 2.315695999999999913e+03 2.681000000000000050e+00 1.110000000000000098e+00 3.270000000000000018e+00 1.550000000000000044e+00
1.800000000000000000e+01 4.469000000000000000e+03 -1.000000000000000000e+00 -1.000000000000000000e+00 -1.000000000000000000e+00 -1.000000000000000000e+00 -1.000000000000000000e+00 2.058342999999999847e+03 2.330369000000000142e+03 1.137000000000000011e+00 9.839999999999999858e-01 2.523499999999999854e+00 1.397999999999999909e+00
1.800000000000000000e+01 4.470000000000000000e+03 -1.000000000000000000e+00 -1.000000000000000000e+00 -1.000000000000000000e+00 -1.000000000000000000e+00 -1.000000000000000000e+00 2.004027000000000044e+03 2.339425000000000182e+03 1.935999999999999943e+00 1.336500000000000021e+00 3.223500000000000032e+00 1.362999999999999989e+00
1.900000000000000000e+01 4.454000000000000000e+03 -1.000000000000000000e+00 -1.000000000000000000e+00 -1.000000000000000000e+00 -1.000000000000000000e+00 -1.000000000000000000e+00 2.046141000000000076e+03 2.340951000000000022e+03 1.243000000000000105e+00 1.058000000000000052e+00 2.661500000000000199e+00 1.338999999999999968e+00
1.900000000000000000e+01 4.488000000000000000e+03 -1.000000000000000000e+00 -1.000000000000000000e+00 -1.000000000000000000e+00 -1.000000000000000000e+00 -1.000000000000000000e+00 2.002608999999999924e+03 2.313664999999999964e+03 2.023000000000000131e+00 9.090000000000000302e-01 2.423000000000000043e+00 1.000000000000000000e+00
1.900000000000000000e+01 4.463000000000000000e+03 -1.000000000000000000e+00 -1.000000000000000000e+00 -1.000000000000000000e+00 -1.000000000000000000e+00 -1.000000000000000000e+00 2.032987000000000080e+03 2.349373999999999796e+03 1.181999999999999940e+00 9.360000000000000542e-01 2.460500000000000131e+00 1.350000000000000089e+00
1.900000000000000000e+01 4.478000000000000000e+03 -1.000000000000000000e+00 -1.000000000000000000e+00 -1.000000000000000000e+00 -1.000000000000000000e+00 -1.000000000000000000e+00 1.995473999999999933e+03 2.315677999999999884e+03 2.681000000000000050e+00 1.110000000000000098e+00 3.270000000000000018e+00 1.550000000000000044e+00
1.900000000000000000e+01 4.469000000000000000e+03 -1.000000000000000000e+00 -1.000000000000000000e+00 -1.000000000000000000e+00 -1.000000000000000000e+00 -1.000000000000000000e+00 2.062409999999999854e+03 2.328063000000000102e+03 1.137000000000000011e+00 9.839999999999999858e-01 2.523499999999999854e+00 1.397999999999999909e+00
1.900000000000000000e+01 4.470000000000000000e+03 -1.000000000000000000e+00 -1.000000000000000000e+00 -1.000000000000000000e+00 -1.000000000000000000e+00 -1.000000000000000000e+00 2.005085000000000036e+03 2.341840999999999894e+03 1.901999999999999913e+00 1.336500000000000021e+00 3.223500000000000032e+00 1.362999999999999989e+00
2.000000000000000000e+01 4.454000000000000000e+03 -1.000000000000000000e+00 -1.000000000000000000e+00 -1.000000000000000000e+00 -1.000000000000000000e+00 -1.000000000000000000e+00 2.050278999999999996e+03 2.338523999999999887e+03 1.243000000000000105e+00 1.058000000000000052e+00 2.661500000000000199e+00 1.338999999999999968e+00
2.000000000000000000e+01 4.488000000000000000e+03 -1.000000000000000000e+00 -1.000000000000000000e+00 -1.000000000000000000e+00 -1.000000000000000000e+00 -1.000000000000000000e+00 2.002861000000000104e+03 2.315411999999999807e+03 2.009999999999999787e+00 9.090000000000000302e-01 2.423000000000000043e+00 1.000000000000000000e+00
2.000000000000000000e+01 4.463000000000000000e+03 -1.000000000000000000e+00 -1.000000000000000000e+00 -1.000000000000000000e+00 -1.000000000000000000e+00 -1.000000000000000000e+00 2.035732999999999947e+03 2.347829999999999927e+03 1.181999999999999940e+00 9.360000000000000542e-01 2.460500000000000131e+00 1.350000000000000089e+00
2.000000000000000000e+01 4.478000000000000000e+03 -1.000000000000000000e+00 -1.000000000000000000e+00 -1.000000000000000000e+00 -1.000000000000000000e+00 -1.000000000000000000e+00 1.995516000000000076e+03 2.315659999999999854e+03 2.681000000000000050e+00 1.110000000000000098e+00 3.270000000000000018e+00 1.550000000000000044e+00
2.000000000000000000e+01 4.469000000000000000e+03 -1.000000000000000000e+00 -1.000000000000000000e+00 -1.000000000000000000e+00 -1.000000000000000000e+00 -1.000000000000000000e+00 2.066737000000000080e+03 2.325742999999999938e+03 1.086999999999999966e+00 9.839999999999999858e-01 2.523499999999999854e+00 1.397999999999999909e+00
2.000000000000000000e+01 4.470000000000000000e+03 -1.000000000000000000e+00 -1.000000000000000000e+00 -1.000000000000000000e+00 -1.000000000000000000e+00 -1.000000000000000000e+00 2.006366999999999962e+03 2.344349999999999909e+03 1.883000000000000007e+00 1.336500000000000021e+00 3.223500000000000032e+00 1.362999999999999989e+00
2.100000000000000000e+01 4.454000000000000000e+03 -1.000000000000000000e+00 -1.000000000000000000e+00 -1.000000000000000000e+00 -1.000000000000000000e+00 -1.000000000000000000e+00 2.054708999999999833e+03 2.335925999999999931e+03 1.193000000000000060e+00 1.058000000000000052e+00 2.661500000000000199e+00 1.338999999999999968e+00
2.100000000000000000e+01 4.488000000000000000e+03 -1.000000000000000000e+00 -1.000000000000000000e+00 -1.000000000000000000e+00 -1.000000000000000000e+00 -1.000000000000000000e+00 2.003137999999999920e+03 2.317335000000000036e+03 1.995000000000000107e+00 9.090000000000000302e-01 2.423000000000000043e+00 1.000000000000000000e+00
2.100000000000000000e+01 4.463000000000000000e+03 -1.000000000000000000e+00 -1.000000000000000000e+00 -1.000000000000000000e+00 -1.000000000000000000e+00 -1.000000000000000000e+00 2.038740999999999985e+03 2.345929999999999836e+03 1.082000000000000073e+00 9.360000000000000542e-01 2.460500000000000131e+00 1.350000000000000089e+00
2.100000000000000000e+01 4.478000000000000000e+03 -1.000000000000000000e+00 -1.000000000000000000e+00 -1.000000000000000000e+00 -1.000000000000000000e+00 -1.000000000000000000e+00 1.995568999999999960e+03 2.315726000000000113e+03 2.681000000000000050e+00 1.110000000000000098e+00 3.270000000000000018e+00 1.550000000000000044e+00
2.100000000000000000e+01 4.469000000000000000e+03 -1.000000000000000000e+00 -1.000000000000000000e+00 -1.000000000000000000e+00 -1.000000000000000000e+00 -1.000000000000000000e+00 2.071530999999999949e+03 2.323172999999999774e+03 1.032000000000000028e+00 9.839999999999999858e-01 2.523499999999999854e+00 1.397999999999999909e+00
2.100000000000000000e+01 4.470000000000000000e+03 -1.000000000000000000e+00 -1.000000000000000000e+00 -1.000000000000000000e+00 -1.000000000000000000e+00 -1.000000000000000000e+00 2.008121000000000095e+03 2.346905999999999949e+03 1.862000000000000099e+00 1.336500000000000021e+00 3.223500000000000032e+00 1.362999999999999989e+00
2.200000000000000000e+01 4.454000000000000000e+03 -1.000000000000000000e+00 -1.000000000000000000e+00 -1.000000000000000000e+00 -1.000000000000000000e+00 -1.000000000000000000e+00 2.059068999999999960e+03 2.333556000000000040e+03 1.147000000000000020e+00 1.058000000000000052e+00 2.661500000000000199e+00 1.338999999999999968e+00
2.200000000000000000e+01 4.488000000000000000e+03 -1.000000000000000000e+00 -1.000000000000000000e+00 -1.000000000000000000e+00 -1.000000000000000000e+00 -1.000000000000000000e+00 2.003380000000000109e+03 2.319005000000000109e+03 1.945000000000000062e+00 9.090000000000000302e-01 2.423000000000000043e+00 1.000000000000000000e+00
2.200000000000000000e+01 4.463000000000000000e+03 -1.000000000000000000e+00 -1.000000000000000000e+00 -1.000000000000000000e+00 -1.000000000000000000e+00 -1.000000000000000000e+00 2.041175999999999931e+03 2.344349999999999909e+03 1.082000000000000073e+00 9.360000000000000542e-01 2.460500000000000131e+00 1.350000000000000089e+00
2.200000000000000000e+01 4.478000000000000000e+03 -1.000000000000000000e+00 -1.000000000000000000e+00 -1.000000000000000000e+00 -1.000000000000000000e+00 -1.000000000000000000e+00 1.995616999999999962e+03 2.315786999999999807e+03 2.681000000000000050e+00 1.110000000000000098e+00 3.270000000000000018e+00 1.550000000000000044e+00
2.200000000000000000e+01 4.469000000000000000e+03 -1.000000000000000000e+00 -1.000000000000000000e+00 -1.000000000000000000e+00 -1.000000000000000000e+00 -1.000000000000000000e+00 2.076021000000000186e+03 2.320771000000000186e+03 9.819999999999999840e-01 9.839999999999999858e-01 2.523499999999999854e+00 1.397999999999999909e+00
2.200000000000000000e+01 4.470000000000000000e+03 -1.000000000000000000e+00 -1.000000000000000000e+00 -1.000000000000000000e+00 -1.000000000000000000e+00 -1.000000000000000000e+00 2.010239000000000033e+03 2.348784000000000106e+03 1.818999999999999950e+00 1.336500000000000021e+00 3.223500000000000032e+00 1.362999999999999989e+00
2.300000000000000000e+01 4.454000000000000000e+03 -1.000000000000000000e+00 -1.000000000000000000e+00 -1.000000000000000000e+00 -1.000000000000000000e+00 -1.000000000000000000e+00 2.063744999999999891e+03 2.331021999999999935e+03 1.102000000000000091e+00 1.058000000000000052e+00 2.661500000000000199e+00 1.338999999999999968e+00
2.300000000000000000e+01 4.488000000000000000e+03 -1.000000000000000000e+00 -1.000000000000000000e+00 -1.000000000000000000e+00 -1.000000000000000000e+00 -1.000000000000000000e+00 2.003622000000000071e+03 2.320672000000000025e+03 1.895000000000000018e+00 9.090000000000000302e-01 2.423000000000000043e+00 1.000000000000000000e+00
2.300000000000000000e+01 4.463000000000000000e+03 -1.000000000000000000e+00 -1.000000000000000000e+00 -1.000000000000000000e+00 -1.000000000000000000e+00 -1.000000000000000000e+00 2.043807999999999993e+03 2.342652000000000044e+03 9.819999999999999840e-01 9.360000000000000542e-01 2.460500000000000131e+00 1.350000000000000089e+00
2.300000000000000000e+01 4.478000000000000000e+03 -1.000000000000000000e+00 -1.000000000000000000e+00 -1.000000000000000000e+00 -1.000000000000000000e+00 -1.000000000000000000e+00 1.995612000000000080e+03 2.315726999999999862e+03 2.681000000000000050e+00 1.110000000000000098e+00 3.270000000000000018e+00 1.550000000000000044e+00
2.300000000000000000e+01 4.469000000000000000e+03 -1.000000000000000000e+00 -1.000000000000000000e+00 -1.000000000000000000e+00 -1.000000000000000000e+00 -1.000000000000000000e+00 2.080711999999999989e+03 2.318661000000000058e+03 9.320000000000000506e-01 9.839999999999999858e-01 2.523499999999999854e+00 1.397999999999999909e+00
2.300000000000000000e+01 4.470000000000000000e+03 -1.000000000000000000e+00 -1.000000000000000000e+00 -1.000000000000000000e+00 -1.000000000000000000e+00 -1.000000000000000000e+00 2.012644000000000005e+03 2.350260999999999967e+03 1.776999999999999913e+00 1.336500000000000021e+00 3.223500000000000032e+00 1.362999999999999989e+00
2.400000000000000000e+01 4.454000000000000000e+03 -1.000000000000000000e+00 -1.000000000000000000e+00 -1.000000000000000000e+00 -1.000000000000000000e+00 -1.000000000000000000e+00 2.068737999999999829e+03 2.328451000000000022e+03 1.056000000000000050e+00 1.058000000000000052e+00 2.661500000000000199e+00 1.338999999999999968e+00
2.400000000000000000e+01 4.488000000000000000e+03 -1.000000000000000000e+00 -1.000000000000000000e+00 -1.000000000000000000e+00 -1.000000000000000000e+00 -1.000000000000000000e+00 2.003864000000000033e+03 2.322340000000000146e+03 1.844999999999999973e+00 9.090000000000000302e-01 2.423000000000000043e+00 1.000000000000000000e+00
2.400000000000000000e+01 4.463000000000000000e+03 -1.000000000000000000e+00 -1.000000000000000000e+00 -1.000000000000000000e+00 -1.000000000000000000e+00 -1.000000000000000000e+00 2.046705999999999904e+03 2.340668000000000120e+03 9.819999999999999840e-01 9.360000000000000542e-01 2.460500000000000131e+00 1.350000000000000089e+00
2.400000000000000000e+01 4.478000000000000000e+03 -1.000000000000000000e+00 -1.000000000000000000e+00 -1.000000000000000000e+00 -1.000000000000000000e+00 -1.000000000000000000e+00 1.995606999999999971e+03 2.315666999999999916e+03 2.681000000000000050e+00 1.110000000000000098e+00 3.270000000000000018e+00 1.550000000000000044e+00
2.400000000000000000e+01 4.469000000000000000e+03 -1.000000000000000000e+00 -1.000000000000000000e+00 -1.000000000000000000e+00 -1.000000000000000000e+00 -1.000000000000000000e+00 2.085864999999999782e+03 2.316471000000000004e+03 8.820000000000000062e-01 9.839999999999999858e-01 2.523499999999999854e+00 1.397999999999999909e+00
2.400000000000000000e+01 4.470000000000000000e+03 -1.000000000000000000e+00 -1.000000000000000000e+00 -1.000000000000000000e+00 -1.000000000000000000e+00 -1.000000000000000000e+00 2.015375000000000000e+03 2.351353999999999814e+03 1.673999999999999932e+00 1.336500000000000021e+00 3.223500000000000032e+00 1.362999999999999989e+00
2.400000000000000000e+01 4.495000000000000000e+03 -1.000000000000000000e+00 -1.000000000000000000e+00 -1.000000000000000000e+00 -1.000000000000000000e+00 -1.000000000000000000e+00 2.000528999999999996e+03 2.300266000000000076e+03 2.698999999999999844e+00 9.579999999999999627e-01 2.515499999999999847e+00 1.465999999999999970e+00
2.500000000000000000e+01 4.454000000000000000e+03 -1.000000000000000000e+00 -1.000000000000000000e+00 -1.000000000000000000e+00 -1.000000000000000000e+00 -1.000000000000000000e+00 2.073731000000000222e+03 2.325960999999999785e+03 1.010999999999999899e+00 1.058000000000000052e+00 2.661500000000000199e+00 1.338999999999999968e+00
2.500000000000000000e+01 4.488000000000000000e+03 -1.000000000000000000e+00 -1.000000000000000000e+00 -1.000000000000000000e+00 -1.000000000000000000e+00 -1.000000000000000000e+00 2.004066000000000031e+03 2.323666999999999916e+03 1.794999999999999929e+00 9.090000000000000302e-01 2.423000000000000043e+00 1.000000000000000000e+00
2.500000000000000000e+01 4.463000000000000000e+03 -1.000000000000000000e+00 -1.000000000000000000e+00 -1.000000000000000000e+00 -1.000000000000000000e+00 -1.000000000000000000e+00 2.049764000000000124e+03 2.338742000000000189e+03 1.082000000000000073e+00 9.360000000000000542e-01 2.460500000000000131e+00 1.350000000000000089e+00
2.500000000000000000e+01 4.478000000000000000e+03 -1.000000000000000000e+00 -1.000000000000000000e+00 -1.000000000000000000e+00 -1.000000000000000000e+00 -1.000000000000000000e+00 1.995601000000000113e+03 2.315606999999999971e+03 2.681000000000000050e+00 1.110000000000000098e+00 3.270000000000000018e+00 1.550000000000000044e+00
2.500000000000000000e+01 4.469000000000000000e+03 -1.000000000000000000e+00 -1.000000000000000000e+00 -1.000000000000000000e+00 -1.000000000000000000e+00 -1.000000000000000000e+00 2.090922999999999774e+03 2.314320000000000164e+03 6.820000000000000506e-01 9.839999999999999858e-01 2.523499999999999854e+00 1.397999999999999909e+00
2.500000000000000000e+01 4.470000000000000000e+03 -1.000000000000000000e+00 -1.000000000000000000e+00 -1.000000000000000000e+00 -1.000000000000000000e+00 -1.000000000000000000e+00 2.018253999999999905e+03 2.351956999999999880e+03 1.570999999999999952e+00 1.336500000000000021e+00 3.223500000000000032e+00 1.362999999999999989e+00
2.500000000000000000e+01 4.495000000000000000e+03 -1.000000000000000000e+00 -1.000000000000000000e+00 -1.000000000000000000e+00 -1.000000000000000000e+00 -1.000000000000000000e+00 2.000979000000000042e+03 2.303974000000000160e+03 2.613999999999999879e+00 9.579999999999999627e-01 2.515499999999999847e+00 1.465999999999999970e+00
2.600000000000000000e+01 4.454000000000000000e+03 -1.000000000000000000e+00 -1.000000000000000000e+00 -1.000000000000000000e+00 -1.000000000000000000e+00 -1.000000000000000000e+00 2.078797999999999774e+03 2.323556999999999789e+03 9.649999999999999689e-01 1.058000000000000052e+00 2.661500000000000199e+00 1.338999999999999968e+00
2.600000000000000000e+01 4.488000000000000000e+03 -1.000000000000000000e+00 -1.000000000000000000e+00 -1.000000000000000000e+00 -1.000000000000000000e+00 -1.000000000000000000e+00 2.004268000000000029e+03 2.324990999999999985e+03 1.745000000000000107e+00 9.090000000000000302e-01 2.423000000000000043e+00 1.000000000000000000e+00
2.600000000000000000e+01 4.463000000000000000e+03 -1.000000000000000000e+00 -1.000000000000000000e+00 -1.000000000000000000e+00 -1.000000000000000000e+00 -1.000000000000000000e+00 2.052967999999999847e+03 2.336804000000000087e+03 1.032000000000000028e+00 9.360000000000000542e-01 2.460500000000000131e+00 1.350000000000000089e+00
2.600000000000000000e+01 4.478000000000000000e+03 -1.000000000000000000e+00 -1.000000000000000000e+00 -1.000000000000000000e+00 -1.000000000000000000e+00 -1.000000000000000000e+00 1.995601000000000113e+03 2.315606999999999971e+03 2.681000000000000050e+00 1.110000000000000098e+00 3.270000000000000018e+00 1.550000000000000044e+00
2.600000000000000000e+01 4.470000000000000000e+03 -1.000000000000000000e+00 -1.000000000000000000e+00 -1.000000000000000000e+00 -1.000000000000000000e+00 -1.000000000000000000e+00 2.021190000000000055e+03 2.352050000000000182e+03 1.469000000000000083e+00 1.336500000000000021e+00 3.223500000000000032e+00 1.362999999999999989e+00
2.600000000000000000e+01 4.495000000000000000e+03 -1.000000000000000000e+00 -1.000000000000000000e+00 -1.000000000000000000e+00 -1.000000000000000000e+00 -1.000000000000000000e+00 2.001375999999999976e+03 2.307021999999999935e+03 2.553999999999999826e+00 9.579999999999999627e-01 2.515499999999999847e+00 1.465999999999999970e+00
2.700000000000000000e+01 4.454000000000000000e+03 -1.000000000000000000e+00 -1.000000000000000000e+00 -1.000000000000000000e+00 -1.000000000000000000e+00 -1.000000000000000000e+00 2.083943999999999960e+03 2.321115999999999985e+03 9.200000000000000400e-01 1.058000000000000052e+00 2.661500000000000199e+00 1.338999999999999968e+00
2.700000000000000000e+01 4.488000000000000000e+03 -1.000000000000000000e+00 -1.000000000000000000e+00 -1.000000000000000000e+00 -1.000000000000000000e+00 -1.000000000000000000e+00 2.004471000000000004e+03 2.326318999999999960e+03 1.695000000000000062e+00 9.090000000000000302e-01 2.423000000000000043e+00 1.000000000000000000e+00
2.700000000000000000e+01 4.463000000000000000e+03 -1.000000000000000000e+00 -1.000000000000000000e+00 -1.000000000000000000e+00 -1.000000000000000000e+00 -1.000000000000000000e+00 2.056347999999999956e+03 2.334878999999999905e+03 9.819999999999999840e-01 9.360000000000000542e-01 2.460500000000000131e+00 1.350000000000000089e+00
2.700000000000000000e+01 4.478000000000000000e+03 -1.000000000000000000e+00 -1.000000000000000000e+00 -1.000000000000000000e+00 -1.000000000000000000e+00 -1.000000000000000000e+00 1.995601000000000113e+03 2.315606999999999971e+03 2.681000000000000050e+00 1.110000000000000098e+00 3.270000000000000018e+00 1.550000000000000044e+00
2.700000000000000000e+01 4.470000000000000000e+03 -1.000000000000000000e+00 -1.000000000000000000e+00 -1.000000000000000000e+00 -1.000000000000000000e+00 -1.000000000000000000e+00 2.024450000000000045e+03 2.351755999999999858e+03 1.415999999999999925e+00 1.336500000000000021e+00 3.223500000000000032e+00 1.362999999999999989e+00
2.700000000000000000e+01 4.495000000000000000e+03 -1.000000000000000000e+00 -1.000000000000000000e+00 -1.000000000000000000e+00 -1.000000000000000000e+00 -1.000000000000000000e+00 2.001773999999999887e+03 2.310077999999999975e+03 2.495000000000000107e+00 9.579999999999999627e-01 2.515499999999999847e+00 1.465999999999999970e+00
2.800000000000000000e+01 4.454000000000000000e+03 -1.000000000000000000e+00 -1.000000000000000000e+00 -1.000000000000000000e+00 -1.000000000000000000e+00 -1.000000000000000000e+00 2.089222000000000207e+03 2.318612000000000080e+03 8.739999999999999991e-01 1.058000000000000052e+00 2.661500000000000199e+00 1.338999999999999968e+00
2.800000000000000000e+01 4.488000000000000000e+03 -1.000000000000000000e+00 -1.000000000000000000e+00 -1.000000000000000000e+00 -1.000000000000000000e+00 -1.000000000000000000e+00 2.004567000000000007e+03 2.326847000000000207e+03 1.695000000000000062e+00 9.090000000000000302e-01 2.423000000000000043e+00 1.000000000000000000e+00
2.800000000000000000e+01 4.463000000000000000e+03 -1.000000000000000000e+00 -1.000000000000000000e+00 -1.000000000000000000e+00 -1.000000000000000000e+00 -1.000000000000000000e+00 2.059820999999999913e+03 2.332980000000000018e+03 9.320000000000000506e-01 9.360000000000000542e-01 2.460500000000000131e+00 1.350000000000000089e+00
2.800000000000000000e+01 4.478000000000000000e+03 -1.000000000000000000e+00 -1.000000000000000000e+00 -1.000000000000000000e+00 -1.000000000000000000e+00 -1.000000000000000000e+00 1.995601000000000113e+03 2.315606999999999971e+03 2.681000000000000050e+00 1.110000000000000098e+00 3.270000000000000018e+00 1.550000000000000044e+00
2.800000000000000000e+01 4.470000000000000000e+03 -1.000000000000000000e+00 -1.000000000000000000e+00 -1.000000000000000000e+00 -1.000000000000000000e+00 -1.000000000000000000e+00 2.027644000000000005e+03 2.351041000000000167e+03 1.362999999999999989e+00 1.336500000000000021e+00 3.223500000000000032e+00 1.362999999999999989e+00
2.800000000000000000e+01 4.495000000000000000e+03 -1.000000000000000000e+00 -1.000000000000000000e+00 -1.000000000000000000e+00 -1.000000000000000000e+00 -1.000000000000000000e+00 2.002176999999999907e+03 2.312637999999999920e+03 2.470000000000000195e+00 9.579999999999999627e-01 2.515499999999999847e+00 1.465999999999999970e+00
2.900000000000000000e+01 4.488000000000000000e+03 -1.000000000000000000e+00 -1.000000000000000000e+00 -1.000000000000000000e+00 -1.000000000000000000e+00 -1.000000000000000000e+00 2.004663000000000011e+03 2.327373999999999796e+03 1.695000000000000062e+00 9.090000000000000302e-01 2.423000000000000043e+00 1.000000000000000000e+00
2.900000000000000000e+01 4.463000000000000000e+03 -1.000000000000000000e+00 -1.000000000000000000e+00 -1.000000000000000000e+00 -1.000000000000000000e+00 -1.000000000000000000e+00 2.063478000000000065e+03 2.331134000000000015e+03 8.820000000000000062e-01 9.360000000000000542e-01 2.460500000000000131e+00 1.350000000000000089e+00
2.900000000000000000e+01 4.478000000000000000e+03 -1.000000000000000000e+00 -1.000000000000000000e+00 -1.000000000000000000e+00 -1.000000000000000000e+00 -1.000000000000000000e+00 1.995601000000000113e+03 2.315606999999999971e+03 2.681000000000000050e+00 1.110000000000000098e+00 3.270000000000000018e+00 1.550000000000000044e+00
2.900000000000000000e+01 4.470000000000000000e+03 -1.000000000000000000e+00 -1.000000000000000000e+00 -1.000000000000000000e+00 -1.000000000000000000e+00 -1.000000000000000000e+00 2.030718000000000075e+03 2.349916000000000167e+03 1.310999999999999943e+00 1.336500000000000021e+00 3.223500000000000032e+00 1.362999999999999989e+00
2.900000000000000000e+01 4.495000000000000000e+03 -1.000000000000000000e+00 -1.000000000000000000e+00 -1.000000000000000000e+00 -1.000000000000000000e+00 -1.000000000000000000e+00 2.002578999999999951e+03 2.315199000000000069e+03 2.444999999999999840e+00 9.579999999999999627e-01 2.515499999999999847e+00 1.465999999999999970e+00
3.000000000000000000e+01 4.488000000000000000e+03 -1.000000000000000000e+00 -1.000000000000000000e+00 -1.000000000000000000e+00 -1.000000000000000000e+00 -1.000000000000000000e+00 2.004694999999999936e+03 2.327472999999999956e+03 1.695000000000000062e+00 9.090000000000000302e-01 2.423000000000000043e+00 1.000000000000000000e+00
3.000000000000000000e+01 4.463000000000000000e+03 -1.000000000000000000e+00 -1.000000000000000000e+00 -1.000000000000000000e+00 -1.000000000000000000e+00 -1.000000000000000000e+00 2.067192000000000007e+03 2.329259000000000015e+03 8.820000000000000062e-01 9.360000000000000542e-01 2.460500000000000131e+00 1.350000000000000089e+00
3.000000000000000000e+01 4.478000000000000000e+03 -1.000000000000000000e+00 -1.000000000000000000e+00 -1.000000000000000000e+00 -1.000000000000000000e+00 -1.000000000000000000e+00 1.995594000000000051e+03 2.315626999999999953e+03 2.693999999999999950e+00 1.110000000000000098e+00 3.270000000000000018e+00 1.550000000000000044e+00
3.000000000000000000e+01 4.470000000000000000e+03 -1.000000000000000000e+00 -1.000000000000000000e+00 -1.000000000000000000e+00 -1.000000000000000000e+00 -1.000000000000000000e+00 2.033809999999999945e+03 2.348505999999999858e+03 1.262999999999999901e+00 1.336500000000000021e+00 3.223500000000000032e+00 1.362999999999999989e+00
3.000000000000000000e+01 4.495000000000000000e+03 -1.000000000000000000e+00 -1.000000000000000000e+00 -1.000000000000000000e+00 -1.000000000000000000e+00 -1.000000000000000000e+00 2.002795000000000073e+03 2.316824999999999818e+03 2.444999999999999840e+00 9.579999999999999627e-01 2.515499999999999847e+00 1.465999999999999970e+00
3.100000000000000000e+01 4.488000000000000000e+03 -1.000000000000000000e+00 -1.000000000000000000e+00 -1.000000000000000000e+00 -1.000000000000000000e+00 -1.000000000000000000e+00 2.004728000000000065e+03 2.327570999999999913e+03 1.695000000000000062e+00 9.090000000000000302e-01 2.423000000000000043e+00 1.000000000000000000e+00
3.100000000000000000e+01 4.463000000000000000e+03 -1.000000000000000000e+00 -1.000000000000000000e+00 -1.000000000000000000e+00 -1.000000000000000000e+00 -1.000000000000000000e+00 2.070929999999999836e+03 2.327447999999999865e+03 8.319999999999999618e-01 9.360000000000000542e-01 2.460500000000000131e+00 1.350000000000000089e+00
3.100000000000000000e+01 4.478000000000000000e+03 -1.000000000000000000e+00 -1.000000000000000000e+00 -1.000000000000000000e+00 -1.000000000000000000e+00 -1.000000000000000000e+00 1.995586999999999989e+03 2.315648000000000138e+03 2.705999999999999961e+00 1.110000000000000098e+00 3.270000000000000018e+00 1.550000000000000044e+00
3.100000000000000000e+01 4.470000000000000000e+03 -1.000000000000000000e+00 -1.000000000000000000e+00 -1.000000000000000000e+00 -1.000000000000000000e+00 -1.000000000000000000e+00 2.036811999999999898e+03 2.346922000000000025e+03 1.215999999999999970e+00 1.336500000000000021e+00 3.223500000000000032e+00 1.362999999999999989e+00
3.100000000000000000e+01 4.495000000000000000e+03 -1.000000000000000000e+00 -1.000000000000000000e+00 -1.000000000000000000e+00 -1.000000000000000000e+00 -1.000000000000000000e+00 2.003010999999999967e+03 2.318449999999999818e+03 2.444999999999999840e+00 9.579999999999999627e-01 2.515499999999999847e+00 1.465999999999999970e+00
3.200000000000000000e+01 4.488000000000000000e+03 -1.000000000000000000e+00 -1.000000000000000000e+00 -1.000000000000000000e+00 -1.000000000000000000e+00 -1.000000000000000000e+00 2.004782999999999902e+03 2.327539999999999964e+03 1.695000000000000062e+00 9.090000000000000302e-01 2.423000000000000043e+00 1.000000000000000000e+00
3.200000000000000000e+01 4.463000000000000000e+03 -1.000000000000000000e+00 -1.000000000000000000e+00 -1.000000000000000000e+00 -1.000000000000000000e+00 -1.000000000000000000e+00 2.074639000000000124e+03 2.325724000000000160e+03 8.319999999999999618e-01 9.360000000000000542e-01 2.460500000000000131e+00 1.350000000000000089e+00
3.200000000000000000e+01 4.478000000000000000e+03 -1.000000000000000000e+00 -1.000000000000000000e+00 -1.000000000000000000e+00 -1.000000000000000000e+00 -1.000000000000000000e+00 1.995579999999999927e+03 2.315668000000000120e+03 2.718999999999999861e+00 1.110000000000000098e+00 3.270000000000000018e+00 1.550000000000000044e+00
3.200000000000000000e+01 4.470000000000000000e+03 -1.000000000000000000e+00 -1.000000000000000000e+00 -1.000000000000000000e+00 -1.000000000000000000e+00 -1.000000000000000000e+00 2.039792999999999893e+03 2.345088000000000193e+03 1.181999999999999940e+00 1.336500000000000021e+00 3.223500000000000032e+00 1.362999999999999989e+00
3.200000000000000000e+01 4.495000000000000000e+03 -1.000000000000000000e+00 -1.000000000000000000e+00 -1.000000000000000000e+00 -1.000000000000000000e+00 -1.000000000000000000e+00 2.003156999999999925e+03 2.319543999999999869e+03 2.370000000000000107e+00 9.579999999999999627e-01 2.515499999999999847e+00 1.465999999999999970e+00
3.300000000000000000e+01 4.488000000000000000e+03 -1.000000000000000000e+00 -1.000000000000000000e+00 -1.000000000000000000e+00 -1.000000000000000000e+00 -1.000000000000000000e+00 2.004838999999999942e+03 2.327509000000000015e+03 1.695000000000000062e+00 9.090000000000000302e-01 2.423000000000000043e+00 1.000000000000000000e+00
3.300000000000000000e+01 4.463000000000000000e+03 -1.000000000000000000e+00 -1.000000000000000000e+00 -1.000000000000000000e+00 -1.000000000000000000e+00 -1.000000000000000000e+00 2.078197999999999865e+03 2.324070000000000164e+03 7.319999999999999840e-01 9.360000000000000542e-01 2.460500000000000131e+00 1.350000000000000089e+00
3.300000000000000000e+01 4.478000000000000000e+03 -1.000000000000000000e+00 -1.000000000000000000e+00 -1.000000000000000000e+00 -1.000000000000000000e+00 -1.000000000000000000e+00 1.995571999999999889e+03 2.315688000000000102e+03 2.730999999999999872e+00 1.110000000000000098e+00 3.270000000000000018e+00 1.550000000000000044e+00
3.300000000000000000e+01 4.470000000000000000e+03 -1.000000000000000000e+00 -1.000000000000000000e+00 -1.000000000000000000e+00 -1.000000000000000000e+00 -1.000000000000000000e+00 2.042777000000000044e+03 2.343251000000000204e+03 1.147999999999999909e+00 1.336500000000000021e+00 3.223500000000000032e+00 1.362999999999999989e+00
3.300000000000000000e+01 4.495000000000000000e+03 -1.000000000000000000e+00 -1.000000000000000000e+00 -1.000000000000000000e+00 -1.000000000000000000e+00 -1.000000000000000000e+00 2.003371000000000095e+03 2.320108999999999924e+03 2.305000000000000160e+00 9.579999999999999627e-01 2.515499999999999847e+00 1.465999999999999970e+00
3.400000000000000000e+01 4.488000000000000000e+03 -1.000000000000000000e+00 -1.000000000000000000e+00 -1.000000000000000000e+00 -1.000000000000000000e+00 -1.000000000000000000e+00 2.004894999999999982e+03 2.327478000000000065e+03 1.695000000000000062e+00 9.090000000000000302e-01 2.423000000000000043e+00 1.000000000000000000e+00
3.400000000000000000e+01 4.463000000000000000e+03 -1.000000000000000000e+00 -1.000000000000000000e+00 -1.000000000000000000e+00 -1.000000000000000000e+00 -1.000000000000000000e+00 2.081722999999999956e+03 2.322431999999999789e+03 6.820000000000000506e-01 9.360000000000000542e-01 2.460500000000000131e+00 1.350000000000000089e+00
3.400000000000000000e+01 4.478000000000000000e+03 -1.000000000000000000e+00 -1.000000000000000000e+00 -1.000000000000000000e+00 -1.000000000000000000e+00 -1.000000000000000000e+00 1.995596000000000004e+03 2.315565999999999804e+03 2.718999999999999861e+00 1.110000000000000098e+00 3.270000000000000018e+00 1.550000000000000044e+00
3.400000000000000000e+01 4.470000000000000000e+03 -1.000000000000000000e+00 -1.000000000000000000e+00 -1.000000000000000000e+00 -1.000000000000000000e+00 -1.000000000000000000e+00 2.045758000000000038e+03 2.341416000000000167e+03 1.114000000000000101e+00 1.336500000000000021e+00 3.223500000000000032e+00 1.362999999999999989e+00
3.400000000000000000e+01 4.495000000000000000e+03 -1.000000000000000000e+00 -1.000000000000000000e+00 -1.000000000000000000e+00 -1.000000000000000000e+00 -1.000000000000000000e+00 2.003586000000000013e+03 2.320675000000000182e+03 2.339999999999999858e+00 9.579999999999999627e-01 2.515499999999999847e+00 1.465999999999999970e+00
3.500000000000000000e+01 4.488000000000000000e+03 -1.000000000000000000e+00 -1.000000000000000000e+00 -1.000000000000000000e+00 -1.000000000000000000e+00 -1.000000000000000000e+00 2.004950000000000045e+03 2.327447000000000116e+03 1.695000000000000062e+00 9.090000000000000302e-01 2.423000000000000043e+00 1.000000000000000000e+00
3.500000000000000000e+01 4.463000000000000000e+03 -1.000000000000000000e+00 -1.000000000000000000e+00 -1.000000000000000000e+00 -1.000000000000000000e+00 -1.000000000000000000e+00 2.085112000000000080e+03 2.320893000000000029e+03 7.319999999999999840e-01 9.360000000000000542e-01 2.460500000000000131e+00 1.350000000000000089e+00
3.500000000000000000e+01 4.478000000000000000e+03 -1.000000000000000000e+00 -1.000000000000000000e+00 -1.000000000000000000e+00 -1.000000000000000000e+00 -1.000000000000000000e+00 1.995621000000000095e+03 2.315445000000000164e+03 2.706999999999999851e+00 1.110000000000000098e+00 3.270000000000000018e+00 1.550000000000000044e+00
3.500000000000000000e+01 4.470000000000000000e+03 -1.000000000000000000e+00 -1.000000000000000000e+00 -1.000000000000000000e+00 -1.000000000000000000e+00 -1.000000000000000000e+00 2.049003000000000156e+03 2.339481999999999971e+03 1.076000000000000068e+00 1.336500000000000021e+00 3.223500000000000032e+00 1.362999999999999989e+00
3.500000000000000000e+01 4.495000000000000000e+03 -1.000000000000000000e+00 -1.000000000000000000e+00 -1.000000000000000000e+00 -1.000000000000000000e+00 -1.000000000000000000e+00 2.003704999999999927e+03 2.320518999999999778e+03 2.370000000000000107e+00 9.579999999999999627e-01 2.515499999999999847e+00 1.465999999999999970e+00
3.600000000000000000e+01 4.488000000000000000e+03 -1.000000000000000000e+00 -1.000000000000000000e+00 -1.000000000000000000e+00 -1.000000000000000000e+00 -1.000000000000000000e+00 2.004901000000000067e+03 2.327376000000000204e+03 1.695000000000000062e+00 9.090000000000000302e-01 2.423000000000000043e+00 1.000000000000000000e+00
3.600000000000000000e+01 4.463000000000000000e+03 -1.000000000000000000e+00 -1.000000000000000000e+00 -1.000000000000000000e+00 -1.000000000000000000e+00 -1.000000000000000000e+00 2.088885999999999967e+03 2.319219999999999800e+03 7.720000000000000195e-01 9.360000000000000542e-01 2.460500000000000131e+00 1.350000000000000089e+00
3.600000000000000000e+01 4.478000000000000000e+03 -1.000000000000000000e+00 -1.000000000000000000e+00 -1.000000000000000000e+00 -1.000000000000000000e+00 -1.000000000000000000e+00 1.995650000000000091e+03 2.315298999999999978e+03 2.693000000000000060e+00 1.110000000000000098e+00 3.270000000000000018e+00 1.550000000000000044e+00
3.600000000000000000e+01 4.470000000000000000e+03 -1.000000000000000000e+00 -1.000000000000000000e+00 -1.000000000000000000e+00 -1.000000000000000000e+00 -1.000000000000000000e+00 2.052896999999999935e+03 2.337161999999999807e+03 1.030000000000000027e+00 1.336500000000000021e+00 3.223500000000000032e+00 1.362999999999999989e+00
3.600000000000000000e+01 4.495000000000000000e+03 -1.000000000000000000e+00 -1.000000000000000000e+00 -1.000000000000000000e+00 -1.000000000000000000e+00 -1.000000000000000000e+00 2.003651000000000067e+03 2.320608000000000175e+03 2.241999999999999993e+00 9.579999999999999627e-01 2.515499999999999847e+00 1.465999999999999970e+00
3.700000000000000000e+01 4.488000000000000000e+03 -1.000000000000000000e+00 -1.000000000000000000e+00 -1.000000000000000000e+00 -1.000000000000000000e+00 -1.000000000000000000e+00 2.004858999999999924e+03 2.327317000000000007e+03 1.695000000000000062e+00 9.090000000000000302e-01 2.423000000000000043e+00 1.000000000000000000e+00
3.700000000000000000e+01 4.478000000000000000e+03 -1.000000000000000000e+00 -1.000000000000000000e+00 -1.000000000000000000e+00 -1.000000000000000000e+00 -1.000000000000000000e+00 1.995673999999999978e+03 2.315177000000000135e+03 2.681000000000000050e+00 1.110000000000000098e+00 3.270000000000000018e+00 1.550000000000000044e+00
3.700000000000000000e+01 4.470000000000000000e+03 -1.000000000000000000e+00 -1.000000000000000000e+00 -1.000000000000000000e+00 -1.000000000000000000e+00 -1.000000000000000000e+00 2.056141999999999825e+03 2.335228000000000065e+03 9.909999999999999920e-01 1.336500000000000021e+00 3.223500000000000032e+00 1.362999999999999989e+00
3.700000000000000000e+01 4.495000000000000000e+03 -1.000000000000000000e+00 -1.000000000000000000e+00 -1.000000000000000000e+00 -1.000000000000000000e+00 -1.000000000000000000e+00 2.003425999999999931e+03 2.320195000000000164e+03 2.281000000000000139e+00 9.579999999999999627e-01 2.515499999999999847e+00 1.465999999999999970e+00
3.800000000000000000e+01 4.488000000000000000e+03 -1.000000000000000000e+00 -1.000000000000000000e+00 -1.000000000000000000e+00 -1.000000000000000000e+00 -1.000000000000000000e+00 2.004817999999999984e+03 2.327257999999999811e+03 1.695000000000000062e+00 9.090000000000000302e-01 2.423000000000000043e+00 1.000000000000000000e+00
3.800000000000000000e+01 4.478000000000000000e+03 -1.000000000000000000e+00 -1.000000000000000000e+00 -1.000000000000000000e+00 -1.000000000000000000e+00 -1.000000000000000000e+00 1.995701000000000022e+03 2.315367999999999938e+03 2.645000000000000018e+00 1.110000000000000098e+00 3.270000000000000018e+00 1.550000000000000044e+00
3.800000000000000000e+01 4.470000000000000000e+03 -1.000000000000000000e+00 -1.000000000000000000e+00 -1.000000000000000000e+00 -1.000000000000000000e+00 -1.000000000000000000e+00 2.059380000000000109e+03 2.333298999999999978e+03 9.529999999999999583e-01 1.336500000000000021e+00 3.223500000000000032e+00 1.362999999999999989e+00
3.800000000000000000e+01 4.495000000000000000e+03 -1.000000000000000000e+00 -1.000000000000000000e+00 -1.000000000000000000e+00 -1.000000000000000000e+00 -1.000000000000000000e+00 2.003459000000000060e+03 2.320411000000000058e+03 2.270999999999999908e+00 9.579999999999999627e-01 2.515499999999999847e+00 1.465999999999999970e+00
3.900000000000000000e+01 4.488000000000000000e+03 -1.000000000000000000e+00 -1.000000000000000000e+00 -1.000000000000000000e+00 -1.000000000000000000e+00 -1.000000000000000000e+00 2.004799999999999955e+03 2.327309999999999945e+03 1.695000000000000062e+00 9.090000000000000302e-01 2.423000000000000043e+00 1.000000000000000000e+00
3.900000000000000000e+01 4.478000000000000000e+03 -1.000000000000000000e+00 -1.000000000000000000e+00 -1.000000000000000000e+00 -1.000000000000000000e+00 -1.000000000000000000e+00 1.995721999999999980e+03 2.315521000000000186e+03 2.616999999999999993e+00 1.110000000000000098e+00 3.270000000000000018e+00 1.550000000000000044e+00
3.900000000000000000e+01 4.470000000000000000e+03 -1.000000000000000000e+00 -1.000000000000000000e+00 -1.000000000000000000e+00 -1.000000000000000000e+00 -1.000000000000000000e+00 2.061954999999999927e+03 2.331784999999999854e+03 9.529999999999999583e-01 1.336500000000000021e+00 3.223500000000000032e+00 1.362999999999999989e+00
3.900000000000000000e+01 4.495000000000000000e+03 -1.000000000000000000e+00 -1.000000000000000000e+00 -1.000000000000000000e+00 -1.000000000000000000e+00 -1.000000000000000000e+00 2.003483999999999924e+03 2.320583999999999833e+03 2.302000000000000046e+00 9.579999999999999627e-01 2.515499999999999847e+00 1.465999999999999970e+00
4.000000000000000000e+01 4.488000000000000000e+03 -1.000000000000000000e+00 -1.000000000000000000e+00 -1.000000000000000000e+00 -1.000000000000000000e+00 -1.000000000000000000e+00 2.004777000000000044e+03 2.327375000000000000e+03 1.695000000000000062e+00 9.090000000000000302e-01 2.423000000000000043e+00 1.000000000000000000e+00
4.000000000000000000e+01 4.478000000000000000e+03 -1.000000000000000000e+00 -1.000000000000000000e+00 -1.000000000000000000e+00 -1.000000000000000000e+00 -1.000000000000000000e+00 1.995749000000000024e+03 2.315711999999999989e+03 2.580999999999999961e+00 1.110000000000000098e+00 3.270000000000000018e+00 1.550000000000000044e+00
4.000000000000000000e+01 4.470000000000000000e+03 -1.000000000000000000e+00 -1.000000000000000000e+00 -1.000000000000000000e+00 -1.000000000000000000e+00 -1.000000000000000000e+00 2.065222000000000207e+03 2.329976000000000113e+03 9.529999999999999583e-01 1.336500000000000021e+00 3.223500000000000032e+00 1.362999999999999989e+00
4.000000000000000000e+01 4.495000000000000000e+03 -1.000000000000000000e+00 -1.000000000000000000e+00 -1.000000000000000000e+00 -1.000000000000000000e+00 -1.000000000000000000e+00 2.003493999999999915e+03 2.320646000000000186e+03 2.290999999999999925e+00 9.579999999999999627e-01 2.515499999999999847e+00 1.465999999999999970e+00
