1.000000000000000000e+00 4.649000000000000000e+03 -1.000000000000000000e+00 -1.000000000000000000e+00 -1.000000000000000000e+00 -1.000000000000000000e+00 -1.000000000000000000e+00 1.638630000000000109e+03 2.766146000000000186e+03 7.349999999999999867e-01 4.600000000000000200e-01 1.024000000000000021e+00 8.665000000000000480e-01
2.000000000000000000e+00 4.649000000000000000e+03 -1.000000000000000000e+00 -1.000000000000000000e+00 -1.000000000000000000e+00 -1.000000000000000000e+00 -1.000000000000000000e+00 1.638641000000000076e+03 2.766152999999999793e+03 7.349999999999999867e-01 4.600000000000000200e-01 1.024000000000000021e+00 8.665000000000000480e-01
3.000000000000000000e+00 4.649000000000000000e+03 -1.000000000000000000e+00 -1.000000000000000000e+00 -1.000000000000000000e+00 -1.000000000000000000e+00 -1.000000000000000000e+00 1.638653999999999996e+03 2.766161000000000058e+03 7.349999999999999867e-01 4.600000000000000200e-01 1.024000000000000021e+00 8.665000000000000480e-01
4.000000000000000000e+00 4.649000000000000000e+03 -1.000000000000000000e+00 -1.000000000000000000e+00 -1.000000000000000000e+00 -1.000000000000000000e+00 -1.000000000000000000e+00 1.638680000000000064e+03 2.766177999999999884e+03 7.229999999999999760e-01 4.600000000000000200e-01 1.024000000000000021e+00 8.665000000000000480e-01
5.000000000000000000e+00 4.649000000000000000e+03 -1.000000000000000000e+00 -1.000000000000000000e+00 -1.000000000000000000e+00 -1.000000000000000000e+00 -1.000000000000000000e+00 1.638707000000000107e+03 2.766193999999999960e+03 7.099999999999999645e-01 4.600000000000000200e-01 1.024000000000000021e+00 8.665000000000000480e-01
6.000000000000000000e+00 4.649000000000000000e+03 -1.000000000000000000e+00 -1.000000000000000000e+00 -1.000000000000000000e+00 -1.000000000000000000e+00 -1.000000000000000000e+00 1.638733999999999924e+03 2.766210999999999785e+03 6.979999999999999538e-01 4.600000000000000200e-01 1.024000000000000021e+00 8.665000000000000480e-01
7.000000000000000000e+00 4.649000000000000000e+03 -1.000000000000000000e+00 -1.000000000000000000e+00 -1.000000000000000000e+00 -1.000000000000000000e+00 -1.000000000000000000e+00 1.638760999999999967e+03 2.766228000000000065e+03 6.850000000000000533e-01 4.600000000000000200e-01 1.024000000000000021e+00 8.665000000000000480e-01
8.000000000000000000e+00 4.649000000000000000e+03 -1.000000000000000000e+00 -1.000000000000000000e+00 -1.000000000000000000e+00 -1.000000000000000000e+00 -1.000000000000000000e+00 1.638765000000000100e+03 2.766231000000000222e+03 6.850000000000000533e-01 4.600000000000000200e-01 1.024000000000000021e+00 8.665000000000000480e-01
9.000000000000000000e+00 4.649000000000000000e+03 -1.000000000000000000e+00 -1.000000000000000000e+00 -1.000000000000000000e+00 -1.000000000000000000e+00 -1.000000000000000000e+00 1.638769000000000005e+03 2.766233000000000175e+03 6.850000000000000533e-01 4.600000000000000200e-01 1.024000000000000021e+00 8.665000000000000480e-01
1.000000000000000000e+01 4.649000000000000000e+03 -1.000000000000000000e+00 -1.000000000000000000e+00 -1.000000000000000000e+00 -1.000000000000000000e+00 -1.000000000000000000e+00 1.638772999999999911e+03 2.766235999999999876e+03 6.850000000000000533e-01 4.600000000000000200e-01 1.024000000000000021e+00 8.665000000000000480e-01
1.100000000000000000e+01 4.649000000000000000e+03 -1.000000000000000000e+00 -1.000000000000000000e+00 -1.000000000000000000e+00 -1.000000000000000000e+00 -1.000000000000000000e+00 1.638788999999999987e+03 2.766246000000000095e+03 6.850000000000000533e-01 4.600000000000000200e-01 1.024000000000000021e+00 8.665000000000000480e-01
1.200000000000000000e+01 4.649000000000000000e+03 -1.000000000000000000e+00 -1.000000000000000000e+00 -1.000000000000000000e+00 -1.000000000000000000e+00 -1.000000000000000000e+00 1.638805000000000064e+03 2.766255999999999858e+03 6.850000000000000533e-01 4.600000000000000200e-01 1.024000000000000021e+00 8.665000000000000480e-01
1.300000000000000000e+01 4.649000000000000000e+03 -1.000000000000000000e+00 -1.000000000000000000e+00 -1.000000000000000000e+00 -1.000000000000000000e+00 -1.000000000000000000e+00 1.638820999999999913e+03 2.766266000000000076e+03 6.850000000000000533e-01 4.600000000000000200e-01 1.024000000000000021e+00 8.665000000000000480e-01
1.400000000000000000e+01 4.649000000000000000e+03 -1.000000000000000000e+00 -1.000000000000000000e+00 -1.000000000000000000e+00 -1.000000000000000000e+00 -1.000000000000000000e+00 1.638824000000000069e+03 2.766268000000000029e+03 6.730000000000000426e-01 4.600000000000000200e-01 1.024000000000000021e+00 8.665000000000000480e-01
1.500000000000000000e+01 4.649000000000000000e+03 -1.000000000000000000e+00 -1.000000000000000000e+00 -1.000000000000000000e+00 -1.000000000000000000e+00 -1.000000000000000000e+00 1.638826999999999998e+03 2.766269999999999982e+03 6.610000000000000320e-01 4.600000000000000200e-01 1.024000000000000021e+00 8.665000000000000480e-01
1.600000000000000000e+01 4.649000000000000000e+03 -1.000000000000000000e+00 -1.000000000000000000e+00 -1.000000000000000000e+00 -1.000000000000000000e+00 -1.000000000000000000e+00 1.638830999999999904e+03 2.766271999999999935e+03 6.480000000000000204e-01 4.600000000000000200e-01 1.024000000000000021e+00 8.665000000000000480e-01
1.700000000000000000e+01 4.649000000000000000e+03 -1.000000000000000000e+00 -1.000000000000000000e+00 -1.000000000000000000e+00 -1.000000000000000000e+00 -1.000000000000000000e+00 1.638834000000000060e+03 2.766273999999999887e+03 6.350000000000000089e-01 4.600000000000000200e-01 1.024000000000000021e+00 8.665000000000000480e-01
1.800000000000000000e+01 4.649000000000000000e+03 -1.000000000000000000e+00 -1.000000000000000000e+00 -1.000000000000000000e+00 -1.000000000000000000e+00 -1.000000000000000000e+00 1.638832000000000107e+03 2.766273000000000138e+03 6.350000000000000089e-01 4.600000000000000200e-01 1.024000000000000021e+00 8.665000000000000480e-01
1.900000000000000000e+01 4.649000000000000000e+03 -1.000000000000000000e+00 -1.000000000000000000e+00 -1.000000000000000000e+00 -1.000000000000000000e+00 -1.000000000000000000e+00 1.638836999999999989e+03 2.766275999999999840e+03 6.740000000000000435e-01 4.600000000000000200e-01 1.024000000000000021e+00 8.665000000000000480e-01
2.000000000000000000e+01 4.649000000000000000e+03 -1.000000000000000000e+00 -1.000000000000000000e+00 -1.000000000000000000e+00 -1.000000000000000000e+00 -1.000000000000000000e+00 1.638873000000000047e+03 2.766211999999999989e+03 7.119999999999999662e-01 4.600000000000000200e-01 1.024000000000000021e+00 8.665000000000000480e-01
2.100000000000000000e+01 4.649000000000000000e+03 -1.000000000000000000e+00 -1.000000000000000000e+00 -1.000000000000000000e+00 -1.000000000000000000e+00 -1.000000000000000000e+00 1.638911000000000058e+03 2.766150000000000091e+03 7.510000000000000009e-01 4.600000000000000200e-01 1.024000000000000021e+00 8.665000000000000480e-01
2.200000000000000000e+01 4.649000000000000000e+03 -1.000000000000000000e+00 -1.000000000000000000e+00 -1.000000000000000000e+00 -1.000000000000000000e+00 -1.000000000000000000e+00 1.638944999999999936e+03 2.766094000000000051e+03 7.850000000000000311e-01 4.600000000000000200e-01 1.024000000000000021e+00 8.665000000000000480e-01
2.300000000000000000e+01 4.649000000000000000e+03 -1.000000000000000000e+00 -1.000000000000000000e+00 -1.000000000000000000e+00 -1.000000000000000000e+00 -1.000000000000000000e+00 1.638896999999999935e+03 2.766197000000000116e+03 8.349999999999999645e-01 4.600000000000000200e-01 1.024000000000000021e+00 8.665000000000000480e-01
2.400000000000000000e+01 4.649000000000000000e+03 -1.000000000000000000e+00 -1.000000000000000000e+00 -1.000000000000000000e+00 -1.000000000000000000e+00 -1.000000000000000000e+00 1.638840999999999894e+03 2.766286999999999807e+03 8.349999999999999645e-01 4.600000000000000200e-01 1.024000000000000021e+00 8.665000000000000480e-01
2.500000000000000000e+01 4.649000000000000000e+03 -1.000000000000000000e+00 -1.000000000000000000e+00 -1.000000000000000000e+00 -1.000000000000000000e+00 -1.000000000000000000e+00 1.638840999999999894e+03 2.766286999999999807e+03 9.350000000000000533e-01 4.600000000000000200e-01 1.024000000000000021e+00 8.665000000000000480e-01
2.600000000000000000e+01 4.649000000000000000e+03 -1.000000000000000000e+00 -1.000000000000000000e+00 -1.000000000000000000e+00 -1.000000000000000000e+00 -1.000000000000000000e+00 1.638840999999999894e+03 2.766286999999999807e+03 8.850000000000000089e-01 4.600000000000000200e-01 1.024000000000000021e+00 8.665000000000000480e-01
2.700000000000000000e+01 4.649000000000000000e+03 -1.000000000000000000e+00 -1.000000000000000000e+00 -1.000000000000000000e+00 -1.000000000000000000e+00 -1.000000000000000000e+00 1.638840999999999894e+03 2.766286999999999807e+03 9.849999999999999867e-01 4.600000000000000200e-01 1.024000000000000021e+00 8.665000000000000480e-01
2.800000000000000000e+01 4.649000000000000000e+03 -1.000000000000000000e+00 -1.000000000000000000e+00 -1.000000000000000000e+00 -1.000000000000000000e+00 -1.000000000000000000e+00 1.638840999999999894e+03 2.766286999999999807e+03 1.084999999999999964e+00 4.600000000000000200e-01 1.024000000000000021e+00 8.665000000000000480e-01
