1.000000000000000000e+00 4.732000000000000000e+03 -1.000000000000000000e+00 -1.000000000000000000e+00 -1.000000000000000000e+00 -1.000000000000000000e+00 -1.000000000000000000e+00 1.476807999999999993e+03 3.045822000000000116e+03 1.370999999999999996e+00 1.070999999999999952e+00 2.475000000000000089e+00 9.449999999999999512e-01
1.000000000000000000e+00 4.733000000000000000e+03 -1.000000000000000000e+00 -1.000000000000000000e+00 -1.000000000000000000e+00 -1.000000000000000000e+00 -1.000000000000000000e+00 1.470914999999999964e+03 3.036878000000000156e+03 1.288000000000000034e+00 1.096500000000000030e+00 2.448999999999999844e+00 1.092000000000000082e+00
1.000000000000000000e+00 4.734000000000000000e+03 -1.000000000000000000e+00 -1.000000000000000000e+00 -1.000000000000000000e+00 -1.000000000000000000e+00 -1.000000000000000000e+00 1.487736000000000104e+03 3.031215000000000146e+03 1.090000000000000080e+00 9.040000000000000258e-01 2.087000000000000188e+00 7.339999999999999858e-01
1.000000000000000000e+00 4.735000000000000000e+03 -1.000000000000000000e+00 -1.000000000000000000e+00 -1.000000000000000000e+00 -1.000000000000000000e+00 -1.000000000000000000e+00 1.495250999999999976e+03 3.020155999999999949e+03 1.574000000000000066e+00 1.195000000000000062e+00 2.959000000000000075e+00 1.487000000000000099e+00
2.000000000000000000e+00 4.732000000000000000e+03 -1.000000000000000000e+00 -1.000000000000000000e+00 -1.000000000000000000e+00 -1.000000000000000000e+00 -1.000000000000000000e+00 1.477432000000000016e+03 3.048342000000000098e+03 1.338000000000000078e+00 1.070999999999999952e+00 2.475000000000000089e+00 9.449999999999999512e-01
2.000000000000000000e+00 4.733000000000000000e+03 -1.000000000000000000e+00 -1.000000000000000000e+00 -1.000000000000000000e+00 -1.000000000000000000e+00 -1.000000000000000000e+00 1.468032999999999902e+03 3.041201000000000022e+03 1.288000000000000034e+00 1.096500000000000030e+00 2.448999999999999844e+00 1.092000000000000082e+00
2.000000000000000000e+00 4.734000000000000000e+03 -1.000000000000000000e+00 -1.000000000000000000e+00 -1.000000000000000000e+00 -1.000000000000000000e+00 -1.000000000000000000e+00 1.490499000000000024e+03 3.027088000000000193e+03 1.062000000000000055e+00 9.040000000000000258e-01 2.087000000000000188e+00 7.339999999999999858e-01
2.000000000000000000e+00 4.735000000000000000e+03 -1.000000000000000000e+00 -1.000000000000000000e+00 -1.000000000000000000e+00 -1.000000000000000000e+00 -1.000000000000000000e+00 1.498497000000000071e+03 3.015291000000000167e+03 1.598999999999999977e+00 1.195000000000000062e+00 2.959000000000000075e+00 1.487000000000000099e+00
3.000000000000000000e+00 4.736000000000000000e+03 -1.000000000000000000e+00 -1.000000000000000000e+00 -1.000000000000000000e+00 -1.000000000000000000e+00 -1.000000000000000000e+00 1.509786000000000058e+03 2.989893999999999778e+03 3.099999999999999978e-01 1.112000000000000099e+00 2.304499999999999993e+00 7.954999999999999849e-01
3.000000000000000000e+00 4.732000000000000000e+03 -1.000000000000000000e+00 -1.000000000000000000e+00 -1.000000000000000000e+00 -1.000000000000000000e+00 -1.000000000000000000e+00 1.478384000000000015e+03 3.051025999999999840e+03 1.304000000000000048e+00 1.070999999999999952e+00 2.475000000000000089e+00 9.449999999999999512e-01
3.000000000000000000e+00 4.733000000000000000e+03 -1.000000000000000000e+00 -1.000000000000000000e+00 -1.000000000000000000e+00 -1.000000000000000000e+00 -1.000000000000000000e+00 1.465154999999999973e+03 3.045518999999999778e+03 1.288000000000000034e+00 1.096500000000000030e+00 2.448999999999999844e+00 1.092000000000000082e+00
3.000000000000000000e+00 4.734000000000000000e+03 -1.000000000000000000e+00 -1.000000000000000000e+00 -1.000000000000000000e+00 -1.000000000000000000e+00 -1.000000000000000000e+00 1.493522999999999911e+03 3.022625000000000000e+03 9.120000000000000329e-01 9.040000000000000258e-01 2.087000000000000188e+00 7.339999999999999858e-01
3.000000000000000000e+00 4.735000000000000000e+03 -1.000000000000000000e+00 -1.000000000000000000e+00 -1.000000000000000000e+00 -1.000000000000000000e+00 -1.000000000000000000e+00 1.501372000000000071e+03 3.010969000000000051e+03 1.473999999999999977e+00 1.195000000000000062e+00 2.959000000000000075e+00 1.487000000000000099e+00
4.000000000000000000e+00 4.736000000000000000e+03 -1.000000000000000000e+00 -1.000000000000000000e+00 -1.000000000000000000e+00 -1.000000000000000000e+00 -1.000000000000000000e+00 1.506943999999999960e+03 2.994476000000000113e+03 4.099999999999999756e-01 1.112000000000000099e+00 2.304499999999999993e+00 7.954999999999999849e-01
4.000000000000000000e+00 4.732000000000000000e+03 -1.000000000000000000e+00 -1.000000000000000000e+00 -1.000000000000000000e+00 -1.000000000000000000e+00 -1.000000000000000000e+00 1.479895999999999958e+03 3.053931999999999789e+03 1.270999999999999908e+00 1.070999999999999952e+00 2.475000000000000089e+00 9.449999999999999512e-01
4.000000000000000000e+00 4.733000000000000000e+03 -1.000000000000000000e+00 -1.000000000000000000e+00 -1.000000000000000000e+00 -1.000000000000000000e+00 -1.000000000000000000e+00 1.462243999999999915e+03 3.049884000000000015e+03 1.288000000000000034e+00 1.096500000000000030e+00 2.448999999999999844e+00 1.092000000000000082e+00
4.000000000000000000e+00 4.734000000000000000e+03 -1.000000000000000000e+00 -1.000000000000000000e+00 -1.000000000000000000e+00 -1.000000000000000000e+00 -1.000000000000000000e+00 1.496358999999999924e+03 3.018340000000000146e+03 8.010000000000000453e-01 9.040000000000000258e-01 2.087000000000000188e+00 7.339999999999999858e-01
4.000000000000000000e+00 4.735000000000000000e+03 -1.000000000000000000e+00 -1.000000000000000000e+00 -1.000000000000000000e+00 -1.000000000000000000e+00 -1.000000000000000000e+00 1.504675999999999931e+03 3.006097000000000207e+03 1.298999999999999932e+00 1.195000000000000062e+00 2.959000000000000075e+00 1.487000000000000099e+00
5.000000000000000000e+00 4.736000000000000000e+03 -1.000000000000000000e+00 -1.000000000000000000e+00 -1.000000000000000000e+00 -1.000000000000000000e+00 -1.000000000000000000e+00 1.504011999999999944e+03 2.998666999999999916e+03 5.100000000000000089e-01 1.112000000000000099e+00 2.304499999999999993e+00 7.954999999999999849e-01
5.000000000000000000e+00 4.732000000000000000e+03 -1.000000000000000000e+00 -1.000000000000000000e+00 -1.000000000000000000e+00 -1.000000000000000000e+00 -1.000000000000000000e+00 1.481755000000000109e+03 3.057092999999999847e+03 1.270999999999999908e+00 1.070999999999999952e+00 2.475000000000000089e+00 9.449999999999999512e-01
5.000000000000000000e+00 4.733000000000000000e+03 -1.000000000000000000e+00 -1.000000000000000000e+00 -1.000000000000000000e+00 -1.000000000000000000e+00 -1.000000000000000000e+00 1.459346999999999980e+03 3.054271000000000186e+03 1.290999999999999925e+00 1.096500000000000030e+00 2.448999999999999844e+00 1.092000000000000082e+00
5.000000000000000000e+00 4.734000000000000000e+03 -1.000000000000000000e+00 -1.000000000000000000e+00 -1.000000000000000000e+00 -1.000000000000000000e+00 -1.000000000000000000e+00 1.499358999999999924e+03 3.013860999999999876e+03 8.629999999999999893e-01 9.040000000000000258e-01 2.087000000000000188e+00 7.339999999999999858e-01
6.000000000000000000e+00 4.736000000000000000e+03 -1.000000000000000000e+00 -1.000000000000000000e+00 -1.000000000000000000e+00 -1.000000000000000000e+00 -1.000000000000000000e+00 1.501130000000000109e+03 3.002898000000000138e+03 6.099999999999999867e-01 1.112000000000000099e+00 2.304499999999999993e+00 7.954999999999999849e-01
6.000000000000000000e+00 4.732000000000000000e+03 -1.000000000000000000e+00 -1.000000000000000000e+00 -1.000000000000000000e+00 -1.000000000000000000e+00 -1.000000000000000000e+00 1.484284000000000106e+03 3.060043000000000120e+03 1.270999999999999908e+00 1.070999999999999952e+00 2.475000000000000089e+00 9.449999999999999512e-01
6.000000000000000000e+00 4.733000000000000000e+03 -1.000000000000000000e+00 -1.000000000000000000e+00 -1.000000000000000000e+00 -1.000000000000000000e+00 -1.000000000000000000e+00 1.456445999999999913e+03 3.058664000000000215e+03 1.294999999999999929e+00 1.096500000000000030e+00 2.448999999999999844e+00 1.092000000000000082e+00
6.000000000000000000e+00 4.734000000000000000e+03 -1.000000000000000000e+00 -1.000000000000000000e+00 -1.000000000000000000e+00 -1.000000000000000000e+00 -1.000000000000000000e+00 1.502490999999999985e+03 3.009186000000000149e+03 7.129999999999999671e-01 9.040000000000000258e-01 2.087000000000000188e+00 7.339999999999999858e-01
7.000000000000000000e+00 4.732000000000000000e+03 -1.000000000000000000e+00 -1.000000000000000000e+00 -1.000000000000000000e+00 -1.000000000000000000e+00 -1.000000000000000000e+00 1.486836000000000013e+03 3.063416999999999916e+03 1.570999999999999952e+00 1.070999999999999952e+00 2.475000000000000089e+00 9.449999999999999512e-01
7.000000000000000000e+00 4.733000000000000000e+03 -1.000000000000000000e+00 -1.000000000000000000e+00 -1.000000000000000000e+00 -1.000000000000000000e+00 -1.000000000000000000e+00 1.453546000000000049e+03 3.063056000000000040e+03 1.298000000000000043e+00 1.096500000000000030e+00 2.448999999999999844e+00 1.092000000000000082e+00
8.000000000000000000e+00 4.732000000000000000e+03 -1.000000000000000000e+00 -1.000000000000000000e+00 -1.000000000000000000e+00 -1.000000000000000000e+00 -1.000000000000000000e+00 1.489671000000000049e+03 3.067025000000000091e+03 1.620999999999999996e+00 1.070999999999999952e+00 2.475000000000000089e+00 9.449999999999999512e-01
8.000000000000000000e+00 4.733000000000000000e+03 -1.000000000000000000e+00 -1.000000000000000000e+00 -1.000000000000000000e+00 -1.000000000000000000e+00 -1.000000000000000000e+00 1.450576999999999998e+03 3.067530999999999949e+03 1.318999999999999950e+00 1.096500000000000030e+00 2.448999999999999844e+00 1.092000000000000082e+00
9.000000000000000000e+00 4.732000000000000000e+03 -1.000000000000000000e+00 -1.000000000000000000e+00 -1.000000000000000000e+00 -1.000000000000000000e+00 -1.000000000000000000e+00 1.492762999999999920e+03 3.070563000000000102e+03 1.770999999999999908e+00 1.070999999999999952e+00 2.475000000000000089e+00 9.449999999999999512e-01
9.000000000000000000e+00 4.733000000000000000e+03 -1.000000000000000000e+00 -1.000000000000000000e+00 -1.000000000000000000e+00 -1.000000000000000000e+00 -1.000000000000000000e+00 1.447605000000000018e+03 3.072010000000000218e+03 1.288999999999999924e+00 1.096500000000000030e+00 2.448999999999999844e+00 1.092000000000000082e+00
1.000000000000000000e+01 4.732000000000000000e+03 -1.000000000000000000e+00 -1.000000000000000000e+00 -1.000000000000000000e+00 -1.000000000000000000e+00 -1.000000000000000000e+00 1.495972999999999956e+03 3.074588999999999942e+03 1.872000000000000108e+00 1.070999999999999952e+00 2.475000000000000089e+00 9.449999999999999512e-01
1.000000000000000000e+01 4.733000000000000000e+03 -1.000000000000000000e+00 -1.000000000000000000e+00 -1.000000000000000000e+00 -1.000000000000000000e+00 -1.000000000000000000e+00 1.444585000000000036e+03 3.076456999999999880e+03 1.284000000000000030e+00 1.096500000000000030e+00 2.448999999999999844e+00 1.092000000000000082e+00
1.100000000000000000e+01 4.732000000000000000e+03 -1.000000000000000000e+00 -1.000000000000000000e+00 -1.000000000000000000e+00 -1.000000000000000000e+00 -1.000000000000000000e+00 1.499472999999999956e+03 3.078626999999999953e+03 2.072000000000000064e+00 1.070999999999999952e+00 2.475000000000000089e+00 9.449999999999999512e-01
1.100000000000000000e+01 4.733000000000000000e+03 -1.000000000000000000e+00 -1.000000000000000000e+00 -1.000000000000000000e+00 -1.000000000000000000e+00 -1.000000000000000000e+00 1.441567000000000007e+03 3.080898000000000138e+03 1.278999999999999915e+00 1.096500000000000030e+00 2.448999999999999844e+00 1.092000000000000082e+00
1.200000000000000000e+01 4.733000000000000000e+03 -1.000000000000000000e+00 -1.000000000000000000e+00 -1.000000000000000000e+00 -1.000000000000000000e+00 -1.000000000000000000e+00 1.438574000000000069e+03 3.085355000000000018e+03 1.457000000000000073e+00 1.096500000000000030e+00 2.448999999999999844e+00 1.092000000000000082e+00
1.300000000000000000e+01 4.733000000000000000e+03 -1.000000000000000000e+00 -1.000000000000000000e+00 -1.000000000000000000e+00 -1.000000000000000000e+00 -1.000000000000000000e+00 1.435583000000000084e+03 3.089807999999999993e+03 1.461000000000000076e+00 1.096500000000000030e+00 2.448999999999999844e+00 1.092000000000000082e+00
1.400000000000000000e+01 4.733000000000000000e+03 -1.000000000000000000e+00 -1.000000000000000000e+00 -1.000000000000000000e+00 -1.000000000000000000e+00 -1.000000000000000000e+00 1.432534000000000106e+03 3.094226000000000113e+03 1.463999999999999968e+00 1.096500000000000030e+00 2.448999999999999844e+00 1.092000000000000082e+00
1.500000000000000000e+01 4.733000000000000000e+03 -1.000000000000000000e+00 -1.000000000000000000e+00 -1.000000000000000000e+00 -1.000000000000000000e+00 -1.000000000000000000e+00 1.429323000000000093e+03 3.098568000000000211e+03 1.459000000000000075e+00 1.096500000000000030e+00 2.448999999999999844e+00 1.092000000000000082e+00
1.600000000000000000e+01 4.733000000000000000e+03 -1.000000000000000000e+00 -1.000000000000000000e+00 -1.000000000000000000e+00 -1.000000000000000000e+00 -1.000000000000000000e+00 1.426118999999999915e+03 3.102900000000000091e+03 1.453999999999999959e+00 1.096500000000000030e+00 2.448999999999999844e+00 1.092000000000000082e+00
1.700000000000000000e+01 4.733000000000000000e+03 -1.000000000000000000e+00 -1.000000000000000000e+00 -1.000000000000000000e+00 -1.000000000000000000e+00 -1.000000000000000000e+00 1.422765000000000100e+03 3.107125000000000000e+03 1.499000000000000110e+00 1.096500000000000030e+00 2.448999999999999844e+00 1.092000000000000082e+00
1.800000000000000000e+01 4.733000000000000000e+03 -1.000000000000000000e+00 -1.000000000000000000e+00 -1.000000000000000000e+00 -1.000000000000000000e+00 -1.000000000000000000e+00 1.419410000000000082e+03 3.111349000000000160e+03 1.544000000000000039e+00 1.096500000000000030e+00 2.448999999999999844e+00 1.092000000000000082e+00
1.900000000000000000e+01 4.733000000000000000e+03 -1.000000000000000000e+00 -1.000000000000000000e+00 -1.000000000000000000e+00 -1.000000000000000000e+00 -1.000000000000000000e+00 1.416056000000000040e+03 3.115574000000000069e+03 1.588999999999999968e+00 1.096500000000000030e+00 2.448999999999999844e+00 1.092000000000000082e+00
2.000000000000000000e+01 4.733000000000000000e+03 -1.000000000000000000e+00 -1.000000000000000000e+00 -1.000000000000000000e+00 -1.000000000000000000e+00 -1.000000000000000000e+00 1.412676999999999907e+03 3.119570000000000164e+03 1.604000000000000092e+00 1.096500000000000030e+00 2.448999999999999844e+00 1.092000000000000082e+00
2.100000000000000000e+01 4.733000000000000000e+03 -1.000000000000000000e+00 -1.000000000000000000e+00 -1.000000000000000000e+00 -1.000000000000000000e+00 -1.000000000000000000e+00 1.409160000000000082e+03 3.123445999999999913e+03 1.618999999999999995e+00 1.096500000000000030e+00 2.448999999999999844e+00 1.092000000000000082e+00
2.200000000000000000e+01 4.733000000000000000e+03 -1.000000000000000000e+00 -1.000000000000000000e+00 -1.000000000000000000e+00 -1.000000000000000000e+00 -1.000000000000000000e+00 1.405510999999999967e+03 3.127197000000000116e+03 1.633999999999999897e+00 1.096500000000000030e+00 2.448999999999999844e+00 1.092000000000000082e+00
2.300000000000000000e+01 4.746000000000000000e+03 -1.000000000000000000e+00 -1.000000000000000000e+00 -1.000000000000000000e+00 -1.000000000000000000e+00 -1.000000000000000000e+00 1.444720000000000027e+03 3.077313999999999851e+03 -5.399999999999999939e-02 1.029500000000000082e+00 2.251500000000000057e+00 8.495000000000000329e-01
2.300000000000000000e+01 4.733000000000000000e+03 -1.000000000000000000e+00 -1.000000000000000000e+00 -1.000000000000000000e+00 -1.000000000000000000e+00 -1.000000000000000000e+00 1.401790999999999940e+03 3.130838999999999942e+03 1.649000000000000021e+00 1.096500000000000030e+00 2.448999999999999844e+00 1.092000000000000082e+00
2.400000000000000000e+01 4.746000000000000000e+03 -1.000000000000000000e+00 -1.000000000000000000e+00 -1.000000000000000000e+00 -1.000000000000000000e+00 -1.000000000000000000e+00 1.440545000000000073e+03 3.083507999999999811e+03 -5.399999999999999939e-02 1.029500000000000082e+00 2.251500000000000057e+00 8.495000000000000329e-01
2.400000000000000000e+01 4.733000000000000000e+03 -1.000000000000000000e+00 -1.000000000000000000e+00 -1.000000000000000000e+00 -1.000000000000000000e+00 -1.000000000000000000e+00 1.397954999999999927e+03 3.134342000000000098e+03 1.663999999999999924e+00 1.096500000000000030e+00 2.448999999999999844e+00 1.092000000000000082e+00
2.500000000000000000e+01 4.746000000000000000e+03 -1.000000000000000000e+00 -1.000000000000000000e+00 -1.000000000000000000e+00 -1.000000000000000000e+00 -1.000000000000000000e+00 1.436413000000000011e+03 3.089856999999999971e+03 -1.150000000000000050e-01 1.029500000000000082e+00 2.251500000000000057e+00 8.495000000000000329e-01
2.500000000000000000e+01 4.733000000000000000e+03 -1.000000000000000000e+00 -1.000000000000000000e+00 -1.000000000000000000e+00 -1.000000000000000000e+00 -1.000000000000000000e+00 1.393936999999999898e+03 3.137432999999999993e+03 1.669000000000000039e+00 1.096500000000000030e+00 2.448999999999999844e+00 1.092000000000000082e+00
2.600000000000000000e+01 4.746000000000000000e+03 -1.000000000000000000e+00 -1.000000000000000000e+00 -1.000000000000000000e+00 -1.000000000000000000e+00 -1.000000000000000000e+00 1.432196999999999889e+03 3.096003999999999905e+03 -2.699999999999999969e-02 1.029500000000000082e+00 2.251500000000000057e+00 8.495000000000000329e-01
2.600000000000000000e+01 4.733000000000000000e+03 -1.000000000000000000e+00 -1.000000000000000000e+00 -1.000000000000000000e+00 -1.000000000000000000e+00 -1.000000000000000000e+00 1.389914999999999964e+03 3.140527000000000044e+03 1.673999999999999932e+00 1.096500000000000030e+00 2.448999999999999844e+00 1.092000000000000082e+00
2.700000000000000000e+01 4.746000000000000000e+03 -1.000000000000000000e+00 -1.000000000000000000e+00 -1.000000000000000000e+00 -1.000000000000000000e+00 -1.000000000000000000e+00 1.428728000000000065e+03 3.101112000000000080e+03 -3.899999999999999994e-02 1.029500000000000082e+00 2.251500000000000057e+00 8.495000000000000329e-01
2.700000000000000000e+01 4.733000000000000000e+03 -1.000000000000000000e+00 -1.000000000000000000e+00 -1.000000000000000000e+00 -1.000000000000000000e+00 -1.000000000000000000e+00 1.385896999999999935e+03 3.143617999999999938e+03 1.679000000000000048e+00 1.096500000000000030e+00 2.448999999999999844e+00 1.092000000000000082e+00
2.800000000000000000e+01 4.747000000000000000e+03 -1.000000000000000000e+00 -1.000000000000000000e+00 -1.000000000000000000e+00 -1.000000000000000000e+00 -1.000000000000000000e+00 1.379294000000000096e+03 3.177434000000000196e+03 3.081999999999999851e+00 1.018499999999999961e+00 2.415000000000000036e+00 9.290000000000000480e-01
2.800000000000000000e+01 4.746000000000000000e+03 -1.000000000000000000e+00 -1.000000000000000000e+00 -1.000000000000000000e+00 -1.000000000000000000e+00 -1.000000000000000000e+00 1.423547000000000025e+03 3.107775000000000091e+03 -1.000000000000000021e-03 1.029500000000000082e+00 2.251500000000000057e+00 8.495000000000000329e-01
2.800000000000000000e+01 4.733000000000000000e+03 -1.000000000000000000e+00 -1.000000000000000000e+00 -1.000000000000000000e+00 -1.000000000000000000e+00 -1.000000000000000000e+00 1.381700000000000045e+03 3.146510999999999967e+03 1.685000000000000053e+00 1.096500000000000030e+00 2.448999999999999844e+00 1.092000000000000082e+00
2.800000000000000000e+01 4.748000000000000000e+03 -1.000000000000000000e+00 -1.000000000000000000e+00 -1.000000000000000000e+00 -1.000000000000000000e+00 -1.000000000000000000e+00 1.363058999999999969e+03 3.169375000000000000e+03 2.407999999999999918e+00 9.875000000000000444e-01 2.383000000000000007e+00 8.305000000000000160e-01
2.900000000000000000e+01 4.747000000000000000e+03 -1.000000000000000000e+00 -1.000000000000000000e+00 -1.000000000000000000e+00 -1.000000000000000000e+00 -1.000000000000000000e+00 1.379384000000000015e+03 3.177356000000000222e+03 2.944999999999999840e+00 1.018499999999999961e+00 2.415000000000000036e+00 9.290000000000000480e-01
2.900000000000000000e+01 4.749000000000000000e+03 -1.000000000000000000e+00 -1.000000000000000000e+00 -1.000000000000000000e+00 -1.000000000000000000e+00 -1.000000000000000000e+00 1.370594000000000051e+03 3.181128000000000156e+03 2.950000000000000178e+00 1.010000000000000009e+00 2.292499999999999982e+00 1.084500000000000020e+00
2.900000000000000000e+01 4.746000000000000000e+03 -1.000000000000000000e+00 -1.000000000000000000e+00 -1.000000000000000000e+00 -1.000000000000000000e+00 -1.000000000000000000e+00 1.419585000000000036e+03 3.112710000000000036e+03 3.699999999999999817e-02 1.029500000000000082e+00 2.251500000000000057e+00 8.495000000000000329e-01
2.900000000000000000e+01 4.733000000000000000e+03 -1.000000000000000000e+00 -1.000000000000000000e+00 -1.000000000000000000e+00 -1.000000000000000000e+00 -1.000000000000000000e+00 1.377501999999999953e+03 3.149402999999999793e+03 1.689999999999999947e+00 1.096500000000000030e+00 2.448999999999999844e+00 1.092000000000000082e+00
2.900000000000000000e+01 4.748000000000000000e+03 -1.000000000000000000e+00 -1.000000000000000000e+00 -1.000000000000000000e+00 -1.000000000000000000e+00 -1.000000000000000000e+00 1.369750999999999976e+03 3.165420000000000073e+03 2.060000000000000053e+00 9.875000000000000444e-01 2.383000000000000007e+00 8.305000000000000160e-01
3.000000000000000000e+01 4.747000000000000000e+03 -1.000000000000000000e+00 -1.000000000000000000e+00 -1.000000000000000000e+00 -1.000000000000000000e+00 -1.000000000000000000e+00 1.379371000000000095e+03 3.177331000000000131e+03 2.750999999999999890e+00 1.018499999999999961e+00 2.415000000000000036e+00 9.290000000000000480e-01
3.000000000000000000e+01 4.749000000000000000e+03 -1.000000000000000000e+00 -1.000000000000000000e+00 -1.000000000000000000e+00 -1.000000000000000000e+00 -1.000000000000000000e+00 1.370594000000000051e+03 3.181128000000000156e+03 2.737999999999999989e+00 1.010000000000000009e+00 2.292499999999999982e+00 1.084500000000000020e+00
3.000000000000000000e+01 4.746000000000000000e+03 -1.000000000000000000e+00 -1.000000000000000000e+00 -1.000000000000000000e+00 -1.000000000000000000e+00 -1.000000000000000000e+00 1.414954999999999927e+03 3.117956999999999880e+03 7.499999999999999722e-02 1.029500000000000082e+00 2.251500000000000057e+00 8.495000000000000329e-01
3.000000000000000000e+01 4.733000000000000000e+03 -1.000000000000000000e+00 -1.000000000000000000e+00 -1.000000000000000000e+00 -1.000000000000000000e+00 -1.000000000000000000e+00 1.373258000000000038e+03 3.152041999999999916e+03 1.695000000000000062e+00 1.096500000000000030e+00 2.448999999999999844e+00 1.092000000000000082e+00
3.000000000000000000e+01 4.750000000000000000e+03 -1.000000000000000000e+00 -1.000000000000000000e+00 -1.000000000000000000e+00 -1.000000000000000000e+00 -1.000000000000000000e+00 1.374984999999999900e+03 3.179416999999999916e+03 2.604999999999999982e+00 1.056499999999999995e+00 2.452999999999999847e+00 1.050499999999999989e+00
3.000000000000000000e+01 4.751000000000000000e+03 -1.000000000000000000e+00 -1.000000000000000000e+00 -1.000000000000000000e+00 -1.000000000000000000e+00 -1.000000000000000000e+00 1.380134000000000015e+03 3.190199999999999818e+03 2.310000000000000053e+00 1.186500000000000110e+00 2.338499999999999801e+00 8.804999999999999494e-01
3.000000000000000000e+01 4.748000000000000000e+03 -1.000000000000000000e+00 -1.000000000000000000e+00 -1.000000000000000000e+00 -1.000000000000000000e+00 -1.000000000000000000e+00 1.376442999999999984e+03 3.161465999999999894e+03 1.687999999999999945e+00 9.875000000000000444e-01 2.383000000000000007e+00 8.305000000000000160e-01
3.100000000000000000e+01 4.749000000000000000e+03 -1.000000000000000000e+00 -1.000000000000000000e+00 -1.000000000000000000e+00 -1.000000000000000000e+00 -1.000000000000000000e+00 1.370594000000000051e+03 3.181128000000000156e+03 2.688000000000000167e+00 1.010000000000000009e+00 2.292499999999999982e+00 1.084500000000000020e+00
3.100000000000000000e+01 4.746000000000000000e+03 -1.000000000000000000e+00 -1.000000000000000000e+00 -1.000000000000000000e+00 -1.000000000000000000e+00 -1.000000000000000000e+00 1.409971000000000004e+03 3.123217000000000098e+03 1.130000000000000032e-01 1.029500000000000082e+00 2.251500000000000057e+00 8.495000000000000329e-01
3.100000000000000000e+01 4.733000000000000000e+03 -1.000000000000000000e+00 -1.000000000000000000e+00 -1.000000000000000000e+00 -1.000000000000000000e+00 -1.000000000000000000e+00 1.368928000000000111e+03 3.154547999999999774e+03 1.699999999999999956e+00 1.096500000000000030e+00 2.448999999999999844e+00 1.092000000000000082e+00
3.100000000000000000e+01 4.748000000000000000e+03 -1.000000000000000000e+00 -1.000000000000000000e+00 -1.000000000000000000e+00 -1.000000000000000000e+00 -1.000000000000000000e+00 1.383161000000000058e+03 3.157115999999999985e+03 1.352000000000000091e+00 9.875000000000000444e-01 2.383000000000000007e+00 8.305000000000000160e-01
3.100000000000000000e+01 4.747000000000000000e+03 -1.000000000000000000e+00 -1.000000000000000000e+00 -1.000000000000000000e+00 -1.000000000000000000e+00 -1.000000000000000000e+00 1.379358506148192646e+03 3.177306512050457513e+03 2.557095419946535664e+00 1.018499999999999961e+00 2.415000000000000036e+00 9.290000000000000480e-01
3.100000000000000000e+01 4.750000000000000000e+03 -1.000000000000000000e+00 -1.000000000000000000e+00 -1.000000000000000000e+00 -1.000000000000000000e+00 -1.000000000000000000e+00 1.374985000000000127e+03 3.179417000000000371e+03 2.455073778309177612e+00 1.056499999999999995e+00 2.452999999999999847e+00 1.050499999999999989e+00
3.100000000000000000e+01 4.751000000000000000e+03 -1.000000000000000000e+00 -1.000000000000000000e+00 -1.000000000000000000e+00 -1.000000000000000000e+00 -1.000000000000000000e+00 1.379994713570270960e+03 3.189909431180087267e+03 1.876812539120592316e+00 1.186500000000000110e+00 2.338499999999999801e+00 8.805000000000000604e-01
3.200000000000000000e+01 4.747000000000000000e+03 -1.000000000000000000e+00 -1.000000000000000000e+00 -1.000000000000000000e+00 -1.000000000000000000e+00 -1.000000000000000000e+00 1.379346000000000004e+03 3.177282000000000153e+03 2.362999999999999989e+00 1.018499999999999961e+00 2.415000000000000036e+00 9.290000000000000480e-01
3.200000000000000000e+01 4.749000000000000000e+03 -1.000000000000000000e+00 -1.000000000000000000e+00 -1.000000000000000000e+00 -1.000000000000000000e+00 -1.000000000000000000e+00 1.370566000000000031e+03 3.181141999999999825e+03 2.487999999999999989e+00 1.010000000000000009e+00 2.292499999999999982e+00 1.084500000000000020e+00
3.200000000000000000e+01 4.746000000000000000e+03 -1.000000000000000000e+00 -1.000000000000000000e+00 -1.000000000000000000e+00 -1.000000000000000000e+00 -1.000000000000000000e+00 1.405263999999999896e+03 3.127782999999999902e+03 1.509999999999999953e-01 1.029500000000000082e+00 2.251500000000000057e+00 8.495000000000000329e-01
3.200000000000000000e+01 4.733000000000000000e+03 -1.000000000000000000e+00 -1.000000000000000000e+00 -1.000000000000000000e+00 -1.000000000000000000e+00 -1.000000000000000000e+00 1.364355999999999995e+03 3.157012999999999920e+03 1.705000000000000071e+00 1.096500000000000030e+00 2.448999999999999844e+00 1.092000000000000082e+00
3.200000000000000000e+01 4.750000000000000000e+03 -1.000000000000000000e+00 -1.000000000000000000e+00 -1.000000000000000000e+00 -1.000000000000000000e+00 -1.000000000000000000e+00 1.374984999999999900e+03 3.179416999999999916e+03 2.305000000000000160e+00 1.056499999999999995e+00 2.452999999999999847e+00 1.050499999999999989e+00
3.200000000000000000e+01 4.748000000000000000e+03 -1.000000000000000000e+00 -1.000000000000000000e+00 -1.000000000000000000e+00 -1.000000000000000000e+00 -1.000000000000000000e+00 1.389844000000000051e+03 3.152610999999999876e+03 9.160000000000000364e-01 9.875000000000000444e-01 2.383000000000000007e+00 8.305000000000000160e-01
3.200000000000000000e+01 4.751000000000000000e+03 -1.000000000000000000e+00 -1.000000000000000000e+00 -1.000000000000000000e+00 -1.000000000000000000e+00 -1.000000000000000000e+00 1.380064358596264810e+03 3.190054719368284168e+03 2.093411902259012081e+00 1.186500000000000110e+00 2.338499999999999801e+00 8.804999999999999494e-01
3.300000000000000000e+01 4.747000000000000000e+03 -1.000000000000000000e+00 -1.000000000000000000e+00 -1.000000000000000000e+00 -1.000000000000000000e+00 -1.000000000000000000e+00 1.379346000000000004e+03 3.177282000000000153e+03 2.112999999999999989e+00 1.018499999999999961e+00 2.415000000000000036e+00 9.290000000000000480e-01
3.300000000000000000e+01 4.749000000000000000e+03 -1.000000000000000000e+00 -1.000000000000000000e+00 -1.000000000000000000e+00 -1.000000000000000000e+00 -1.000000000000000000e+00 1.370566000000000031e+03 3.181141999999999825e+03 2.338000000000000078e+00 1.010000000000000009e+00 2.292499999999999982e+00 1.084500000000000020e+00
3.300000000000000000e+01 4.746000000000000000e+03 -1.000000000000000000e+00 -1.000000000000000000e+00 -1.000000000000000000e+00 -1.000000000000000000e+00 -1.000000000000000000e+00 1.400595000000000027e+03 3.131903999999999996e+03 1.890000000000000013e-01 1.029500000000000082e+00 2.251500000000000057e+00 8.495000000000000329e-01
3.300000000000000000e+01 4.733000000000000000e+03 -1.000000000000000000e+00 -1.000000000000000000e+00 -1.000000000000000000e+00 -1.000000000000000000e+00 -1.000000000000000000e+00 1.359708000000000084e+03 3.159331999999999880e+03 1.709999999999999964e+00 1.096500000000000030e+00 2.448999999999999844e+00 1.092000000000000082e+00
3.300000000000000000e+01 4.752000000000000000e+03 -1.000000000000000000e+00 -1.000000000000000000e+00 -1.000000000000000000e+00 -1.000000000000000000e+00 -1.000000000000000000e+00 1.359894000000000005e+03 3.186003000000000156e+03 2.362999999999999989e+00 1.019500000000000073e+00 2.349000000000000199e+00 8.034999999999999920e-01
3.300000000000000000e+01 4.750000000000000000e+03 -1.000000000000000000e+00 -1.000000000000000000e+00 -1.000000000000000000e+00 -1.000000000000000000e+00 -1.000000000000000000e+00 1.374977000000000089e+03 3.179402999999999793e+03 2.132000000000000117e+00 1.056499999999999995e+00 2.452999999999999847e+00 1.050499999999999989e+00
3.300000000000000000e+01 4.751000000000000000e+03 -1.000000000000000000e+00 -1.000000000000000000e+00 -1.000000000000000000e+00 -1.000000000000000000e+00 -1.000000000000000000e+00 1.379924999999999955e+03 3.189764000000000124e+03 1.659999999999999920e+00 1.186500000000000110e+00 2.338499999999999801e+00 8.804999999999999494e-01
3.300000000000000000e+01 4.748000000000000000e+03 -1.000000000000000000e+00 -1.000000000000000000e+00 -1.000000000000000000e+00 -1.000000000000000000e+00 -1.000000000000000000e+00 1.396425999999999931e+03 3.147784000000000106e+03 6.310000000000000053e-01 9.875000000000000444e-01 2.383000000000000007e+00 8.305000000000000160e-01
3.300000000000000000e+01 4.754000000000000000e+03 -1.000000000000000000e+00 -1.000000000000000000e+00 -1.000000000000000000e+00 -1.000000000000000000e+00 -1.000000000000000000e+00 1.364171000000000049e+03 3.184637999999999920e+03 2.323999999999999844e+00 9.455000000000000071e-01 2.197999999999999954e+00 8.405000000000000249e-01
3.400000000000000000e+01 4.747000000000000000e+03 -1.000000000000000000e+00 -1.000000000000000000e+00 -1.000000000000000000e+00 -1.000000000000000000e+00 -1.000000000000000000e+00 1.379329999999999927e+03 3.177253000000000156e+03 1.913000000000000034e+00 1.018499999999999961e+00 2.415000000000000036e+00 9.290000000000000480e-01
3.400000000000000000e+01 4.749000000000000000e+03 -1.000000000000000000e+00 -1.000000000000000000e+00 -1.000000000000000000e+00 -1.000000000000000000e+00 -1.000000000000000000e+00 1.370566000000000031e+03 3.181141999999999825e+03 2.188000000000000167e+00 1.010000000000000009e+00 2.292499999999999982e+00 1.084500000000000020e+00
3.400000000000000000e+01 4.746000000000000000e+03 -1.000000000000000000e+00 -1.000000000000000000e+00 -1.000000000000000000e+00 -1.000000000000000000e+00 -1.000000000000000000e+00 1.396095000000000027e+03 3.135623000000000047e+03 1.769999999999999907e-01 1.029500000000000082e+00 2.251500000000000057e+00 8.495000000000000329e-01
3.400000000000000000e+01 4.733000000000000000e+03 -1.000000000000000000e+00 -1.000000000000000000e+00 -1.000000000000000000e+00 -1.000000000000000000e+00 -1.000000000000000000e+00 1.354994999999999891e+03 3.161501999999999953e+03 1.715000000000000080e+00 1.096500000000000030e+00 2.448999999999999844e+00 1.092000000000000082e+00
3.400000000000000000e+01 4.750000000000000000e+03 -1.000000000000000000e+00 -1.000000000000000000e+00 -1.000000000000000000e+00 -1.000000000000000000e+00 -1.000000000000000000e+00 1.374970000000000027e+03 3.179389999999999873e+03 1.959000000000000075e+00 1.056499999999999995e+00 2.452999999999999847e+00 1.050499999999999989e+00
3.400000000000000000e+01 4.751000000000000000e+03 -1.000000000000000000e+00 -1.000000000000000000e+00 -1.000000000000000000e+00 -1.000000000000000000e+00 -1.000000000000000000e+00 1.379855999999999995e+03 3.189617999999999938e+03 1.659999999999999920e+00 1.186500000000000110e+00 2.338499999999999801e+00 8.804999999999999494e-01
3.400000000000000000e+01 4.748000000000000000e+03 -1.000000000000000000e+00 -1.000000000000000000e+00 -1.000000000000000000e+00 -1.000000000000000000e+00 -1.000000000000000000e+00 1.402999000000000024e+03 3.142686000000000149e+03 3.200000000000000067e-01 9.875000000000000444e-01 2.383000000000000007e+00 8.305000000000000160e-01
3.400000000000000000e+01 4.754000000000000000e+03 -1.000000000000000000e+00 -1.000000000000000000e+00 -1.000000000000000000e+00 -1.000000000000000000e+00 -1.000000000000000000e+00 1.364171000000000049e+03 3.184637999999999920e+03 2.112999999999999989e+00 9.455000000000000071e-01 2.197999999999999954e+00 8.405000000000000249e-01
3.400000000000000000e+01 4.752000000000000000e+03 -1.000000000000000000e+00 -1.000000000000000000e+00 -1.000000000000000000e+00 -1.000000000000000000e+00 -1.000000000000000000e+00 1.359894000000000005e+03 3.186003000000000156e+03 2.163285878473066415e+00 1.019500000000000073e+00 2.349000000000000199e+00 8.034999999999999920e-01
3.500000000000000000e+01 4.747000000000000000e+03 -1.000000000000000000e+00 -1.000000000000000000e+00 -1.000000000000000000e+00 -1.000000000000000000e+00 -1.000000000000000000e+00 1.379278000000000020e+03 3.177260999999999967e+03 1.838000000000000078e+00 1.018499999999999961e+00 2.415000000000000036e+00 9.290000000000000480e-01
3.500000000000000000e+01 4.749000000000000000e+03 -1.000000000000000000e+00 -1.000000000000000000e+00 -1.000000000000000000e+00 -1.000000000000000000e+00 -1.000000000000000000e+00 1.370566000000000031e+03 3.181141999999999825e+03 1.953999999999999959e+00 1.010000000000000009e+00 2.292499999999999982e+00 1.084500000000000020e+00
3.500000000000000000e+01 4.746000000000000000e+03 -1.000000000000000000e+00 -1.000000000000000000e+00 -1.000000000000000000e+00 -1.000000000000000000e+00 -1.000000000000000000e+00 1.391844000000000051e+03 3.139072999999999865e+03 1.650000000000000078e-01 1.029500000000000082e+00 2.251500000000000057e+00 8.495000000000000329e-01
3.500000000000000000e+01 4.733000000000000000e+03 -1.000000000000000000e+00 -1.000000000000000000e+00 -1.000000000000000000e+00 -1.000000000000000000e+00 -1.000000000000000000e+00 1.350242999999999938e+03 3.163625000000000000e+03 1.719999999999999973e+00 1.096500000000000030e+00 2.448999999999999844e+00 1.092000000000000082e+00
3.500000000000000000e+01 4.752000000000000000e+03 -1.000000000000000000e+00 -1.000000000000000000e+00 -1.000000000000000000e+00 -1.000000000000000000e+00 -1.000000000000000000e+00 1.359894000000000005e+03 3.186003000000000156e+03 1.963999999999999968e+00 1.019500000000000073e+00 2.349000000000000199e+00 8.034999999999999920e-01
3.500000000000000000e+01 4.750000000000000000e+03 -1.000000000000000000e+00 -1.000000000000000000e+00 -1.000000000000000000e+00 -1.000000000000000000e+00 -1.000000000000000000e+00 1.374961999999999989e+03 3.179376000000000204e+03 1.860000000000000098e+00 1.056499999999999995e+00 2.452999999999999847e+00 1.050499999999999989e+00
3.500000000000000000e+01 4.756000000000000000e+03 -1.000000000000000000e+00 -1.000000000000000000e+00 -1.000000000000000000e+00 -1.000000000000000000e+00 -1.000000000000000000e+00 1.351031999999999925e+03 3.190572999999999865e+03 2.201999999999999957e+00 9.675000000000000266e-01 2.289499999999999869e+00 9.509999999999999565e-01
3.500000000000000000e+01 4.748000000000000000e+03 -1.000000000000000000e+00 -1.000000000000000000e+00 -1.000000000000000000e+00 -1.000000000000000000e+00 -1.000000000000000000e+00 1.409369999999999891e+03 3.137681000000000040e+03 1.100000000000000006e-01 9.875000000000000444e-01 2.383000000000000007e+00 8.305000000000000160e-01
3.500000000000000000e+01 4.754000000000000000e+03 -1.000000000000000000e+00 -1.000000000000000000e+00 -1.000000000000000000e+00 -1.000000000000000000e+00 -1.000000000000000000e+00 1.364171000000000049e+03 3.184637999999999920e+03 1.905000000000000027e+00 9.455000000000000071e-01 2.197999999999999954e+00 8.405000000000000249e-01
3.500000000000000000e+01 4.751000000000000000e+03 -1.000000000000000000e+00 -1.000000000000000000e+00 -1.000000000000000000e+00 -1.000000000000000000e+00 -1.000000000000000000e+00 1.379855999999999995e+03 3.189617999999999938e+03 1.460068325225406749e+00 1.186500000000000110e+00 2.338499999999999801e+00 8.805000000000000604e-01
3.600000000000000000e+01 4.747000000000000000e+03 -1.000000000000000000e+00 -1.000000000000000000e+00 -1.000000000000000000e+00 -1.000000000000000000e+00 -1.000000000000000000e+00 1.379226000000000113e+03 3.177269999999999982e+03 1.762999999999999901e+00 1.018499999999999961e+00 2.415000000000000036e+00 9.290000000000000480e-01
3.600000000000000000e+01 4.749000000000000000e+03 -1.000000000000000000e+00 -1.000000000000000000e+00 -1.000000000000000000e+00 -1.000000000000000000e+00 -1.000000000000000000e+00 1.370566000000000031e+03 3.181141999999999825e+03 1.820999999999999952e+00 1.010000000000000009e+00 2.292499999999999982e+00 1.084500000000000020e+00
3.600000000000000000e+01 4.746000000000000000e+03 -1.000000000000000000e+00 -1.000000000000000000e+00 -1.000000000000000000e+00 -1.000000000000000000e+00 -1.000000000000000000e+00 1.387670000000000073e+03 3.142126999999999953e+03 1.529999999999999971e-01 1.029500000000000082e+00 2.251500000000000057e+00 8.495000000000000329e-01
3.600000000000000000e+01 4.733000000000000000e+03 -1.000000000000000000e+00 -1.000000000000000000e+00 -1.000000000000000000e+00 -1.000000000000000000e+00 -1.000000000000000000e+00 1.345496000000000095e+03 3.165746000000000095e+03 1.725000000000000089e+00 1.096500000000000030e+00 2.448999999999999844e+00 1.092000000000000082e+00
3.600000000000000000e+01 4.752000000000000000e+03 -1.000000000000000000e+00 -1.000000000000000000e+00 -1.000000000000000000e+00 -1.000000000000000000e+00 -1.000000000000000000e+00 1.359894000000000005e+03 3.186003000000000156e+03 1.614000000000000101e+00 1.019500000000000073e+00 2.349000000000000199e+00 8.034999999999999920e-01
3.600000000000000000e+01 4.757000000000000000e+03 -1.000000000000000000e+00 -1.000000000000000000e+00 -1.000000000000000000e+00 -1.000000000000000000e+00 -1.000000000000000000e+00 1.366960000000000036e+03 3.204902999999999793e+03 2.103000000000000203e+00 1.083499999999999908e+00 2.236000000000000210e+00 1.000000000000000000e+00
3.600000000000000000e+01 4.750000000000000000e+03 -1.000000000000000000e+00 -1.000000000000000000e+00 -1.000000000000000000e+00 -1.000000000000000000e+00 -1.000000000000000000e+00 1.375055000000000064e+03 3.179367999999999938e+03 1.711999999999999966e+00 1.056499999999999995e+00 2.452999999999999847e+00 1.050499999999999989e+00
3.600000000000000000e+01 4.754000000000000000e+03 -1.000000000000000000e+00 -1.000000000000000000e+00 -1.000000000000000000e+00 -1.000000000000000000e+00 -1.000000000000000000e+00 1.364171000000000049e+03 3.184637999999999920e+03 1.723999999999999977e+00 9.455000000000000071e-01 2.197999999999999954e+00 8.405000000000000249e-01
3.600000000000000000e+01 4.751000000000000000e+03 -1.000000000000000000e+00 -1.000000000000000000e+00 -1.000000000000000000e+00 -1.000000000000000000e+00 -1.000000000000000000e+00 1.379855999999999995e+03 3.189618000000000393e+03 1.560031862885604248e+00 1.186500000000000110e+00 2.338499999999999801e+00 8.804999999999999494e-01
3.600000000000000000e+01 4.756000000000000000e+03 -1.000000000000000000e+00 -1.000000000000000000e+00 -1.000000000000000000e+00 -1.000000000000000000e+00 -1.000000000000000000e+00 1.350974498677205020e+03 3.190598500586630507e+03 1.976994823845717564e+00 9.675000000000000266e-01 2.289499999999999869e+00 9.509999999999999565e-01
3.700000000000000000e+01 4.747000000000000000e+03 -1.000000000000000000e+00 -1.000000000000000000e+00 -1.000000000000000000e+00 -1.000000000000000000e+00 -1.000000000000000000e+00 1.379124000000000024e+03 3.177360999999999876e+03 1.562999999999999945e+00 1.018499999999999961e+00 2.415000000000000036e+00 9.290000000000000480e-01
3.700000000000000000e+01 4.749000000000000000e+03 -1.000000000000000000e+00 -1.000000000000000000e+00 -1.000000000000000000e+00 -1.000000000000000000e+00 -1.000000000000000000e+00 1.370566000000000031e+03 3.181141999999999825e+03 1.687999999999999945e+00 1.010000000000000009e+00 2.292499999999999982e+00 1.084500000000000020e+00
3.700000000000000000e+01 4.746000000000000000e+03 -1.000000000000000000e+00 -1.000000000000000000e+00 -1.000000000000000000e+00 -1.000000000000000000e+00 -1.000000000000000000e+00 1.383450000000000045e+03 3.144949000000000069e+03 9.199999999999999845e-02 1.029500000000000082e+00 2.251500000000000057e+00 8.495000000000000329e-01
3.700000000000000000e+01 4.733000000000000000e+03 -1.000000000000000000e+00 -1.000000000000000000e+00 -1.000000000000000000e+00 -1.000000000000000000e+00 -1.000000000000000000e+00 1.340693999999999960e+03 3.167693999999999960e+03 1.729999999999999982e+00 1.096500000000000030e+00 2.448999999999999844e+00 1.092000000000000082e+00
3.700000000000000000e+01 4.752000000000000000e+03 -1.000000000000000000e+00 -1.000000000000000000e+00 -1.000000000000000000e+00 -1.000000000000000000e+00 -1.000000000000000000e+00 1.359894000000000005e+03 3.186003000000000156e+03 1.463999999999999968e+00 1.019500000000000073e+00 2.349000000000000199e+00 8.034999999999999920e-01
3.700000000000000000e+01 4.757000000000000000e+03 -1.000000000000000000e+00 -1.000000000000000000e+00 -1.000000000000000000e+00 -1.000000000000000000e+00 -1.000000000000000000e+00 1.366960000000000036e+03 3.204902999999999793e+03 1.852999999999999980e+00 1.083499999999999908e+00 2.236000000000000210e+00 1.000000000000000000e+00
3.700000000000000000e+01 4.750000000000000000e+03 -1.000000000000000000e+00 -1.000000000000000000e+00 -1.000000000000000000e+00 -1.000000000000000000e+00 -1.000000000000000000e+00 1.374917999999999893e+03 3.179422000000000025e+03 1.564000000000000057e+00 1.056499999999999995e+00 2.452999999999999847e+00 1.050499999999999989e+00
3.700000000000000000e+01 4.751000000000000000e+03 -1.000000000000000000e+00 -1.000000000000000000e+00 -1.000000000000000000e+00 -1.000000000000000000e+00 -1.000000000000000000e+00 1.379855999999999995e+03 3.189617999999999938e+03 1.360000000000000098e+00 1.186500000000000110e+00 2.338499999999999801e+00 8.804999999999999494e-01
3.700000000000000000e+01 4.756000000000000000e+03 -1.000000000000000000e+00 -1.000000000000000000e+00 -1.000000000000000000e+00 -1.000000000000000000e+00 -1.000000000000000000e+00 1.350916999999999916e+03 3.190623999999999796e+03 1.752000000000000002e+00 9.675000000000000266e-01 2.289499999999999869e+00 9.509999999999999565e-01
3.700000000000000000e+01 4.754000000000000000e+03 -1.000000000000000000e+00 -1.000000000000000000e+00 -1.000000000000000000e+00 -1.000000000000000000e+00 -1.000000000000000000e+00 1.364045000000000073e+03 3.184726999999999862e+03 1.574000000000000066e+00 9.455000000000000071e-01 2.197999999999999954e+00 8.405000000000000249e-01
3.800000000000000000e+01 4.747000000000000000e+03 -1.000000000000000000e+00 -1.000000000000000000e+00 -1.000000000000000000e+00 -1.000000000000000000e+00 -1.000000000000000000e+00 1.379140000000000100e+03 3.177391000000000076e+03 1.413000000000000034e+00 1.018499999999999961e+00 2.415000000000000036e+00 9.290000000000000480e-01
3.800000000000000000e+01 4.749000000000000000e+03 -1.000000000000000000e+00 -1.000000000000000000e+00 -1.000000000000000000e+00 -1.000000000000000000e+00 -1.000000000000000000e+00 1.370566000000000031e+03 3.181141999999999825e+03 1.554999999999999938e+00 1.010000000000000009e+00 2.292499999999999982e+00 1.084500000000000020e+00
3.800000000000000000e+01 4.746000000000000000e+03 -1.000000000000000000e+00 -1.000000000000000000e+00 -1.000000000000000000e+00 -1.000000000000000000e+00 -1.000000000000000000e+00 1.379592000000000098e+03 3.147534000000000106e+03 2.999999999999999889e-02 1.029500000000000082e+00 2.251500000000000057e+00 8.495000000000000329e-01
3.800000000000000000e+01 4.733000000000000000e+03 -1.000000000000000000e+00 -1.000000000000000000e+00 -1.000000000000000000e+00 -1.000000000000000000e+00 -1.000000000000000000e+00 1.335891000000000076e+03 3.169641000000000076e+03 1.735000000000000098e+00 1.096500000000000030e+00 2.448999999999999844e+00 1.092000000000000082e+00
3.800000000000000000e+01 4.752000000000000000e+03 -1.000000000000000000e+00 -1.000000000000000000e+00 -1.000000000000000000e+00 -1.000000000000000000e+00 -1.000000000000000000e+00 1.359228000000000065e+03 3.186333999999999833e+03 1.334999999999999964e+00 1.019500000000000073e+00 2.349000000000000199e+00 8.034999999999999920e-01
3.800000000000000000e+01 4.757000000000000000e+03 -1.000000000000000000e+00 -1.000000000000000000e+00 -1.000000000000000000e+00 -1.000000000000000000e+00 -1.000000000000000000e+00 1.366960000000000036e+03 3.204902999999999793e+03 1.802999999999999936e+00 1.083499999999999908e+00 2.236000000000000210e+00 1.000000000000000000e+00
3.800000000000000000e+01 4.750000000000000000e+03 -1.000000000000000000e+00 -1.000000000000000000e+00 -1.000000000000000000e+00 -1.000000000000000000e+00 -1.000000000000000000e+00 1.374904999999999973e+03 3.179422999999999774e+03 1.356000000000000094e+00 1.056499999999999995e+00 2.452999999999999847e+00 1.050499999999999989e+00
3.800000000000000000e+01 4.756000000000000000e+03 -1.000000000000000000e+00 -1.000000000000000000e+00 -1.000000000000000000e+00 -1.000000000000000000e+00 -1.000000000000000000e+00 1.350916999999999916e+03 3.190623999999999796e+03 1.552999999999999936e+00 9.675000000000000266e-01 2.289499999999999869e+00 9.509999999999999565e-01
3.800000000000000000e+01 4.754000000000000000e+03 -1.000000000000000000e+00 -1.000000000000000000e+00 -1.000000000000000000e+00 -1.000000000000000000e+00 -1.000000000000000000e+00 1.363970000000000027e+03 3.184782000000000153e+03 1.524000000000000021e+00 9.455000000000000071e-01 2.197999999999999954e+00 8.405000000000000249e-01
3.900000000000000000e+01 4.747000000000000000e+03 -1.000000000000000000e+00 -1.000000000000000000e+00 -1.000000000000000000e+00 -1.000000000000000000e+00 -1.000000000000000000e+00 1.379171000000000049e+03 3.177449999999999818e+03 1.290000000000000036e+00 1.018499999999999961e+00 2.415000000000000036e+00 9.290000000000000480e-01
3.900000000000000000e+01 4.749000000000000000e+03 -1.000000000000000000e+00 -1.000000000000000000e+00 -1.000000000000000000e+00 -1.000000000000000000e+00 -1.000000000000000000e+00 1.370566000000000031e+03 3.181141999999999825e+03 1.395999999999999908e+00 1.010000000000000009e+00 2.292499999999999982e+00 1.084500000000000020e+00
3.900000000000000000e+01 4.746000000000000000e+03 -1.000000000000000000e+00 -1.000000000000000000e+00 -1.000000000000000000e+00 -1.000000000000000000e+00 -1.000000000000000000e+00 1.375570999999999913e+03 3.150039999999999964e+03 6.800000000000000488e-02 1.029500000000000082e+00 2.251500000000000057e+00 8.495000000000000329e-01
3.900000000000000000e+01 4.733000000000000000e+03 -1.000000000000000000e+00 -1.000000000000000000e+00 -1.000000000000000000e+00 -1.000000000000000000e+00 -1.000000000000000000e+00 1.331053000000000111e+03 3.171603999999999814e+03 1.715000000000000080e+00 1.096500000000000030e+00 2.448999999999999844e+00 1.092000000000000082e+00
3.900000000000000000e+01 4.752000000000000000e+03 -1.000000000000000000e+00 -1.000000000000000000e+00 -1.000000000000000000e+00 -1.000000000000000000e+00 -1.000000000000000000e+00 1.359460000000000036e+03 3.186219000000000051e+03 1.227000000000000091e+00 1.019500000000000073e+00 2.349000000000000199e+00 8.034999999999999920e-01
3.900000000000000000e+01 4.750000000000000000e+03 -1.000000000000000000e+00 -1.000000000000000000e+00 -1.000000000000000000e+00 -1.000000000000000000e+00 -1.000000000000000000e+00 1.374892000000000053e+03 3.179423999999999978e+03 1.197999999999999954e+00 1.056499999999999995e+00 2.452999999999999847e+00 1.050499999999999989e+00
3.900000000000000000e+01 4.758000000000000000e+03 -1.000000000000000000e+00 -1.000000000000000000e+00 -1.000000000000000000e+00 -1.000000000000000000e+00 -1.000000000000000000e+00 1.315750000000000000e+03 3.196391999999999825e+03 2.130999999999999783e+00 1.016499999999999959e+00 2.326999999999999957e+00 8.275000000000000133e-01
3.900000000000000000e+01 4.756000000000000000e+03 -1.000000000000000000e+00 -1.000000000000000000e+00 -1.000000000000000000e+00 -1.000000000000000000e+00 -1.000000000000000000e+00 1.350916999999999916e+03 3.190623999999999796e+03 1.352999999999999980e+00 9.675000000000000266e-01 2.289499999999999869e+00 9.509999999999999565e-01
3.900000000000000000e+01 4.759000000000000000e+03 -1.000000000000000000e+00 -1.000000000000000000e+00 -1.000000000000000000e+00 -1.000000000000000000e+00 -1.000000000000000000e+00 1.381361000000000104e+03 3.194777000000000044e+03 1.052999999999999936e+00 1.098500000000000032e+00 2.403000000000000025e+00 1.000000000000000000e+00
3.900000000000000000e+01 4.754000000000000000e+03 -1.000000000000000000e+00 -1.000000000000000000e+00 -1.000000000000000000e+00 -1.000000000000000000e+00 -1.000000000000000000e+00 1.364501999999999953e+03 3.184496000000000095e+03 1.223999999999999977e+00 9.455000000000000071e-01 2.197999999999999954e+00 8.405000000000000249e-01
3.900000000000000000e+01 4.757000000000000000e+03 -1.000000000000000000e+00 -1.000000000000000000e+00 -1.000000000000000000e+00 -1.000000000000000000e+00 -1.000000000000000000e+00 1.367015471093432097e+03 3.204876513802234967e+03 1.778013020976518144e+00 1.083499999999999908e+00 2.235999999999999766e+00 1.000000000000000000e+00
4.000000000000000000e+01 4.747000000000000000e+03 -1.000000000000000000e+00 -1.000000000000000000e+00 -1.000000000000000000e+00 -1.000000000000000000e+00 -1.000000000000000000e+00 1.379201999999999998e+03 3.177507999999999811e+03 1.268000000000000016e+00 1.018499999999999961e+00 2.415000000000000036e+00 9.290000000000000480e-01
4.000000000000000000e+01 4.749000000000000000e+03 -1.000000000000000000e+00 -1.000000000000000000e+00 -1.000000000000000000e+00 -1.000000000000000000e+00 -1.000000000000000000e+00 1.370566000000000031e+03 3.181141999999999825e+03 1.237999999999999989e+00 1.010000000000000009e+00 2.292499999999999982e+00 1.084500000000000020e+00
4.000000000000000000e+01 4.746000000000000000e+03 -1.000000000000000000e+00 -1.000000000000000000e+00 -1.000000000000000000e+00 -1.000000000000000000e+00 -1.000000000000000000e+00 1.371607999999999947e+03 3.152369999999999891e+03 5.500000000000000028e-02 1.029500000000000082e+00 2.251500000000000057e+00 8.495000000000000329e-01
4.000000000000000000e+01 4.760000000000000000e+03 -1.000000000000000000e+00 -1.000000000000000000e+00 -1.000000000000000000e+00 -1.000000000000000000e+00 -1.000000000000000000e+00 1.375150000000000091e+03 3.198228999999999814e+03 9.919999999999999929e-01 1.118500000000000050e+00 2.384999999999999787e+00 9.589999999999999636e-01
4.000000000000000000e+01 4.733000000000000000e+03 -1.000000000000000000e+00 -1.000000000000000000e+00 -1.000000000000000000e+00 -1.000000000000000000e+00 -1.000000000000000000e+00 1.326219000000000051e+03 3.173563999999999851e+03 1.695000000000000062e+00 1.096500000000000030e+00 2.448999999999999844e+00 1.092000000000000082e+00
4.000000000000000000e+01 4.752000000000000000e+03 -1.000000000000000000e+00 -1.000000000000000000e+00 -1.000000000000000000e+00 -1.000000000000000000e+00 -1.000000000000000000e+00 1.359691000000000031e+03 3.186103999999999814e+03 1.118999999999999995e+00 1.019500000000000073e+00 2.349000000000000199e+00 8.034999999999999920e-01
4.000000000000000000e+01 4.757000000000000000e+03 -1.000000000000000000e+00 -1.000000000000000000e+00 -1.000000000000000000e+00 -1.000000000000000000e+00 -1.000000000000000000e+00 1.367070999999999913e+03 3.204849999999999909e+03 1.752999999999999892e+00 1.083499999999999908e+00 2.236000000000000210e+00 1.000000000000000000e+00
4.000000000000000000e+01 4.750000000000000000e+03 -1.000000000000000000e+00 -1.000000000000000000e+00 -1.000000000000000000e+00 -1.000000000000000000e+00 -1.000000000000000000e+00 1.374877999999999929e+03 3.179425000000000182e+03 1.304999999999999938e+00 1.056499999999999995e+00 2.452999999999999847e+00 1.050499999999999989e+00
4.000000000000000000e+01 4.761000000000000000e+03 -1.000000000000000000e+00 -1.000000000000000000e+00 -1.000000000000000000e+00 -1.000000000000000000e+00 -1.000000000000000000e+00 1.372135999999999967e+03 3.198411000000000058e+03 9.619999999999999662e-01 1.148500000000000076e+00 2.390000000000000124e+00 1.000000000000000000e+00
4.000000000000000000e+01 4.756000000000000000e+03 -1.000000000000000000e+00 -1.000000000000000000e+00 -1.000000000000000000e+00 -1.000000000000000000e+00 -1.000000000000000000e+00 1.350916999999999916e+03 3.190623999999999796e+03 1.201999999999999957e+00 9.675000000000000266e-01 2.289499999999999869e+00 9.509999999999999565e-01
4.000000000000000000e+01 4.762000000000000000e+03 -1.000000000000000000e+00 -1.000000000000000000e+00 -1.000000000000000000e+00 -1.000000000000000000e+00 -1.000000000000000000e+00 1.357086999999999989e+03 3.199864999999999782e+03 1.500999999999999890e+00 9.785000000000000364e-01 2.276499999999999968e+00 8.974999999999999645e-01
4.000000000000000000e+01 4.754000000000000000e+03 -1.000000000000000000e+00 -1.000000000000000000e+00 -1.000000000000000000e+00 -1.000000000000000000e+00 -1.000000000000000000e+00 1.364195999999999913e+03 3.184693000000000211e+03 1.169999999999999929e+00 9.455000000000000071e-01 2.197999999999999954e+00 8.405000000000000249e-01
