1.600000000000000000e+01 5.197000000000000000e+03 -1.000000000000000000e+00 -1.000000000000000000e+00 -1.000000000000000000e+00 -1.000000000000000000e+00 -1.000000000000000000e+00 9.167980000000000018e+02 5.884500000000000455e+02 2.347999999999999865e+00 1.030999999999999917e+00 8.950000000000000178e-01 1.689500000000000002e+00
1.700000000000000000e+01 5.197000000000000000e+03 -1.000000000000000000e+00 -1.000000000000000000e+00 -1.000000000000000000e+00 -1.000000000000000000e+00 -1.000000000000000000e+00 9.167980000000000018e+02 5.884500000000000455e+02 2.347999999999999865e+00 1.030999999999999917e+00 8.950000000000000178e-01 1.689500000000000002e+00
1.800000000000000000e+01 5.197000000000000000e+03 -1.000000000000000000e+00 -1.000000000000000000e+00 -1.000000000000000000e+00 -1.000000000000000000e+00 -1.000000000000000000e+00 9.167980000000000018e+02 5.884500000000000455e+02 2.347999999999999865e+00 1.030999999999999917e+00 8.950000000000000178e-01 1.689500000000000002e+00
1.900000000000000000e+01 5.197000000000000000e+03 -1.000000000000000000e+00 -1.000000000000000000e+00 -1.000000000000000000e+00 -1.000000000000000000e+00 -1.000000000000000000e+00 9.167980000000000018e+02 5.884500000000000455e+02 2.347999999999999865e+00 1.030999999999999917e+00 8.950000000000000178e-01 1.689500000000000002e+00
2.000000000000000000e+01 5.197000000000000000e+03 -1.000000000000000000e+00 -1.000000000000000000e+00 -1.000000000000000000e+00 -1.000000000000000000e+00 -1.000000000000000000e+00 9.167720000000000482e+02 5.884220000000000255e+02 2.347999999999999865e+00 1.030999999999999917e+00 8.950000000000000178e-01 1.689500000000000002e+00
2.100000000000000000e+01 5.197000000000000000e+03 -1.000000000000000000e+00 -1.000000000000000000e+00 -1.000000000000000000e+00 -1.000000000000000000e+00 -1.000000000000000000e+00 9.167720000000000482e+02 5.884220000000000255e+02 2.347999999999999865e+00 1.030999999999999917e+00 8.950000000000000178e-01 1.689500000000000002e+00
2.200000000000000000e+01 5.197000000000000000e+03 -1.000000000000000000e+00 -1.000000000000000000e+00 -1.000000000000000000e+00 -1.000000000000000000e+00 -1.000000000000000000e+00 9.167720000000000482e+02 5.884220000000000255e+02 2.347999999999999865e+00 1.030999999999999917e+00 8.950000000000000178e-01 1.689500000000000002e+00
2.300000000000000000e+01 5.197000000000000000e+03 -1.000000000000000000e+00 -1.000000000000000000e+00 -1.000000000000000000e+00 -1.000000000000000000e+00 -1.000000000000000000e+00 9.167849999999999682e+02 5.884360000000000355e+02 2.347999999999999865e+00 1.030999999999999917e+00 8.950000000000000178e-01 1.689500000000000002e+00
2.400000000000000000e+01 5.197000000000000000e+03 -1.000000000000000000e+00 -1.000000000000000000e+00 -1.000000000000000000e+00 -1.000000000000000000e+00 -1.000000000000000000e+00 9.167839999999999918e+02 5.884629999999999654e+02 2.398000000000000131e+00 1.030999999999999917e+00 8.950000000000000178e-01 1.689500000000000002e+00
2.500000000000000000e+01 5.197000000000000000e+03 -1.000000000000000000e+00 -1.000000000000000000e+00 -1.000000000000000000e+00 -1.000000000000000000e+00 -1.000000000000000000e+00 9.167839999999999918e+02 5.884629999999999654e+02 2.347999999999999865e+00 1.030999999999999917e+00 8.950000000000000178e-01 1.689500000000000002e+00
2.600000000000000000e+01 5.197000000000000000e+03 -1.000000000000000000e+00 -1.000000000000000000e+00 -1.000000000000000000e+00 -1.000000000000000000e+00 -1.000000000000000000e+00 9.163239999999999554e+02 5.879650000000000318e+02 2.347999999999999865e+00 1.030999999999999917e+00 8.950000000000000178e-01 1.689500000000000002e+00
2.700000000000000000e+01 5.197000000000000000e+03 -1.000000000000000000e+00 -1.000000000000000000e+00 -1.000000000000000000e+00 -1.000000000000000000e+00 -1.000000000000000000e+00 9.162799999999999727e+02 5.880579999999999927e+02 2.347999999999999865e+00 1.030999999999999917e+00 8.950000000000000178e-01 1.689500000000000002e+00
2.800000000000000000e+01 5.197000000000000000e+03 -1.000000000000000000e+00 -1.000000000000000000e+00 -1.000000000000000000e+00 -1.000000000000000000e+00 -1.000000000000000000e+00 9.162670000000000528e+02 5.880439999999999827e+02 2.347999999999999865e+00 1.030999999999999917e+00 8.950000000000000178e-01 1.689500000000000002e+00
2.900000000000000000e+01 5.197000000000000000e+03 -1.000000000000000000e+00 -1.000000000000000000e+00 -1.000000000000000000e+00 -1.000000000000000000e+00 -1.000000000000000000e+00 9.162670000000000528e+02 5.880439999999999827e+02 2.498000000000000220e+00 1.030999999999999917e+00 8.950000000000000178e-01 1.689500000000000002e+00
3.000000000000000000e+01 5.197000000000000000e+03 -1.000000000000000000e+00 -1.000000000000000000e+00 -1.000000000000000000e+00 -1.000000000000000000e+00 -1.000000000000000000e+00 9.162540000000000191e+02 5.880299999999999727e+02 2.597999999999999865e+00 1.030999999999999917e+00 8.950000000000000178e-01 1.689500000000000002e+00
3.100000000000000000e+01 5.197000000000000000e+03 -1.000000000000000000e+00 -1.000000000000000000e+00 -1.000000000000000000e+00 -1.000000000000000000e+00 -1.000000000000000000e+00 9.162409999999999854e+02 5.880159999999999627e+02 2.398000000000000131e+00 1.030999999999999917e+00 8.950000000000000178e-01 1.689500000000000002e+00
3.200000000000000000e+01 5.197000000000000000e+03 -1.000000000000000000e+00 -1.000000000000000000e+00 -1.000000000000000000e+00 -1.000000000000000000e+00 -1.000000000000000000e+00 9.162409999999999854e+02 5.880159999999999627e+02 2.447999999999999954e+00 1.030999999999999917e+00 8.950000000000000178e-01 1.689500000000000002e+00
3.300000000000000000e+01 5.197000000000000000e+03 -1.000000000000000000e+00 -1.000000000000000000e+00 -1.000000000000000000e+00 -1.000000000000000000e+00 -1.000000000000000000e+00 9.162409999999999854e+02 5.880159999999999627e+02 2.447999999999999954e+00 1.030999999999999917e+00 8.950000000000000178e-01 1.689500000000000002e+00
3.400000000000000000e+01 5.212000000000000000e+03 -1.000000000000000000e+00 -1.000000000000000000e+00 -1.000000000000000000e+00 -1.000000000000000000e+00 -1.000000000000000000e+00 8.654320000000000164e+02 5.273419999999999845e+02 1.372999999999999998e+00 1.354000000000000092e+00 3.368500000000000050e+00 1.342500000000000027e+00
3.400000000000000000e+01 5.197000000000000000e+03 -1.000000000000000000e+00 -1.000000000000000000e+00 -1.000000000000000000e+00 -1.000000000000000000e+00 -1.000000000000000000e+00 9.162409999999999854e+02 5.880159999999999627e+02 2.447999999999999954e+00 1.030999999999999917e+00 8.950000000000000178e-01 1.689500000000000002e+00
3.500000000000000000e+01 5.212000000000000000e+03 -1.000000000000000000e+00 -1.000000000000000000e+00 -1.000000000000000000e+00 -1.000000000000000000e+00 -1.000000000000000000e+00 8.654320000000000164e+02 5.273419999999999845e+02 1.336000000000000076e+00 1.354000000000000092e+00 3.368500000000000050e+00 1.342500000000000027e+00
3.500000000000000000e+01 5.197000000000000000e+03 -1.000000000000000000e+00 -1.000000000000000000e+00 -1.000000000000000000e+00 -1.000000000000000000e+00 -1.000000000000000000e+00 9.162409999999999854e+02 5.880159999999999627e+02 2.447999999999999954e+00 1.030999999999999917e+00 8.950000000000000178e-01 1.689500000000000002e+00
3.600000000000000000e+01 5.212000000000000000e+03 -1.000000000000000000e+00 -1.000000000000000000e+00 -1.000000000000000000e+00 -1.000000000000000000e+00 -1.000000000000000000e+00 8.654320000000000164e+02 5.273419999999999845e+02 1.290000000000000036e+00 1.354000000000000092e+00 3.368500000000000050e+00 1.342500000000000027e+00
3.600000000000000000e+01 5.197000000000000000e+03 -1.000000000000000000e+00 -1.000000000000000000e+00 -1.000000000000000000e+00 -1.000000000000000000e+00 -1.000000000000000000e+00 9.162409999999999854e+02 5.880159999999999627e+02 2.447999999999999954e+00 1.030999999999999917e+00 8.950000000000000178e-01 1.689500000000000002e+00
3.700000000000000000e+01 5.212000000000000000e+03 -1.000000000000000000e+00 -1.000000000000000000e+00 -1.000000000000000000e+00 -1.000000000000000000e+00 -1.000000000000000000e+00 8.654320000000000164e+02 5.273419999999999845e+02 1.314999999999999947e+00 1.354000000000000092e+00 3.368500000000000050e+00 1.342500000000000027e+00
3.800000000000000000e+01 5.212000000000000000e+03 -1.000000000000000000e+00 -1.000000000000000000e+00 -1.000000000000000000e+00 -1.000000000000000000e+00 -1.000000000000000000e+00 8.654320000000000164e+02 5.273419999999999845e+02 1.340000000000000080e+00 1.354000000000000092e+00 3.368500000000000050e+00 1.342500000000000027e+00
3.900000000000000000e+01 5.212000000000000000e+03 -1.000000000000000000e+00 -1.000000000000000000e+00 -1.000000000000000000e+00 -1.000000000000000000e+00 -1.000000000000000000e+00 8.654320000000000164e+02 5.273419999999999845e+02 1.415000000000000036e+00 1.354000000000000092e+00 3.368500000000000050e+00 1.342500000000000027e+00
4.000000000000000000e+01 5.212000000000000000e+03 -1.000000000000000000e+00 -1.000000000000000000e+00 -1.000000000000000000e+00 -1.000000000000000000e+00 -1.000000000000000000e+00 8.654320000000000164e+02 5.273419999999999845e+02 1.489999999999999991e+00 1.354000000000000092e+00 3.368500000000000050e+00 1.342500000000000027e+00
