1.000000000000000000e+00 3.852000000000000000e+03 -1.000000000000000000e+00 -1.000000000000000000e+00 -1.000000000000000000e+00 -1.000000000000000000e+00 -1.000000000000000000e+00 2.374485999999999876e+03 1.019994000000000028e+03 1.719999999999999973e+00 1.264000000000000012e+00 7.134000000000000341e+00 1.800999999999999934e+00
2.000000000000000000e+00 3.852000000000000000e+03 -1.000000000000000000e+00 -1.000000000000000000e+00 -1.000000000000000000e+00 -1.000000000000000000e+00 -1.000000000000000000e+00 2.374530999999999949e+03 1.019994000000000028e+03 1.796000000000000041e+00 1.264000000000000012e+00 7.134000000000000341e+00 1.800999999999999934e+00
3.000000000000000000e+00 3.852000000000000000e+03 -1.000000000000000000e+00 -1.000000000000000000e+00 -1.000000000000000000e+00 -1.000000000000000000e+00 -1.000000000000000000e+00 2.374568000000000211e+03 1.019995000000000005e+03 1.858999999999999986e+00 1.264000000000000012e+00 7.134000000000000341e+00 1.800999999999999934e+00
4.000000000000000000e+00 3.852000000000000000e+03 -1.000000000000000000e+00 -1.000000000000000000e+00 -1.000000000000000000e+00 -1.000000000000000000e+00 -1.000000000000000000e+00 2.374606000000000222e+03 1.019995999999999981e+03 1.921999999999999931e+00 1.264000000000000012e+00 7.134000000000000341e+00 1.800999999999999934e+00
5.000000000000000000e+00 3.852000000000000000e+03 -1.000000000000000000e+00 -1.000000000000000000e+00 -1.000000000000000000e+00 -1.000000000000000000e+00 -1.000000000000000000e+00 2.374643000000000029e+03 1.019995999999999981e+03 1.985000000000000098e+00 1.264000000000000012e+00 7.134000000000000341e+00 1.800999999999999934e+00
6.000000000000000000e+00 3.852000000000000000e+03 -1.000000000000000000e+00 -1.000000000000000000e+00 -1.000000000000000000e+00 -1.000000000000000000e+00 -1.000000000000000000e+00 2.374679999999999836e+03 1.019996999999999957e+03 2.048000000000000043e+00 1.264000000000000012e+00 7.134000000000000341e+00 1.800999999999999934e+00
7.000000000000000000e+00 3.852000000000000000e+03 -1.000000000000000000e+00 -1.000000000000000000e+00 -1.000000000000000000e+00 -1.000000000000000000e+00 -1.000000000000000000e+00 2.374661999999999807e+03 1.019956999999999994e+03 2.071000000000000174e+00 1.264000000000000012e+00 7.134000000000000341e+00 1.800999999999999934e+00
8.000000000000000000e+00 3.852000000000000000e+03 -1.000000000000000000e+00 -1.000000000000000000e+00 -1.000000000000000000e+00 -1.000000000000000000e+00 -1.000000000000000000e+00 2.374646999999999935e+03 1.019923999999999978e+03 2.091000000000000192e+00 1.264000000000000012e+00 7.134000000000000341e+00 1.800999999999999934e+00
9.000000000000000000e+00 3.852000000000000000e+03 -1.000000000000000000e+00 -1.000000000000000000e+00 -1.000000000000000000e+00 -1.000000000000000000e+00 -1.000000000000000000e+00 2.374632000000000062e+03 1.019890999999999963e+03 2.111000000000000210e+00 1.264000000000000012e+00 7.134000000000000341e+00 1.800999999999999934e+00
1.000000000000000000e+01 3.852000000000000000e+03 -1.000000000000000000e+00 -1.000000000000000000e+00 -1.000000000000000000e+00 -1.000000000000000000e+00 -1.000000000000000000e+00 2.374617000000000189e+03 1.019857999999999947e+03 2.130999999999999783e+00 1.264000000000000012e+00 7.134000000000000341e+00 1.800999999999999934e+00
1.100000000000000000e+01 3.852000000000000000e+03 -1.000000000000000000e+00 -1.000000000000000000e+00 -1.000000000000000000e+00 -1.000000000000000000e+00 -1.000000000000000000e+00 2.374601999999999862e+03 1.019823999999999955e+03 2.149999999999999911e+00 1.264000000000000012e+00 7.134000000000000341e+00 1.800999999999999934e+00
1.200000000000000000e+01 3.852000000000000000e+03 -1.000000000000000000e+00 -1.000000000000000000e+00 -1.000000000000000000e+00 -1.000000000000000000e+00 -1.000000000000000000e+00 2.374586999999999989e+03 1.019791000000000054e+03 2.169999999999999929e+00 1.264000000000000012e+00 7.134000000000000341e+00 1.800999999999999934e+00
1.300000000000000000e+01 3.852000000000000000e+03 -1.000000000000000000e+00 -1.000000000000000000e+00 -1.000000000000000000e+00 -1.000000000000000000e+00 -1.000000000000000000e+00 2.374550999999999931e+03 1.019778000000000020e+03 2.150999999999999801e+00 1.264000000000000012e+00 7.134000000000000341e+00 1.800999999999999934e+00
1.400000000000000000e+01 3.852000000000000000e+03 -1.000000000000000000e+00 -1.000000000000000000e+00 -1.000000000000000000e+00 -1.000000000000000000e+00 -1.000000000000000000e+00 2.374510999999999967e+03 1.019763000000000034e+03 2.130999999999999783e+00 1.264000000000000012e+00 7.134000000000000341e+00 1.800999999999999934e+00
1.500000000000000000e+01 3.852000000000000000e+03 -1.000000000000000000e+00 -1.000000000000000000e+00 -1.000000000000000000e+00 -1.000000000000000000e+00 -1.000000000000000000e+00 2.374478000000000065e+03 1.019751999999999953e+03 2.113999999999999879e+00 1.264000000000000012e+00 7.134000000000000341e+00 1.800999999999999934e+00
1.600000000000000000e+01 3.852000000000000000e+03 -1.000000000000000000e+00 -1.000000000000000000e+00 -1.000000000000000000e+00 -1.000000000000000000e+00 -1.000000000000000000e+00 2.374442000000000007e+03 1.019738000000000056e+03 2.095000000000000195e+00 1.264000000000000012e+00 7.134000000000000341e+00 1.800999999999999934e+00
1.700000000000000000e+01 3.852000000000000000e+03 -1.000000000000000000e+00 -1.000000000000000000e+00 -1.000000000000000000e+00 -1.000000000000000000e+00 -1.000000000000000000e+00 2.374405999999999949e+03 1.019725000000000023e+03 2.076999999999999957e+00 1.264000000000000012e+00 7.134000000000000341e+00 1.800999999999999934e+00
1.800000000000000000e+01 3.852000000000000000e+03 -1.000000000000000000e+00 -1.000000000000000000e+00 -1.000000000000000000e+00 -1.000000000000000000e+00 -1.000000000000000000e+00 2.374369000000000142e+03 1.019711999999999989e+03 2.057999999999999829e+00 1.264000000000000012e+00 7.134000000000000341e+00 1.800999999999999934e+00
1.900000000000000000e+01 3.852000000000000000e+03 -1.000000000000000000e+00 -1.000000000000000000e+00 -1.000000000000000000e+00 -1.000000000000000000e+00 -1.000000000000000000e+00 2.374333000000000084e+03 1.019698999999999955e+03 2.039000000000000146e+00 1.264000000000000012e+00 7.134000000000000341e+00 1.800999999999999934e+00
2.000000000000000000e+01 3.852000000000000000e+03 -1.000000000000000000e+00 -1.000000000000000000e+00 -1.000000000000000000e+00 -1.000000000000000000e+00 -1.000000000000000000e+00 2.374297000000000025e+03 1.019686000000000035e+03 2.020000000000000018e+00 1.264000000000000012e+00 7.134000000000000341e+00 1.800999999999999934e+00
