5.000000000000000000e+00 2.549000000000000000e+03 -1.000000000000000000e+00 -1.000000000000000000e+00 -1.000000000000000000e+00 -1.000000000000000000e+00 -1.000000000000000000e+00 3.974019999999999868e+02 1.127009999999999991e+03 5.809999999999999609e-01 1.137499999999999956e+00 2.634999999999999787e+00 1.077499999999999902e+00
6.000000000000000000e+00 2.549000000000000000e+03 -1.000000000000000000e+00 -1.000000000000000000e+00 -1.000000000000000000e+00 -1.000000000000000000e+00 -1.000000000000000000e+00 3.974110000000000014e+02 1.125192000000000007e+03 5.809999999999999609e-01 1.137499999999999956e+00 2.634999999999999787e+00 1.077499999999999902e+00
7.000000000000000000e+00 2.549000000000000000e+03 -1.000000000000000000e+00 -1.000000000000000000e+00 -1.000000000000000000e+00 -1.000000000000000000e+00 -1.000000000000000000e+00 3.978029999999999973e+02 1.123502999999999929e+03 5.809999999999999609e-01 1.137499999999999956e+00 2.634999999999999787e+00 1.077499999999999902e+00
8.000000000000000000e+00 2.549000000000000000e+03 -1.000000000000000000e+00 -1.000000000000000000e+00 -1.000000000000000000e+00 -1.000000000000000000e+00 -1.000000000000000000e+00 3.981059999999999945e+02 1.122314000000000078e+03 5.809999999999999609e-01 1.137499999999999956e+00 2.634999999999999787e+00 1.077499999999999902e+00
9.000000000000000000e+00 2.549000000000000000e+03 -1.000000000000000000e+00 -1.000000000000000000e+00 -1.000000000000000000e+00 -1.000000000000000000e+00 -1.000000000000000000e+00 3.984889999999999759e+02 1.121103000000000065e+03 5.809999999999999609e-01 1.137499999999999956e+00 2.634999999999999787e+00 1.077499999999999902e+00
1.000000000000000000e+01 2.549000000000000000e+03 -1.000000000000000000e+00 -1.000000000000000000e+00 -1.000000000000000000e+00 -1.000000000000000000e+00 -1.000000000000000000e+00 3.987119999999999891e+02 1.120522999999999911e+03 5.809999999999999609e-01 1.137499999999999956e+00 2.634999999999999787e+00 1.077499999999999902e+00
1.100000000000000000e+01 2.549000000000000000e+03 -1.000000000000000000e+00 -1.000000000000000000e+00 -1.000000000000000000e+00 -1.000000000000000000e+00 -1.000000000000000000e+00 3.989429999999999836e+02 1.119909000000000106e+03 5.809999999999999609e-01 1.137499999999999956e+00 2.634999999999999787e+00 1.077499999999999902e+00
1.200000000000000000e+01 2.549000000000000000e+03 -1.000000000000000000e+00 -1.000000000000000000e+00 -1.000000000000000000e+00 -1.000000000000000000e+00 -1.000000000000000000e+00 3.991659999999999968e+02 1.119328999999999951e+03 5.809999999999999609e-01 1.137499999999999956e+00 2.634999999999999787e+00 1.077499999999999902e+00
1.300000000000000000e+01 2.549000000000000000e+03 -1.000000000000000000e+00 -1.000000000000000000e+00 -1.000000000000000000e+00 -1.000000000000000000e+00 -1.000000000000000000e+00 3.992900000000000205e+02 1.119136999999999944e+03 5.809999999999999609e-01 1.137499999999999956e+00 2.634999999999999787e+00 1.077499999999999902e+00
1.400000000000000000e+01 2.549000000000000000e+03 -1.000000000000000000e+00 -1.000000000000000000e+00 -1.000000000000000000e+00 -1.000000000000000000e+00 -1.000000000000000000e+00 3.993340000000000032e+02 1.119109999999999900e+03 5.809999999999999609e-01 1.137499999999999956e+00 2.634999999999999787e+00 1.077499999999999902e+00
1.500000000000000000e+01 2.549000000000000000e+03 -1.000000000000000000e+00 -1.000000000000000000e+00 -1.000000000000000000e+00 -1.000000000000000000e+00 -1.000000000000000000e+00 3.994830000000000041e+02 1.119020999999999958e+03 6.310000000000000053e-01 1.137499999999999956e+00 2.634999999999999787e+00 1.077499999999999902e+00
1.600000000000000000e+01 2.549000000000000000e+03 -1.000000000000000000e+00 -1.000000000000000000e+00 -1.000000000000000000e+00 -1.000000000000000000e+00 -1.000000000000000000e+00 3.997239999999999895e+02 1.118617999999999938e+03 6.810000000000000497e-01 1.137499999999999956e+00 2.634999999999999787e+00 1.077499999999999902e+00
1.700000000000000000e+01 2.549000000000000000e+03 -1.000000000000000000e+00 -1.000000000000000000e+00 -1.000000000000000000e+00 -1.000000000000000000e+00 -1.000000000000000000e+00 4.000299999999999727e+02 1.117671000000000049e+03 7.309999999999999831e-01 1.137499999999999956e+00 2.634999999999999787e+00 1.077499999999999902e+00
1.800000000000000000e+01 2.549000000000000000e+03 -1.000000000000000000e+00 -1.000000000000000000e+00 -1.000000000000000000e+00 -1.000000000000000000e+00 -1.000000000000000000e+00 4.008460000000000036e+02 1.116414999999999964e+03 7.810000000000000275e-01 1.137499999999999956e+00 2.634999999999999787e+00 1.077499999999999902e+00
1.900000000000000000e+01 2.549000000000000000e+03 -1.000000000000000000e+00 -1.000000000000000000e+00 -1.000000000000000000e+00 -1.000000000000000000e+00 -1.000000000000000000e+00 4.018960000000000150e+02 1.115034000000000106e+03 7.810000000000000275e-01 1.137499999999999956e+00 2.634999999999999787e+00 1.077499999999999902e+00
2.000000000000000000e+01 2.549000000000000000e+03 -1.000000000000000000e+00 -1.000000000000000000e+00 -1.000000000000000000e+00 -1.000000000000000000e+00 -1.000000000000000000e+00 4.029080000000000155e+02 1.113673999999999978e+03 7.810000000000000275e-01 1.137499999999999956e+00 2.634999999999999787e+00 1.077499999999999902e+00
2.100000000000000000e+01 2.549000000000000000e+03 -1.000000000000000000e+00 -1.000000000000000000e+00 -1.000000000000000000e+00 -1.000000000000000000e+00 -1.000000000000000000e+00 4.040950000000000273e+02 1.112328999999999951e+03 7.810000000000000275e-01 1.137499999999999956e+00 2.634999999999999787e+00 1.077499999999999902e+00
2.200000000000000000e+01 2.549000000000000000e+03 -1.000000000000000000e+00 -1.000000000000000000e+00 -1.000000000000000000e+00 -1.000000000000000000e+00 -1.000000000000000000e+00 4.053740000000000236e+02 1.111070999999999913e+03 7.810000000000000275e-01 1.137499999999999956e+00 2.634999999999999787e+00 1.077499999999999902e+00
2.300000000000000000e+01 2.549000000000000000e+03 -1.000000000000000000e+00 -1.000000000000000000e+00 -1.000000000000000000e+00 -1.000000000000000000e+00 -1.000000000000000000e+00 4.067909999999999968e+02 1.109587999999999965e+03 7.810000000000000275e-01 1.137499999999999956e+00 2.634999999999999787e+00 1.077499999999999902e+00
2.400000000000000000e+01 2.549000000000000000e+03 -1.000000000000000000e+00 -1.000000000000000000e+00 -1.000000000000000000e+00 -1.000000000000000000e+00 -1.000000000000000000e+00 4.086179999999999950e+02 1.107921000000000049e+03 7.810000000000000275e-01 1.137499999999999956e+00 2.634999999999999787e+00 1.077499999999999902e+00
2.500000000000000000e+01 2.549000000000000000e+03 -1.000000000000000000e+00 -1.000000000000000000e+00 -1.000000000000000000e+00 -1.000000000000000000e+00 -1.000000000000000000e+00 4.106610000000000014e+02 1.106262999999999920e+03 7.810000000000000275e-01 1.137499999999999956e+00 2.634999999999999787e+00 1.077499999999999902e+00
2.600000000000000000e+01 2.549000000000000000e+03 -1.000000000000000000e+00 -1.000000000000000000e+00 -1.000000000000000000e+00 -1.000000000000000000e+00 -1.000000000000000000e+00 4.129209999999999923e+02 1.104633000000000038e+03 7.810000000000000275e-01 1.137499999999999956e+00 2.634999999999999787e+00 1.077499999999999902e+00
2.700000000000000000e+01 2.549000000000000000e+03 -1.000000000000000000e+00 -1.000000000000000000e+00 -1.000000000000000000e+00 -1.000000000000000000e+00 -1.000000000000000000e+00 4.153100000000000023e+02 1.103367999999999938e+03 7.810000000000000275e-01 1.137499999999999956e+00 2.634999999999999787e+00 1.077499999999999902e+00
