1.000000000000000000e+00 5.045000000000000000e+03 -1.000000000000000000e+00 -1.000000000000000000e+00 -1.000000000000000000e+00 -1.000000000000000000e+00 -1.000000000000000000e+00 1.330278000000000020e+03 1.094006000000000085e+03 1.737000000000000099e+00 4.189999999999999836e-01 1.235999999999999988e+00 1.500999999999999890e+00
2.000000000000000000e+00 5.045000000000000000e+03 -1.000000000000000000e+00 -1.000000000000000000e+00 -1.000000000000000000e+00 -1.000000000000000000e+00 -1.000000000000000000e+00 1.330297000000000025e+03 1.094026000000000067e+03 1.786999999999999922e+00 4.189999999999999836e-01 1.235999999999999988e+00 1.500999999999999890e+00
3.000000000000000000e+00 5.045000000000000000e+03 -1.000000000000000000e+00 -1.000000000000000000e+00 -1.000000000000000000e+00 -1.000000000000000000e+00 -1.000000000000000000e+00 1.330315000000000055e+03 1.094046000000000049e+03 1.836999999999999966e+00 4.189999999999999836e-01 1.235999999999999988e+00 1.500999999999999890e+00
4.000000000000000000e+00 5.045000000000000000e+03 -1.000000000000000000e+00 -1.000000000000000000e+00 -1.000000000000000000e+00 -1.000000000000000000e+00 -1.000000000000000000e+00 1.330334000000000060e+03 1.094066000000000031e+03 1.887000000000000011e+00 4.189999999999999836e-01 1.235999999999999988e+00 1.500999999999999890e+00
5.000000000000000000e+00 5.045000000000000000e+03 -1.000000000000000000e+00 -1.000000000000000000e+00 -1.000000000000000000e+00 -1.000000000000000000e+00 -1.000000000000000000e+00 1.330352000000000089e+03 1.094086000000000013e+03 1.937000000000000055e+00 4.189999999999999836e-01 1.235999999999999988e+00 1.500999999999999890e+00
6.000000000000000000e+00 5.045000000000000000e+03 -1.000000000000000000e+00 -1.000000000000000000e+00 -1.000000000000000000e+00 -1.000000000000000000e+00 -1.000000000000000000e+00 1.330375999999999976e+03 1.094111000000000104e+03 1.937000000000000055e+00 4.189999999999999836e-01 1.235999999999999988e+00 1.500999999999999890e+00
7.000000000000000000e+00 5.045000000000000000e+03 -1.000000000000000000e+00 -1.000000000000000000e+00 -1.000000000000000000e+00 -1.000000000000000000e+00 -1.000000000000000000e+00 1.330403000000000020e+03 1.094141000000000076e+03 1.937000000000000055e+00 4.189999999999999836e-01 1.235999999999999988e+00 1.500999999999999890e+00
8.000000000000000000e+00 5.045000000000000000e+03 -1.000000000000000000e+00 -1.000000000000000000e+00 -1.000000000000000000e+00 -1.000000000000000000e+00 -1.000000000000000000e+00 1.330426999999999907e+03 1.094165999999999940e+03 1.937000000000000055e+00 4.189999999999999836e-01 1.235999999999999988e+00 1.500999999999999890e+00
9.000000000000000000e+00 5.045000000000000000e+03 -1.000000000000000000e+00 -1.000000000000000000e+00 -1.000000000000000000e+00 -1.000000000000000000e+00 -1.000000000000000000e+00 1.330538000000000011e+03 1.094287000000000035e+03 2.237000000000000099e+00 4.189999999999999836e-01 1.235999999999999988e+00 1.500999999999999890e+00
1.000000000000000000e+01 5.045000000000000000e+03 -1.000000000000000000e+00 -1.000000000000000000e+00 -1.000000000000000000e+00 -1.000000000000000000e+00 -1.000000000000000000e+00 1.330650000000000091e+03 1.094406999999999925e+03 2.286999999999999922e+00 4.189999999999999836e-01 1.235999999999999988e+00 1.500999999999999890e+00
1.100000000000000000e+01 5.045000000000000000e+03 -1.000000000000000000e+00 -1.000000000000000000e+00 -1.000000000000000000e+00 -1.000000000000000000e+00 -1.000000000000000000e+00 1.330650000000000091e+03 1.094406999999999925e+03 2.387000000000000011e+00 4.189999999999999836e-01 1.235999999999999988e+00 1.500999999999999890e+00
1.200000000000000000e+01 5.045000000000000000e+03 -1.000000000000000000e+00 -1.000000000000000000e+00 -1.000000000000000000e+00 -1.000000000000000000e+00 -1.000000000000000000e+00 1.330650000000000091e+03 1.094406999999999925e+03 2.487000000000000099e+00 4.189999999999999836e-01 1.235999999999999988e+00 1.500999999999999890e+00
1.300000000000000000e+01 5.045000000000000000e+03 -1.000000000000000000e+00 -1.000000000000000000e+00 -1.000000000000000000e+00 -1.000000000000000000e+00 -1.000000000000000000e+00 1.330650000000000091e+03 1.094406999999999925e+03 2.536999999999999922e+00 4.189999999999999836e-01 1.235999999999999988e+00 1.500999999999999890e+00
1.400000000000000000e+01 5.045000000000000000e+03 -1.000000000000000000e+00 -1.000000000000000000e+00 -1.000000000000000000e+00 -1.000000000000000000e+00 -1.000000000000000000e+00 1.330650000000000091e+03 1.094406999999999925e+03 2.637000000000000011e+00 4.189999999999999836e-01 1.235999999999999988e+00 1.500999999999999890e+00
1.500000000000000000e+01 5.045000000000000000e+03 -1.000000000000000000e+00 -1.000000000000000000e+00 -1.000000000000000000e+00 -1.000000000000000000e+00 -1.000000000000000000e+00 1.330650000000000091e+03 1.094406999999999925e+03 2.809000000000000163e+00 4.189999999999999836e-01 1.235999999999999988e+00 1.500999999999999890e+00
1.600000000000000000e+01 5.045000000000000000e+03 -1.000000000000000000e+00 -1.000000000000000000e+00 -1.000000000000000000e+00 -1.000000000000000000e+00 -1.000000000000000000e+00 1.330650000000000091e+03 1.094406999999999925e+03 2.946000000000000174e+00 4.189999999999999836e-01 1.235999999999999988e+00 1.500999999999999890e+00
1.700000000000000000e+01 5.045000000000000000e+03 -1.000000000000000000e+00 -1.000000000000000000e+00 -1.000000000000000000e+00 -1.000000000000000000e+00 -1.000000000000000000e+00 1.330650000000000091e+03 1.094406999999999925e+03 3.116999999999999993e+00 4.189999999999999836e-01 1.235999999999999988e+00 1.500999999999999890e+00
1.800000000000000000e+01 5.064000000000000000e+03 -1.000000000000000000e+00 -1.000000000000000000e+00 -1.000000000000000000e+00 -1.000000000000000000e+00 -1.000000000000000000e+00 1.329280999999999949e+03 1.032386999999999944e+03 1.022000000000000020e+00 1.955999999999999961e+00 6.331000000000000405e+00 2.313499999999999890e+00
1.800000000000000000e+01 5.045000000000000000e+03 -1.000000000000000000e+00 -1.000000000000000000e+00 -1.000000000000000000e+00 -1.000000000000000000e+00 -1.000000000000000000e+00 1.330650000000000091e+03 1.094406999999999925e+03 3.217000000000000082e+00 4.189999999999999836e-01 1.235999999999999988e+00 1.500999999999999890e+00
1.900000000000000000e+01 5.064000000000000000e+03 -1.000000000000000000e+00 -1.000000000000000000e+00 -1.000000000000000000e+00 -1.000000000000000000e+00 -1.000000000000000000e+00 1.327459000000000060e+03 1.034884000000000015e+03 1.245000000000000107e+00 1.955999999999999961e+00 6.331000000000000405e+00 2.313499999999999890e+00
1.900000000000000000e+01 5.045000000000000000e+03 -1.000000000000000000e+00 -1.000000000000000000e+00 -1.000000000000000000e+00 -1.000000000000000000e+00 -1.000000000000000000e+00 1.330650000000000091e+03 1.094406999999999925e+03 3.357000000000000206e+00 4.189999999999999836e-01 1.235999999999999988e+00 1.500999999999999890e+00
2.000000000000000000e+01 5.064000000000000000e+03 -1.000000000000000000e+00 -1.000000000000000000e+00 -1.000000000000000000e+00 -1.000000000000000000e+00 -1.000000000000000000e+00 1.325874000000000024e+03 1.037207000000000107e+03 1.447000000000000064e+00 1.955999999999999961e+00 6.331000000000000405e+00 2.313499999999999890e+00
2.000000000000000000e+01 5.067000000000000000e+03 -1.000000000000000000e+00 -1.000000000000000000e+00 -1.000000000000000000e+00 -1.000000000000000000e+00 -1.000000000000000000e+00 1.324061999999999898e+03 1.025934999999999945e+03 1.766000000000000014e+00 1.732499999999999929e+00 6.891499999999999737e+00 1.882500000000000062e+00
2.100000000000000000e+01 5.064000000000000000e+03 -1.000000000000000000e+00 -1.000000000000000000e+00 -1.000000000000000000e+00 -1.000000000000000000e+00 -1.000000000000000000e+00 1.324355999999999995e+03 1.039838999999999942e+03 1.721999999999999975e+00 1.955999999999999961e+00 6.331000000000000405e+00 2.313499999999999890e+00
2.100000000000000000e+01 5.067000000000000000e+03 -1.000000000000000000e+00 -1.000000000000000000e+00 -1.000000000000000000e+00 -1.000000000000000000e+00 -1.000000000000000000e+00 1.323678000000000111e+03 1.026258000000000038e+03 1.981000000000000094e+00 1.732499999999999929e+00 6.891499999999999737e+00 1.882500000000000062e+00
2.200000000000000000e+01 5.064000000000000000e+03 -1.000000000000000000e+00 -1.000000000000000000e+00 -1.000000000000000000e+00 -1.000000000000000000e+00 -1.000000000000000000e+00 1.323642000000000053e+03 1.041554000000000087e+03 1.796999999999999931e+00 1.955999999999999961e+00 6.331000000000000405e+00 2.313499999999999890e+00
2.200000000000000000e+01 5.067000000000000000e+03 -1.000000000000000000e+00 -1.000000000000000000e+00 -1.000000000000000000e+00 -1.000000000000000000e+00 -1.000000000000000000e+00 1.323760999999999967e+03 1.026156999999999925e+03 1.879999999999999893e+00 1.732499999999999929e+00 6.891499999999999737e+00 1.882500000000000062e+00
2.300000000000000000e+01 5.064000000000000000e+03 -1.000000000000000000e+00 -1.000000000000000000e+00 -1.000000000000000000e+00 -1.000000000000000000e+00 -1.000000000000000000e+00 1.322880000000000109e+03 1.043884000000000015e+03 2.121999999999999886e+00 1.955999999999999961e+00 6.331000000000000405e+00 2.313499999999999890e+00
2.300000000000000000e+01 5.067000000000000000e+03 -1.000000000000000000e+00 -1.000000000000000000e+00 -1.000000000000000000e+00 -1.000000000000000000e+00 -1.000000000000000000e+00 1.323844000000000051e+03 1.026056000000000040e+03 1.778000000000000025e+00 1.732499999999999929e+00 6.891499999999999737e+00 1.882500000000000062e+00
2.400000000000000000e+01 5.064000000000000000e+03 -1.000000000000000000e+00 -1.000000000000000000e+00 -1.000000000000000000e+00 -1.000000000000000000e+00 -1.000000000000000000e+00 1.322240999999999985e+03 1.046247000000000071e+03 2.447000000000000064e+00 1.955999999999999961e+00 6.331000000000000405e+00 2.313499999999999890e+00
2.400000000000000000e+01 5.067000000000000000e+03 -1.000000000000000000e+00 -1.000000000000000000e+00 -1.000000000000000000e+00 -1.000000000000000000e+00 -1.000000000000000000e+00 1.323928000000000111e+03 1.025953999999999951e+03 1.677000000000000046e+00 1.732499999999999929e+00 6.891499999999999737e+00 1.882500000000000062e+00
2.500000000000000000e+01 5.064000000000000000e+03 -1.000000000000000000e+00 -1.000000000000000000e+00 -1.000000000000000000e+00 -1.000000000000000000e+00 -1.000000000000000000e+00 1.321625999999999976e+03 1.048575000000000045e+03 2.771999999999999797e+00 1.955999999999999961e+00 6.331000000000000405e+00 2.313499999999999890e+00
2.600000000000000000e+01 5.064000000000000000e+03 -1.000000000000000000e+00 -1.000000000000000000e+00 -1.000000000000000000e+00 -1.000000000000000000e+00 -1.000000000000000000e+00 1.321392000000000053e+03 1.050876999999999953e+03 3.064000000000000057e+00 1.955999999999999961e+00 6.331000000000000405e+00 2.313499999999999890e+00
2.700000000000000000e+01 5.064000000000000000e+03 -1.000000000000000000e+00 -1.000000000000000000e+00 -1.000000000000000000e+00 -1.000000000000000000e+00 -1.000000000000000000e+00 1.321126999999999953e+03 1.053301999999999907e+03 3.390000000000000124e+00 1.955999999999999961e+00 6.331000000000000405e+00 2.313499999999999890e+00
