1.000000000000000000e+00 6.425000000000000000e+03 -1.000000000000000000e+00 -1.000000000000000000e+00 -1.000000000000000000e+00 -1.000000000000000000e+00 -1.000000000000000000e+00 7.259289999999999736e+02 2.195293999999999869e+03 1.520999999999999908e+00 3.995000000000000218e-01 9.425000000000000044e-01 9.070000000000000284e-01
2.000000000000000000e+00 6.425000000000000000e+03 -1.000000000000000000e+00 -1.000000000000000000e+00 -1.000000000000000000e+00 -1.000000000000000000e+00 -1.000000000000000000e+00 7.234109999999999445e+02 2.191574000000000069e+03 1.550999999999999934e+00 3.995000000000000218e-01 9.425000000000000044e-01 9.070000000000000284e-01
3.000000000000000000e+00 6.425000000000000000e+03 -1.000000000000000000e+00 -1.000000000000000000e+00 -1.000000000000000000e+00 -1.000000000000000000e+00 -1.000000000000000000e+00 7.208909999999999627e+02 2.187849999999999909e+03 1.580999999999999961e+00 3.995000000000000218e-01 9.425000000000000044e-01 9.070000000000000284e-01
4.000000000000000000e+00 6.425000000000000000e+03 -1.000000000000000000e+00 -1.000000000000000000e+00 -1.000000000000000000e+00 -1.000000000000000000e+00 -1.000000000000000000e+00 7.183700000000000045e+02 2.184125000000000000e+03 1.610999999999999988e+00 3.995000000000000218e-01 9.425000000000000044e-01 9.070000000000000284e-01
5.000000000000000000e+00 6.425000000000000000e+03 -1.000000000000000000e+00 -1.000000000000000000e+00 -1.000000000000000000e+00 -1.000000000000000000e+00 -1.000000000000000000e+00 7.158500000000000227e+02 2.180400999999999840e+03 1.641000000000000014e+00 3.995000000000000218e-01 9.425000000000000044e-01 9.070000000000000284e-01
6.000000000000000000e+00 6.425000000000000000e+03 -1.000000000000000000e+00 -1.000000000000000000e+00 -1.000000000000000000e+00 -1.000000000000000000e+00 -1.000000000000000000e+00 7.133300000000000409e+02 2.176675999999999931e+03 1.671000000000000041e+00 3.995000000000000218e-01 9.425000000000000044e-01 9.070000000000000284e-01
7.000000000000000000e+00 6.425000000000000000e+03 -1.000000000000000000e+00 -1.000000000000000000e+00 -1.000000000000000000e+00 -1.000000000000000000e+00 -1.000000000000000000e+00 7.108959999999999582e+02 2.173034000000000106e+03 1.681000000000000050e+00 3.995000000000000218e-01 9.425000000000000044e-01 9.070000000000000284e-01
8.000000000000000000e+00 6.425000000000000000e+03 -1.000000000000000000e+00 -1.000000000000000000e+00 -1.000000000000000000e+00 -1.000000000000000000e+00 -1.000000000000000000e+00 7.084621333477289227e+02 2.169391954937608716e+03 1.691005618303272451e+00 3.995000000000000218e-01 9.425000000000000044e-01 9.070000000000000284e-01
9.000000000000000000e+00 6.425000000000000000e+03 -1.000000000000000000e+00 -1.000000000000000000e+00 -1.000000000000000000e+00 -1.000000000000000000e+00 -1.000000000000000000e+00 7.060309999999999491e+02 2.165753999999999905e+03 1.701000000000000068e+00 3.995000000000000218e-01 9.425000000000000044e-01 9.070000000000000284e-01
1.000000000000000000e+01 6.425000000000000000e+03 -1.000000000000000000e+00 -1.000000000000000000e+00 -1.000000000000000000e+00 -1.000000000000000000e+00 -1.000000000000000000e+00 7.036000000000000227e+02 2.162114999999999782e+03 1.711000000000000076e+00 3.995000000000000218e-01 9.425000000000000044e-01 9.070000000000000284e-01
1.100000000000000000e+01 6.425000000000000000e+03 -1.000000000000000000e+00 -1.000000000000000000e+00 -1.000000000000000000e+00 -1.000000000000000000e+00 -1.000000000000000000e+00 7.011689999999999827e+02 2.158476999999999862e+03 1.721000000000000085e+00 3.995000000000000218e-01 9.425000000000000044e-01 9.070000000000000284e-01
1.200000000000000000e+01 6.425000000000000000e+03 -1.000000000000000000e+00 -1.000000000000000000e+00 -1.000000000000000000e+00 -1.000000000000000000e+00 -1.000000000000000000e+00 6.991860000000000355e+02 2.155440000000000055e+03 1.731000000000000094e+00 3.995000000000000218e-01 9.425000000000000044e-01 9.070000000000000284e-01
1.300000000000000000e+01 6.425000000000000000e+03 -1.000000000000000000e+00 -1.000000000000000000e+00 -1.000000000000000000e+00 -1.000000000000000000e+00 -1.000000000000000000e+00 6.966200000000000045e+02 2.151510999999999967e+03 1.741000000000000103e+00 3.995000000000000218e-01 9.425000000000000044e-01 9.070000000000000284e-01
1.400000000000000000e+01 6.425000000000000000e+03 -1.000000000000000000e+00 -1.000000000000000000e+00 -1.000000000000000000e+00 -1.000000000000000000e+00 -1.000000000000000000e+00 6.942830000000000155e+02 2.147934000000000196e+03 1.750999999999999890e+00 3.995000000000000218e-01 9.425000000000000044e-01 9.070000000000000284e-01
1.500000000000000000e+01 6.425000000000000000e+03 -1.000000000000000000e+00 -1.000000000000000000e+00 -1.000000000000000000e+00 -1.000000000000000000e+00 -1.000000000000000000e+00 6.919470000000000027e+02 2.144356999999999971e+03 1.760999999999999899e+00 3.995000000000000218e-01 9.425000000000000044e-01 9.070000000000000284e-01
1.600000000000000000e+01 6.425000000000000000e+03 -1.000000000000000000e+00 -1.000000000000000000e+00 -1.000000000000000000e+00 -1.000000000000000000e+00 -1.000000000000000000e+00 6.896130000000000564e+02 2.140784000000000106e+03 1.770999999999999908e+00 3.995000000000000218e-01 9.425000000000000044e-01 9.070000000000000284e-01
1.700000000000000000e+01 6.425000000000000000e+03 -1.000000000000000000e+00 -1.000000000000000000e+00 -1.000000000000000000e+00 -1.000000000000000000e+00 -1.000000000000000000e+00 6.875249999999999773e+02 2.137675999999999931e+03 1.750999999999999890e+00 3.995000000000000218e-01 9.425000000000000044e-01 9.070000000000000284e-01
1.800000000000000000e+01 6.425000000000000000e+03 -1.000000000000000000e+00 -1.000000000000000000e+00 -1.000000000000000000e+00 -1.000000000000000000e+00 -1.000000000000000000e+00 6.854400000000000546e+02 2.134572000000000116e+03 1.731000000000000094e+00 3.995000000000000218e-01 9.425000000000000044e-01 9.070000000000000284e-01
1.900000000000000000e+01 6.425000000000000000e+03 -1.000000000000000000e+00 -1.000000000000000000e+00 -1.000000000000000000e+00 -1.000000000000000000e+00 -1.000000000000000000e+00 6.833559999999999945e+02 2.131471000000000004e+03 1.711000000000000076e+00 3.995000000000000218e-01 9.425000000000000044e-01 9.070000000000000284e-01
2.000000000000000000e+01 6.425000000000000000e+03 -1.000000000000000000e+00 -1.000000000000000000e+00 -1.000000000000000000e+00 -1.000000000000000000e+00 -1.000000000000000000e+00 6.814779999999999518e+02 2.128675000000000182e+03 1.693000000000000060e+00 3.995000000000000218e-01 9.425000000000000044e-01 9.070000000000000284e-01
2.100000000000000000e+01 6.425000000000000000e+03 -1.000000000000000000e+00 -1.000000000000000000e+00 -1.000000000000000000e+00 -1.000000000000000000e+00 -1.000000000000000000e+00 6.791849999999999454e+02 2.125260999999999967e+03 1.671000000000000041e+00 3.995000000000000218e-01 9.425000000000000044e-01 9.070000000000000284e-01
2.200000000000000000e+01 6.425000000000000000e+03 -1.000000000000000000e+00 -1.000000000000000000e+00 -1.000000000000000000e+00 -1.000000000000000000e+00 -1.000000000000000000e+00 6.773060000000000400e+02 2.122646999999999935e+03 1.641000000000000014e+00 3.995000000000000218e-01 9.425000000000000044e-01 9.070000000000000284e-01
2.300000000000000000e+01 6.425000000000000000e+03 -1.000000000000000000e+00 -1.000000000000000000e+00 -1.000000000000000000e+00 -1.000000000000000000e+00 -1.000000000000000000e+00 6.757440000000000282e+02 2.120208999999999833e+03 1.647000000000000020e+00 3.995000000000000218e-01 9.425000000000000044e-01 9.070000000000000284e-01
2.400000000000000000e+01 6.425000000000000000e+03 -1.000000000000000000e+00 -1.000000000000000000e+00 -1.000000000000000000e+00 -1.000000000000000000e+00 -1.000000000000000000e+00 6.738350000000000364e+02 2.117228999999999814e+03 1.655999999999999917e+00 3.995000000000000218e-01 9.425000000000000044e-01 9.070000000000000284e-01
2.500000000000000000e+01 6.425000000000000000e+03 -1.000000000000000000e+00 -1.000000000000000000e+00 -1.000000000000000000e+00 -1.000000000000000000e+00 -1.000000000000000000e+00 6.720979999999999563e+02 2.114518000000000029e+03 1.663000000000000034e+00 3.995000000000000218e-01 9.425000000000000044e-01 9.070000000000000284e-01
2.600000000000000000e+01 6.425000000000000000e+03 -1.000000000000000000e+00 -1.000000000000000000e+00 -1.000000000000000000e+00 -1.000000000000000000e+00 -1.000000000000000000e+00 6.703609999999999900e+02 2.111806999999999789e+03 1.671000000000000041e+00 3.995000000000000218e-01 9.425000000000000044e-01 9.070000000000000284e-01
2.700000000000000000e+01 6.425000000000000000e+03 -1.000000000000000000e+00 -1.000000000000000000e+00 -1.000000000000000000e+00 -1.000000000000000000e+00 -1.000000000000000000e+00 6.685109999999999673e+02 2.109057999999999993e+03 1.739999999999999991e+00 3.995000000000000218e-01 9.425000000000000044e-01 9.070000000000000284e-01
2.800000000000000000e+01 6.425000000000000000e+03 -1.000000000000000000e+00 -1.000000000000000000e+00 -1.000000000000000000e+00 -1.000000000000000000e+00 -1.000000000000000000e+00 6.668450000000000273e+02 2.106583000000000084e+03 1.800999999999999934e+00 3.995000000000000218e-01 9.425000000000000044e-01 9.070000000000000284e-01
2.900000000000000000e+01 6.425000000000000000e+03 -1.000000000000000000e+00 -1.000000000000000000e+00 -1.000000000000000000e+00 -1.000000000000000000e+00 -1.000000000000000000e+00 6.649950000000000045e+02 2.103833000000000084e+03 1.870000000000000107e+00 3.995000000000000218e-01 9.425000000000000044e-01 9.070000000000000284e-01
3.000000000000000000e+01 6.425000000000000000e+03 -1.000000000000000000e+00 -1.000000000000000000e+00 -1.000000000000000000e+00 -1.000000000000000000e+00 -1.000000000000000000e+00 6.631459999999999582e+02 2.101085000000000036e+03 1.939000000000000057e+00 3.995000000000000218e-01 9.425000000000000044e-01 9.070000000000000284e-01
3.100000000000000000e+01 6.425000000000000000e+03 -1.000000000000000000e+00 -1.000000000000000000e+00 -1.000000000000000000e+00 -1.000000000000000000e+00 -1.000000000000000000e+00 6.611630000000000109e+02 2.098128999999999905e+03 1.913999999999999924e+00 3.995000000000000218e-01 9.425000000000000044e-01 9.070000000000000284e-01
3.200000000000000000e+01 6.425000000000000000e+03 -1.000000000000000000e+00 -1.000000000000000000e+00 -1.000000000000000000e+00 -1.000000000000000000e+00 -1.000000000000000000e+00 6.593609999999999900e+02 2.095440999999999804e+03 1.891000000000000014e+00 3.995000000000000218e-01 9.425000000000000044e-01 9.070000000000000284e-01
3.300000000000000000e+01 6.425000000000000000e+03 -1.000000000000000000e+00 -1.000000000000000000e+00 -1.000000000000000000e+00 -1.000000000000000000e+00 -1.000000000000000000e+00 6.575560000000000400e+02 2.092750000000000000e+03 1.868000000000000105e+00 3.995000000000000218e-01 9.425000000000000044e-01 9.070000000000000284e-01
3.400000000000000000e+01 6.425000000000000000e+03 -1.000000000000000000e+00 -1.000000000000000000e+00 -1.000000000000000000e+00 -1.000000000000000000e+00 -1.000000000000000000e+00 6.559349999999999454e+02 2.090333000000000084e+03 1.848000000000000087e+00 3.995000000000000218e-01 9.425000000000000044e-01 9.070000000000000284e-01
3.500000000000000000e+01 6.425000000000000000e+03 -1.000000000000000000e+00 -1.000000000000000000e+00 -1.000000000000000000e+00 -1.000000000000000000e+00 -1.000000000000000000e+00 6.541319999999999482e+02 2.087644999999999982e+03 1.824999999999999956e+00 3.995000000000000218e-01 9.425000000000000044e-01 9.070000000000000284e-01
3.600000000000000000e+01 6.425000000000000000e+03 -1.000000000000000000e+00 -1.000000000000000000e+00 -1.000000000000000000e+00 -1.000000000000000000e+00 -1.000000000000000000e+00 6.523310000000000173e+02 2.084960000000000036e+03 1.802000000000000046e+00 3.995000000000000218e-01 9.425000000000000044e-01 9.070000000000000284e-01
3.700000000000000000e+01 6.425000000000000000e+03 -1.000000000000000000e+00 -1.000000000000000000e+00 -1.000000000000000000e+00 -1.000000000000000000e+00 -1.000000000000000000e+00 6.504579999999999700e+02 2.082327999999999975e+03 1.824999999999999956e+00 3.995000000000000218e-01 9.425000000000000044e-01 9.070000000000000284e-01
3.800000000000000000e+01 6.425000000000000000e+03 -1.000000000000000000e+00 -1.000000000000000000e+00 -1.000000000000000000e+00 -1.000000000000000000e+00 -1.000000000000000000e+00 6.485819999999999936e+02 2.079693000000000211e+03 1.846999999999999975e+00 3.995000000000000218e-01 9.425000000000000044e-01 9.070000000000000284e-01
3.900000000000000000e+01 6.425000000000000000e+03 -1.000000000000000000e+00 -1.000000000000000000e+00 -1.000000000000000000e+00 -1.000000000000000000e+00 -1.000000000000000000e+00 6.467060000000000173e+02 2.077057999999999993e+03 1.870000000000000107e+00 3.995000000000000218e-01 9.425000000000000044e-01 9.070000000000000284e-01
4.000000000000000000e+01 6.425000000000000000e+03 -1.000000000000000000e+00 -1.000000000000000000e+00 -1.000000000000000000e+00 -1.000000000000000000e+00 -1.000000000000000000e+00 6.448350000000000364e+02 2.074429000000000087e+03 1.893000000000000016e+00 3.995000000000000218e-01 9.425000000000000044e-01 9.070000000000000284e-01
