1.000000000000000000e+00 4.352000000000000000e+03 -1.000000000000000000e+00 -1.000000000000000000e+00 -1.000000000000000000e+00 -1.000000000000000000e+00 -1.000000000000000000e+00 1.280273999999999887e+03 1.026785000000000082e+03 1.614999999999999991e+00 1.489999999999999991e+00 6.122499999999999609e+00 1.554000000000000048e+00
2.000000000000000000e+00 4.352000000000000000e+03 -1.000000000000000000e+00 -1.000000000000000000e+00 -1.000000000000000000e+00 -1.000000000000000000e+00 -1.000000000000000000e+00 1.280977000000000089e+03 1.027537000000000035e+03 1.614999999999999991e+00 1.489999999999999991e+00 6.122499999999999609e+00 1.554000000000000048e+00
3.000000000000000000e+00 4.352000000000000000e+03 -1.000000000000000000e+00 -1.000000000000000000e+00 -1.000000000000000000e+00 -1.000000000000000000e+00 -1.000000000000000000e+00 1.281856999999999971e+03 1.028479000000000042e+03 1.614999999999999991e+00 1.489999999999999991e+00 6.122499999999999609e+00 1.554000000000000048e+00
4.000000000000000000e+00 4.352000000000000000e+03 -1.000000000000000000e+00 -1.000000000000000000e+00 -1.000000000000000000e+00 -1.000000000000000000e+00 -1.000000000000000000e+00 1.282734999999999900e+03 1.029417999999999893e+03 1.614999999999999991e+00 1.489999999999999991e+00 6.122499999999999609e+00 1.554000000000000048e+00
5.000000000000000000e+00 4.352000000000000000e+03 -1.000000000000000000e+00 -1.000000000000000000e+00 -1.000000000000000000e+00 -1.000000000000000000e+00 -1.000000000000000000e+00 1.283962999999999965e+03 1.030615000000000009e+03 1.614999999999999991e+00 1.489999999999999991e+00 6.122499999999999609e+00 1.554000000000000048e+00
6.000000000000000000e+00 4.352000000000000000e+03 -1.000000000000000000e+00 -1.000000000000000000e+00 -1.000000000000000000e+00 -1.000000000000000000e+00 -1.000000000000000000e+00 1.285311999999999898e+03 1.031936999999999898e+03 1.665000000000000036e+00 1.489999999999999991e+00 6.122499999999999609e+00 1.554000000000000048e+00
7.000000000000000000e+00 4.352000000000000000e+03 -1.000000000000000000e+00 -1.000000000000000000e+00 -1.000000000000000000e+00 -1.000000000000000000e+00 -1.000000000000000000e+00 1.286771999999999935e+03 1.033371000000000095e+03 1.614999999999999991e+00 1.489999999999999991e+00 6.122499999999999609e+00 1.554000000000000048e+00
8.000000000000000000e+00 4.352000000000000000e+03 -1.000000000000000000e+00 -1.000000000000000000e+00 -1.000000000000000000e+00 -1.000000000000000000e+00 -1.000000000000000000e+00 1.288527000000000044e+03 1.035071999999999889e+03 1.665000000000000036e+00 1.489999999999999991e+00 6.122499999999999609e+00 1.554000000000000048e+00
9.000000000000000000e+00 4.352000000000000000e+03 -1.000000000000000000e+00 -1.000000000000000000e+00 -1.000000000000000000e+00 -1.000000000000000000e+00 -1.000000000000000000e+00 1.290281999999999925e+03 1.036771999999999935e+03 1.614999999999999991e+00 1.489999999999999991e+00 6.122499999999999609e+00 1.554000000000000048e+00
1.000000000000000000e+01 4.352000000000000000e+03 -1.000000000000000000e+00 -1.000000000000000000e+00 -1.000000000000000000e+00 -1.000000000000000000e+00 -1.000000000000000000e+00 1.292633000000000038e+03 1.039010999999999967e+03 1.661000000000000032e+00 1.489999999999999991e+00 6.122499999999999609e+00 1.554000000000000048e+00
1.100000000000000000e+01 4.352000000000000000e+03 -1.000000000000000000e+00 -1.000000000000000000e+00 -1.000000000000000000e+00 -1.000000000000000000e+00 -1.000000000000000000e+00 1.294592000000000098e+03 1.040876999999999953e+03 1.699000000000000066e+00 1.489999999999999991e+00 6.122499999999999609e+00 1.554000000000000048e+00
1.200000000000000000e+01 4.352000000000000000e+03 -1.000000000000000000e+00 -1.000000000000000000e+00 -1.000000000000000000e+00 -1.000000000000000000e+00 -1.000000000000000000e+00 1.296553000000000111e+03 1.042744999999999891e+03 1.665000000000000036e+00 1.489999999999999991e+00 6.122499999999999609e+00 1.554000000000000048e+00
1.300000000000000000e+01 4.352000000000000000e+03 -1.000000000000000000e+00 -1.000000000000000000e+00 -1.000000000000000000e+00 -1.000000000000000000e+00 -1.000000000000000000e+00 1.298540999999999940e+03 1.044638999999999896e+03 1.705000000000000071e+00 1.489999999999999991e+00 6.122499999999999609e+00 1.554000000000000048e+00
1.400000000000000000e+01 4.352000000000000000e+03 -1.000000000000000000e+00 -1.000000000000000000e+00 -1.000000000000000000e+00 -1.000000000000000000e+00 -1.000000000000000000e+00 1.300528999999999996e+03 1.046534000000000106e+03 1.745999999999999996e+00 1.489999999999999991e+00 6.122499999999999609e+00 1.554000000000000048e+00
1.500000000000000000e+01 4.352000000000000000e+03 -1.000000000000000000e+00 -1.000000000000000000e+00 -1.000000000000000000e+00 -1.000000000000000000e+00 -1.000000000000000000e+00 1.302669000000000096e+03 1.048769999999999982e+03 1.895000000000000018e+00 1.489999999999999991e+00 6.122499999999999609e+00 1.554000000000000048e+00
1.600000000000000000e+01 4.352000000000000000e+03 -1.000000000000000000e+00 -1.000000000000000000e+00 -1.000000000000000000e+00 -1.000000000000000000e+00 -1.000000000000000000e+00 1.304808999999999969e+03 1.051005000000000109e+03 1.969000000000000083e+00 1.489999999999999991e+00 6.122499999999999609e+00 1.554000000000000048e+00
1.700000000000000000e+01 4.352000000000000000e+03 -1.000000000000000000e+00 -1.000000000000000000e+00 -1.000000000000000000e+00 -1.000000000000000000e+00 -1.000000000000000000e+00 1.306951000000000022e+03 1.053242999999999938e+03 2.043000000000000149e+00 1.489999999999999991e+00 6.122499999999999609e+00 1.554000000000000048e+00
1.800000000000000000e+01 4.352000000000000000e+03 -1.000000000000000000e+00 -1.000000000000000000e+00 -1.000000000000000000e+00 -1.000000000000000000e+00 -1.000000000000000000e+00 1.309019000000000005e+03 1.055602000000000089e+03 2.192000000000000171e+00 1.489999999999999991e+00 6.122499999999999609e+00 1.554000000000000048e+00
1.900000000000000000e+01 4.352000000000000000e+03 -1.000000000000000000e+00 -1.000000000000000000e+00 -1.000000000000000000e+00 -1.000000000000000000e+00 -1.000000000000000000e+00 1.310669000000000096e+03 1.057483999999999924e+03 2.370999999999999996e+00 1.489999999999999991e+00 6.122499999999999609e+00 1.554000000000000048e+00
2.000000000000000000e+01 4.352000000000000000e+03 -1.000000000000000000e+00 -1.000000000000000000e+00 -1.000000000000000000e+00 -1.000000000000000000e+00 -1.000000000000000000e+00 1.312815000000000055e+03 1.059876999999999953e+03 2.512000000000000011e+00 1.489999999999999991e+00 6.122499999999999609e+00 1.554000000000000048e+00
2.100000000000000000e+01 4.352000000000000000e+03 -1.000000000000000000e+00 -1.000000000000000000e+00 -1.000000000000000000e+00 -1.000000000000000000e+00 -1.000000000000000000e+00 1.314959000000000060e+03 1.062267000000000053e+03 2.601999999999999869e+00 1.489999999999999991e+00 6.122499999999999609e+00 1.554000000000000048e+00
2.200000000000000000e+01 4.352000000000000000e+03 -1.000000000000000000e+00 -1.000000000000000000e+00 -1.000000000000000000e+00 -1.000000000000000000e+00 -1.000000000000000000e+00 1.317109999999999900e+03 1.064664999999999964e+03 2.568000000000000060e+00 1.489999999999999991e+00 6.122499999999999609e+00 1.554000000000000048e+00
2.300000000000000000e+01 4.352000000000000000e+03 -1.000000000000000000e+00 -1.000000000000000000e+00 -1.000000000000000000e+00 -1.000000000000000000e+00 -1.000000000000000000e+00 1.319460000000000036e+03 1.067223999999999933e+03 2.563000000000000167e+00 1.489999999999999991e+00 6.122499999999999609e+00 1.554000000000000048e+00
2.400000000000000000e+01 4.352000000000000000e+03 -1.000000000000000000e+00 -1.000000000000000000e+00 -1.000000000000000000e+00 -1.000000000000000000e+00 -1.000000000000000000e+00 1.321819999999999936e+03 1.069794000000000096e+03 2.556000000000000050e+00 1.489999999999999991e+00 6.122499999999999609e+00 1.554000000000000048e+00
2.500000000000000000e+01 4.352000000000000000e+03 -1.000000000000000000e+00 -1.000000000000000000e+00 -1.000000000000000000e+00 -1.000000000000000000e+00 -1.000000000000000000e+00 1.324138999999999896e+03 1.072317000000000007e+03 2.508999999999999897e+00 1.489999999999999991e+00 6.122499999999999609e+00 1.554000000000000048e+00
2.600000000000000000e+01 4.352000000000000000e+03 -1.000000000000000000e+00 -1.000000000000000000e+00 -1.000000000000000000e+00 -1.000000000000000000e+00 -1.000000000000000000e+00 1.326451999999999998e+03 1.074834000000000060e+03 2.536999999999999922e+00 1.489999999999999991e+00 6.122499999999999609e+00 1.554000000000000048e+00
2.700000000000000000e+01 4.352000000000000000e+03 -1.000000000000000000e+00 -1.000000000000000000e+00 -1.000000000000000000e+00 -1.000000000000000000e+00 -1.000000000000000000e+00 1.328765000000000100e+03 1.077351000000000113e+03 2.415000000000000036e+00 1.489999999999999991e+00 6.122499999999999609e+00 1.554000000000000048e+00
2.800000000000000000e+01 4.352000000000000000e+03 -1.000000000000000000e+00 -1.000000000000000000e+00 -1.000000000000000000e+00 -1.000000000000000000e+00 -1.000000000000000000e+00 1.330909000000000106e+03 1.079928000000000111e+03 2.302000000000000046e+00 1.489999999999999991e+00 6.122499999999999609e+00 1.554000000000000048e+00
2.900000000000000000e+01 4.352000000000000000e+03 -1.000000000000000000e+00 -1.000000000000000000e+00 -1.000000000000000000e+00 -1.000000000000000000e+00 -1.000000000000000000e+00 1.333049999999999955e+03 1.082501999999999953e+03 2.189000000000000057e+00 1.489999999999999991e+00 6.122499999999999609e+00 1.554000000000000048e+00
3.000000000000000000e+01 4.352000000000000000e+03 -1.000000000000000000e+00 -1.000000000000000000e+00 -1.000000000000000000e+00 -1.000000000000000000e+00 -1.000000000000000000e+00 1.335191000000000031e+03 1.085076000000000022e+03 2.076000000000000068e+00 1.489999999999999991e+00 6.122499999999999609e+00 1.554000000000000048e+00
3.100000000000000000e+01 4.352000000000000000e+03 -1.000000000000000000e+00 -1.000000000000000000e+00 -1.000000000000000000e+00 -1.000000000000000000e+00 -1.000000000000000000e+00 1.337333000000000084e+03 1.087651000000000067e+03 1.963000000000000078e+00 1.489999999999999991e+00 6.122499999999999609e+00 1.554000000000000048e+00
3.200000000000000000e+01 4.352000000000000000e+03 -1.000000000000000000e+00 -1.000000000000000000e+00 -1.000000000000000000e+00 -1.000000000000000000e+00 -1.000000000000000000e+00 1.339473999999999933e+03 1.090224999999999909e+03 1.911999999999999922e+00 1.489999999999999991e+00 6.122499999999999609e+00 1.554000000000000048e+00
3.300000000000000000e+01 4.352000000000000000e+03 -1.000000000000000000e+00 -1.000000000000000000e+00 -1.000000000000000000e+00 -1.000000000000000000e+00 -1.000000000000000000e+00 1.341619999999999891e+03 1.092777000000000044e+03 1.756999999999999895e+00 1.489999999999999991e+00 6.122499999999999609e+00 1.554000000000000048e+00
3.400000000000000000e+01 4.352000000000000000e+03 -1.000000000000000000e+00 -1.000000000000000000e+00 -1.000000000000000000e+00 -1.000000000000000000e+00 -1.000000000000000000e+00 1.343763999999999896e+03 1.095326999999999998e+03 1.578999999999999959e+00 1.489999999999999991e+00 6.122499999999999609e+00 1.554000000000000048e+00
3.500000000000000000e+01 4.352000000000000000e+03 -1.000000000000000000e+00 -1.000000000000000000e+00 -1.000000000000000000e+00 -1.000000000000000000e+00 -1.000000000000000000e+00 1.345696999999999889e+03 1.097625999999999976e+03 1.419000000000000039e+00 1.489999999999999991e+00 6.122499999999999609e+00 1.554000000000000048e+00
3.600000000000000000e+01 4.352000000000000000e+03 -1.000000000000000000e+00 -1.000000000000000000e+00 -1.000000000000000000e+00 -1.000000000000000000e+00 -1.000000000000000000e+00 1.347843000000000075e+03 1.100179000000000087e+03 1.417999999999999927e+00 1.489999999999999991e+00 6.122499999999999609e+00 1.554000000000000048e+00
3.700000000000000000e+01 4.352000000000000000e+03 -1.000000000000000000e+00 -1.000000000000000000e+00 -1.000000000000000000e+00 -1.000000000000000000e+00 -1.000000000000000000e+00 1.349987000000000080e+03 1.102729000000000042e+03 1.467000000000000082e+00 1.489999999999999991e+00 6.122499999999999609e+00 1.554000000000000048e+00
3.800000000000000000e+01 4.352000000000000000e+03 -1.000000000000000000e+00 -1.000000000000000000e+00 -1.000000000000000000e+00 -1.000000000000000000e+00 -1.000000000000000000e+00 1.351868999999999915e+03 1.104990000000000009e+03 1.391000000000000014e+00 1.489999999999999991e+00 6.122499999999999609e+00 1.554000000000000048e+00
3.900000000000000000e+01 4.352000000000000000e+03 -1.000000000000000000e+00 -1.000000000000000000e+00 -1.000000000000000000e+00 -1.000000000000000000e+00 -1.000000000000000000e+00 1.353752999999999929e+03 1.107255000000000109e+03 1.314000000000000057e+00 1.489999999999999991e+00 6.122499999999999609e+00 1.554000000000000048e+00
4.000000000000000000e+01 4.352000000000000000e+03 -1.000000000000000000e+00 -1.000000000000000000e+00 -1.000000000000000000e+00 -1.000000000000000000e+00 -1.000000000000000000e+00 1.355637999999999920e+03 1.109519000000000005e+03 1.237999999999999989e+00 1.489999999999999991e+00 6.122499999999999609e+00 1.554000000000000048e+00
4.100000000000000000e+01 4.352000000000000000e+03 -1.000000000000000000e+00 -1.000000000000000000e+00 -1.000000000000000000e+00 -1.000000000000000000e+00 -1.000000000000000000e+00 1.357709000000000060e+03 1.112009000000000015e+03 1.153000000000000025e+00 1.489999999999999991e+00 6.122499999999999609e+00 1.554000000000000048e+00
