1.000000000000000000e+00 1.623000000000000000e+03 -1.000000000000000000e+00 -1.000000000000000000e+00 -1.000000000000000000e+00 -1.000000000000000000e+00 -1.000000000000000000e+00 1.882654999999999973e+03 1.043431000000000040e+03 1.252999999999999892e+00 1.288000000000000034e+00 5.065500000000000114e+00 1.496499999999999941e+00
2.000000000000000000e+00 1.623000000000000000e+03 -1.000000000000000000e+00 -1.000000000000000000e+00 -1.000000000000000000e+00 -1.000000000000000000e+00 -1.000000000000000000e+00 1.882654999999999973e+03 1.043431000000000040e+03 1.252999999999999892e+00 1.288000000000000034e+00 5.065500000000000114e+00 1.496499999999999941e+00
9.000000000000000000e+00 1.635000000000000000e+03 -1.000000000000000000e+00 -1.000000000000000000e+00 -1.000000000000000000e+00 -1.000000000000000000e+00 -1.000000000000000000e+00 1.983517000000000053e+03 1.038612000000000080e+03 2.375000000000000000e+00 1.510999999999999899e+00 8.266000000000000014e+00 2.050499999999999989e+00
1.000000000000000000e+01 1.635000000000000000e+03 -1.000000000000000000e+00 -1.000000000000000000e+00 -1.000000000000000000e+00 -1.000000000000000000e+00 -1.000000000000000000e+00 1.983519999999999982e+03 1.038609999999999900e+03 2.378000000000000114e+00 1.510999999999999899e+00 8.266000000000000014e+00 2.050499999999999989e+00
1.000000000000000000e+01 1.640000000000000000e+03 -1.000000000000000000e+00 -1.000000000000000000e+00 -1.000000000000000000e+00 -1.000000000000000000e+00 -1.000000000000000000e+00 1.987736000000000104e+03 1.044701000000000022e+03 2.259999999999999787e+00 1.389499999999999957e+00 4.961999999999999744e+00 2.044999999999999929e+00
1.100000000000000000e+01 1.635000000000000000e+03 -1.000000000000000000e+00 -1.000000000000000000e+00 -1.000000000000000000e+00 -1.000000000000000000e+00 -1.000000000000000000e+00 1.983522999999999911e+03 1.038607999999999947e+03 2.379999999999999893e+00 1.510999999999999899e+00 8.266000000000000014e+00 2.050499999999999989e+00
1.100000000000000000e+01 1.642000000000000000e+03 -1.000000000000000000e+00 -1.000000000000000000e+00 -1.000000000000000000e+00 -1.000000000000000000e+00 -1.000000000000000000e+00 1.989255000000000109e+03 1.048098999999999933e+03 2.395999999999999908e+00 1.229000000000000092e+00 4.699499999999999567e+00 1.941000000000000059e+00
1.100000000000000000e+01 1.640000000000000000e+03 -1.000000000000000000e+00 -1.000000000000000000e+00 -1.000000000000000000e+00 -1.000000000000000000e+00 -1.000000000000000000e+00 1.987756423825342608e+03 1.044734375519462446e+03 2.305829071500620220e+00 1.389499999999999957e+00 4.961999999999999744e+00 2.044999999999999929e+00
1.200000000000000000e+01 1.635000000000000000e+03 -1.000000000000000000e+00 -1.000000000000000000e+00 -1.000000000000000000e+00 -1.000000000000000000e+00 -1.000000000000000000e+00 1.983634000000000015e+03 1.038541999999999916e+03 2.400999999999999801e+00 1.510999999999999899e+00 8.266000000000000014e+00 2.050499999999999989e+00
1.200000000000000000e+01 1.640000000000000000e+03 -1.000000000000000000e+00 -1.000000000000000000e+00 -1.000000000000000000e+00 -1.000000000000000000e+00 -1.000000000000000000e+00 1.987777000000000044e+03 1.044768000000000029e+03 2.351999999999999869e+00 1.389499999999999957e+00 4.961999999999999744e+00 2.044999999999999929e+00
1.200000000000000000e+01 1.642000000000000000e+03 -1.000000000000000000e+00 -1.000000000000000000e+00 -1.000000000000000000e+00 -1.000000000000000000e+00 -1.000000000000000000e+00 1.989255000000000109e+03 1.048098999999999933e+03 2.455361718831504447e+00 1.229000000000000092e+00 4.699499999999999567e+00 1.941000000000000281e+00
1.300000000000000000e+01 1.635000000000000000e+03 -1.000000000000000000e+00 -1.000000000000000000e+00 -1.000000000000000000e+00 -1.000000000000000000e+00 -1.000000000000000000e+00 1.983744999999999891e+03 1.038476000000000113e+03 2.422000000000000153e+00 1.510999999999999899e+00 8.266000000000000014e+00 2.050499999999999989e+00
1.300000000000000000e+01 1.640000000000000000e+03 -1.000000000000000000e+00 -1.000000000000000000e+00 -1.000000000000000000e+00 -1.000000000000000000e+00 -1.000000000000000000e+00 1.987797000000000025e+03 1.044800999999999931e+03 2.399000000000000021e+00 1.389499999999999957e+00 4.961999999999999744e+00 2.044999999999999929e+00
1.300000000000000000e+01 1.642000000000000000e+03 -1.000000000000000000e+00 -1.000000000000000000e+00 -1.000000000000000000e+00 -1.000000000000000000e+00 -1.000000000000000000e+00 1.989255000000000109e+03 1.048098999999999933e+03 2.520999999999999908e+00 1.229000000000000092e+00 4.699499999999999567e+00 1.941000000000000059e+00
1.300000000000000000e+01 1.650000000000000000e+03 -1.000000000000000000e+00 -1.000000000000000000e+00 -1.000000000000000000e+00 -1.000000000000000000e+00 -1.000000000000000000e+00 1.992119999999999891e+03 1.059515000000000100e+03 2.193000000000000060e+00 2.048999999999999932e+00 5.152999999999999581e+00 2.036000000000000032e+00
1.400000000000000000e+01 1.635000000000000000e+03 -1.000000000000000000e+00 -1.000000000000000000e+00 -1.000000000000000000e+00 -1.000000000000000000e+00 -1.000000000000000000e+00 1.983855000000000018e+03 1.038410000000000082e+03 2.443000000000000060e+00 1.510999999999999899e+00 8.266000000000000014e+00 2.050499999999999989e+00
1.400000000000000000e+01 1.640000000000000000e+03 -1.000000000000000000e+00 -1.000000000000000000e+00 -1.000000000000000000e+00 -1.000000000000000000e+00 -1.000000000000000000e+00 1.987817999999999984e+03 1.044834000000000060e+03 2.444999999999999840e+00 1.389499999999999957e+00 4.961999999999999744e+00 2.044999999999999929e+00
1.400000000000000000e+01 1.650000000000000000e+03 -1.000000000000000000e+00 -1.000000000000000000e+00 -1.000000000000000000e+00 -1.000000000000000000e+00 -1.000000000000000000e+00 1.992119999999999891e+03 1.059515000000000100e+03 2.081999999999999851e+00 2.048999999999999932e+00 5.152999999999999581e+00 2.036000000000000032e+00
1.400000000000000000e+01 1.642000000000000000e+03 -1.000000000000000000e+00 -1.000000000000000000e+00 -1.000000000000000000e+00 -1.000000000000000000e+00 -1.000000000000000000e+00 1.989255000000000109e+03 1.048098999999999933e+03 2.602918036234927790e+00 1.229000000000000092e+00 4.699499999999999567e+00 1.941000000000000059e+00
1.500000000000000000e+01 1.635000000000000000e+03 -1.000000000000000000e+00 -1.000000000000000000e+00 -1.000000000000000000e+00 -1.000000000000000000e+00 -1.000000000000000000e+00 1.983965999999999894e+03 1.038344000000000051e+03 2.410000000000000142e+00 1.510999999999999899e+00 8.266000000000000014e+00 2.050499999999999989e+00
1.500000000000000000e+01 1.640000000000000000e+03 -1.000000000000000000e+00 -1.000000000000000000e+00 -1.000000000000000000e+00 -1.000000000000000000e+00 -1.000000000000000000e+00 1.987810999999999922e+03 1.044823000000000093e+03 2.428999999999999826e+00 1.389499999999999957e+00 4.961999999999999744e+00 2.044999999999999929e+00
1.500000000000000000e+01 1.650000000000000000e+03 -1.000000000000000000e+00 -1.000000000000000000e+00 -1.000000000000000000e+00 -1.000000000000000000e+00 -1.000000000000000000e+00 1.992119999999999891e+03 1.059515000000000100e+03 1.971000000000000085e+00 2.048999999999999932e+00 5.152999999999999581e+00 2.036000000000000032e+00
1.500000000000000000e+01 1.642000000000000000e+03 -1.000000000000000000e+00 -1.000000000000000000e+00 -1.000000000000000000e+00 -1.000000000000000000e+00 -1.000000000000000000e+00 1.989255000000000109e+03 1.048098999999999933e+03 2.561958731332354411e+00 1.229000000000000092e+00 4.699499999999999567e+00 1.941000000000000059e+00
1.600000000000000000e+01 1.635000000000000000e+03 -1.000000000000000000e+00 -1.000000000000000000e+00 -1.000000000000000000e+00 -1.000000000000000000e+00 -1.000000000000000000e+00 1.984076000000000022e+03 1.038278000000000020e+03 2.378000000000000114e+00 1.510999999999999899e+00 8.266000000000000014e+00 2.050499999999999989e+00
1.600000000000000000e+01 1.640000000000000000e+03 -1.000000000000000000e+00 -1.000000000000000000e+00 -1.000000000000000000e+00 -1.000000000000000000e+00 -1.000000000000000000e+00 1.987803000000000111e+03 1.044810999999999922e+03 2.411999999999999922e+00 1.389499999999999957e+00 4.961999999999999744e+00 2.044999999999999929e+00
1.600000000000000000e+01 1.642000000000000000e+03 -1.000000000000000000e+00 -1.000000000000000000e+00 -1.000000000000000000e+00 -1.000000000000000000e+00 -1.000000000000000000e+00 1.989255000000000109e+03 1.048098999999999933e+03 2.648000000000000131e+00 1.229000000000000092e+00 4.699499999999999567e+00 1.941000000000000059e+00
1.600000000000000000e+01 1.650000000000000000e+03 -1.000000000000000000e+00 -1.000000000000000000e+00 -1.000000000000000000e+00 -1.000000000000000000e+00 -1.000000000000000000e+00 1.992119999999999891e+03 1.059515000000000100e+03 1.971000000000000085e+00 2.048999999999999932e+00 5.152999999999999581e+00 2.036000000000000032e+00
1.700000000000000000e+01 1.635000000000000000e+03 -1.000000000000000000e+00 -1.000000000000000000e+00 -1.000000000000000000e+00 -1.000000000000000000e+00 -1.000000000000000000e+00 1.984186999999999898e+03 1.038211999999999989e+03 2.345000000000000195e+00 1.510999999999999899e+00 8.266000000000000014e+00 2.050499999999999989e+00
1.700000000000000000e+01 1.640000000000000000e+03 -1.000000000000000000e+00 -1.000000000000000000e+00 -1.000000000000000000e+00 -1.000000000000000000e+00 -1.000000000000000000e+00 1.987796000000000049e+03 1.044798999999999978e+03 2.395999999999999908e+00 1.389499999999999957e+00 4.961999999999999744e+00 2.044999999999999929e+00
1.700000000000000000e+01 1.642000000000000000e+03 -1.000000000000000000e+00 -1.000000000000000000e+00 -1.000000000000000000e+00 -1.000000000000000000e+00 -1.000000000000000000e+00 1.989255000000000109e+03 1.048098999999999933e+03 2.690999999999999837e+00 1.229000000000000092e+00 4.699499999999999567e+00 1.941000000000000059e+00
1.800000000000000000e+01 1.635000000000000000e+03 -1.000000000000000000e+00 -1.000000000000000000e+00 -1.000000000000000000e+00 -1.000000000000000000e+00 -1.000000000000000000e+00 1.984297000000000025e+03 1.038145999999999958e+03 2.313000000000000167e+00 1.510999999999999899e+00 8.266000000000000014e+00 2.050499999999999989e+00
1.800000000000000000e+01 1.640000000000000000e+03 -1.000000000000000000e+00 -1.000000000000000000e+00 -1.000000000000000000e+00 -1.000000000000000000e+00 -1.000000000000000000e+00 1.987788999999999987e+03 1.044788000000000011e+03 2.379999999999999893e+00 1.389499999999999957e+00 4.961999999999999744e+00 2.044999999999999929e+00
1.800000000000000000e+01 1.642000000000000000e+03 -1.000000000000000000e+00 -1.000000000000000000e+00 -1.000000000000000000e+00 -1.000000000000000000e+00 -1.000000000000000000e+00 1.989255000000000109e+03 1.048098999999999933e+03 2.733000000000000096e+00 1.229000000000000092e+00 4.699499999999999567e+00 1.941000000000000059e+00
1.900000000000000000e+01 1.635000000000000000e+03 -1.000000000000000000e+00 -1.000000000000000000e+00 -1.000000000000000000e+00 -1.000000000000000000e+00 -1.000000000000000000e+00 1.984407999999999902e+03 1.038079999999999927e+03 2.279999999999999805e+00 1.510999999999999899e+00 8.266000000000000014e+00 2.050499999999999989e+00
1.900000000000000000e+01 1.640000000000000000e+03 -1.000000000000000000e+00 -1.000000000000000000e+00 -1.000000000000000000e+00 -1.000000000000000000e+00 -1.000000000000000000e+00 1.987781999999999925e+03 1.044776000000000067e+03 2.362999999999999989e+00 1.389499999999999957e+00 4.961999999999999744e+00 2.044999999999999929e+00
2.000000000000000000e+01 1.635000000000000000e+03 -1.000000000000000000e+00 -1.000000000000000000e+00 -1.000000000000000000e+00 -1.000000000000000000e+00 -1.000000000000000000e+00 1.983934999999999945e+03 1.038362000000000080e+03 2.279999999999999805e+00 1.510999999999999899e+00 8.266000000000000014e+00 2.050499999999999989e+00
2.000000000000000000e+01 1.640000000000000000e+03 -1.000000000000000000e+00 -1.000000000000000000e+00 -1.000000000000000000e+00 -1.000000000000000000e+00 -1.000000000000000000e+00 1.987781999999999925e+03 1.044776000000000067e+03 2.416999999999999815e+00 1.389499999999999957e+00 4.961999999999999744e+00 2.044999999999999929e+00
2.100000000000000000e+01 1.635000000000000000e+03 -1.000000000000000000e+00 -1.000000000000000000e+00 -1.000000000000000000e+00 -1.000000000000000000e+00 -1.000000000000000000e+00 1.983854000000000042e+03 1.038411000000000058e+03 2.301000000000000156e+00 1.510999999999999899e+00 8.266000000000000014e+00 2.050499999999999989e+00
2.100000000000000000e+01 1.640000000000000000e+03 -1.000000000000000000e+00 -1.000000000000000000e+00 -1.000000000000000000e+00 -1.000000000000000000e+00 -1.000000000000000000e+00 1.987781999999999925e+03 1.044776000000000067e+03 2.470000000000000195e+00 1.389499999999999957e+00 4.961999999999999744e+00 2.044999999999999929e+00
2.200000000000000000e+01 1.635000000000000000e+03 -1.000000000000000000e+00 -1.000000000000000000e+00 -1.000000000000000000e+00 -1.000000000000000000e+00 -1.000000000000000000e+00 1.983771999999999935e+03 1.038460000000000036e+03 2.322999999999999954e+00 1.510999999999999899e+00 8.266000000000000014e+00 2.050499999999999989e+00
2.300000000000000000e+01 1.635000000000000000e+03 -1.000000000000000000e+00 -1.000000000000000000e+00 -1.000000000000000000e+00 -1.000000000000000000e+00 -1.000000000000000000e+00 1.983690000000000055e+03 1.038509000000000015e+03 2.343999999999999861e+00 1.510999999999999899e+00 8.266000000000000014e+00 2.050499999999999989e+00
2.400000000000000000e+01 1.635000000000000000e+03 -1.000000000000000000e+00 -1.000000000000000000e+00 -1.000000000000000000e+00 -1.000000000000000000e+00 -1.000000000000000000e+00 1.983607999999999947e+03 1.038557000000000016e+03 2.366000000000000103e+00 1.510999999999999899e+00 8.266000000000000014e+00 2.050499999999999989e+00
2.500000000000000000e+01 1.635000000000000000e+03 -1.000000000000000000e+00 -1.000000000000000000e+00 -1.000000000000000000e+00 -1.000000000000000000e+00 -1.000000000000000000e+00 1.983526000000000067e+03 1.038605999999999995e+03 2.387000000000000011e+00 1.510999999999999899e+00 8.266000000000000014e+00 2.050499999999999989e+00
2.600000000000000000e+01 1.635000000000000000e+03 -1.000000000000000000e+00 -1.000000000000000000e+00 -1.000000000000000000e+00 -1.000000000000000000e+00 -1.000000000000000000e+00 1.983443999999999960e+03 1.038654999999999973e+03 2.408999999999999808e+00 1.510999999999999899e+00 8.266000000000000014e+00 2.050499999999999989e+00
