4.000000000000000000e+00 3.731000000000000000e+03 -1.000000000000000000e+00 -1.000000000000000000e+00 -1.000000000000000000e+00 -1.000000000000000000e+00 -1.000000000000000000e+00 1.731602000000000089e+03 1.256108999999999924e+03 9.060000000000000275e-01 8.814999999999999503e-01 2.720499999999999918e+00 1.000000000000000000e+00
5.000000000000000000e+00 3.731000000000000000e+03 -1.000000000000000000e+00 -1.000000000000000000e+00 -1.000000000000000000e+00 -1.000000000000000000e+00 -1.000000000000000000e+00 1.731582000000000107e+03 1.256085000000000036e+03 8.739999999999999991e-01 8.814999999999999503e-01 2.720499999999999918e+00 1.000000000000000000e+00
6.000000000000000000e+00 3.731000000000000000e+03 -1.000000000000000000e+00 -1.000000000000000000e+00 -1.000000000000000000e+00 -1.000000000000000000e+00 -1.000000000000000000e+00 1.731563000000000102e+03 1.256064000000000078e+03 8.449999999999999734e-01 8.814999999999999503e-01 2.720499999999999918e+00 1.000000000000000000e+00
7.000000000000000000e+00 3.731000000000000000e+03 -1.000000000000000000e+00 -1.000000000000000000e+00 -1.000000000000000000e+00 -1.000000000000000000e+00 -1.000000000000000000e+00 1.731545000000000073e+03 1.256041999999999916e+03 8.159999999999999476e-01 8.814999999999999503e-01 2.720499999999999918e+00 1.000000000000000000e+00
8.000000000000000000e+00 3.731000000000000000e+03 -1.000000000000000000e+00 -1.000000000000000000e+00 -1.000000000000000000e+00 -1.000000000000000000e+00 -1.000000000000000000e+00 1.731526000000000067e+03 1.256019999999999982e+03 7.880000000000000338e-01 8.814999999999999503e-01 2.720499999999999918e+00 1.000000000000000000e+00
9.000000000000000000e+00 3.731000000000000000e+03 -1.000000000000000000e+00 -1.000000000000000000e+00 -1.000000000000000000e+00 -1.000000000000000000e+00 -1.000000000000000000e+00 1.731509999999999991e+03 1.256000999999999976e+03 7.620000000000000107e-01 8.814999999999999503e-01 2.720499999999999918e+00 1.000000000000000000e+00
1.000000000000000000e+01 3.731000000000000000e+03 -1.000000000000000000e+00 -1.000000000000000000e+00 -1.000000000000000000e+00 -1.000000000000000000e+00 -1.000000000000000000e+00 1.731490999999999985e+03 1.255979000000000042e+03 7.329999999999999849e-01 8.814999999999999503e-01 2.720499999999999918e+00 1.000000000000000000e+00
1.100000000000000000e+01 3.731000000000000000e+03 -1.000000000000000000e+00 -1.000000000000000000e+00 -1.000000000000000000e+00 -1.000000000000000000e+00 -1.000000000000000000e+00 1.731470000000000027e+03 1.255962999999999965e+03 7.540000000000000036e-01 8.814999999999999503e-01 2.720499999999999918e+00 1.000000000000000000e+00
1.200000000000000000e+01 3.731000000000000000e+03 -1.000000000000000000e+00 -1.000000000000000000e+00 -1.000000000000000000e+00 -1.000000000000000000e+00 -1.000000000000000000e+00 1.731449000000000069e+03 1.255946999999999889e+03 7.750000000000000222e-01 8.814999999999999503e-01 2.720499999999999918e+00 1.000000000000000000e+00
1.300000000000000000e+01 3.731000000000000000e+03 -1.000000000000000000e+00 -1.000000000000000000e+00 -1.000000000000000000e+00 -1.000000000000000000e+00 -1.000000000000000000e+00 1.731428000000000111e+03 1.255930000000000064e+03 7.960000000000000409e-01 8.814999999999999503e-01 2.720499999999999918e+00 1.000000000000000000e+00
1.400000000000000000e+01 3.731000000000000000e+03 -1.000000000000000000e+00 -1.000000000000000000e+00 -1.000000000000000000e+00 -1.000000000000000000e+00 -1.000000000000000000e+00 1.731405999999999949e+03 1.255913999999999987e+03 8.169999999999999485e-01 8.814999999999999503e-01 2.720499999999999918e+00 1.000000000000000000e+00
1.500000000000000000e+01 3.731000000000000000e+03 -1.000000000000000000e+00 -1.000000000000000000e+00 -1.000000000000000000e+00 -1.000000000000000000e+00 -1.000000000000000000e+00 1.731384999999999991e+03 1.255896999999999935e+03 8.379999999999999671e-01 8.814999999999999503e-01 2.720499999999999918e+00 1.000000000000000000e+00
1.600000000000000000e+01 3.731000000000000000e+03 -1.000000000000000000e+00 -1.000000000000000000e+00 -1.000000000000000000e+00 -1.000000000000000000e+00 -1.000000000000000000e+00 1.731361000000000104e+03 1.255878999999999905e+03 8.619999999999999885e-01 8.814999999999999503e-01 2.720499999999999918e+00 1.000000000000000000e+00
1.700000000000000000e+01 3.731000000000000000e+03 -1.000000000000000000e+00 -1.000000000000000000e+00 -1.000000000000000000e+00 -1.000000000000000000e+00 -1.000000000000000000e+00 1.731105999999999995e+03 1.255979000000000042e+03 8.830000000000000071e-01 8.814999999999999503e-01 2.720499999999999918e+00 1.000000000000000000e+00
1.800000000000000000e+01 3.731000000000000000e+03 -1.000000000000000000e+00 -1.000000000000000000e+00 -1.000000000000000000e+00 -1.000000000000000000e+00 -1.000000000000000000e+00 1.730282999999999902e+03 1.256227000000000089e+03 9.539999999999999591e-01 8.814999999999999503e-01 2.720499999999999918e+00 1.000000000000000000e+00
1.900000000000000000e+01 3.731000000000000000e+03 -1.000000000000000000e+00 -1.000000000000000000e+00 -1.000000000000000000e+00 -1.000000000000000000e+00 -1.000000000000000000e+00 1.729442000000000007e+03 1.256409000000000106e+03 1.024999999999999911e+00 8.814999999999999503e-01 2.720499999999999918e+00 1.000000000000000000e+00
2.000000000000000000e+01 3.731000000000000000e+03 -1.000000000000000000e+00 -1.000000000000000000e+00 -1.000000000000000000e+00 -1.000000000000000000e+00 -1.000000000000000000e+00 1.728132000000000062e+03 1.256748000000000047e+03 1.026999999999999913e+00 8.814999999999999503e-01 2.720499999999999918e+00 1.000000000000000000e+00
2.100000000000000000e+01 3.731000000000000000e+03 -1.000000000000000000e+00 -1.000000000000000000e+00 -1.000000000000000000e+00 -1.000000000000000000e+00 -1.000000000000000000e+00 1.726674999999999955e+03 1.257124000000000024e+03 1.028000000000000025e+00 8.814999999999999503e-01 2.720499999999999918e+00 1.000000000000000000e+00
2.200000000000000000e+01 3.731000000000000000e+03 -1.000000000000000000e+00 -1.000000000000000000e+00 -1.000000000000000000e+00 -1.000000000000000000e+00 -1.000000000000000000e+00 1.724790999999999940e+03 1.257608999999999924e+03 1.106999999999999984e+00 8.814999999999999503e-01 2.720499999999999918e+00 1.000000000000000000e+00
2.300000000000000000e+01 3.731000000000000000e+03 -1.000000000000000000e+00 -1.000000000000000000e+00 -1.000000000000000000e+00 -1.000000000000000000e+00 -1.000000000000000000e+00 1.722729000000000042e+03 1.258138999999999896e+03 1.185999999999999943e+00 8.814999999999999503e-01 2.720499999999999918e+00 1.000000000000000000e+00
2.400000000000000000e+01 3.731000000000000000e+03 -1.000000000000000000e+00 -1.000000000000000000e+00 -1.000000000000000000e+00 -1.000000000000000000e+00 -1.000000000000000000e+00 1.720311999999999898e+03 1.258835000000000036e+03 1.264999999999999902e+00 8.814999999999999503e-01 2.720499999999999918e+00 1.000000000000000000e+00
2.500000000000000000e+01 3.731000000000000000e+03 -1.000000000000000000e+00 -1.000000000000000000e+00 -1.000000000000000000e+00 -1.000000000000000000e+00 -1.000000000000000000e+00 1.717653000000000020e+03 1.259599999999999909e+03 1.350999999999999979e+00 8.814999999999999503e-01 2.720499999999999918e+00 1.000000000000000000e+00
2.600000000000000000e+01 3.731000000000000000e+03 -1.000000000000000000e+00 -1.000000000000000000e+00 -1.000000000000000000e+00 -1.000000000000000000e+00 -1.000000000000000000e+00 1.715019000000000005e+03 1.260265000000000100e+03 1.429999999999999938e+00 8.814999999999999503e-01 2.720499999999999918e+00 1.000000000000000000e+00
2.700000000000000000e+01 3.731000000000000000e+03 -1.000000000000000000e+00 -1.000000000000000000e+00 -1.000000000000000000e+00 -1.000000000000000000e+00 -1.000000000000000000e+00 1.710945999999999913e+03 1.261429000000000087e+03 1.524999999999999911e+00 8.814999999999999503e-01 2.720499999999999918e+00 1.000000000000000000e+00
