7.000000000000000000e+00 4.551000000000000000e+03 -1.000000000000000000e+00 -1.000000000000000000e+00 -1.000000000000000000e+00 -1.000000000000000000e+00 -1.000000000000000000e+00 2.005580999999999904e+03 2.376445999999999913e+03 1.122000000000000108e+00 2.849999999999999756e-01 3.190000000000000058e-01 8.479999999999999760e-01
8.000000000000000000e+00 4.551000000000000000e+03 -1.000000000000000000e+00 -1.000000000000000000e+00 -1.000000000000000000e+00 -1.000000000000000000e+00 -1.000000000000000000e+00 2.006192000000000007e+03 2.375956000000000131e+03 1.022000000000000020e+00 2.849999999999999756e-01 3.190000000000000058e-01 8.479999999999999760e-01
9.000000000000000000e+00 4.551000000000000000e+03 -1.000000000000000000e+00 -1.000000000000000000e+00 -1.000000000000000000e+00 -1.000000000000000000e+00 -1.000000000000000000e+00 2.006763999999999896e+03 2.375447999999999865e+03 8.960000000000000187e-01 2.849999999999999756e-01 3.190000000000000058e-01 8.479999999999999760e-01
1.000000000000000000e+01 4.551000000000000000e+03 -1.000000000000000000e+00 -1.000000000000000000e+00 -1.000000000000000000e+00 -1.000000000000000000e+00 -1.000000000000000000e+00 2.007269000000000005e+03 2.374911999999999807e+03 7.710000000000000187e-01 2.849999999999999756e-01 3.190000000000000058e-01 8.479999999999999760e-01
1.000000000000000000e+01 4.554000000000000000e+03 -1.000000000000000000e+00 -1.000000000000000000e+00 -1.000000000000000000e+00 -1.000000000000000000e+00 -1.000000000000000000e+00 2.012338999999999942e+03 2.368744999999999891e+03 7.209999999999999742e-01 3.554999999999999827e-01 4.465000000000000080e-01 8.639999999999999902e-01
1.100000000000000000e+01 4.551000000000000000e+03 -1.000000000000000000e+00 -1.000000000000000000e+00 -1.000000000000000000e+00 -1.000000000000000000e+00 -1.000000000000000000e+00 2.007792999999999893e+03 2.374347000000000207e+03 6.710000000000000409e-01 2.849999999999999756e-01 3.190000000000000058e-01 8.479999999999999760e-01
1.100000000000000000e+01 4.554000000000000000e+03 -1.000000000000000000e+00 -1.000000000000000000e+00 -1.000000000000000000e+00 -1.000000000000000000e+00 -1.000000000000000000e+00 2.011667999999999893e+03 2.369103000000000065e+03 7.239999999999999769e-01 3.554999999999999827e-01 4.465000000000000080e-01 8.639999999999999902e-01
1.200000000000000000e+01 4.551000000000000000e+03 -1.000000000000000000e+00 -1.000000000000000000e+00 -1.000000000000000000e+00 -1.000000000000000000e+00 -1.000000000000000000e+00 2.008258000000000038e+03 2.373737999999999829e+03 5.709999999999999520e-01 2.849999999999999756e-01 3.190000000000000058e-01 8.479999999999999760e-01
1.200000000000000000e+01 4.554000000000000000e+03 -1.000000000000000000e+00 -1.000000000000000000e+00 -1.000000000000000000e+00 -1.000000000000000000e+00 -1.000000000000000000e+00 2.011016000000000076e+03 2.369496000000000095e+03 7.269999999999999796e-01 3.554999999999999827e-01 4.465000000000000080e-01 8.639999999999999902e-01
1.300000000000000000e+01 4.551000000000000000e+03 -1.000000000000000000e+00 -1.000000000000000000e+00 -1.000000000000000000e+00 -1.000000000000000000e+00 -1.000000000000000000e+00 2.008951000000000022e+03 2.373141000000000076e+03 7.019999999999999574e-01 2.849999999999999756e-01 3.190000000000000058e-01 8.479999999999999760e-01
1.300000000000000000e+01 4.554000000000000000e+03 -1.000000000000000000e+00 -1.000000000000000000e+00 -1.000000000000000000e+00 -1.000000000000000000e+00 -1.000000000000000000e+00 2.010381000000000085e+03 2.369911999999999807e+03 6.540000000000000258e-01 3.554999999999999827e-01 4.465000000000000080e-01 8.639999999999999902e-01
1.400000000000000000e+01 4.551000000000000000e+03 -1.000000000000000000e+00 -1.000000000000000000e+00 -1.000000000000000000e+00 -1.000000000000000000e+00 -1.000000000000000000e+00 2.009759999999999991e+03 2.372594000000000051e+03 6.360000000000000098e-01 2.849999999999999756e-01 3.190000000000000058e-01 8.479999999999999760e-01
1.400000000000000000e+01 4.554000000000000000e+03 -1.000000000000000000e+00 -1.000000000000000000e+00 -1.000000000000000000e+00 -1.000000000000000000e+00 -1.000000000000000000e+00 2.009816000000000031e+03 2.370416000000000167e+03 6.750000000000000444e-01 3.554999999999999827e-01 4.465000000000000080e-01 8.639999999999999902e-01
1.500000000000000000e+01 4.554000000000000000e+03 -1.000000000000000000e+00 -1.000000000000000000e+00 -1.000000000000000000e+00 -1.000000000000000000e+00 -1.000000000000000000e+00 2.009296000000000049e+03 2.370913000000000011e+03 6.939999999999999503e-01 3.554999999999999827e-01 4.465000000000000080e-01 8.639999999999999902e-01
1.500000000000000000e+01 4.551000000000000000e+03 -1.000000000000000000e+00 -1.000000000000000000e+00 -1.000000000000000000e+00 -1.000000000000000000e+00 -1.000000000000000000e+00 2.010383676868170824e+03 2.372173717751496952e+03 6.759792864212093022e-01 2.849999999999999756e-01 3.190000000000000058e-01 8.479999999999998650e-01
1.600000000000000000e+01 4.551000000000000000e+03 -1.000000000000000000e+00 -1.000000000000000000e+00 -1.000000000000000000e+00 -1.000000000000000000e+00 -1.000000000000000000e+00 2.011008000000000038e+03 2.371753000000000156e+03 7.159999999999999698e-01 2.849999999999999756e-01 3.190000000000000058e-01 8.479999999999999760e-01
1.600000000000000000e+01 4.554000000000000000e+03 -1.000000000000000000e+00 -1.000000000000000000e+00 -1.000000000000000000e+00 -1.000000000000000000e+00 -1.000000000000000000e+00 2.008755000000000109e+03 2.371373000000000047e+03 7.620000000000000107e-01 3.554999999999999827e-01 4.465000000000000080e-01 8.639999999999999902e-01
1.700000000000000000e+01 4.554000000000000000e+03 -1.000000000000000000e+00 -1.000000000000000000e+00 -1.000000000000000000e+00 -1.000000000000000000e+00 -1.000000000000000000e+00 2.008213999999999942e+03 2.371833000000000084e+03 8.309999999999999609e-01 3.554999999999999827e-01 4.465000000000000080e-01 8.639999999999999902e-01
1.800000000000000000e+01 4.554000000000000000e+03 -1.000000000000000000e+00 -1.000000000000000000e+00 -1.000000000000000000e+00 -1.000000000000000000e+00 -1.000000000000000000e+00 2.007713999999999942e+03 2.372280000000000200e+03 9.499999999999999556e-01 3.554999999999999827e-01 4.465000000000000080e-01 8.639999999999999902e-01
1.900000000000000000e+01 4.554000000000000000e+03 -1.000000000000000000e+00 -1.000000000000000000e+00 -1.000000000000000000e+00 -1.000000000000000000e+00 -1.000000000000000000e+00 2.007212999999999965e+03 2.372726999999999862e+03 1.018000000000000016e+00 3.554999999999999827e-01 4.465000000000000080e-01 8.639999999999999902e-01
2.300000000000000000e+01 4.566000000000000000e+03 -1.000000000000000000e+00 -1.000000000000000000e+00 -1.000000000000000000e+00 -1.000000000000000000e+00 -1.000000000000000000e+00 1.933761999999999944e+03 2.433751999999999953e+03 1.990000000000000102e-01 2.665000000000000147e-01 3.674999999999999933e-01 7.704999999999999627e-01
2.400000000000000000e+01 4.566000000000000000e+03 -1.000000000000000000e+00 -1.000000000000000000e+00 -1.000000000000000000e+00 -1.000000000000000000e+00 -1.000000000000000000e+00 1.933665999999999940e+03 2.433652999999999793e+03 3.489999999999999769e-01 2.665000000000000147e-01 3.674999999999999933e-01 7.704999999999999627e-01
2.400000000000000000e+01 4.567000000000000000e+03 -1.000000000000000000e+00 -1.000000000000000000e+00 -1.000000000000000000e+00 -1.000000000000000000e+00 -1.000000000000000000e+00 1.933090999999999894e+03 2.434443000000000211e+03 2.810000000000000275e-01 3.734999999999999987e-01 2.919999999999999818e-01 7.874999999999999778e-01
2.500000000000000000e+01 4.566000000000000000e+03 -1.000000000000000000e+00 -1.000000000000000000e+00 -1.000000000000000000e+00 -1.000000000000000000e+00 -1.000000000000000000e+00 1.933642000000000053e+03 2.433628999999999905e+03 4.739999999999999769e-01 2.665000000000000147e-01 3.674999999999999933e-01 7.704999999999999627e-01
2.500000000000000000e+01 4.567000000000000000e+03 -1.000000000000000000e+00 -1.000000000000000000e+00 -1.000000000000000000e+00 -1.000000000000000000e+00 -1.000000000000000000e+00 1.933090999999999894e+03 2.434443000000000211e+03 3.810000000000000053e-01 3.734999999999999987e-01 2.919999999999999818e-01 7.874999999999999778e-01
2.500000000000000000e+01 4.568000000000000000e+03 -1.000000000000000000e+00 -1.000000000000000000e+00 -1.000000000000000000e+00 -1.000000000000000000e+00 -1.000000000000000000e+00 1.933730999999999995e+03 2.432420000000000073e+03 5.999999999999999778e-02 2.434999999999999942e-01 1.900000000000000022e-01 5.164999999999999591e-01
2.600000000000000000e+01 4.566000000000000000e+03 -1.000000000000000000e+00 -1.000000000000000000e+00 -1.000000000000000000e+00 -1.000000000000000000e+00 -1.000000000000000000e+00 1.933616999999999962e+03 2.433603999999999814e+03 5.989999999999999769e-01 2.665000000000000147e-01 3.674999999999999933e-01 7.704999999999999627e-01
2.600000000000000000e+01 4.567000000000000000e+03 -1.000000000000000000e+00 -1.000000000000000000e+00 -1.000000000000000000e+00 -1.000000000000000000e+00 -1.000000000000000000e+00 1.933042999999999893e+03 2.434402999999999793e+03 4.809999999999999831e-01 3.734999999999999987e-01 2.919999999999999818e-01 7.874999999999999778e-01
2.600000000000000000e+01 4.568000000000000000e+03 -1.000000000000000000e+00 -1.000000000000000000e+00 -1.000000000000000000e+00 -1.000000000000000000e+00 -1.000000000000000000e+00 1.933730999999999995e+03 2.432420000000000073e+03 2.099999999999999922e-01 2.434999999999999942e-01 1.900000000000000022e-01 5.164999999999999591e-01
2.600000000000000000e+01 4.569000000000000000e+03 -1.000000000000000000e+00 -1.000000000000000000e+00 -1.000000000000000000e+00 -1.000000000000000000e+00 -1.000000000000000000e+00 1.908575000000000045e+03 2.436304000000000087e+03 -3.000000000000000062e-03 2.399999999999999911e-01 2.675000000000000155e-01 7.249999999999999778e-01
2.700000000000000000e+01 4.566000000000000000e+03 -1.000000000000000000e+00 -1.000000000000000000e+00 -1.000000000000000000e+00 -1.000000000000000000e+00 -1.000000000000000000e+00 1.933616999999999962e+03 2.433603999999999814e+03 6.989999999999999547e-01 2.665000000000000147e-01 3.674999999999999933e-01 7.704999999999999627e-01
2.700000000000000000e+01 4.570000000000000000e+03 -1.000000000000000000e+00 -1.000000000000000000e+00 -1.000000000000000000e+00 -1.000000000000000000e+00 -1.000000000000000000e+00 1.921183999999999969e+03 2.421052000000000135e+03 1.429000000000000048e+00 2.454999999999999960e-01 2.765000000000000235e-01 8.279999999999999583e-01
2.700000000000000000e+01 4.567000000000000000e+03 -1.000000000000000000e+00 -1.000000000000000000e+00 -1.000000000000000000e+00 -1.000000000000000000e+00 -1.000000000000000000e+00 1.932994999999999891e+03 2.434362000000000080e+03 6.310000000000000053e-01 3.734999999999999987e-01 2.919999999999999818e-01 7.874999999999999778e-01
2.700000000000000000e+01 4.568000000000000000e+03 -1.000000000000000000e+00 -1.000000000000000000e+00 -1.000000000000000000e+00 -1.000000000000000000e+00 -1.000000000000000000e+00 1.933701999999999998e+03 2.432449999999999818e+03 3.099999999999999978e-01 2.434999999999999942e-01 1.900000000000000022e-01 5.164999999999999591e-01
2.700000000000000000e+01 4.569000000000000000e+03 -1.000000000000000000e+00 -1.000000000000000000e+00 -1.000000000000000000e+00 -1.000000000000000000e+00 -1.000000000000000000e+00 1.908574000000000069e+03 2.436309999999999945e+03 1.640000000000000069e-01 2.399999999999999911e-01 2.675000000000000155e-01 7.249999999999999778e-01
2.800000000000000000e+01 4.566000000000000000e+03 -1.000000000000000000e+00 -1.000000000000000000e+00 -1.000000000000000000e+00 -1.000000000000000000e+00 -1.000000000000000000e+00 1.933622000000000071e+03 2.433608999999999924e+03 8.489999999999999769e-01 2.665000000000000147e-01 3.674999999999999933e-01 7.704999999999999627e-01
2.800000000000000000e+01 4.570000000000000000e+03 -1.000000000000000000e+00 -1.000000000000000000e+00 -1.000000000000000000e+00 -1.000000000000000000e+00 -1.000000000000000000e+00 1.920694999999999936e+03 2.421626999999999953e+03 1.417000000000000037e+00 2.454999999999999960e-01 2.765000000000000235e-01 8.279999999999999583e-01
2.800000000000000000e+01 4.573000000000000000e+03 -1.000000000000000000e+00 -1.000000000000000000e+00 -1.000000000000000000e+00 -1.000000000000000000e+00 -1.000000000000000000e+00 1.915384999999999991e+03 2.426791999999999916e+03 7.580000000000000071e-01 2.320000000000000118e-01 4.625000000000000222e-01 7.860000000000000320e-01
2.800000000000000000e+01 4.567000000000000000e+03 -1.000000000000000000e+00 -1.000000000000000000e+00 -1.000000000000000000e+00 -1.000000000000000000e+00 -1.000000000000000000e+00 1.932994999999999891e+03 2.434362000000000080e+03 7.810000000000000275e-01 3.734999999999999987e-01 2.919999999999999818e-01 7.874999999999999778e-01
2.800000000000000000e+01 4.574000000000000000e+03 -1.000000000000000000e+00 -1.000000000000000000e+00 -1.000000000000000000e+00 -1.000000000000000000e+00 -1.000000000000000000e+00 1.918523999999999887e+03 2.424905999999999949e+03 9.939999999999999947e-01 3.360000000000000209e-01 2.725000000000000200e-01 9.104999999999999760e-01
2.800000000000000000e+01 4.569000000000000000e+03 -1.000000000000000000e+00 -1.000000000000000000e+00 -1.000000000000000000e+00 -1.000000000000000000e+00 -1.000000000000000000e+00 1.908573000000000093e+03 2.436317000000000007e+03 3.469999999999999751e-01 2.399999999999999911e-01 2.675000000000000155e-01 7.249999999999999778e-01
2.800000000000000000e+01 4.575000000000000000e+03 -1.000000000000000000e+00 -1.000000000000000000e+00 -1.000000000000000000e+00 -1.000000000000000000e+00 -1.000000000000000000e+00 1.919900000000000091e+03 2.421838000000000193e+03 1.447999999999999954e+00 2.515000000000000013e-01 2.685000000000000164e-01 8.695000000000000506e-01
2.800000000000000000e+01 4.568000000000000000e+03 -1.000000000000000000e+00 -1.000000000000000000e+00 -1.000000000000000000e+00 -1.000000000000000000e+00 -1.000000000000000000e+00 1.933664369917252316e+03 2.432459050273065714e+03 4.552806992163035971e-01 2.434999999999999942e-01 1.900000000000000022e-01 5.164999999999999591e-01
2.900000000000000000e+01 4.566000000000000000e+03 -1.000000000000000000e+00 -1.000000000000000000e+00 -1.000000000000000000e+00 -1.000000000000000000e+00 -1.000000000000000000e+00 1.933622000000000071e+03 2.433608999999999924e+03 9.989999999999999991e-01 2.665000000000000147e-01 3.674999999999999933e-01 7.704999999999999627e-01
2.900000000000000000e+01 4.570000000000000000e+03 -1.000000000000000000e+00 -1.000000000000000000e+00 -1.000000000000000000e+00 -1.000000000000000000e+00 -1.000000000000000000e+00 1.920195999999999913e+03 2.422115999999999985e+03 1.407000000000000028e+00 2.454999999999999960e-01 2.765000000000000235e-01 8.279999999999999583e-01
2.900000000000000000e+01 4.573000000000000000e+03 -1.000000000000000000e+00 -1.000000000000000000e+00 -1.000000000000000000e+00 -1.000000000000000000e+00 -1.000000000000000000e+00 1.914924999999999955e+03 2.427389000000000124e+03 8.579999999999999849e-01 2.320000000000000118e-01 4.625000000000000222e-01 7.860000000000000320e-01
2.900000000000000000e+01 4.567000000000000000e+03 -1.000000000000000000e+00 -1.000000000000000000e+00 -1.000000000000000000e+00 -1.000000000000000000e+00 -1.000000000000000000e+00 1.932999000000000024e+03 2.434365999999999985e+03 9.310000000000000497e-01 3.734999999999999987e-01 2.919999999999999818e-01 7.874999999999999778e-01
2.900000000000000000e+01 4.574000000000000000e+03 -1.000000000000000000e+00 -1.000000000000000000e+00 -1.000000000000000000e+00 -1.000000000000000000e+00 -1.000000000000000000e+00 1.918010999999999967e+03 2.425449000000000069e+03 1.094000000000000083e+00 3.360000000000000209e-01 2.725000000000000200e-01 9.104999999999999760e-01
2.900000000000000000e+01 4.568000000000000000e+03 -1.000000000000000000e+00 -1.000000000000000000e+00 -1.000000000000000000e+00 -1.000000000000000000e+00 -1.000000000000000000e+00 1.933623000000000047e+03 2.432469000000000051e+03 6.149999999999999911e-01 2.434999999999999942e-01 1.900000000000000022e-01 5.164999999999999591e-01
2.900000000000000000e+01 4.576000000000000000e+03 -1.000000000000000000e+00 -1.000000000000000000e+00 -1.000000000000000000e+00 -1.000000000000000000e+00 -1.000000000000000000e+00 1.917311999999999898e+03 2.424016999999999825e+03 1.443000000000000060e+00 2.814999999999999725e-01 3.594999999999999862e-01 8.860000000000000098e-01
2.900000000000000000e+01 4.578000000000000000e+03 -1.000000000000000000e+00 -1.000000000000000000e+00 -1.000000000000000000e+00 -1.000000000000000000e+00 -1.000000000000000000e+00 1.916113000000000056e+03 2.425655000000000200e+03 1.004999999999999893e+00 2.565000000000000058e-01 2.800000000000000266e-01 8.004999999999999893e-01
2.900000000000000000e+01 4.579000000000000000e+03 -1.000000000000000000e+00 -1.000000000000000000e+00 -1.000000000000000000e+00 -1.000000000000000000e+00 -1.000000000000000000e+00 1.917829999999999927e+03 2.422849000000000160e+03 1.247999999999999998e+00 3.320000000000000173e-01 3.320000000000000173e-01 6.790000000000000480e-01
2.900000000000000000e+01 4.569000000000000000e+03 -1.000000000000000000e+00 -1.000000000000000000e+00 -1.000000000000000000e+00 -1.000000000000000000e+00 -1.000000000000000000e+00 1.908505000000000109e+03 2.436409999999999854e+03 3.469999999999999751e-01 2.399999999999999911e-01 2.675000000000000155e-01 7.249999999999999778e-01
2.900000000000000000e+01 4.575000000000000000e+03 -1.000000000000000000e+00 -1.000000000000000000e+00 -1.000000000000000000e+00 -1.000000000000000000e+00 -1.000000000000000000e+00 1.919522999999999911e+03 2.422228000000000065e+03 1.447999999999999954e+00 2.515000000000000013e-01 2.685000000000000164e-01 8.695000000000000506e-01
3.000000000000000000e+01 4.566000000000000000e+03 -1.000000000000000000e+00 -1.000000000000000000e+00 -1.000000000000000000e+00 -1.000000000000000000e+00 -1.000000000000000000e+00 1.933520999999999958e+03 2.433717999999999847e+03 1.098999999999999977e+00 2.665000000000000147e-01 3.674999999999999933e-01 7.704999999999999627e-01
3.000000000000000000e+01 4.570000000000000000e+03 -1.000000000000000000e+00 -1.000000000000000000e+00 -1.000000000000000000e+00 -1.000000000000000000e+00 -1.000000000000000000e+00 1.919775000000000091e+03 2.422367000000000189e+03 1.645999999999999908e+00 2.454999999999999960e-01 2.765000000000000235e-01 8.279999999999999583e-01
3.000000000000000000e+01 4.573000000000000000e+03 -1.000000000000000000e+00 -1.000000000000000000e+00 -1.000000000000000000e+00 -1.000000000000000000e+00 -1.000000000000000000e+00 1.914607999999999947e+03 2.427920000000000073e+03 9.579999999999999627e-01 2.320000000000000118e-01 4.625000000000000222e-01 7.860000000000000320e-01
3.000000000000000000e+01 4.567000000000000000e+03 -1.000000000000000000e+00 -1.000000000000000000e+00 -1.000000000000000000e+00 -1.000000000000000000e+00 -1.000000000000000000e+00 1.932999000000000024e+03 2.434365999999999985e+03 1.080999999999999961e+00 3.734999999999999987e-01 2.919999999999999818e-01 7.874999999999999778e-01
3.000000000000000000e+01 4.574000000000000000e+03 -1.000000000000000000e+00 -1.000000000000000000e+00 -1.000000000000000000e+00 -1.000000000000000000e+00 -1.000000000000000000e+00 1.917502999999999929e+03 2.425985999999999876e+03 1.193999999999999950e+00 3.360000000000000209e-01 2.725000000000000200e-01 9.104999999999999760e-01
3.000000000000000000e+01 4.568000000000000000e+03 -1.000000000000000000e+00 -1.000000000000000000e+00 -1.000000000000000000e+00 -1.000000000000000000e+00 -1.000000000000000000e+00 1.933586000000000013e+03 2.432391999999999825e+03 7.600000000000000089e-01 2.434999999999999942e-01 1.900000000000000022e-01 5.164999999999999591e-01
3.000000000000000000e+01 4.576000000000000000e+03 -1.000000000000000000e+00 -1.000000000000000000e+00 -1.000000000000000000e+00 -1.000000000000000000e+00 -1.000000000000000000e+00 1.916785000000000082e+03 2.424318999999999960e+03 1.429999999999999938e+00 2.814999999999999725e-01 3.594999999999999862e-01 8.860000000000000098e-01
3.000000000000000000e+01 4.578000000000000000e+03 -1.000000000000000000e+00 -1.000000000000000000e+00 -1.000000000000000000e+00 -1.000000000000000000e+00 -1.000000000000000000e+00 1.915607999999999947e+03 2.426186999999999898e+03 1.004999999999999893e+00 2.565000000000000058e-01 2.800000000000000266e-01 8.004999999999999893e-01
3.000000000000000000e+01 4.579000000000000000e+03 -1.000000000000000000e+00 -1.000000000000000000e+00 -1.000000000000000000e+00 -1.000000000000000000e+00 -1.000000000000000000e+00 1.917819999999999936e+03 2.422840000000000146e+03 1.423000000000000043e+00 3.320000000000000173e-01 3.320000000000000173e-01 6.790000000000000480e-01
3.000000000000000000e+01 4.569000000000000000e+03 -1.000000000000000000e+00 -1.000000000000000000e+00 -1.000000000000000000e+00 -1.000000000000000000e+00 -1.000000000000000000e+00 1.908486000000000104e+03 2.436407000000000153e+03 5.220000000000000195e-01 2.399999999999999911e-01 2.675000000000000155e-01 7.249999999999999778e-01
3.000000000000000000e+01 4.575000000000000000e+03 -1.000000000000000000e+00 -1.000000000000000000e+00 -1.000000000000000000e+00 -1.000000000000000000e+00 -1.000000000000000000e+00 1.919228000000000065e+03 2.422518000000000029e+03 1.447999999999999954e+00 2.515000000000000013e-01 2.685000000000000164e-01 8.695000000000000506e-01
3.100000000000000000e+01 4.566000000000000000e+03 -1.000000000000000000e+00 -1.000000000000000000e+00 -1.000000000000000000e+00 -1.000000000000000000e+00 -1.000000000000000000e+00 1.933500999999999976e+03 2.433717999999999847e+03 1.298999999999999932e+00 2.665000000000000147e-01 3.674999999999999933e-01 7.704999999999999627e-01
3.100000000000000000e+01 4.570000000000000000e+03 -1.000000000000000000e+00 -1.000000000000000000e+00 -1.000000000000000000e+00 -1.000000000000000000e+00 -1.000000000000000000e+00 1.919490000000000009e+03 2.422579999999999927e+03 1.885000000000000009e+00 2.454999999999999960e-01 2.765000000000000235e-01 8.279999999999999583e-01
3.100000000000000000e+01 4.573000000000000000e+03 -1.000000000000000000e+00 -1.000000000000000000e+00 -1.000000000000000000e+00 -1.000000000000000000e+00 -1.000000000000000000e+00 1.914217000000000098e+03 2.428320000000000164e+03 1.058000000000000052e+00 2.320000000000000118e-01 4.625000000000000222e-01 7.860000000000000320e-01
3.100000000000000000e+01 4.567000000000000000e+03 -1.000000000000000000e+00 -1.000000000000000000e+00 -1.000000000000000000e+00 -1.000000000000000000e+00 -1.000000000000000000e+00 1.932759000000000015e+03 2.434164000000000215e+03 1.280999999999999917e+00 3.734999999999999987e-01 2.919999999999999818e-01 7.874999999999999778e-01
3.100000000000000000e+01 4.574000000000000000e+03 -1.000000000000000000e+00 -1.000000000000000000e+00 -1.000000000000000000e+00 -1.000000000000000000e+00 -1.000000000000000000e+00 1.917058999999999969e+03 2.426572000000000116e+03 1.294999999999999929e+00 3.360000000000000209e-01 2.725000000000000200e-01 9.104999999999999760e-01
3.100000000000000000e+01 4.576000000000000000e+03 -1.000000000000000000e+00 -1.000000000000000000e+00 -1.000000000000000000e+00 -1.000000000000000000e+00 -1.000000000000000000e+00 1.916369999999999891e+03 2.424483999999999924e+03 1.550999999999999934e+00 2.814999999999999725e-01 3.594999999999999862e-01 8.860000000000000098e-01
3.100000000000000000e+01 4.578000000000000000e+03 -1.000000000000000000e+00 -1.000000000000000000e+00 -1.000000000000000000e+00 -1.000000000000000000e+00 -1.000000000000000000e+00 1.915252999999999929e+03 2.426626999999999953e+03 1.155000000000000027e+00 2.565000000000000058e-01 2.800000000000000266e-01 8.004999999999999893e-01
3.100000000000000000e+01 4.579000000000000000e+03 -1.000000000000000000e+00 -1.000000000000000000e+00 -1.000000000000000000e+00 -1.000000000000000000e+00 -1.000000000000000000e+00 1.917829999999999927e+03 2.422849000000000160e+03 1.598000000000000087e+00 3.320000000000000173e-01 3.320000000000000173e-01 6.790000000000000480e-01
3.100000000000000000e+01 4.569000000000000000e+03 -1.000000000000000000e+00 -1.000000000000000000e+00 -1.000000000000000000e+00 -1.000000000000000000e+00 -1.000000000000000000e+00 1.908467000000000098e+03 2.436403999999999996e+03 6.969999999999999529e-01 2.399999999999999911e-01 2.675000000000000155e-01 7.249999999999999778e-01
3.100000000000000000e+01 4.575000000000000000e+03 -1.000000000000000000e+00 -1.000000000000000000e+00 -1.000000000000000000e+00 -1.000000000000000000e+00 -1.000000000000000000e+00 1.918842000000000098e+03 2.422889999999999873e+03 1.697999999999999954e+00 2.515000000000000013e-01 2.685000000000000164e-01 8.695000000000000506e-01
3.200000000000000000e+01 4.566000000000000000e+03 -1.000000000000000000e+00 -1.000000000000000000e+00 -1.000000000000000000e+00 -1.000000000000000000e+00 -1.000000000000000000e+00 1.933487000000000080e+03 2.433722000000000207e+03 1.499000000000000110e+00 2.665000000000000147e-01 3.674999999999999933e-01 7.704999999999999627e-01
3.200000000000000000e+01 4.570000000000000000e+03 -1.000000000000000000e+00 -1.000000000000000000e+00 -1.000000000000000000e+00 -1.000000000000000000e+00 -1.000000000000000000e+00 1.919155999999999949e+03 2.422960999999999785e+03 2.024000000000000021e+00 2.454999999999999960e-01 2.765000000000000235e-01 8.279999999999999583e-01
3.200000000000000000e+01 4.573000000000000000e+03 -1.000000000000000000e+00 -1.000000000000000000e+00 -1.000000000000000000e+00 -1.000000000000000000e+00 -1.000000000000000000e+00 1.913829999999999927e+03 2.428826000000000022e+03 1.207999999999999963e+00 2.320000000000000118e-01 4.625000000000000222e-01 7.860000000000000320e-01
3.200000000000000000e+01 4.567000000000000000e+03 -1.000000000000000000e+00 -1.000000000000000000e+00 -1.000000000000000000e+00 -1.000000000000000000e+00 -1.000000000000000000e+00 1.932671000000000049e+03 2.434170999999999822e+03 1.481000000000000094e+00 3.734999999999999987e-01 2.919999999999999818e-01 7.874999999999999778e-01
3.200000000000000000e+01 4.574000000000000000e+03 -1.000000000000000000e+00 -1.000000000000000000e+00 -1.000000000000000000e+00 -1.000000000000000000e+00 -1.000000000000000000e+00 1.916654999999999973e+03 2.427103000000000065e+03 1.395000000000000018e+00 3.360000000000000209e-01 2.725000000000000200e-01 9.104999999999999760e-01
3.200000000000000000e+01 4.576000000000000000e+03 -1.000000000000000000e+00 -1.000000000000000000e+00 -1.000000000000000000e+00 -1.000000000000000000e+00 -1.000000000000000000e+00 1.915954999999999927e+03 2.424648999999999887e+03 1.671000000000000041e+00 2.814999999999999725e-01 3.594999999999999862e-01 8.860000000000000098e-01
3.200000000000000000e+01 4.578000000000000000e+03 -1.000000000000000000e+00 -1.000000000000000000e+00 -1.000000000000000000e+00 -1.000000000000000000e+00 -1.000000000000000000e+00 1.914984999999999900e+03 2.427052999999999884e+03 1.354999999999999982e+00 2.565000000000000058e-01 2.800000000000000266e-01 8.004999999999999893e-01
3.200000000000000000e+01 4.569000000000000000e+03 -1.000000000000000000e+00 -1.000000000000000000e+00 -1.000000000000000000e+00 -1.000000000000000000e+00 -1.000000000000000000e+00 1.908470000000000027e+03 2.436405999999999949e+03 8.719999999999999973e-01 2.399999999999999911e-01 2.675000000000000155e-01 7.249999999999999778e-01
3.200000000000000000e+01 4.575000000000000000e+03 -1.000000000000000000e+00 -1.000000000000000000e+00 -1.000000000000000000e+00 -1.000000000000000000e+00 -1.000000000000000000e+00 1.918565000000000055e+03 2.423342999999999847e+03 1.947999999999999954e+00 2.515000000000000013e-01 2.685000000000000164e-01 8.695000000000000506e-01
3.300000000000000000e+01 4.566000000000000000e+03 -1.000000000000000000e+00 -1.000000000000000000e+00 -1.000000000000000000e+00 -1.000000000000000000e+00 -1.000000000000000000e+00 1.933477000000000089e+03 2.433731999999999971e+03 1.699000000000000066e+00 2.665000000000000147e-01 3.674999999999999933e-01 7.704999999999999627e-01
3.300000000000000000e+01 4.570000000000000000e+03 -1.000000000000000000e+00 -1.000000000000000000e+00 -1.000000000000000000e+00 -1.000000000000000000e+00 -1.000000000000000000e+00 1.918965999999999894e+03 2.423172999999999774e+03 2.096999999999999975e+00 2.454999999999999960e-01 2.765000000000000235e-01 8.279999999999999583e-01
3.300000000000000000e+01 4.573000000000000000e+03 -1.000000000000000000e+00 -1.000000000000000000e+00 -1.000000000000000000e+00 -1.000000000000000000e+00 -1.000000000000000000e+00 1.913468000000000075e+03 2.429353999999999814e+03 1.358999999999999986e+00 2.320000000000000118e-01 4.625000000000000222e-01 7.860000000000000320e-01
3.300000000000000000e+01 4.567000000000000000e+03 -1.000000000000000000e+00 -1.000000000000000000e+00 -1.000000000000000000e+00 -1.000000000000000000e+00 -1.000000000000000000e+00 1.932589999999999918e+03 2.434268000000000029e+03 1.681000000000000050e+00 3.734999999999999987e-01 2.919999999999999818e-01 7.874999999999999778e-01
3.300000000000000000e+01 4.574000000000000000e+03 -1.000000000000000000e+00 -1.000000000000000000e+00 -1.000000000000000000e+00 -1.000000000000000000e+00 -1.000000000000000000e+00 1.916250999999999976e+03 2.427635999999999967e+03 1.594999999999999973e+00 3.360000000000000209e-01 2.725000000000000200e-01 9.104999999999999760e-01
3.300000000000000000e+01 4.582000000000000000e+03 -1.000000000000000000e+00 -1.000000000000000000e+00 -1.000000000000000000e+00 -1.000000000000000000e+00 -1.000000000000000000e+00 1.902871000000000095e+03 2.484197999999999865e+03 -1.229999999999999982e-01 2.635000000000000120e-01 3.564999999999999836e-01 8.145000000000000018e-01
3.300000000000000000e+01 4.576000000000000000e+03 -1.000000000000000000e+00 -1.000000000000000000e+00 -1.000000000000000000e+00 -1.000000000000000000e+00 -1.000000000000000000e+00 1.915539999999999964e+03 2.424813999999999851e+03 1.792000000000000037e+00 2.814999999999999725e-01 3.594999999999999862e-01 8.860000000000000098e-01
3.300000000000000000e+01 4.578000000000000000e+03 -1.000000000000000000e+00 -1.000000000000000000e+00 -1.000000000000000000e+00 -1.000000000000000000e+00 -1.000000000000000000e+00 1.914618999999999915e+03 2.427615999999999985e+03 1.556000000000000050e+00 2.565000000000000058e-01 2.800000000000000266e-01 8.004999999999999893e-01
3.300000000000000000e+01 4.569000000000000000e+03 -1.000000000000000000e+00 -1.000000000000000000e+00 -1.000000000000000000e+00 -1.000000000000000000e+00 -1.000000000000000000e+00 1.908471999999999980e+03 2.436407999999999902e+03 1.046999999999999931e+00 2.399999999999999911e-01 2.675000000000000155e-01 7.249999999999999778e-01
3.300000000000000000e+01 4.575000000000000000e+03 -1.000000000000000000e+00 -1.000000000000000000e+00 -1.000000000000000000e+00 -1.000000000000000000e+00 -1.000000000000000000e+00 1.918313000000000102e+03 2.423759000000000015e+03 2.197999999999999954e+00 2.515000000000000013e-01 2.685000000000000164e-01 8.695000000000000506e-01
3.400000000000000000e+01 4.566000000000000000e+03 -1.000000000000000000e+00 -1.000000000000000000e+00 -1.000000000000000000e+00 -1.000000000000000000e+00 -1.000000000000000000e+00 1.933467000000000098e+03 2.433742000000000189e+03 1.899000000000000021e+00 2.665000000000000147e-01 3.674999999999999933e-01 7.704999999999999627e-01
3.400000000000000000e+01 4.570000000000000000e+03 -1.000000000000000000e+00 -1.000000000000000000e+00 -1.000000000000000000e+00 -1.000000000000000000e+00 -1.000000000000000000e+00 1.918519999999999982e+03 2.423403999999999996e+03 2.270000000000000018e+00 2.454999999999999960e-01 2.765000000000000235e-01 8.279999999999999583e-01
3.400000000000000000e+01 4.573000000000000000e+03 -1.000000000000000000e+00 -1.000000000000000000e+00 -1.000000000000000000e+00 -1.000000000000000000e+00 -1.000000000000000000e+00 1.913135999999999967e+03 2.429831999999999880e+03 1.508999999999999897e+00 2.320000000000000118e-01 4.625000000000000222e-01 7.860000000000000320e-01
3.400000000000000000e+01 4.583000000000000000e+03 -1.000000000000000000e+00 -1.000000000000000000e+00 -1.000000000000000000e+00 -1.000000000000000000e+00 -1.000000000000000000e+00 1.925432000000000016e+03 2.481869000000000142e+03 6.900000000000000577e-02 2.919999999999999818e-01 2.429999999999999938e-01 8.459999999999999742e-01
3.400000000000000000e+01 4.567000000000000000e+03 -1.000000000000000000e+00 -1.000000000000000000e+00 -1.000000000000000000e+00 -1.000000000000000000e+00 -1.000000000000000000e+00 1.932557000000000016e+03 2.434405000000000200e+03 1.881000000000000005e+00 3.734999999999999987e-01 2.919999999999999818e-01 7.874999999999999778e-01
3.400000000000000000e+01 4.574000000000000000e+03 -1.000000000000000000e+00 -1.000000000000000000e+00 -1.000000000000000000e+00 -1.000000000000000000e+00 -1.000000000000000000e+00 1.915586000000000013e+03 2.428070999999999913e+03 1.794999999999999929e+00 3.360000000000000209e-01 2.725000000000000200e-01 9.104999999999999760e-01
3.400000000000000000e+01 4.582000000000000000e+03 -1.000000000000000000e+00 -1.000000000000000000e+00 -1.000000000000000000e+00 -1.000000000000000000e+00 -1.000000000000000000e+00 1.902871000000000095e+03 2.484197999999999865e+03 -1.229999999999999982e-01 2.635000000000000120e-01 3.564999999999999836e-01 8.145000000000000018e-01
3.400000000000000000e+01 4.578000000000000000e+03 -1.000000000000000000e+00 -1.000000000000000000e+00 -1.000000000000000000e+00 -1.000000000000000000e+00 -1.000000000000000000e+00 1.914231999999999971e+03 2.428164000000000215e+03 1.655999999999999917e+00 2.565000000000000058e-01 2.800000000000000266e-01 8.004999999999999893e-01
3.400000000000000000e+01 4.569000000000000000e+03 -1.000000000000000000e+00 -1.000000000000000000e+00 -1.000000000000000000e+00 -1.000000000000000000e+00 -1.000000000000000000e+00 1.908451999999999998e+03 2.436416000000000167e+03 1.221999999999999975e+00 2.399999999999999911e-01 2.675000000000000155e-01 7.249999999999999778e-01
3.400000000000000000e+01 4.575000000000000000e+03 -1.000000000000000000e+00 -1.000000000000000000e+00 -1.000000000000000000e+00 -1.000000000000000000e+00 -1.000000000000000000e+00 1.917960000000000036e+03 2.424074999999999818e+03 2.447999999999999954e+00 2.515000000000000013e-01 2.685000000000000164e-01 8.695000000000000506e-01
3.400000000000000000e+01 4.584000000000000000e+03 -1.000000000000000000e+00 -1.000000000000000000e+00 -1.000000000000000000e+00 -1.000000000000000000e+00 -1.000000000000000000e+00 1.873517000000000053e+03 2.472043999999999869e+03 -3.400000000000000244e-02 2.575000000000000067e-01 3.330000000000000182e-01 8.719999999999999973e-01
3.500000000000000000e+01 4.585000000000000000e+03 -1.000000000000000000e+00 -1.000000000000000000e+00 -1.000000000000000000e+00 -1.000000000000000000e+00 -1.000000000000000000e+00 1.924988000000000056e+03 2.482449999999999818e+03 3.840000000000000080e-01 2.340000000000000135e-01 2.869999999999999774e-01 7.524999999999999467e-01
3.500000000000000000e+01 4.583000000000000000e+03 -1.000000000000000000e+00 -1.000000000000000000e+00 -1.000000000000000000e+00 -1.000000000000000000e+00 -1.000000000000000000e+00 1.924942999999999984e+03 2.481856999999999971e+03 3.699999999999999956e-01 2.919999999999999818e-01 2.429999999999999938e-01 8.459999999999999742e-01
3.500000000000000000e+01 4.574000000000000000e+03 -1.000000000000000000e+00 -1.000000000000000000e+00 -1.000000000000000000e+00 -1.000000000000000000e+00 -1.000000000000000000e+00 1.914973999999999933e+03 2.428556000000000040e+03 1.995000000000000107e+00 3.360000000000000209e-01 2.725000000000000200e-01 9.104999999999999760e-01
3.500000000000000000e+01 4.582000000000000000e+03 -1.000000000000000000e+00 -1.000000000000000000e+00 -1.000000000000000000e+00 -1.000000000000000000e+00 -1.000000000000000000e+00 1.902913999999999987e+03 2.484208999999999833e+03 5.299999999999999850e-02 2.635000000000000120e-01 3.564999999999999836e-01 8.145000000000000018e-01
3.500000000000000000e+01 4.578000000000000000e+03 -1.000000000000000000e+00 -1.000000000000000000e+00 -1.000000000000000000e+00 -1.000000000000000000e+00 -1.000000000000000000e+00 1.914151000000000067e+03 2.428318000000000211e+03 1.756000000000000005e+00 2.565000000000000058e-01 2.800000000000000266e-01 8.004999999999999893e-01
3.500000000000000000e+01 4.575000000000000000e+03 -1.000000000000000000e+00 -1.000000000000000000e+00 -1.000000000000000000e+00 -1.000000000000000000e+00 -1.000000000000000000e+00 1.917520999999999958e+03 2.424313000000000102e+03 2.347999999999999865e+00 2.515000000000000013e-01 2.685000000000000164e-01 8.695000000000000506e-01
3.500000000000000000e+01 4.584000000000000000e+03 -1.000000000000000000e+00 -1.000000000000000000e+00 -1.000000000000000000e+00 -1.000000000000000000e+00 -1.000000000000000000e+00 1.872999000000000024e+03 2.472545000000000073e+03 5.800000000000000294e-02 2.575000000000000067e-01 3.330000000000000182e-01 8.719999999999999973e-01
3.500000000000000000e+01 4.569000000000000000e+03 -1.000000000000000000e+00 -1.000000000000000000e+00 -1.000000000000000000e+00 -1.000000000000000000e+00 -1.000000000000000000e+00 1.908412670794685255e+03 2.436433331514206657e+03 1.571963267631536931e+00 2.399999999999999911e-01 2.675000000000000155e-01 7.249999999999999778e-01
3.600000000000000000e+01 4.587000000000000000e+03 -1.000000000000000000e+00 -1.000000000000000000e+00 -1.000000000000000000e+00 -1.000000000000000000e+00 -1.000000000000000000e+00 1.868786000000000058e+03 2.477956000000000131e+03 -1.219999999999999973e-01 2.625000000000000111e-01 3.559999999999999831e-01 8.515000000000000346e-01
3.600000000000000000e+01 4.585000000000000000e+03 -1.000000000000000000e+00 -1.000000000000000000e+00 -1.000000000000000000e+00 -1.000000000000000000e+00 -1.000000000000000000e+00 1.924136999999999944e+03 2.482431000000000040e+03 4.839999999999999858e-01 2.340000000000000135e-01 2.869999999999999774e-01 7.524999999999999467e-01
3.600000000000000000e+01 4.583000000000000000e+03 -1.000000000000000000e+00 -1.000000000000000000e+00 -1.000000000000000000e+00 -1.000000000000000000e+00 -1.000000000000000000e+00 1.924148999999999887e+03 2.481836999999999989e+03 4.199999999999999845e-01 2.919999999999999818e-01 2.429999999999999938e-01 8.459999999999999742e-01
3.600000000000000000e+01 4.582000000000000000e+03 -1.000000000000000000e+00 -1.000000000000000000e+00 -1.000000000000000000e+00 -1.000000000000000000e+00 -1.000000000000000000e+00 1.902836000000000013e+03 2.484150999999999840e+03 2.780000000000000249e-01 2.635000000000000120e-01 3.564999999999999836e-01 8.145000000000000018e-01
3.600000000000000000e+01 4.584000000000000000e+03 -1.000000000000000000e+00 -1.000000000000000000e+00 -1.000000000000000000e+00 -1.000000000000000000e+00 -1.000000000000000000e+00 1.872481999999999971e+03 2.473045000000000073e+03 2.240000000000000047e-01 2.575000000000000067e-01 3.330000000000000182e-01 8.719999999999999973e-01
3.600000000000000000e+01 4.569000000000000000e+03 -1.000000000000000000e+00 -1.000000000000000000e+00 -1.000000000000000000e+00 -1.000000000000000000e+00 -1.000000000000000000e+00 1.908432323111573169e+03 2.436424671171171212e+03 1.397090956340956369e+00 2.399999999999999911e-01 2.675000000000000155e-01 7.249999999999999778e-01
3.700000000000000000e+01 4.587000000000000000e+03 -1.000000000000000000e+00 -1.000000000000000000e+00 -1.000000000000000000e+00 -1.000000000000000000e+00 -1.000000000000000000e+00 1.868317999999999984e+03 2.478434000000000196e+03 5.399999999999999939e-02 2.625000000000000111e-01 3.559999999999999831e-01 8.515000000000000346e-01
3.700000000000000000e+01 4.588000000000000000e+03 -1.000000000000000000e+00 -1.000000000000000000e+00 -1.000000000000000000e+00 -1.000000000000000000e+00 -1.000000000000000000e+00 1.861788000000000011e+03 2.485333999999999833e+03 -1.660000000000000087e-01 2.225000000000000033e-01 2.625000000000000111e-01 8.349999999999999645e-01
3.700000000000000000e+01 4.582000000000000000e+03 -1.000000000000000000e+00 -1.000000000000000000e+00 -1.000000000000000000e+00 -1.000000000000000000e+00 -1.000000000000000000e+00 1.902758000000000038e+03 2.484094000000000051e+03 5.030000000000000027e-01 2.635000000000000120e-01 3.564999999999999836e-01 8.145000000000000018e-01
3.700000000000000000e+01 4.590000000000000000e+03 -1.000000000000000000e+00 -1.000000000000000000e+00 -1.000000000000000000e+00 -1.000000000000000000e+00 -1.000000000000000000e+00 1.862740999999999985e+03 2.485367999999999938e+03 -2.049999999999999878e-01 2.404999999999999916e-01 2.159999999999999976e-01 7.800000000000000266e-01
3.700000000000000000e+01 4.569000000000000000e+03 -1.000000000000000000e+00 -1.000000000000000000e+00 -1.000000000000000000e+00 -1.000000000000000000e+00 -1.000000000000000000e+00 1.908393000000000029e+03 2.436442000000000007e+03 1.747000000000000108e+00 2.399999999999999911e-01 2.675000000000000155e-01 7.249999999999999778e-01
3.700000000000000000e+01 4.584000000000000000e+03 -1.000000000000000000e+00 -1.000000000000000000e+00 -1.000000000000000000e+00 -1.000000000000000000e+00 -1.000000000000000000e+00 1.871924999999999955e+03 2.473623999999999796e+03 3.910000000000000142e-01 2.575000000000000067e-01 3.330000000000000182e-01 8.719999999999999973e-01
3.800000000000000000e+01 4.587000000000000000e+03 -1.000000000000000000e+00 -1.000000000000000000e+00 -1.000000000000000000e+00 -1.000000000000000000e+00 -1.000000000000000000e+00 1.867849999999999909e+03 2.478911000000000058e+03 2.290000000000000091e-01 2.625000000000000111e-01 3.559999999999999831e-01 8.515000000000000346e-01
3.800000000000000000e+01 4.588000000000000000e+03 -1.000000000000000000e+00 -1.000000000000000000e+00 -1.000000000000000000e+00 -1.000000000000000000e+00 -1.000000000000000000e+00 1.861276000000000067e+03 2.485916000000000167e+03 8.999999999999999320e-03 2.225000000000000033e-01 2.625000000000000111e-01 8.349999999999999645e-01
3.800000000000000000e+01 4.582000000000000000e+03 -1.000000000000000000e+00 -1.000000000000000000e+00 -1.000000000000000000e+00 -1.000000000000000000e+00 -1.000000000000000000e+00 1.902692000000000007e+03 2.484237999999999829e+03 6.780000000000000471e-01 2.635000000000000120e-01 3.564999999999999836e-01 8.145000000000000018e-01
3.800000000000000000e+01 4.590000000000000000e+03 -1.000000000000000000e+00 -1.000000000000000000e+00 -1.000000000000000000e+00 -1.000000000000000000e+00 -1.000000000000000000e+00 1.862281999999999925e+03 2.486150000000000091e+03 4.700000000000000011e-02 2.404999999999999916e-01 2.159999999999999976e-01 7.800000000000000266e-01
3.800000000000000000e+01 4.569000000000000000e+03 -1.000000000000000000e+00 -1.000000000000000000e+00 -1.000000000000000000e+00 -1.000000000000000000e+00 -1.000000000000000000e+00 1.908373000000000047e+03 2.436449999999999818e+03 1.921999999999999931e+00 2.399999999999999911e-01 2.675000000000000155e-01 7.249999999999999778e-01
3.800000000000000000e+01 4.584000000000000000e+03 -1.000000000000000000e+00 -1.000000000000000000e+00 -1.000000000000000000e+00 -1.000000000000000000e+00 -1.000000000000000000e+00 1.871476000898269604e+03 2.474122999001700464e+03 5.574996669000700233e-01 2.575000000000000622e-01 3.330000000000000737e-01 8.720000000000001084e-01
3.900000000000000000e+01 4.587000000000000000e+03 -1.000000000000000000e+00 -1.000000000000000000e+00 -1.000000000000000000e+00 -1.000000000000000000e+00 -1.000000000000000000e+00 1.867411000000000058e+03 2.479512999999999920e+03 4.289999999999999925e-01 2.625000000000000111e-01 3.559999999999999831e-01 8.515000000000000346e-01
3.900000000000000000e+01 4.588000000000000000e+03 -1.000000000000000000e+00 -1.000000000000000000e+00 -1.000000000000000000e+00 -1.000000000000000000e+00 -1.000000000000000000e+00 1.860708000000000084e+03 2.486447999999999865e+03 1.839999999999999969e-01 2.225000000000000033e-01 2.625000000000000111e-01 8.349999999999999645e-01
3.900000000000000000e+01 4.582000000000000000e+03 -1.000000000000000000e+00 -1.000000000000000000e+00 -1.000000000000000000e+00 -1.000000000000000000e+00 -1.000000000000000000e+00 1.902631000000000085e+03 2.484378000000000156e+03 8.529999999999999805e-01 2.635000000000000120e-01 3.564999999999999836e-01 8.145000000000000018e-01
3.900000000000000000e+01 4.590000000000000000e+03 -1.000000000000000000e+00 -1.000000000000000000e+00 -1.000000000000000000e+00 -1.000000000000000000e+00 -1.000000000000000000e+00 1.861731999999999971e+03 2.486768999999999778e+03 2.000000000000000111e-01 2.404999999999999916e-01 2.159999999999999976e-01 7.800000000000000266e-01
3.900000000000000000e+01 4.584000000000000000e+03 -1.000000000000000000e+00 -1.000000000000000000e+00 -1.000000000000000000e+00 -1.000000000000000000e+00 -1.000000000000000000e+00 1.871027000000000044e+03 2.474621999999999844e+03 7.239999999999999769e-01 2.575000000000000067e-01 3.330000000000000182e-01 8.719999999999999973e-01
4.000000000000000000e+01 4.587000000000000000e+03 -1.000000000000000000e+00 -1.000000000000000000e+00 -1.000000000000000000e+00 -1.000000000000000000e+00 -1.000000000000000000e+00 1.866971000000000004e+03 2.480114999999999782e+03 6.290000000000000036e-01 2.625000000000000111e-01 3.559999999999999831e-01 8.515000000000000346e-01
4.000000000000000000e+01 4.588000000000000000e+03 -1.000000000000000000e+00 -1.000000000000000000e+00 -1.000000000000000000e+00 -1.000000000000000000e+00 -1.000000000000000000e+00 1.860275000000000091e+03 2.487014999999999873e+03 3.589999999999999858e-01 2.225000000000000033e-01 2.625000000000000111e-01 8.349999999999999645e-01
4.000000000000000000e+01 4.582000000000000000e+03 -1.000000000000000000e+00 -1.000000000000000000e+00 -1.000000000000000000e+00 -1.000000000000000000e+00 -1.000000000000000000e+00 1.902570999999999913e+03 2.484516999999999825e+03 1.028000000000000025e+00 2.635000000000000120e-01 3.564999999999999836e-01 8.145000000000000018e-01
4.000000000000000000e+01 4.590000000000000000e+03 -1.000000000000000000e+00 -1.000000000000000000e+00 -1.000000000000000000e+00 -1.000000000000000000e+00 -1.000000000000000000e+00 1.861181000000000040e+03 2.487387000000000171e+03 3.529999999999999805e-01 2.404999999999999916e-01 2.159999999999999976e-01 7.800000000000000266e-01
4.000000000000000000e+01 4.584000000000000000e+03 -1.000000000000000000e+00 -1.000000000000000000e+00 -1.000000000000000000e+00 -1.000000000000000000e+00 -1.000000000000000000e+00 1.870542999999999893e+03 2.475161000000000058e+03 8.910000000000000142e-01 2.575000000000000067e-01 3.330000000000000182e-01 8.719999999999999973e-01
