1.900000000000000000e+01 3.699000000000000000e+03 -1.000000000000000000e+00 -1.000000000000000000e+00 -1.000000000000000000e+00 -1.000000000000000000e+00 -1.000000000000000000e+00 1.622605999999999995e+03 1.324587999999999965e+03 1.044999999999999929e+00 3.270000000000000129e-01 1.016999999999999904e+00 6.905000000000000027e-01
2.000000000000000000e+01 3.699000000000000000e+03 -1.000000000000000000e+00 -1.000000000000000000e+00 -1.000000000000000000e+00 -1.000000000000000000e+00 -1.000000000000000000e+00 1.622605999999999995e+03 1.324587999999999965e+03 1.044999999999999929e+00 3.270000000000000129e-01 1.016999999999999904e+00 6.905000000000000027e-01
2.100000000000000000e+01 3.699000000000000000e+03 -1.000000000000000000e+00 -1.000000000000000000e+00 -1.000000000000000000e+00 -1.000000000000000000e+00 -1.000000000000000000e+00 1.622605999999999995e+03 1.324587999999999965e+03 1.044999999999999929e+00 3.270000000000000129e-01 1.016999999999999904e+00 6.905000000000000027e-01
2.200000000000000000e+01 3.699000000000000000e+03 -1.000000000000000000e+00 -1.000000000000000000e+00 -1.000000000000000000e+00 -1.000000000000000000e+00 -1.000000000000000000e+00 1.622605999999999995e+03 1.324587999999999965e+03 1.044999999999999929e+00 3.270000000000000129e-01 1.016999999999999904e+00 6.905000000000000027e-01
2.300000000000000000e+01 3.699000000000000000e+03 -1.000000000000000000e+00 -1.000000000000000000e+00 -1.000000000000000000e+00 -1.000000000000000000e+00 -1.000000000000000000e+00 1.622605999999999995e+03 1.324587999999999965e+03 1.044999999999999929e+00 3.270000000000000129e-01 1.016999999999999904e+00 6.905000000000000027e-01
2.400000000000000000e+01 3.699000000000000000e+03 -1.000000000000000000e+00 -1.000000000000000000e+00 -1.000000000000000000e+00 -1.000000000000000000e+00 -1.000000000000000000e+00 1.622605999999999995e+03 1.324587999999999965e+03 1.044999999999999929e+00 3.270000000000000129e-01 1.016999999999999904e+00 6.905000000000000027e-01
2.500000000000000000e+01 3.699000000000000000e+03 -1.000000000000000000e+00 -1.000000000000000000e+00 -1.000000000000000000e+00 -1.000000000000000000e+00 -1.000000000000000000e+00 1.622605999999999995e+03 1.324587999999999965e+03 1.044999999999999929e+00 3.270000000000000129e-01 1.016999999999999904e+00 6.905000000000000027e-01
2.600000000000000000e+01 3.699000000000000000e+03 -1.000000000000000000e+00 -1.000000000000000000e+00 -1.000000000000000000e+00 -1.000000000000000000e+00 -1.000000000000000000e+00 1.622605999999999995e+03 1.324587999999999965e+03 1.044999999999999929e+00 3.270000000000000129e-01 1.016999999999999904e+00 6.905000000000000027e-01
2.700000000000000000e+01 3.699000000000000000e+03 -1.000000000000000000e+00 -1.000000000000000000e+00 -1.000000000000000000e+00 -1.000000000000000000e+00 -1.000000000000000000e+00 1.622605999999999995e+03 1.324587999999999965e+03 1.044999999999999929e+00 3.270000000000000129e-01 1.016999999999999904e+00 6.905000000000000027e-01
2.800000000000000000e+01 3.699000000000000000e+03 -1.000000000000000000e+00 -1.000000000000000000e+00 -1.000000000000000000e+00 -1.000000000000000000e+00 -1.000000000000000000e+00 1.622605999999999995e+03 1.324587999999999965e+03 1.044999999999999929e+00 3.270000000000000129e-01 1.016999999999999904e+00 6.905000000000000027e-01
