1.000000000000000000e+00 1.182000000000000000e+03 -1.000000000000000000e+00 -1.000000000000000000e+00 -1.000000000000000000e+00 -1.000000000000000000e+00 -1.000000000000000000e+00 7.492949999999999591e+02 1.513229000000000042e+03 4.369999999999999996e-01 2.074999999999999900e-01 8.980000000000000204e-01 5.230000000000000204e-01
1.000000000000000000e+00 1.196000000000000000e+03 -1.000000000000000000e+00 -1.000000000000000000e+00 -1.000000000000000000e+00 -1.000000000000000000e+00 -1.000000000000000000e+00 7.522329999999999472e+02 1.509880000000000109e+03 3.990000000000000213e-01 1.985000000000000098e-01 8.649999999999999911e-01 5.869999999999999662e-01
2.000000000000000000e+00 1.182000000000000000e+03 -1.000000000000000000e+00 -1.000000000000000000e+00 -1.000000000000000000e+00 -1.000000000000000000e+00 -1.000000000000000000e+00 7.492820000000000391e+02 1.513240999999999985e+03 4.020000000000000240e-01 2.074999999999999900e-01 8.980000000000000204e-01 5.230000000000000204e-01
2.000000000000000000e+00 1.196000000000000000e+03 -1.000000000000000000e+00 -1.000000000000000000e+00 -1.000000000000000000e+00 -1.000000000000000000e+00 -1.000000000000000000e+00 7.522329999999999472e+02 1.509880000000000109e+03 3.990000000000000213e-01 1.985000000000000098e-01 8.649999999999999911e-01 5.869999999999999662e-01
3.000000000000000000e+00 1.182000000000000000e+03 -1.000000000000000000e+00 -1.000000000000000000e+00 -1.000000000000000000e+00 -1.000000000000000000e+00 -1.000000000000000000e+00 7.492490000000000236e+02 1.513270999999999958e+03 4.020000000000000240e-01 2.074999999999999900e-01 8.980000000000000204e-01 5.230000000000000204e-01
3.000000000000000000e+00 1.196000000000000000e+03 -1.000000000000000000e+00 -1.000000000000000000e+00 -1.000000000000000000e+00 -1.000000000000000000e+00 -1.000000000000000000e+00 7.522329999999999472e+02 1.509880000000000109e+03 3.990000000000000213e-01 1.985000000000000098e-01 8.649999999999999911e-01 5.869999999999999662e-01
4.000000000000000000e+00 1.182000000000000000e+03 -1.000000000000000000e+00 -1.000000000000000000e+00 -1.000000000000000000e+00 -1.000000000000000000e+00 -1.000000000000000000e+00 7.492160000000000082e+02 1.513300999999999931e+03 4.020000000000000240e-01 2.074999999999999900e-01 8.980000000000000204e-01 5.230000000000000204e-01
4.000000000000000000e+00 1.196000000000000000e+03 -1.000000000000000000e+00 -1.000000000000000000e+00 -1.000000000000000000e+00 -1.000000000000000000e+00 -1.000000000000000000e+00 7.522329999999999472e+02 1.509880000000000109e+03 3.990000000000000213e-01 1.985000000000000098e-01 8.649999999999999911e-01 5.869999999999999662e-01
5.000000000000000000e+00 1.182000000000000000e+03 -1.000000000000000000e+00 -1.000000000000000000e+00 -1.000000000000000000e+00 -1.000000000000000000e+00 -1.000000000000000000e+00 7.491829999999999927e+02 1.513330999999999904e+03 4.020000000000000240e-01 2.074999999999999900e-01 8.980000000000000204e-01 5.230000000000000204e-01
5.000000000000000000e+00 1.196000000000000000e+03 -1.000000000000000000e+00 -1.000000000000000000e+00 -1.000000000000000000e+00 -1.000000000000000000e+00 -1.000000000000000000e+00 7.522329999999999472e+02 1.509880000000000109e+03 3.990000000000000213e-01 1.985000000000000098e-01 8.649999999999999911e-01 5.869999999999999662e-01
6.000000000000000000e+00 1.182000000000000000e+03 -1.000000000000000000e+00 -1.000000000000000000e+00 -1.000000000000000000e+00 -1.000000000000000000e+00 -1.000000000000000000e+00 7.492000000000000455e+02 1.513304000000000087e+03 4.329999999999999960e-01 2.074999999999999900e-01 8.980000000000000204e-01 5.230000000000000204e-01
6.000000000000000000e+00 1.215000000000000000e+03 -1.000000000000000000e+00 -1.000000000000000000e+00 -1.000000000000000000e+00 -1.000000000000000000e+00 -1.000000000000000000e+00 7.789410000000000309e+02 1.489865999999999985e+03 4.709999999999999742e-01 2.469999999999999973e-01 9.100000000000000311e-01 5.070000000000000062e-01
6.000000000000000000e+00 1.196000000000000000e+03 -1.000000000000000000e+00 -1.000000000000000000e+00 -1.000000000000000000e+00 -1.000000000000000000e+00 -1.000000000000000000e+00 7.522329999999999472e+02 1.509880000000000109e+03 3.990000000000000213e-01 1.985000000000000098e-01 8.649999999999999911e-01 5.869999999999999662e-01
6.000000000000000000e+00 1.217000000000000000e+03 -1.000000000000000000e+00 -1.000000000000000000e+00 -1.000000000000000000e+00 -1.000000000000000000e+00 -1.000000000000000000e+00 7.527709999999999582e+02 1.510171000000000049e+03 4.500000000000000111e-01 1.700000000000000122e-01 7.504999999999999449e-01 5.250000000000000222e-01
7.000000000000000000e+00 1.182000000000000000e+03 -1.000000000000000000e+00 -1.000000000000000000e+00 -1.000000000000000000e+00 -1.000000000000000000e+00 -1.000000000000000000e+00 7.492169999999999845e+02 1.513276000000000067e+03 4.640000000000000235e-01 2.074999999999999900e-01 8.980000000000000204e-01 5.230000000000000204e-01
7.000000000000000000e+00 1.215000000000000000e+03 -1.000000000000000000e+00 -1.000000000000000000e+00 -1.000000000000000000e+00 -1.000000000000000000e+00 -1.000000000000000000e+00 7.789410000000000309e+02 1.489865999999999985e+03 4.709999999999999742e-01 2.469999999999999973e-01 9.100000000000000311e-01 5.070000000000000062e-01
7.000000000000000000e+00 1.196000000000000000e+03 -1.000000000000000000e+00 -1.000000000000000000e+00 -1.000000000000000000e+00 -1.000000000000000000e+00 -1.000000000000000000e+00 7.523809999999999718e+02 1.509789999999999964e+03 3.960000000000000187e-01 1.985000000000000098e-01 8.649999999999999911e-01 5.869999999999999662e-01
7.000000000000000000e+00 1.217000000000000000e+03 -1.000000000000000000e+00 -1.000000000000000000e+00 -1.000000000000000000e+00 -1.000000000000000000e+00 -1.000000000000000000e+00 7.525829999999999700e+02 1.509972999999999956e+03 4.500000000000000111e-01 1.700000000000000122e-01 7.504999999999999449e-01 5.250000000000000222e-01
8.000000000000000000e+00 1.182000000000000000e+03 -1.000000000000000000e+00 -1.000000000000000000e+00 -1.000000000000000000e+00 -1.000000000000000000e+00 -1.000000000000000000e+00 7.492169999999999845e+02 1.513276000000000067e+03 4.640000000000000235e-01 2.074999999999999900e-01 8.980000000000000204e-01 5.230000000000000204e-01
8.000000000000000000e+00 1.196000000000000000e+03 -1.000000000000000000e+00 -1.000000000000000000e+00 -1.000000000000000000e+00 -1.000000000000000000e+00 -1.000000000000000000e+00 7.523849999999999909e+02 1.509832000000000107e+03 4.929999999999999938e-01 1.985000000000000098e-01 8.649999999999999911e-01 5.869999999999999662e-01
8.000000000000000000e+00 1.217000000000000000e+03 -1.000000000000000000e+00 -1.000000000000000000e+00 -1.000000000000000000e+00 -1.000000000000000000e+00 -1.000000000000000000e+00 7.525520000000000209e+02 1.510009000000000015e+03 4.470000000000000084e-01 1.700000000000000122e-01 7.504999999999999449e-01 5.250000000000000222e-01
8.000000000000000000e+00 1.215000000000000000e+03 -1.000000000000000000e+00 -1.000000000000000000e+00 -1.000000000000000000e+00 -1.000000000000000000e+00 -1.000000000000000000e+00 7.789410000000000309e+02 1.489865999999999985e+03 4.709999999999999742e-01 2.469999999999999973e-01 9.100000000000000311e-01 5.070000000000000062e-01
9.000000000000000000e+00 1.182000000000000000e+03 -1.000000000000000000e+00 -1.000000000000000000e+00 -1.000000000000000000e+00 -1.000000000000000000e+00 -1.000000000000000000e+00 7.492169999999999845e+02 1.513276000000000067e+03 4.640000000000000235e-01 2.074999999999999900e-01 8.980000000000000204e-01 5.230000000000000204e-01
9.000000000000000000e+00 1.215000000000000000e+03 -1.000000000000000000e+00 -1.000000000000000000e+00 -1.000000000000000000e+00 -1.000000000000000000e+00 -1.000000000000000000e+00 7.789410000000000309e+02 1.489865999999999985e+03 4.709999999999999742e-01 2.469999999999999973e-01 9.100000000000000311e-01 5.070000000000000062e-01
9.000000000000000000e+00 1.196000000000000000e+03 -1.000000000000000000e+00 -1.000000000000000000e+00 -1.000000000000000000e+00 -1.000000000000000000e+00 -1.000000000000000000e+00 7.522820000000000391e+02 1.509935999999999922e+03 4.430000000000000049e-01 1.985000000000000098e-01 8.649999999999999911e-01 5.869999999999999662e-01
9.000000000000000000e+00 1.217000000000000000e+03 -1.000000000000000000e+00 -1.000000000000000000e+00 -1.000000000000000000e+00 -1.000000000000000000e+00 -1.000000000000000000e+00 7.527549999999999955e+02 1.510000999999999976e+03 4.570000000000000173e-01 1.700000000000000122e-01 7.504999999999999449e-01 5.250000000000000222e-01
1.000000000000000000e+01 1.182000000000000000e+03 -1.000000000000000000e+00 -1.000000000000000000e+00 -1.000000000000000000e+00 -1.000000000000000000e+00 -1.000000000000000000e+00 7.492169999999999845e+02 1.513276000000000067e+03 4.640000000000000235e-01 2.074999999999999900e-01 8.980000000000000204e-01 5.230000000000000204e-01
1.000000000000000000e+01 1.215000000000000000e+03 -1.000000000000000000e+00 -1.000000000000000000e+00 -1.000000000000000000e+00 -1.000000000000000000e+00 -1.000000000000000000e+00 7.789410000000000309e+02 1.489865999999999985e+03 4.709999999999999742e-01 2.469999999999999973e-01 9.100000000000000311e-01 5.070000000000000062e-01
1.000000000000000000e+01 1.196000000000000000e+03 -1.000000000000000000e+00 -1.000000000000000000e+00 -1.000000000000000000e+00 -1.000000000000000000e+00 -1.000000000000000000e+00 7.522079999999999700e+02 1.510013999999999896e+03 4.420000000000000040e-01 1.985000000000000098e-01 8.649999999999999911e-01 5.869999999999999662e-01
1.000000000000000000e+01 1.217000000000000000e+03 -1.000000000000000000e+00 -1.000000000000000000e+00 -1.000000000000000000e+00 -1.000000000000000000e+00 -1.000000000000000000e+00 7.529569999999999936e+02 1.509993999999999915e+03 4.660000000000000253e-01 1.700000000000000122e-01 7.504999999999999449e-01 5.250000000000000222e-01
1.100000000000000000e+01 1.215000000000000000e+03 -1.000000000000000000e+00 -1.000000000000000000e+00 -1.000000000000000000e+00 -1.000000000000000000e+00 -1.000000000000000000e+00 7.789410000000000309e+02 1.489865999999999985e+03 4.709999999999999742e-01 2.469999999999999973e-01 9.100000000000000311e-01 5.070000000000000062e-01
1.100000000000000000e+01 1.196000000000000000e+03 -1.000000000000000000e+00 -1.000000000000000000e+00 -1.000000000000000000e+00 -1.000000000000000000e+00 -1.000000000000000000e+00 7.522630000000000337e+02 1.509976000000000113e+03 4.410000000000000031e-01 1.985000000000000098e-01 8.649999999999999911e-01 5.869999999999999662e-01
1.100000000000000000e+01 1.217000000000000000e+03 -1.000000000000000000e+00 -1.000000000000000000e+00 -1.000000000000000000e+00 -1.000000000000000000e+00 -1.000000000000000000e+00 7.529569999999999936e+02 1.509993999999999915e+03 4.660000000000000253e-01 1.700000000000000122e-01 7.504999999999999449e-01 5.250000000000000222e-01
1.100000000000000000e+01 1.182000000000000000e+03 -1.000000000000000000e+00 -1.000000000000000000e+00 -1.000000000000000000e+00 -1.000000000000000000e+00 -1.000000000000000000e+00 7.492307300886793655e+02 1.513263885215871142e+03 5.124591365150038547e-01 2.074999999999999900e-01 8.980000000000001315e-01 5.230000000000000204e-01
1.200000000000000000e+01 1.215000000000000000e+03 -1.000000000000000000e+00 -1.000000000000000000e+00 -1.000000000000000000e+00 -1.000000000000000000e+00 -1.000000000000000000e+00 7.789410000000000309e+02 1.489865999999999985e+03 4.709999999999999742e-01 2.469999999999999973e-01 9.100000000000000311e-01 5.070000000000000062e-01
1.200000000000000000e+01 1.196000000000000000e+03 -1.000000000000000000e+00 -1.000000000000000000e+00 -1.000000000000000000e+00 -1.000000000000000000e+00 -1.000000000000000000e+00 7.522019999999999982e+02 1.510041999999999916e+03 3.900000000000000133e-01 1.985000000000000098e-01 8.649999999999999911e-01 5.869999999999999662e-01
1.200000000000000000e+01 1.217000000000000000e+03 -1.000000000000000000e+00 -1.000000000000000000e+00 -1.000000000000000000e+00 -1.000000000000000000e+00 -1.000000000000000000e+00 7.529569999999999936e+02 1.509993999999999915e+03 4.660000000000000253e-01 1.700000000000000122e-01 7.504999999999999449e-01 5.250000000000000222e-01
1.200000000000000000e+01 1.182000000000000000e+03 -1.000000000000000000e+00 -1.000000000000000000e+00 -1.000000000000000000e+00 -1.000000000000000000e+00 -1.000000000000000000e+00 7.492274603407109907e+02 1.513266770287607869e+03 5.009188495681344833e-01 2.074999999999999623e-01 8.980000000000000204e-01 5.230000000000000204e-01
1.300000000000000000e+01 1.215000000000000000e+03 -1.000000000000000000e+00 -1.000000000000000000e+00 -1.000000000000000000e+00 -1.000000000000000000e+00 -1.000000000000000000e+00 7.789479999999999791e+02 1.489859999999999900e+03 4.789999999999999813e-01 2.469999999999999973e-01 9.100000000000000311e-01 5.070000000000000062e-01
1.300000000000000000e+01 1.182000000000000000e+03 -1.000000000000000000e+00 -1.000000000000000000e+00 -1.000000000000000000e+00 -1.000000000000000000e+00 -1.000000000000000000e+00 7.492235401493464906e+02 1.513270229279988598e+03 4.870828800462461139e-01 2.075000000000000178e-01 8.980000000000000204e-01 5.230000000000000204e-01
1.300000000000000000e+01 1.217000000000000000e+03 -1.000000000000000000e+00 -1.000000000000000000e+00 -1.000000000000000000e+00 -1.000000000000000000e+00 -1.000000000000000000e+00 7.529569999999999936e+02 1.509993999999999915e+03 4.660000000000000253e-01 1.700000000000000122e-01 7.504999999999999449e-01 5.250000000000000222e-01
1.400000000000000000e+01 1.215000000000000000e+03 -1.000000000000000000e+00 -1.000000000000000000e+00 -1.000000000000000000e+00 -1.000000000000000000e+00 -1.000000000000000000e+00 7.789450000000000500e+02 1.489863000000000056e+03 4.749999999999999778e-01 2.469999999999999973e-01 9.100000000000000311e-01 5.070000000000000062e-01
1.400000000000000000e+01 1.182000000000000000e+03 -1.000000000000000000e+00 -1.000000000000000000e+00 -1.000000000000000000e+00 -1.000000000000000000e+00 -1.000000000000000000e+00 7.492202612144352543e+02 1.513273122457851287e+03 4.755101685951226287e-01 2.075000000000000178e-01 8.980000000000000204e-01 5.230000000000000204e-01
1.400000000000000000e+01 1.217000000000000000e+03 -1.000000000000000000e+00 -1.000000000000000000e+00 -1.000000000000000000e+00 -1.000000000000000000e+00 -1.000000000000000000e+00 7.529569999999999936e+02 1.509993999999999915e+03 4.659999999999999698e-01 1.700000000000000122e-01 7.504999999999999449e-01 5.250000000000000222e-01
1.500000000000000000e+01 1.182000000000000000e+03 -1.000000000000000000e+00 -1.000000000000000000e+00 -1.000000000000000000e+00 -1.000000000000000000e+00 -1.000000000000000000e+00 7.492340000000000373e+02 1.513260999999999967e+03 5.240000000000000213e-01 2.074999999999999900e-01 8.980000000000000204e-01 5.230000000000000204e-01
1.500000000000000000e+01 1.215000000000000000e+03 -1.000000000000000000e+00 -1.000000000000000000e+00 -1.000000000000000000e+00 -1.000000000000000000e+00 -1.000000000000000000e+00 7.789410000000000309e+02 1.489865999999999985e+03 4.709999999999999742e-01 2.469999999999999973e-01 9.100000000000000311e-01 5.070000000000000062e-01
1.500000000000000000e+01 1.217000000000000000e+03 -1.000000000000000000e+00 -1.000000000000000000e+00 -1.000000000000000000e+00 -1.000000000000000000e+00 -1.000000000000000000e+00 7.529569999999999936e+02 1.509993999999999915e+03 4.660000000000000253e-01 1.700000000000000122e-01 7.504999999999999449e-01 5.250000000000000222e-01
1.600000000000000000e+01 1.182000000000000000e+03 -1.000000000000000000e+00 -1.000000000000000000e+00 -1.000000000000000000e+00 -1.000000000000000000e+00 -1.000000000000000000e+00 7.492369999999999663e+02 1.513258000000000038e+03 5.350000000000000311e-01 2.074999999999999900e-01 8.980000000000000204e-01 5.230000000000000204e-01
1.600000000000000000e+01 1.215000000000000000e+03 -1.000000000000000000e+00 -1.000000000000000000e+00 -1.000000000000000000e+00 -1.000000000000000000e+00 -1.000000000000000000e+00 7.789410000000000309e+02 1.489865999999999985e+03 4.709999999999999742e-01 2.469999999999999973e-01 9.100000000000000311e-01 5.070000000000000062e-01
1.600000000000000000e+01 1.217000000000000000e+03 -1.000000000000000000e+00 -1.000000000000000000e+00 -1.000000000000000000e+00 -1.000000000000000000e+00 -1.000000000000000000e+00 7.529569999999999936e+02 1.509993999999999915e+03 4.660000000000000253e-01 1.700000000000000122e-01 7.504999999999999449e-01 5.250000000000000222e-01
1.700000000000000000e+01 1.231000000000000000e+03 -1.000000000000000000e+00 -1.000000000000000000e+00 -1.000000000000000000e+00 -1.000000000000000000e+00 -1.000000000000000000e+00 8.124640000000000555e+02 1.481838999999999942e+03 5.090000000000000080e-01 2.240000000000000047e-01 8.994999999999999662e-01 5.194999999999999618e-01
1.700000000000000000e+01 1.215000000000000000e+03 -1.000000000000000000e+00 -1.000000000000000000e+00 -1.000000000000000000e+00 -1.000000000000000000e+00 -1.000000000000000000e+00 7.789410000000000309e+02 1.489865999999999985e+03 4.709999999999999742e-01 2.469999999999999973e-01 9.100000000000000311e-01 5.070000000000000062e-01
1.700000000000000000e+01 1.217000000000000000e+03 -1.000000000000000000e+00 -1.000000000000000000e+00 -1.000000000000000000e+00 -1.000000000000000000e+00 -1.000000000000000000e+00 7.529569999999999936e+02 1.509993999999999915e+03 4.660000000000000253e-01 1.700000000000000122e-01 7.504999999999999449e-01 5.250000000000000222e-01
1.800000000000000000e+01 1.231000000000000000e+03 -1.000000000000000000e+00 -1.000000000000000000e+00 -1.000000000000000000e+00 -1.000000000000000000e+00 -1.000000000000000000e+00 8.124690000000000509e+02 1.481839999999999918e+03 4.580000000000000182e-01 2.240000000000000047e-01 8.994999999999999662e-01 5.194999999999999618e-01
1.800000000000000000e+01 1.215000000000000000e+03 -1.000000000000000000e+00 -1.000000000000000000e+00 -1.000000000000000000e+00 -1.000000000000000000e+00 -1.000000000000000000e+00 7.789410000000000309e+02 1.489865999999999985e+03 4.709999999999999742e-01 2.469999999999999973e-01 9.100000000000000311e-01 5.070000000000000062e-01
1.800000000000000000e+01 1.217000000000000000e+03 -1.000000000000000000e+00 -1.000000000000000000e+00 -1.000000000000000000e+00 -1.000000000000000000e+00 -1.000000000000000000e+00 7.529569999999999936e+02 1.509993999999999915e+03 4.660000000000000253e-01 1.700000000000000122e-01 7.504999999999999449e-01 5.250000000000000222e-01
1.900000000000000000e+01 1.231000000000000000e+03 -1.000000000000000000e+00 -1.000000000000000000e+00 -1.000000000000000000e+00 -1.000000000000000000e+00 -1.000000000000000000e+00 8.124740000000000464e+02 1.481842000000000098e+03 4.060000000000000275e-01 2.240000000000000047e-01 8.994999999999999662e-01 5.194999999999999618e-01
1.900000000000000000e+01 1.215000000000000000e+03 -1.000000000000000000e+00 -1.000000000000000000e+00 -1.000000000000000000e+00 -1.000000000000000000e+00 -1.000000000000000000e+00 7.789410000000000309e+02 1.489865999999999985e+03 4.819999999999999840e-01 2.469999999999999973e-01 9.100000000000000311e-01 5.070000000000000062e-01
1.900000000000000000e+01 1.217000000000000000e+03 -1.000000000000000000e+00 -1.000000000000000000e+00 -1.000000000000000000e+00 -1.000000000000000000e+00 -1.000000000000000000e+00 7.529569999999999936e+02 1.509993999999999915e+03 4.660000000000000253e-01 1.700000000000000122e-01 7.504999999999999449e-01 5.250000000000000222e-01
2.000000000000000000e+01 1.231000000000000000e+03 -1.000000000000000000e+00 -1.000000000000000000e+00 -1.000000000000000000e+00 -1.000000000000000000e+00 -1.000000000000000000e+00 8.124790000000000418e+02 1.481844000000000051e+03 3.539999999999999813e-01 2.240000000000000047e-01 8.994999999999999662e-01 5.194999999999999618e-01
2.000000000000000000e+01 1.215000000000000000e+03 -1.000000000000000000e+00 -1.000000000000000000e+00 -1.000000000000000000e+00 -1.000000000000000000e+00 -1.000000000000000000e+00 7.789410000000000309e+02 1.489865999999999985e+03 4.929999999999999938e-01 2.469999999999999973e-01 9.100000000000000311e-01 5.070000000000000062e-01
2.100000000000000000e+01 1.231000000000000000e+03 -1.000000000000000000e+00 -1.000000000000000000e+00 -1.000000000000000000e+00 -1.000000000000000000e+00 -1.000000000000000000e+00 8.124840000000000373e+02 1.481845000000000027e+03 3.029999999999999916e-01 2.240000000000000047e-01 8.994999999999999662e-01 5.194999999999999618e-01
2.100000000000000000e+01 1.215000000000000000e+03 -1.000000000000000000e+00 -1.000000000000000000e+00 -1.000000000000000000e+00 -1.000000000000000000e+00 -1.000000000000000000e+00 7.789410000000000309e+02 1.489865999999999985e+03 5.040000000000000036e-01 2.469999999999999973e-01 9.100000000000000311e-01 5.070000000000000062e-01
2.200000000000000000e+01 1.231000000000000000e+03 -1.000000000000000000e+00 -1.000000000000000000e+00 -1.000000000000000000e+00 -1.000000000000000000e+00 -1.000000000000000000e+00 8.124859999999999900e+02 1.481840999999999894e+03 3.119999999999999996e-01 2.240000000000000047e-01 8.994999999999999662e-01 5.194999999999999618e-01
2.200000000000000000e+01 1.215000000000000000e+03 -1.000000000000000000e+00 -1.000000000000000000e+00 -1.000000000000000000e+00 -1.000000000000000000e+00 -1.000000000000000000e+00 7.789410000000000309e+02 1.489865999999999985e+03 5.150000000000000133e-01 2.469999999999999973e-01 9.100000000000000311e-01 5.070000000000000062e-01
2.300000000000000000e+01 1.231000000000000000e+03 -1.000000000000000000e+00 -1.000000000000000000e+00 -1.000000000000000000e+00 -1.000000000000000000e+00 -1.000000000000000000e+00 8.124869999999999663e+02 1.481836999999999989e+03 3.210000000000000075e-01 2.240000000000000047e-01 8.994999999999999662e-01 5.194999999999999618e-01
2.300000000000000000e+01 1.215000000000000000e+03 -1.000000000000000000e+00 -1.000000000000000000e+00 -1.000000000000000000e+00 -1.000000000000000000e+00 -1.000000000000000000e+00 7.789400000000000546e+02 1.489864000000000033e+03 5.230000000000000204e-01 2.469999999999999973e-01 9.100000000000000311e-01 5.070000000000000062e-01
2.400000000000000000e+01 1.231000000000000000e+03 -1.000000000000000000e+00 -1.000000000000000000e+00 -1.000000000000000000e+00 -1.000000000000000000e+00 -1.000000000000000000e+00 8.124880000000000564e+02 1.481832000000000107e+03 3.300000000000000155e-01 2.240000000000000047e-01 8.994999999999999662e-01 5.194999999999999618e-01
2.400000000000000000e+01 1.215000000000000000e+03 -1.000000000000000000e+00 -1.000000000000000000e+00 -1.000000000000000000e+00 -1.000000000000000000e+00 -1.000000000000000000e+00 7.789389999999999645e+02 1.489862000000000080e+03 5.320000000000000284e-01 2.469999999999999973e-01 9.100000000000000311e-01 5.070000000000000062e-01
2.500000000000000000e+01 1.231000000000000000e+03 -1.000000000000000000e+00 -1.000000000000000000e+00 -1.000000000000000000e+00 -1.000000000000000000e+00 -1.000000000000000000e+00 8.124890000000000327e+02 1.481827999999999975e+03 3.380000000000000226e-01 2.240000000000000047e-01 8.994999999999999662e-01 5.194999999999999618e-01
2.500000000000000000e+01 1.215000000000000000e+03 -1.000000000000000000e+00 -1.000000000000000000e+00 -1.000000000000000000e+00 -1.000000000000000000e+00 -1.000000000000000000e+00 7.789370000000000118e+02 1.489861000000000104e+03 5.410000000000000364e-01 2.469999999999999973e-01 9.100000000000000311e-01 5.070000000000000062e-01
2.600000000000000000e+01 1.231000000000000000e+03 -1.000000000000000000e+00 -1.000000000000000000e+00 -1.000000000000000000e+00 -1.000000000000000000e+00 -1.000000000000000000e+00 8.124940000000000282e+02 1.481828999999999951e+03 3.609999999999999876e-01 2.240000000000000047e-01 8.994999999999999662e-01 5.194999999999999618e-01
2.600000000000000000e+01 1.215000000000000000e+03 -1.000000000000000000e+00 -1.000000000000000000e+00 -1.000000000000000000e+00 -1.000000000000000000e+00 -1.000000000000000000e+00 7.789360000000000355e+02 1.489858999999999924e+03 5.500000000000000444e-01 2.469999999999999973e-01 9.100000000000000311e-01 5.070000000000000062e-01
2.700000000000000000e+01 1.231000000000000000e+03 -1.000000000000000000e+00 -1.000000000000000000e+00 -1.000000000000000000e+00 -1.000000000000000000e+00 -1.000000000000000000e+00 8.124980000000000473e+02 1.481830999999999904e+03 3.830000000000000071e-01 2.240000000000000047e-01 8.994999999999999662e-01 5.194999999999999618e-01
2.700000000000000000e+01 1.215000000000000000e+03 -1.000000000000000000e+00 -1.000000000000000000e+00 -1.000000000000000000e+00 -1.000000000000000000e+00 -1.000000000000000000e+00 7.789360000000000355e+02 1.489858999999999924e+03 5.500000000000000444e-01 2.469999999999999973e-01 9.100000000000000311e-01 5.070000000000000062e-01
2.800000000000000000e+01 1.231000000000000000e+03 -1.000000000000000000e+00 -1.000000000000000000e+00 -1.000000000000000000e+00 -1.000000000000000000e+00 -1.000000000000000000e+00 8.125019999999999527e+02 1.481832000000000107e+03 4.050000000000000266e-01 2.240000000000000047e-01 8.994999999999999662e-01 5.194999999999999618e-01
2.900000000000000000e+01 1.231000000000000000e+03 -1.000000000000000000e+00 -1.000000000000000000e+00 -1.000000000000000000e+00 -1.000000000000000000e+00 -1.000000000000000000e+00 8.125059999999999718e+02 1.481833000000000084e+03 4.269999999999999907e-01 2.240000000000000047e-01 8.994999999999999662e-01 5.194999999999999618e-01
3.000000000000000000e+01 1.231000000000000000e+03 -1.000000000000000000e+00 -1.000000000000000000e+00 -1.000000000000000000e+00 -1.000000000000000000e+00 -1.000000000000000000e+00 8.125080000000000382e+02 1.481826000000000022e+03 4.269999999999999907e-01 2.240000000000000047e-01 8.994999999999999662e-01 5.194999999999999618e-01
3.100000000000000000e+01 1.231000000000000000e+03 -1.000000000000000000e+00 -1.000000000000000000e+00 -1.000000000000000000e+00 -1.000000000000000000e+00 -1.000000000000000000e+00 8.125099999999999909e+02 1.481818999999999960e+03 4.269999999999999907e-01 2.240000000000000047e-01 8.994999999999999662e-01 5.194999999999999618e-01
3.200000000000000000e+01 1.231000000000000000e+03 -1.000000000000000000e+00 -1.000000000000000000e+00 -1.000000000000000000e+00 -1.000000000000000000e+00 -1.000000000000000000e+00 8.125124986013825037e+02 1.481812503636405381e+03 4.269999999999999352e-01 2.239999999999999769e-01 8.994999999999999662e-01 5.194999999999999618e-01
3.300000000000000000e+01 1.231000000000000000e+03 -1.000000000000000000e+00 -1.000000000000000000e+00 -1.000000000000000000e+00 -1.000000000000000000e+00 -1.000000000000000000e+00 8.125149999999999864e+02 1.481806000000000040e+03 4.269999999999999907e-01 2.240000000000000047e-01 8.994999999999999662e-01 5.194999999999999618e-01
3.400000000000000000e+01 1.231000000000000000e+03 -1.000000000000000000e+00 -1.000000000000000000e+00 -1.000000000000000000e+00 -1.000000000000000000e+00 -1.000000000000000000e+00 8.125170000000000528e+02 1.481798999999999978e+03 4.269999999999999907e-01 2.240000000000000047e-01 8.994999999999999662e-01 5.194999999999999618e-01
3.500000000000000000e+01 1.265000000000000000e+03 -1.000000000000000000e+00 -1.000000000000000000e+00 -1.000000000000000000e+00 -1.000000000000000000e+00 -1.000000000000000000e+00 8.480570000000000164e+02 1.451923999999999978e+03 6.009999999999999787e-01 2.610000000000000098e-01 8.990000000000000213e-01 6.410000000000000142e-01
3.600000000000000000e+01 1.265000000000000000e+03 -1.000000000000000000e+00 -1.000000000000000000e+00 -1.000000000000000000e+00 -1.000000000000000000e+00 -1.000000000000000000e+00 8.480570000000000164e+02 1.451923999999999978e+03 6.009999999999999787e-01 2.610000000000000098e-01 8.990000000000000213e-01 6.410000000000000142e-01
3.700000000000000000e+01 1.265000000000000000e+03 -1.000000000000000000e+00 -1.000000000000000000e+00 -1.000000000000000000e+00 -1.000000000000000000e+00 -1.000000000000000000e+00 8.480570000000000164e+02 1.451923999999999978e+03 6.009999999999999787e-01 2.610000000000000098e-01 8.990000000000000213e-01 6.410000000000000142e-01
3.800000000000000000e+01 1.265000000000000000e+03 -1.000000000000000000e+00 -1.000000000000000000e+00 -1.000000000000000000e+00 -1.000000000000000000e+00 -1.000000000000000000e+00 8.480570000000000164e+02 1.451923999999999978e+03 6.009999999999999787e-01 2.610000000000000098e-01 8.990000000000000213e-01 6.410000000000000142e-01
3.900000000000000000e+01 1.265000000000000000e+03 -1.000000000000000000e+00 -1.000000000000000000e+00 -1.000000000000000000e+00 -1.000000000000000000e+00 -1.000000000000000000e+00 8.480570000000000164e+02 1.451923999999999978e+03 6.009999999999999787e-01 2.610000000000000098e-01 8.990000000000000213e-01 6.410000000000000142e-01
