1.000000000000000000e+00 4.580000000000000000e+02 -1.000000000000000000e+00 -1.000000000000000000e+00 -1.000000000000000000e+00 -1.000000000000000000e+00 -1.000000000000000000e+00 9.932799999999999727e+02 6.353390000000000555e+02 1.292999999999999927e+00 9.995000000000000551e-01 2.387999999999999901e+00 7.684999999999999609e-01
2.000000000000000000e+00 4.580000000000000000e+02 -1.000000000000000000e+00 -1.000000000000000000e+00 -1.000000000000000000e+00 -1.000000000000000000e+00 -1.000000000000000000e+00 9.904429999999999836e+02 6.378160000000000309e+02 1.221000000000000085e+00 9.995000000000000551e-01 2.387999999999999901e+00 7.684999999999999609e-01
3.000000000000000000e+00 4.580000000000000000e+02 -1.000000000000000000e+00 -1.000000000000000000e+00 -1.000000000000000000e+00 -1.000000000000000000e+00 -1.000000000000000000e+00 9.875420000000000300e+02 6.402179999999999609e+02 1.147999999999999909e+00 9.995000000000000551e-01 2.387999999999999901e+00 7.684999999999999609e-01
4.000000000000000000e+00 4.580000000000000000e+02 -1.000000000000000000e+00 -1.000000000000000000e+00 -1.000000000000000000e+00 -1.000000000000000000e+00 -1.000000000000000000e+00 9.845789999999999509e+02 6.425430000000000064e+02 1.076000000000000068e+00 9.995000000000000551e-01 2.387999999999999901e+00 7.684999999999999609e-01
5.000000000000000000e+00 4.580000000000000000e+02 -1.000000000000000000e+00 -1.000000000000000000e+00 -1.000000000000000000e+00 -1.000000000000000000e+00 -1.000000000000000000e+00 9.815570000000000164e+02 6.447899999999999636e+02 1.004000000000000004e+00 9.995000000000000551e-01 2.387999999999999901e+00 7.684999999999999609e-01
6.000000000000000000e+00 4.580000000000000000e+02 -1.000000000000000000e+00 -1.000000000000000000e+00 -1.000000000000000000e+00 -1.000000000000000000e+00 -1.000000000000000000e+00 9.785679999999999836e+02 6.474049999999999727e+02 9.959999999999999964e-01 9.995000000000000551e-01 2.387999999999999901e+00 7.684999999999999609e-01
7.000000000000000000e+00 4.580000000000000000e+02 -1.000000000000000000e+00 -1.000000000000000000e+00 -1.000000000000000000e+00 -1.000000000000000000e+00 -1.000000000000000000e+00 9.755800000000000409e+02 6.500209999999999582e+02 9.879999999999999893e-01 9.995000000000000551e-01 2.387999999999999901e+00 7.684999999999999609e-01
8.000000000000000000e+00 4.580000000000000000e+02 -1.000000000000000000e+00 -1.000000000000000000e+00 -1.000000000000000000e+00 -1.000000000000000000e+00 -1.000000000000000000e+00 9.720679999999999836e+02 6.530240000000000009e+02 9.789999999999999813e-01 9.995000000000000551e-01 2.387999999999999901e+00 7.684999999999999609e-01
9.000000000000000000e+00 4.580000000000000000e+02 -1.000000000000000000e+00 -1.000000000000000000e+00 -1.000000000000000000e+00 -1.000000000000000000e+00 -1.000000000000000000e+00 9.685549999999999500e+02 6.560270000000000437e+02 9.709999999999999742e-01 9.995000000000000551e-01 2.387999999999999901e+00 7.684999999999999609e-01
1.000000000000000000e+01 4.580000000000000000e+02 -1.000000000000000000e+00 -1.000000000000000000e+00 -1.000000000000000000e+00 -1.000000000000000000e+00 -1.000000000000000000e+00 9.650430000000000064e+02 6.590299999999999727e+02 9.629999999999999671e-01 9.995000000000000551e-01 2.387999999999999901e+00 7.684999999999999609e-01
1.100000000000000000e+01 4.580000000000000000e+02 -1.000000000000000000e+00 -1.000000000000000000e+00 -1.000000000000000000e+00 -1.000000000000000000e+00 -1.000000000000000000e+00 9.616620000000000346e+02 6.618379999999999654e+02 9.529999999999999583e-01 9.995000000000000551e-01 2.387999999999999901e+00 7.684999999999999609e-01
1.200000000000000000e+01 4.580000000000000000e+02 -1.000000000000000000e+00 -1.000000000000000000e+00 -1.000000000000000000e+00 -1.000000000000000000e+00 -1.000000000000000000e+00 9.582809999999999491e+02 6.646449999999999818e+02 9.429999999999999494e-01 9.995000000000000551e-01 2.387999999999999901e+00 7.684999999999999609e-01
1.300000000000000000e+01 4.580000000000000000e+02 -1.000000000000000000e+00 -1.000000000000000000e+00 -1.000000000000000000e+00 -1.000000000000000000e+00 -1.000000000000000000e+00 9.549009999999999536e+02 6.674519999999999982e+02 9.330000000000000515e-01 9.995000000000000551e-01 2.387999999999999901e+00 7.684999999999999609e-01
1.400000000000000000e+01 4.580000000000000000e+02 -1.000000000000000000e+00 -1.000000000000000000e+00 -1.000000000000000000e+00 -1.000000000000000000e+00 -1.000000000000000000e+00 9.515800000000000409e+02 6.700309999999999491e+02 9.230000000000000426e-01 9.995000000000000551e-01 2.387999999999999901e+00 7.684999999999999609e-01
1.500000000000000000e+01 4.580000000000000000e+02 -1.000000000000000000e+00 -1.000000000000000000e+00 -1.000000000000000000e+00 -1.000000000000000000e+00 -1.000000000000000000e+00 9.482580000000000382e+02 6.726100000000000136e+02 9.130000000000000338e-01 9.995000000000000551e-01 2.387999999999999901e+00 7.684999999999999609e-01
1.600000000000000000e+01 4.580000000000000000e+02 -1.000000000000000000e+00 -1.000000000000000000e+00 -1.000000000000000000e+00 -1.000000000000000000e+00 -1.000000000000000000e+00 9.449379999999999882e+02 6.752269999999999754e+02 9.230000000000000426e-01 9.995000000000000551e-01 2.387999999999999901e+00 7.684999999999999609e-01
1.700000000000000000e+01 4.580000000000000000e+02 -1.000000000000000000e+00 -1.000000000000000000e+00 -1.000000000000000000e+00 -1.000000000000000000e+00 -1.000000000000000000e+00 9.416169999999999618e+02 6.778440000000000509e+02 9.330000000000000515e-01 9.995000000000000551e-01 2.387999999999999901e+00 7.684999999999999609e-01
1.800000000000000000e+01 4.580000000000000000e+02 -1.000000000000000000e+00 -1.000000000000000000e+00 -1.000000000000000000e+00 -1.000000000000000000e+00 -1.000000000000000000e+00 9.383319999999999936e+02 6.805030000000000427e+02 9.429999999999999494e-01 9.995000000000000551e-01 2.387999999999999901e+00 7.684999999999999609e-01
1.900000000000000000e+01 4.580000000000000000e+02 -1.000000000000000000e+00 -1.000000000000000000e+00 -1.000000000000000000e+00 -1.000000000000000000e+00 -1.000000000000000000e+00 9.350470000000000255e+02 6.831620000000000346e+02 9.529999999999999583e-01 9.995000000000000551e-01 2.387999999999999901e+00 7.684999999999999609e-01
2.000000000000000000e+01 4.580000000000000000e+02 -1.000000000000000000e+00 -1.000000000000000000e+00 -1.000000000000000000e+00 -1.000000000000000000e+00 -1.000000000000000000e+00 9.317619999999999436e+02 6.858210000000000264e+02 9.629999999999999671e-01 9.995000000000000551e-01 2.387999999999999901e+00 7.684999999999999609e-01
2.100000000000000000e+01 4.580000000000000000e+02 -1.000000000000000000e+00 -1.000000000000000000e+00 -1.000000000000000000e+00 -1.000000000000000000e+00 -1.000000000000000000e+00 9.289679999999999609e+02 6.889320000000000164e+02 9.629999999999999671e-01 9.995000000000000551e-01 2.387999999999999901e+00 7.684999999999999609e-01
2.200000000000000000e+01 4.580000000000000000e+02 -1.000000000000000000e+00 -1.000000000000000000e+00 -1.000000000000000000e+00 -1.000000000000000000e+00 -1.000000000000000000e+00 9.266459999999999582e+02 6.924089999999999918e+02 9.629999999999999671e-01 9.995000000000000551e-01 2.387999999999999901e+00 7.684999999999999609e-01
2.300000000000000000e+01 4.580000000000000000e+02 -1.000000000000000000e+00 -1.000000000000000000e+00 -1.000000000000000000e+00 -1.000000000000000000e+00 -1.000000000000000000e+00 9.245689999999999600e+02 6.960660000000000309e+02 9.629999999999999671e-01 9.995000000000000551e-01 2.387999999999999901e+00 7.684999999999999609e-01
2.400000000000000000e+01 4.580000000000000000e+02 -1.000000000000000000e+00 -1.000000000000000000e+00 -1.000000000000000000e+00 -1.000000000000000000e+00 -1.000000000000000000e+00 9.230339999999999918e+02 6.999819999999999709e+02 9.629999999999999671e-01 9.995000000000000551e-01 2.387999999999999901e+00 7.684999999999999609e-01
2.500000000000000000e+01 4.580000000000000000e+02 -1.000000000000000000e+00 -1.000000000000000000e+00 -1.000000000000000000e+00 -1.000000000000000000e+00 -1.000000000000000000e+00 9.220729999999999791e+02 7.040769999999999982e+02 9.629999999999999671e-01 9.995000000000000551e-01 2.387999999999999901e+00 7.684999999999999609e-01
2.600000000000000000e+01 4.580000000000000000e+02 -1.000000000000000000e+00 -1.000000000000000000e+00 -1.000000000000000000e+00 -1.000000000000000000e+00 -1.000000000000000000e+00 9.216820000000000164e+02 7.078350000000000364e+02 9.429999999999999494e-01 9.995000000000000551e-01 2.387999999999999901e+00 7.684999999999999609e-01
2.700000000000000000e+01 4.580000000000000000e+02 -1.000000000000000000e+00 -1.000000000000000000e+00 -1.000000000000000000e+00 -1.000000000000000000e+00 -1.000000000000000000e+00 9.216849999999999454e+02 7.116130000000000564e+02 9.230000000000000426e-01 9.995000000000000551e-01 2.387999999999999901e+00 7.684999999999999609e-01
2.800000000000000000e+01 4.580000000000000000e+02 -1.000000000000000000e+00 -1.000000000000000000e+00 -1.000000000000000000e+00 -1.000000000000000000e+00 -1.000000000000000000e+00 9.221570000000000391e+02 7.157179999999999609e+02 9.030000000000000249e-01 9.995000000000000551e-01 2.387999999999999901e+00 7.684999999999999609e-01
2.900000000000000000e+01 4.580000000000000000e+02 -1.000000000000000000e+00 -1.000000000000000000e+00 -1.000000000000000000e+00 -1.000000000000000000e+00 -1.000000000000000000e+00 9.230549999999999500e+02 7.197509999999999764e+02 8.830000000000000071e-01 9.995000000000000551e-01 2.387999999999999901e+00 7.684999999999999609e-01
3.000000000000000000e+01 4.580000000000000000e+02 -1.000000000000000000e+00 -1.000000000000000000e+00 -1.000000000000000000e+00 -1.000000000000000000e+00 -1.000000000000000000e+00 9.243690000000000282e+02 7.236680000000000064e+02 8.629999999999999893e-01 9.995000000000000551e-01 2.387999999999999901e+00 7.684999999999999609e-01
3.100000000000000000e+01 4.580000000000000000e+02 -1.000000000000000000e+00 -1.000000000000000000e+00 -1.000000000000000000e+00 -1.000000000000000000e+00 -1.000000000000000000e+00 9.260829999999999700e+02 7.273519999999999754e+02 8.729999999999999982e-01 9.995000000000000551e-01 2.387999999999999901e+00 7.684999999999999609e-01
3.200000000000000000e+01 4.580000000000000000e+02 -1.000000000000000000e+00 -1.000000000000000000e+00 -1.000000000000000000e+00 -1.000000000000000000e+00 -1.000000000000000000e+00 9.279619999999999891e+02 7.309539999999999509e+02 8.830000000000000071e-01 9.995000000000000551e-01 2.387999999999999901e+00 7.684999999999999609e-01
3.300000000000000000e+01 4.580000000000000000e+02 -1.000000000000000000e+00 -1.000000000000000000e+00 -1.000000000000000000e+00 -1.000000000000000000e+00 -1.000000000000000000e+00 9.301870000000000118e+02 7.346749999999999545e+02 8.930000000000000160e-01 9.995000000000000551e-01 2.387999999999999901e+00 7.684999999999999609e-01
3.400000000000000000e+01 4.580000000000000000e+02 -1.000000000000000000e+00 -1.000000000000000000e+00 -1.000000000000000000e+00 -1.000000000000000000e+00 -1.000000000000000000e+00 9.325789999999999509e+02 7.382899999999999636e+02 9.030000000000000249e-01 9.995000000000000551e-01 2.387999999999999901e+00 7.684999999999999609e-01
3.500000000000000000e+01 4.580000000000000000e+02 -1.000000000000000000e+00 -1.000000000000000000e+00 -1.000000000000000000e+00 -1.000000000000000000e+00 -1.000000000000000000e+00 9.351069999999999709e+02 7.421079999999999472e+02 9.130000000000000338e-01 9.995000000000000551e-01 2.387999999999999901e+00 7.684999999999999609e-01
3.600000000000000000e+01 4.580000000000000000e+02 -1.000000000000000000e+00 -1.000000000000000000e+00 -1.000000000000000000e+00 -1.000000000000000000e+00 -1.000000000000000000e+00 9.377780000000000200e+02 7.457129999999999654e+02 9.030000000000000249e-01 9.995000000000000551e-01 2.387999999999999901e+00 7.684999999999999609e-01
3.700000000000000000e+01 4.580000000000000000e+02 -1.000000000000000000e+00 -1.000000000000000000e+00 -1.000000000000000000e+00 -1.000000000000000000e+00 -1.000000000000000000e+00 9.405739999999999554e+02 7.492219999999999800e+02 8.930000000000000160e-01 9.995000000000000551e-01 2.387999999999999901e+00 7.684999999999999609e-01
3.800000000000000000e+01 4.580000000000000000e+02 -1.000000000000000000e+00 -1.000000000000000000e+00 -1.000000000000000000e+00 -1.000000000000000000e+00 -1.000000000000000000e+00 9.434900000000000091e+02 7.526309999999999718e+02 8.830000000000000071e-01 9.995000000000000551e-01 2.387999999999999901e+00 7.684999999999999609e-01
3.900000000000000000e+01 4.580000000000000000e+02 -1.000000000000000000e+00 -1.000000000000000000e+00 -1.000000000000000000e+00 -1.000000000000000000e+00 -1.000000000000000000e+00 9.466090000000000373e+02 7.557469999999999573e+02 8.729999999999999982e-01 9.995000000000000551e-01 2.387999999999999901e+00 7.684999999999999609e-01
4.000000000000000000e+01 4.580000000000000000e+02 -1.000000000000000000e+00 -1.000000000000000000e+00 -1.000000000000000000e+00 -1.000000000000000000e+00 -1.000000000000000000e+00 9.498350000000000364e+02 7.587519999999999527e+02 8.629999999999999893e-01 9.995000000000000551e-01 2.387999999999999901e+00 7.684999999999999609e-01
