1.000000000000000000e+00 4.125000000000000000e+03 -1.000000000000000000e+00 -1.000000000000000000e+00 -1.000000000000000000e+00 -1.000000000000000000e+00 -1.000000000000000000e+00 1.486837999999999965e+03 1.372779999999999973e+03 1.540999999999999925e+00 1.413000000000000034e+00 8.905499999999999972e+00 2.032000000000000028e+00
2.000000000000000000e+00 4.125000000000000000e+03 -1.000000000000000000e+00 -1.000000000000000000e+00 -1.000000000000000000e+00 -1.000000000000000000e+00 -1.000000000000000000e+00 1.491876999999999953e+03 1.370249000000000024e+03 1.723000000000000087e+00 1.413000000000000034e+00 8.905499999999999972e+00 2.032000000000000028e+00
3.000000000000000000e+00 4.125000000000000000e+03 -1.000000000000000000e+00 -1.000000000000000000e+00 -1.000000000000000000e+00 -1.000000000000000000e+00 -1.000000000000000000e+00 1.497416999999999916e+03 1.367465999999999894e+03 1.923999999999999932e+00 1.413000000000000034e+00 8.905499999999999972e+00 2.032000000000000028e+00
4.000000000000000000e+00 4.125000000000000000e+03 -1.000000000000000000e+00 -1.000000000000000000e+00 -1.000000000000000000e+00 -1.000000000000000000e+00 -1.000000000000000000e+00 1.501900000000000091e+03 1.365156999999999925e+03 1.877000000000000002e+00 1.413000000000000034e+00 8.905499999999999972e+00 2.032000000000000028e+00
5.000000000000000000e+00 4.125000000000000000e+03 -1.000000000000000000e+00 -1.000000000000000000e+00 -1.000000000000000000e+00 -1.000000000000000000e+00 -1.000000000000000000e+00 1.505887999999999920e+03 1.363104000000000042e+03 1.834999999999999964e+00 1.413000000000000034e+00 8.905499999999999972e+00 2.032000000000000028e+00
6.000000000000000000e+00 4.125000000000000000e+03 -1.000000000000000000e+00 -1.000000000000000000e+00 -1.000000000000000000e+00 -1.000000000000000000e+00 -1.000000000000000000e+00 1.510872000000000071e+03 1.360538000000000011e+03 1.782999999999999918e+00 1.413000000000000034e+00 8.905499999999999972e+00 2.032000000000000028e+00
7.000000000000000000e+00 4.125000000000000000e+03 -1.000000000000000000e+00 -1.000000000000000000e+00 -1.000000000000000000e+00 -1.000000000000000000e+00 -1.000000000000000000e+00 1.515851000000000113e+03 1.357973999999999933e+03 1.731000000000000094e+00 1.413000000000000034e+00 8.905499999999999972e+00 2.032000000000000028e+00
8.000000000000000000e+00 4.125000000000000000e+03 -1.000000000000000000e+00 -1.000000000000000000e+00 -1.000000000000000000e+00 -1.000000000000000000e+00 -1.000000000000000000e+00 1.520835000000000036e+03 1.355406999999999925e+03 1.679000000000000048e+00 1.413000000000000034e+00 8.905499999999999972e+00 2.032000000000000028e+00
9.000000000000000000e+00 4.125000000000000000e+03 -1.000000000000000000e+00 -1.000000000000000000e+00 -1.000000000000000000e+00 -1.000000000000000000e+00 -1.000000000000000000e+00 1.525710000000000036e+03 1.352765000000000100e+03 1.645000000000000018e+00 1.413000000000000034e+00 8.905499999999999972e+00 2.032000000000000028e+00
1.000000000000000000e+01 4.125000000000000000e+03 -1.000000000000000000e+00 -1.000000000000000000e+00 -1.000000000000000000e+00 -1.000000000000000000e+00 -1.000000000000000000e+00 1.530588999999999942e+03 1.350119999999999891e+03 1.610000000000000098e+00 1.413000000000000034e+00 8.905499999999999972e+00 2.032000000000000028e+00
1.100000000000000000e+01 4.125000000000000000e+03 -1.000000000000000000e+00 -1.000000000000000000e+00 -1.000000000000000000e+00 -1.000000000000000000e+00 -1.000000000000000000e+00 1.535463999999999942e+03 1.347477000000000089e+03 1.574999999999999956e+00 1.413000000000000034e+00 8.905499999999999972e+00 2.032000000000000028e+00
1.200000000000000000e+01 4.125000000000000000e+03 -1.000000000000000000e+00 -1.000000000000000000e+00 -1.000000000000000000e+00 -1.000000000000000000e+00 -1.000000000000000000e+00 1.540338999999999942e+03 1.344834000000000060e+03 1.540000000000000036e+00 1.413000000000000034e+00 8.905499999999999972e+00 2.032000000000000028e+00
1.300000000000000000e+01 4.125000000000000000e+03 -1.000000000000000000e+00 -1.000000000000000000e+00 -1.000000000000000000e+00 -1.000000000000000000e+00 -1.000000000000000000e+00 1.544862000000000080e+03 1.342366999999999962e+03 1.469000000000000083e+00 1.413000000000000034e+00 8.905499999999999972e+00 2.032000000000000028e+00
1.400000000000000000e+01 4.125000000000000000e+03 -1.000000000000000000e+00 -1.000000000000000000e+00 -1.000000000000000000e+00 -1.000000000000000000e+00 -1.000000000000000000e+00 1.548479000000000042e+03 1.340394000000000005e+03 1.413000000000000034e+00 1.413000000000000034e+00 8.905499999999999972e+00 2.032000000000000028e+00
