1.000000000000000000e+00 5.607000000000000000e+03 -1.000000000000000000e+00 -1.000000000000000000e+00 -1.000000000000000000e+00 -1.000000000000000000e+00 -1.000000000000000000e+00 1.773340999999999894e+03 9.515130000000000337e+02 2.100999999999999979e+00 1.330999999999999961e+00 3.623499999999999943e+00 1.354000000000000092e+00
1.000000000000000000e+00 5.608000000000000000e+03 -1.000000000000000000e+00 -1.000000000000000000e+00 -1.000000000000000000e+00 -1.000000000000000000e+00 -1.000000000000000000e+00 1.779965999999999894e+03 9.608079999999999927e+02 2.123000000000000220e+00 1.237999999999999989e+00 3.559499999999999886e+00 1.351499999999999924e+00
1.000000000000000000e+00 5.610000000000000000e+03 -1.000000000000000000e+00 -1.000000000000000000e+00 -1.000000000000000000e+00 -1.000000000000000000e+00 -1.000000000000000000e+00 1.767201999999999998e+03 9.440370000000000346e+02 1.989000000000000101e+00 1.166500000000000092e+00 3.463499999999999801e+00 1.361499999999999932e+00
2.000000000000000000e+00 5.607000000000000000e+03 -1.000000000000000000e+00 -1.000000000000000000e+00 -1.000000000000000000e+00 -1.000000000000000000e+00 -1.000000000000000000e+00 1.773340999999999894e+03 9.515130000000000337e+02 2.201000000000000068e+00 1.330999999999999961e+00 3.623499999999999943e+00 1.354000000000000092e+00
2.000000000000000000e+00 5.608000000000000000e+03 -1.000000000000000000e+00 -1.000000000000000000e+00 -1.000000000000000000e+00 -1.000000000000000000e+00 -1.000000000000000000e+00 1.779979000000000042e+03 9.607970000000000255e+02 2.258999999999999897e+00 1.237999999999999989e+00 3.559499999999999886e+00 1.351499999999999924e+00
2.000000000000000000e+00 5.610000000000000000e+03 -1.000000000000000000e+00 -1.000000000000000000e+00 -1.000000000000000000e+00 -1.000000000000000000e+00 -1.000000000000000000e+00 1.767075000000000045e+03 9.440589999999999691e+02 1.993999999999999995e+00 1.166500000000000092e+00 3.463499999999999801e+00 1.361499999999999932e+00
3.000000000000000000e+00 5.607000000000000000e+03 -1.000000000000000000e+00 -1.000000000000000000e+00 -1.000000000000000000e+00 -1.000000000000000000e+00 -1.000000000000000000e+00 1.773340999999999894e+03 9.515130000000000337e+02 2.092000000000000082e+00 1.330999999999999961e+00 3.623499999999999943e+00 1.354000000000000092e+00
3.000000000000000000e+00 5.608000000000000000e+03 -1.000000000000000000e+00 -1.000000000000000000e+00 -1.000000000000000000e+00 -1.000000000000000000e+00 -1.000000000000000000e+00 1.779968000000000075e+03 9.608070000000000164e+02 2.358999999999999986e+00 1.237999999999999989e+00 3.559499999999999886e+00 1.351499999999999924e+00
3.000000000000000000e+00 5.610000000000000000e+03 -1.000000000000000000e+00 -1.000000000000000000e+00 -1.000000000000000000e+00 -1.000000000000000000e+00 -1.000000000000000000e+00 1.767075000000000045e+03 9.440589999999999691e+02 2.144000000000000128e+00 1.166500000000000092e+00 3.463499999999999801e+00 1.361499999999999932e+00
4.000000000000000000e+00 5.607000000000000000e+03 -1.000000000000000000e+00 -1.000000000000000000e+00 -1.000000000000000000e+00 -1.000000000000000000e+00 -1.000000000000000000e+00 1.773461000000000013e+03 9.514239999999999782e+02 2.172000000000000153e+00 1.330999999999999961e+00 3.623499999999999943e+00 1.354000000000000092e+00
4.000000000000000000e+00 5.610000000000000000e+03 -1.000000000000000000e+00 -1.000000000000000000e+00 -1.000000000000000000e+00 -1.000000000000000000e+00 -1.000000000000000000e+00 1.767102000000000089e+03 9.439669999999999845e+02 2.238999999999999879e+00 1.166500000000000092e+00 3.463499999999999801e+00 1.361499999999999932e+00
4.000000000000000000e+00 5.608000000000000000e+03 -1.000000000000000000e+00 -1.000000000000000000e+00 -1.000000000000000000e+00 -1.000000000000000000e+00 -1.000000000000000000e+00 1.779909501570140264e+03 9.606840033013204447e+02 2.433997986999769658e+00 1.237999999999999989e+00 3.559499999999999886e+00 1.351499999999999924e+00
5.000000000000000000e+00 5.607000000000000000e+03 -1.000000000000000000e+00 -1.000000000000000000e+00 -1.000000000000000000e+00 -1.000000000000000000e+00 -1.000000000000000000e+00 1.773580999999999904e+03 9.513339999999999463e+02 1.951000000000000068e+00 1.330999999999999961e+00 3.623499999999999943e+00 1.354000000000000092e+00
5.000000000000000000e+00 5.610000000000000000e+03 -1.000000000000000000e+00 -1.000000000000000000e+00 -1.000000000000000000e+00 -1.000000000000000000e+00 -1.000000000000000000e+00 1.767176999999999907e+03 9.439790000000000418e+02 2.209999999999999964e+00 1.166500000000000092e+00 3.463499999999999801e+00 1.361499999999999932e+00
5.000000000000000000e+00 5.608000000000000000e+03 -1.000000000000000000e+00 -1.000000000000000000e+00 -1.000000000000000000e+00 -1.000000000000000000e+00 -1.000000000000000000e+00 1.779929000019504883e+03 9.607250000410101620e+02 2.408999974993785820e+00 1.237999999999999989e+00 3.559499999999999886e+00 1.351499999999999924e+00
6.000000000000000000e+00 5.607000000000000000e+03 -1.000000000000000000e+00 -1.000000000000000000e+00 -1.000000000000000000e+00 -1.000000000000000000e+00 -1.000000000000000000e+00 1.773778000000000020e+03 9.511849999999999454e+02 2.221999999999999975e+00 1.330999999999999961e+00 3.623499999999999943e+00 1.354000000000000092e+00
6.000000000000000000e+00 5.610000000000000000e+03 -1.000000000000000000e+00 -1.000000000000000000e+00 -1.000000000000000000e+00 -1.000000000000000000e+00 -1.000000000000000000e+00 1.767125999999999976e+03 9.440190000000000055e+02 2.209999999999999964e+00 1.166500000000000092e+00 3.463499999999999801e+00 1.361499999999999932e+00
6.000000000000000000e+00 5.608000000000000000e+03 -1.000000000000000000e+00 -1.000000000000000000e+00 -1.000000000000000000e+00 -1.000000000000000000e+00 -1.000000000000000000e+00 1.779948522342802335e+03 9.607660469771739145e+02 2.383971355381812263e+00 1.237999999999999989e+00 3.559499999999999886e+00 1.351499999999999924e+00
7.000000000000000000e+00 5.607000000000000000e+03 -1.000000000000000000e+00 -1.000000000000000000e+00 -1.000000000000000000e+00 -1.000000000000000000e+00 -1.000000000000000000e+00 1.773653999999999996e+03 9.514049999999999727e+02 2.338000000000000078e+00 1.330999999999999961e+00 3.623499999999999943e+00 1.354000000000000092e+00
7.000000000000000000e+00 5.608000000000000000e+03 -1.000000000000000000e+00 -1.000000000000000000e+00 -1.000000000000000000e+00 -1.000000000000000000e+00 -1.000000000000000000e+00 1.779890000000000100e+03 9.606430000000000291e+02 2.459000000000000075e+00 1.237999999999999989e+00 3.559499999999999886e+00 1.351499999999999924e+00
7.000000000000000000e+00 5.610000000000000000e+03 -1.000000000000000000e+00 -1.000000000000000000e+00 -1.000000000000000000e+00 -1.000000000000000000e+00 -1.000000000000000000e+00 1.767075000000000045e+03 9.440589999999999691e+02 2.209999999999999964e+00 1.166500000000000092e+00 3.463499999999999801e+00 1.361499999999999932e+00
8.000000000000000000e+00 5.607000000000000000e+03 -1.000000000000000000e+00 -1.000000000000000000e+00 -1.000000000000000000e+00 -1.000000000000000000e+00 -1.000000000000000000e+00 1.773605000000000018e+03 9.514660000000000082e+02 2.322000000000000064e+00 1.330999999999999961e+00 3.623499999999999943e+00 1.354000000000000092e+00
8.000000000000000000e+00 5.608000000000000000e+03 -1.000000000000000000e+00 -1.000000000000000000e+00 -1.000000000000000000e+00 -1.000000000000000000e+00 -1.000000000000000000e+00 1.779883000000000038e+03 9.606449999999999818e+02 2.459000000000000075e+00 1.237999999999999989e+00 3.559499999999999886e+00 1.351499999999999924e+00
8.000000000000000000e+00 5.610000000000000000e+03 -1.000000000000000000e+00 -1.000000000000000000e+00 -1.000000000000000000e+00 -1.000000000000000000e+00 -1.000000000000000000e+00 1.767075000000000045e+03 9.440589999999999691e+02 2.229999999999999982e+00 1.166500000000000092e+00 3.463499999999999801e+00 1.361499999999999932e+00
9.000000000000000000e+00 5.607000000000000000e+03 -1.000000000000000000e+00 -1.000000000000000000e+00 -1.000000000000000000e+00 -1.000000000000000000e+00 -1.000000000000000000e+00 1.773531999999999925e+03 9.515119999999999436e+02 2.303999999999999826e+00 1.330999999999999961e+00 3.623499999999999943e+00 1.354000000000000092e+00
9.000000000000000000e+00 5.608000000000000000e+03 -1.000000000000000000e+00 -1.000000000000000000e+00 -1.000000000000000000e+00 -1.000000000000000000e+00 -1.000000000000000000e+00 1.779963999999999942e+03 9.607559999999999718e+02 2.658999999999999808e+00 1.237999999999999989e+00 3.559499999999999886e+00 1.351499999999999924e+00
9.000000000000000000e+00 5.610000000000000000e+03 -1.000000000000000000e+00 -1.000000000000000000e+00 -1.000000000000000000e+00 -1.000000000000000000e+00 -1.000000000000000000e+00 1.767075000000000045e+03 9.440589999999999691e+02 2.238999999999999879e+00 1.166500000000000092e+00 3.463499999999999801e+00 1.361499999999999932e+00
1.000000000000000000e+01 5.607000000000000000e+03 -1.000000000000000000e+00 -1.000000000000000000e+00 -1.000000000000000000e+00 -1.000000000000000000e+00 -1.000000000000000000e+00 1.773479000000000042e+03 9.515969999999999800e+02 2.432999999999999829e+00 1.330999999999999961e+00 3.623499999999999943e+00 1.354000000000000092e+00
1.000000000000000000e+01 5.608000000000000000e+03 -1.000000000000000000e+00 -1.000000000000000000e+00 -1.000000000000000000e+00 -1.000000000000000000e+00 -1.000000000000000000e+00 1.779922000000000025e+03 9.607770000000000437e+02 2.658999999999999808e+00 1.237999999999999989e+00 3.559499999999999886e+00 1.351499999999999924e+00
1.000000000000000000e+01 5.610000000000000000e+03 -1.000000000000000000e+00 -1.000000000000000000e+00 -1.000000000000000000e+00 -1.000000000000000000e+00 -1.000000000000000000e+00 1.766949000000000069e+03 9.440839999999999463e+02 2.212000000000000188e+00 1.166500000000000092e+00 3.463499999999999801e+00 1.361499999999999932e+00
1.100000000000000000e+01 5.607000000000000000e+03 -1.000000000000000000e+00 -1.000000000000000000e+00 -1.000000000000000000e+00 -1.000000000000000000e+00 -1.000000000000000000e+00 1.773488000000000056e+03 9.515900000000000318e+02 2.454000000000000181e+00 1.330999999999999961e+00 3.623499999999999943e+00 1.354000000000000092e+00
1.100000000000000000e+01 5.610000000000000000e+03 -1.000000000000000000e+00 -1.000000000000000000e+00 -1.000000000000000000e+00 -1.000000000000000000e+00 -1.000000000000000000e+00 1.767075000000000045e+03 9.440589999999999691e+02 2.177999999999999936e+00 1.166500000000000092e+00 3.463499999999999801e+00 1.361499999999999932e+00
1.200000000000000000e+01 5.607000000000000000e+03 -1.000000000000000000e+00 -1.000000000000000000e+00 -1.000000000000000000e+00 -1.000000000000000000e+00 -1.000000000000000000e+00 1.773451000000000022e+03 9.515240000000000009e+02 2.474000000000000199e+00 1.330999999999999961e+00 3.623499999999999943e+00 1.354000000000000092e+00
1.200000000000000000e+01 5.610000000000000000e+03 -1.000000000000000000e+00 -1.000000000000000000e+00 -1.000000000000000000e+00 -1.000000000000000000e+00 -1.000000000000000000e+00 1.766950000000000045e+03 9.440850000000000364e+02 2.133999999999999897e+00 1.166500000000000092e+00 3.463499999999999801e+00 1.361499999999999932e+00
1.300000000000000000e+01 5.610000000000000000e+03 -1.000000000000000000e+00 -1.000000000000000000e+00 -1.000000000000000000e+00 -1.000000000000000000e+00 -1.000000000000000000e+00 1.767075000000000045e+03 9.440589999999999691e+02 2.182999999999999829e+00 1.166500000000000092e+00 3.463499999999999801e+00 1.361499999999999932e+00
1.400000000000000000e+01 5.610000000000000000e+03 -1.000000000000000000e+00 -1.000000000000000000e+00 -1.000000000000000000e+00 -1.000000000000000000e+00 -1.000000000000000000e+00 1.766950000000000045e+03 9.440850000000000364e+02 2.488999999999999879e+00 1.166500000000000092e+00 3.463499999999999801e+00 1.361499999999999932e+00
