1.000000000000000000e+00 2.022000000000000000e+03 -1.000000000000000000e+00 -1.000000000000000000e+00 -1.000000000000000000e+00 -1.000000000000000000e+00 -1.000000000000000000e+00 3.930989999999999895e+02 1.149492999999999938e+03 1.675999999999999934e+00 1.649999999999999911e+00 6.725999999999999979e+00 1.790000000000000036e+00
2.000000000000000000e+00 2.022000000000000000e+03 -1.000000000000000000e+00 -1.000000000000000000e+00 -1.000000000000000000e+00 -1.000000000000000000e+00 -1.000000000000000000e+00 3.931200000000000045e+02 1.149539999999999964e+03 1.675999999999999934e+00 1.649999999999999911e+00 6.725999999999999979e+00 1.790000000000000036e+00
3.000000000000000000e+00 2.022000000000000000e+03 -1.000000000000000000e+00 -1.000000000000000000e+00 -1.000000000000000000e+00 -1.000000000000000000e+00 -1.000000000000000000e+00 3.931410000000000196e+02 1.149586999999999989e+03 1.675999999999999934e+00 1.649999999999999911e+00 6.725999999999999979e+00 1.790000000000000036e+00
4.000000000000000000e+00 2.022000000000000000e+03 -1.000000000000000000e+00 -1.000000000000000000e+00 -1.000000000000000000e+00 -1.000000000000000000e+00 -1.000000000000000000e+00 3.931619999999999777e+02 1.149634000000000015e+03 1.675999999999999934e+00 1.649999999999999911e+00 6.725999999999999979e+00 1.790000000000000036e+00
5.000000000000000000e+00 2.022000000000000000e+03 -1.000000000000000000e+00 -1.000000000000000000e+00 -1.000000000000000000e+00 -1.000000000000000000e+00 -1.000000000000000000e+00 3.931829999999999927e+02 1.149682000000000016e+03 1.675999999999999934e+00 1.649999999999999911e+00 6.725999999999999979e+00 1.790000000000000036e+00
6.000000000000000000e+00 2.022000000000000000e+03 -1.000000000000000000e+00 -1.000000000000000000e+00 -1.000000000000000000e+00 -1.000000000000000000e+00 -1.000000000000000000e+00 3.932040000000000077e+02 1.149729000000000042e+03 1.675999999999999934e+00 1.649999999999999911e+00 6.725999999999999979e+00 1.790000000000000036e+00
7.000000000000000000e+00 2.022000000000000000e+03 -1.000000000000000000e+00 -1.000000000000000000e+00 -1.000000000000000000e+00 -1.000000000000000000e+00 -1.000000000000000000e+00 3.931159999999999854e+02 1.149531999999999925e+03 1.675999999999999934e+00 1.649999999999999911e+00 6.725999999999999979e+00 1.790000000000000036e+00
8.000000000000000000e+00 2.022000000000000000e+03 -1.000000000000000000e+00 -1.000000000000000000e+00 -1.000000000000000000e+00 -1.000000000000000000e+00 -1.000000000000000000e+00 3.930289999999999964e+02 1.149336000000000013e+03 1.675999999999999934e+00 1.649999999999999911e+00 6.725999999999999979e+00 1.790000000000000036e+00
9.000000000000000000e+00 2.022000000000000000e+03 -1.000000000000000000e+00 -1.000000000000000000e+00 -1.000000000000000000e+00 -1.000000000000000000e+00 -1.000000000000000000e+00 3.929420000000000073e+02 1.149138999999999896e+03 1.675999999999999934e+00 1.649999999999999911e+00 6.725999999999999979e+00 1.790000000000000036e+00
1.000000000000000000e+01 2.022000000000000000e+03 -1.000000000000000000e+00 -1.000000000000000000e+00 -1.000000000000000000e+00 -1.000000000000000000e+00 -1.000000000000000000e+00 3.928550000000000182e+02 1.148942000000000007e+03 1.675999999999999934e+00 1.649999999999999911e+00 6.725999999999999979e+00 1.790000000000000036e+00
1.100000000000000000e+01 2.022000000000000000e+03 -1.000000000000000000e+00 -1.000000000000000000e+00 -1.000000000000000000e+00 -1.000000000000000000e+00 -1.000000000000000000e+00 3.927669999999999959e+02 1.148746000000000095e+03 1.675999999999999934e+00 1.649999999999999911e+00 6.725999999999999979e+00 1.790000000000000036e+00
1.200000000000000000e+01 2.022000000000000000e+03 -1.000000000000000000e+00 -1.000000000000000000e+00 -1.000000000000000000e+00 -1.000000000000000000e+00 -1.000000000000000000e+00 3.923969999999999914e+02 1.147865000000000009e+03 1.675999999999999934e+00 1.649999999999999911e+00 6.725999999999999979e+00 1.790000000000000036e+00
1.300000000000000000e+01 2.022000000000000000e+03 -1.000000000000000000e+00 -1.000000000000000000e+00 -1.000000000000000000e+00 -1.000000000000000000e+00 -1.000000000000000000e+00 3.920260000000000105e+02 1.146983999999999924e+03 1.675999999999999934e+00 1.649999999999999911e+00 6.725999999999999979e+00 1.790000000000000036e+00
1.400000000000000000e+01 2.022000000000000000e+03 -1.000000000000000000e+00 -1.000000000000000000e+00 -1.000000000000000000e+00 -1.000000000000000000e+00 -1.000000000000000000e+00 3.916549999999999727e+02 1.146103000000000065e+03 1.675999999999999934e+00 1.649999999999999911e+00 6.725999999999999979e+00 1.790000000000000036e+00
1.500000000000000000e+01 2.022000000000000000e+03 -1.000000000000000000e+00 -1.000000000000000000e+00 -1.000000000000000000e+00 -1.000000000000000000e+00 -1.000000000000000000e+00 3.912850000000000250e+02 1.145221999999999980e+03 1.675999999999999934e+00 1.649999999999999911e+00 6.725999999999999979e+00 1.790000000000000036e+00
1.600000000000000000e+01 2.022000000000000000e+03 -1.000000000000000000e+00 -1.000000000000000000e+00 -1.000000000000000000e+00 -1.000000000000000000e+00 -1.000000000000000000e+00 3.909139999999999873e+02 1.144340999999999894e+03 1.675999999999999934e+00 1.649999999999999911e+00 6.725999999999999979e+00 1.790000000000000036e+00
1.700000000000000000e+01 2.022000000000000000e+03 -1.000000000000000000e+00 -1.000000000000000000e+00 -1.000000000000000000e+00 -1.000000000000000000e+00 -1.000000000000000000e+00 3.900960000000000036e+02 1.142362000000000080e+03 1.762000000000000011e+00 1.649999999999999911e+00 6.725999999999999979e+00 1.790000000000000036e+00
1.800000000000000000e+01 2.022000000000000000e+03 -1.000000000000000000e+00 -1.000000000000000000e+00 -1.000000000000000000e+00 -1.000000000000000000e+00 -1.000000000000000000e+00 3.892789999999999964e+02 1.140384000000000015e+03 1.848999999999999977e+00 1.649999999999999911e+00 6.725999999999999979e+00 1.790000000000000036e+00
1.900000000000000000e+01 2.022000000000000000e+03 -1.000000000000000000e+00 -1.000000000000000000e+00 -1.000000000000000000e+00 -1.000000000000000000e+00 -1.000000000000000000e+00 3.884619999999999891e+02 1.138404999999999973e+03 1.935999999999999943e+00 1.649999999999999911e+00 6.725999999999999979e+00 1.790000000000000036e+00
2.000000000000000000e+01 2.022000000000000000e+03 -1.000000000000000000e+00 -1.000000000000000000e+00 -1.000000000000000000e+00 -1.000000000000000000e+00 -1.000000000000000000e+00 3.876440000000000055e+02 1.136425999999999931e+03 1.955999999999999961e+00 1.649999999999999911e+00 6.725999999999999979e+00 1.790000000000000036e+00
2.100000000000000000e+01 2.022000000000000000e+03 -1.000000000000000000e+00 -1.000000000000000000e+00 -1.000000000000000000e+00 -1.000000000000000000e+00 -1.000000000000000000e+00 3.868269999999999982e+02 1.134446999999999889e+03 1.776000000000000023e+00 1.649999999999999911e+00 6.725999999999999979e+00 1.790000000000000036e+00
