1.000000000000000000e+00 2.018000000000000000e+03 -1.000000000000000000e+00 -1.000000000000000000e+00 -1.000000000000000000e+00 -1.000000000000000000e+00 -1.000000000000000000e+00 3.968720000000000141e+02 1.148565000000000055e+03 1.167000000000000037e+00 1.000000000000000000e+00 2.497500000000000053e+00 8.209999999999999520e-01
1.000000000000000000e+00 2.020000000000000000e+03 -1.000000000000000000e+00 -1.000000000000000000e+00 -1.000000000000000000e+00 -1.000000000000000000e+00 -1.000000000000000000e+00 3.640760000000000218e+02 1.095183999999999969e+03 4.959999999999999964e-01 8.305000000000000160e-01 1.887499999999999956e+00 7.149999999999999689e-01
1.000000000000000000e+00 2.034000000000000000e+03 -1.000000000000000000e+00 -1.000000000000000000e+00 -1.000000000000000000e+00 -1.000000000000000000e+00 -1.000000000000000000e+00 3.930439999999999827e+02 1.140461000000000013e+03 7.850000000000000311e-01 9.040000000000000258e-01 2.402000000000000135e+00 7.784999999999999698e-01
1.000000000000000000e+00 2.049000000000000000e+03 -1.000000000000000000e+00 -1.000000000000000000e+00 -1.000000000000000000e+00 -1.000000000000000000e+00 -1.000000000000000000e+00 4.172620000000000005e+02 1.107911000000000058e+03 3.569999999999999840e-01 9.090000000000000302e-01 2.453500000000000014e+00 8.569999999999999840e-01
1.000000000000000000e+00 2.054000000000000000e+03 -1.000000000000000000e+00 -1.000000000000000000e+00 -1.000000000000000000e+00 -1.000000000000000000e+00 -1.000000000000000000e+00 3.857970000000000255e+02 1.132044000000000096e+03 8.339999999999999636e-01 8.924999999999999600e-01 2.152000000000000135e+00 7.335000000000000409e-01
1.000000000000000000e+00 2.061000000000000000e+03 -1.000000000000000000e+00 -1.000000000000000000e+00 -1.000000000000000000e+00 -1.000000000000000000e+00 -1.000000000000000000e+00 3.882269999999999754e+02 1.138195999999999913e+03 9.330000000000000515e-01 1.024499999999999966e+00 2.391999999999999904e+00 7.684999999999999609e-01
2.000000000000000000e+00 2.018000000000000000e+03 -1.000000000000000000e+00 -1.000000000000000000e+00 -1.000000000000000000e+00 -1.000000000000000000e+00 -1.000000000000000000e+00 3.968720000000000141e+02 1.148565000000000055e+03 1.167000000000000037e+00 1.000000000000000000e+00 2.497500000000000053e+00 8.209999999999999520e-01
2.000000000000000000e+00 2.020000000000000000e+03 -1.000000000000000000e+00 -1.000000000000000000e+00 -1.000000000000000000e+00 -1.000000000000000000e+00 -1.000000000000000000e+00 3.641739999999999782e+02 1.095446999999999889e+03 5.180000000000000160e-01 8.305000000000000160e-01 1.887499999999999956e+00 7.149999999999999689e-01
2.000000000000000000e+00 2.034000000000000000e+03 -1.000000000000000000e+00 -1.000000000000000000e+00 -1.000000000000000000e+00 -1.000000000000000000e+00 -1.000000000000000000e+00 3.930330000000000155e+02 1.140434999999999945e+03 7.560000000000000053e-01 9.040000000000000258e-01 2.402000000000000135e+00 7.784999999999999698e-01
2.000000000000000000e+00 2.049000000000000000e+03 -1.000000000000000000e+00 -1.000000000000000000e+00 -1.000000000000000000e+00 -1.000000000000000000e+00 -1.000000000000000000e+00 4.174089999999999918e+02 1.107843000000000075e+03 2.069999999999999896e-01 9.090000000000000302e-01 2.453500000000000014e+00 8.569999999999999840e-01
2.000000000000000000e+00 2.054000000000000000e+03 -1.000000000000000000e+00 -1.000000000000000000e+00 -1.000000000000000000e+00 -1.000000000000000000e+00 -1.000000000000000000e+00 3.857629999999999768e+02 1.132042999999999893e+03 8.339999999999999636e-01 8.924999999999999600e-01 2.152000000000000135e+00 7.335000000000000409e-01
2.000000000000000000e+00 2.061000000000000000e+03 -1.000000000000000000e+00 -1.000000000000000000e+00 -1.000000000000000000e+00 -1.000000000000000000e+00 -1.000000000000000000e+00 3.882139999999999986e+02 1.138164999999999964e+03 9.330000000000000515e-01 1.024499999999999966e+00 2.391999999999999904e+00 7.684999999999999609e-01
3.000000000000000000e+00 2.018000000000000000e+03 -1.000000000000000000e+00 -1.000000000000000000e+00 -1.000000000000000000e+00 -1.000000000000000000e+00 -1.000000000000000000e+00 3.968720000000000141e+02 1.148565000000000055e+03 1.167000000000000037e+00 1.000000000000000000e+00 2.497500000000000053e+00 8.209999999999999520e-01
3.000000000000000000e+00 2.020000000000000000e+03 -1.000000000000000000e+00 -1.000000000000000000e+00 -1.000000000000000000e+00 -1.000000000000000000e+00 -1.000000000000000000e+00 3.642710000000000150e+02 1.095709000000000060e+03 5.390000000000000346e-01 8.305000000000000160e-01 1.887499999999999956e+00 7.149999999999999689e-01
3.000000000000000000e+00 2.034000000000000000e+03 -1.000000000000000000e+00 -1.000000000000000000e+00 -1.000000000000000000e+00 -1.000000000000000000e+00 -1.000000000000000000e+00 3.930339999999999918e+02 1.140439000000000078e+03 8.060000000000000497e-01 9.040000000000000258e-01 2.402000000000000135e+00 7.784999999999999698e-01
3.000000000000000000e+00 2.049000000000000000e+03 -1.000000000000000000e+00 -1.000000000000000000e+00 -1.000000000000000000e+00 -1.000000000000000000e+00 -1.000000000000000000e+00 4.178190000000000168e+02 1.108169000000000096e+03 5.700000000000000205e-02 9.090000000000000302e-01 2.453500000000000014e+00 8.569999999999999840e-01
3.000000000000000000e+00 2.054000000000000000e+03 -1.000000000000000000e+00 -1.000000000000000000e+00 -1.000000000000000000e+00 -1.000000000000000000e+00 -1.000000000000000000e+00 3.857139999999999986e+02 1.131946999999999889e+03 7.840000000000000302e-01 8.924999999999999600e-01 2.152000000000000135e+00 7.335000000000000409e-01
3.000000000000000000e+00 2.061000000000000000e+03 -1.000000000000000000e+00 -1.000000000000000000e+00 -1.000000000000000000e+00 -1.000000000000000000e+00 -1.000000000000000000e+00 3.882010000000000218e+02 1.138134999999999991e+03 9.330000000000000515e-01 1.024499999999999966e+00 2.391999999999999904e+00 7.684999999999999609e-01
4.000000000000000000e+00 2.018000000000000000e+03 -1.000000000000000000e+00 -1.000000000000000000e+00 -1.000000000000000000e+00 -1.000000000000000000e+00 -1.000000000000000000e+00 3.968720000000000141e+02 1.148565000000000055e+03 1.167000000000000037e+00 1.000000000000000000e+00 2.497500000000000053e+00 8.209999999999999520e-01
4.000000000000000000e+00 2.034000000000000000e+03 -1.000000000000000000e+00 -1.000000000000000000e+00 -1.000000000000000000e+00 -1.000000000000000000e+00 -1.000000000000000000e+00 3.931000000000000227e+02 1.140595000000000027e+03 7.560000000000000053e-01 9.040000000000000258e-01 2.402000000000000135e+00 7.784999999999999698e-01
4.000000000000000000e+00 2.049000000000000000e+03 -1.000000000000000000e+00 -1.000000000000000000e+00 -1.000000000000000000e+00 -1.000000000000000000e+00 -1.000000000000000000e+00 4.231050000000000182e+02 1.105873000000000047e+03 -9.299999999999999933e-02 9.090000000000000302e-01 2.453500000000000014e+00 8.569999999999999840e-01
4.000000000000000000e+00 2.054000000000000000e+03 -1.000000000000000000e+00 -1.000000000000000000e+00 -1.000000000000000000e+00 -1.000000000000000000e+00 -1.000000000000000000e+00 3.858009999999999877e+02 1.131955999999999904e+03 8.339999999999999636e-01 8.924999999999999600e-01 2.152000000000000135e+00 7.335000000000000409e-01
4.000000000000000000e+00 2.061000000000000000e+03 -1.000000000000000000e+00 -1.000000000000000000e+00 -1.000000000000000000e+00 -1.000000000000000000e+00 -1.000000000000000000e+00 3.881890000000000214e+02 1.138105000000000018e+03 9.330000000000000515e-01 1.024499999999999966e+00 2.391999999999999904e+00 7.684999999999999609e-01
4.000000000000000000e+00 2.020000000000000000e+03 -1.000000000000000000e+00 -1.000000000000000000e+00 -1.000000000000000000e+00 -1.000000000000000000e+00 -1.000000000000000000e+00 3.643685010727542704e+02 1.095972002893685840e+03 5.600002310547600448e-01 8.305000000000000160e-01 1.887499999999999956e+00 7.149999999999999689e-01
5.000000000000000000e+00 2.018000000000000000e+03 -1.000000000000000000e+00 -1.000000000000000000e+00 -1.000000000000000000e+00 -1.000000000000000000e+00 -1.000000000000000000e+00 3.968720000000000141e+02 1.148565000000000055e+03 1.167000000000000037e+00 1.000000000000000000e+00 2.497500000000000053e+00 8.209999999999999520e-01
5.000000000000000000e+00 2.020000000000000000e+03 -1.000000000000000000e+00 -1.000000000000000000e+00 -1.000000000000000000e+00 -1.000000000000000000e+00 -1.000000000000000000e+00 3.644660000000000082e+02 1.096234999999999900e+03 5.809999999999999609e-01 8.305000000000000160e-01 1.887499999999999956e+00 7.149999999999999689e-01
5.000000000000000000e+00 2.034000000000000000e+03 -1.000000000000000000e+00 -1.000000000000000000e+00 -1.000000000000000000e+00 -1.000000000000000000e+00 -1.000000000000000000e+00 3.931490000000000009e+02 1.140711000000000013e+03 8.060000000000000497e-01 9.040000000000000258e-01 2.402000000000000135e+00 7.784999999999999698e-01
5.000000000000000000e+00 2.054000000000000000e+03 -1.000000000000000000e+00 -1.000000000000000000e+00 -1.000000000000000000e+00 -1.000000000000000000e+00 -1.000000000000000000e+00 3.858210000000000264e+02 1.132040999999999940e+03 8.339999999999999636e-01 8.924999999999999600e-01 2.152000000000000135e+00 7.335000000000000409e-01
5.000000000000000000e+00 2.061000000000000000e+03 -1.000000000000000000e+00 -1.000000000000000000e+00 -1.000000000000000000e+00 -1.000000000000000000e+00 -1.000000000000000000e+00 3.881759999999999877e+02 1.138074000000000069e+03 9.330000000000000515e-01 1.024499999999999966e+00 2.391999999999999904e+00 7.684999999999999609e-01
6.000000000000000000e+00 2.018000000000000000e+03 -1.000000000000000000e+00 -1.000000000000000000e+00 -1.000000000000000000e+00 -1.000000000000000000e+00 -1.000000000000000000e+00 3.968720000000000141e+02 1.148565000000000055e+03 1.167000000000000037e+00 1.000000000000000000e+00 2.497500000000000053e+00 8.209999999999999520e-01
6.000000000000000000e+00 2.020000000000000000e+03 -1.000000000000000000e+00 -1.000000000000000000e+00 -1.000000000000000000e+00 -1.000000000000000000e+00 -1.000000000000000000e+00 3.646009999999999991e+02 1.096112000000000080e+03 7.279999999999999805e-01 8.305000000000000160e-01 1.887499999999999956e+00 7.149999999999999689e-01
6.000000000000000000e+00 2.034000000000000000e+03 -1.000000000000000000e+00 -1.000000000000000000e+00 -1.000000000000000000e+00 -1.000000000000000000e+00 -1.000000000000000000e+00 3.931080000000000041e+02 1.140614000000000033e+03 7.560000000000000053e-01 9.040000000000000258e-01 2.402000000000000135e+00 7.784999999999999698e-01
6.000000000000000000e+00 2.069000000000000000e+03 -1.000000000000000000e+00 -1.000000000000000000e+00 -1.000000000000000000e+00 -1.000000000000000000e+00 -1.000000000000000000e+00 3.412780000000000200e+02 1.130825000000000045e+03 1.181000000000000050e+00 9.224999999999999867e-01 2.142999999999999794e+00 7.175000000000000266e-01
6.000000000000000000e+00 2.054000000000000000e+03 -1.000000000000000000e+00 -1.000000000000000000e+00 -1.000000000000000000e+00 -1.000000000000000000e+00 -1.000000000000000000e+00 3.856089999999999804e+02 1.131528000000000020e+03 8.339999999999999636e-01 8.924999999999999600e-01 2.152000000000000135e+00 7.335000000000000409e-01
6.000000000000000000e+00 2.061000000000000000e+03 -1.000000000000000000e+00 -1.000000000000000000e+00 -1.000000000000000000e+00 -1.000000000000000000e+00 -1.000000000000000000e+00 3.881630000000000109e+02 1.138044000000000096e+03 9.330000000000000515e-01 1.024499999999999966e+00 2.391999999999999904e+00 7.684999999999999609e-01
7.000000000000000000e+00 2.018000000000000000e+03 -1.000000000000000000e+00 -1.000000000000000000e+00 -1.000000000000000000e+00 -1.000000000000000000e+00 -1.000000000000000000e+00 3.968240000000000123e+02 1.148593000000000075e+03 1.167000000000000037e+00 1.000000000000000000e+00 2.497500000000000053e+00 8.209999999999999520e-01
7.000000000000000000e+00 2.020000000000000000e+03 -1.000000000000000000e+00 -1.000000000000000000e+00 -1.000000000000000000e+00 -1.000000000000000000e+00 -1.000000000000000000e+00 3.645520000000000209e+02 1.096044000000000096e+03 7.269999999999999796e-01 8.305000000000000160e-01 1.887499999999999956e+00 7.149999999999999689e-01
7.000000000000000000e+00 2.034000000000000000e+03 -1.000000000000000000e+00 -1.000000000000000000e+00 -1.000000000000000000e+00 -1.000000000000000000e+00 -1.000000000000000000e+00 3.929879999999999995e+02 1.140261999999999944e+03 7.059999999999999609e-01 9.040000000000000258e-01 2.402000000000000135e+00 7.784999999999999698e-01
7.000000000000000000e+00 2.069000000000000000e+03 -1.000000000000000000e+00 -1.000000000000000000e+00 -1.000000000000000000e+00 -1.000000000000000000e+00 -1.000000000000000000e+00 3.468849999999999909e+02 1.128265000000000100e+03 1.181000000000000050e+00 9.224999999999999867e-01 2.142999999999999794e+00 7.175000000000000266e-01
7.000000000000000000e+00 2.054000000000000000e+03 -1.000000000000000000e+00 -1.000000000000000000e+00 -1.000000000000000000e+00 -1.000000000000000000e+00 -1.000000000000000000e+00 3.852110000000000127e+02 1.130538999999999987e+03 8.339999999999999636e-01 8.924999999999999600e-01 2.152000000000000135e+00 7.335000000000000409e-01
7.000000000000000000e+00 2.061000000000000000e+03 -1.000000000000000000e+00 -1.000000000000000000e+00 -1.000000000000000000e+00 -1.000000000000000000e+00 -1.000000000000000000e+00 3.877909999999999968e+02 1.137012999999999920e+03 9.330000000000000515e-01 1.024499999999999966e+00 2.391999999999999904e+00 7.684999999999999609e-01
8.000000000000000000e+00 2.018000000000000000e+03 -1.000000000000000000e+00 -1.000000000000000000e+00 -1.000000000000000000e+00 -1.000000000000000000e+00 -1.000000000000000000e+00 3.967760000000000105e+02 1.148621000000000095e+03 1.167000000000000037e+00 1.000000000000000000e+00 2.497500000000000053e+00 8.209999999999999520e-01
8.000000000000000000e+00 2.020000000000000000e+03 -1.000000000000000000e+00 -1.000000000000000000e+00 -1.000000000000000000e+00 -1.000000000000000000e+00 -1.000000000000000000e+00 3.645020000000000095e+02 1.095976000000000113e+03 7.259999999999999787e-01 8.305000000000000160e-01 1.887499999999999956e+00 7.149999999999999689e-01
8.000000000000000000e+00 2.034000000000000000e+03 -1.000000000000000000e+00 -1.000000000000000000e+00 -1.000000000000000000e+00 -1.000000000000000000e+00 -1.000000000000000000e+00 3.927909999999999968e+02 1.139729000000000042e+03 7.059999999999999609e-01 9.040000000000000258e-01 2.402000000000000135e+00 7.784999999999999698e-01
8.000000000000000000e+00 2.069000000000000000e+03 -1.000000000000000000e+00 -1.000000000000000000e+00 -1.000000000000000000e+00 -1.000000000000000000e+00 -1.000000000000000000e+00 3.501039999999999850e+02 1.126795000000000073e+03 1.181000000000000050e+00 9.224999999999999867e-01 2.142999999999999794e+00 7.175000000000000266e-01
8.000000000000000000e+00 2.054000000000000000e+03 -1.000000000000000000e+00 -1.000000000000000000e+00 -1.000000000000000000e+00 -1.000000000000000000e+00 -1.000000000000000000e+00 3.846440000000000055e+02 1.129252999999999929e+03 8.339999999999999636e-01 8.924999999999999600e-01 2.152000000000000135e+00 7.335000000000000409e-01
8.000000000000000000e+00 2.061000000000000000e+03 -1.000000000000000000e+00 -1.000000000000000000e+00 -1.000000000000000000e+00 -1.000000000000000000e+00 -1.000000000000000000e+00 3.874200000000000159e+02 1.135981999999999971e+03 9.330000000000000515e-01 1.024499999999999966e+00 2.391999999999999904e+00 7.684999999999999609e-01
9.000000000000000000e+00 2.018000000000000000e+03 -1.000000000000000000e+00 -1.000000000000000000e+00 -1.000000000000000000e+00 -1.000000000000000000e+00 -1.000000000000000000e+00 3.967280000000000086e+02 1.148648999999999887e+03 1.167000000000000037e+00 1.000000000000000000e+00 2.497500000000000053e+00 8.209999999999999520e-01
9.000000000000000000e+00 2.020000000000000000e+03 -1.000000000000000000e+00 -1.000000000000000000e+00 -1.000000000000000000e+00 -1.000000000000000000e+00 -1.000000000000000000e+00 3.644519999999999982e+02 1.095907999999999902e+03 7.249999999999999778e-01 8.305000000000000160e-01 1.887499999999999956e+00 7.149999999999999689e-01
9.000000000000000000e+00 2.034000000000000000e+03 -1.000000000000000000e+00 -1.000000000000000000e+00 -1.000000000000000000e+00 -1.000000000000000000e+00 -1.000000000000000000e+00 3.925559999999999832e+02 1.139104000000000042e+03 7.560000000000000053e-01 9.040000000000000258e-01 2.402000000000000135e+00 7.784999999999999698e-01
9.000000000000000000e+00 2.069000000000000000e+03 -1.000000000000000000e+00 -1.000000000000000000e+00 -1.000000000000000000e+00 -1.000000000000000000e+00 -1.000000000000000000e+00 3.533500000000000227e+02 1.125313000000000102e+03 1.131000000000000005e+00 9.224999999999999867e-01 2.142999999999999794e+00 7.175000000000000266e-01
9.000000000000000000e+00 2.054000000000000000e+03 -1.000000000000000000e+00 -1.000000000000000000e+00 -1.000000000000000000e+00 -1.000000000000000000e+00 -1.000000000000000000e+00 3.840579999999999927e+02 1.127973999999999933e+03 8.339999999999999636e-01 8.924999999999999600e-01 2.152000000000000135e+00 7.335000000000000409e-01
9.000000000000000000e+00 2.061000000000000000e+03 -1.000000000000000000e+00 -1.000000000000000000e+00 -1.000000000000000000e+00 -1.000000000000000000e+00 -1.000000000000000000e+00 3.870489999999999782e+02 1.134951000000000022e+03 9.330000000000000515e-01 1.024499999999999966e+00 2.391999999999999904e+00 7.684999999999999609e-01
1.000000000000000000e+01 2.018000000000000000e+03 -1.000000000000000000e+00 -1.000000000000000000e+00 -1.000000000000000000e+00 -1.000000000000000000e+00 -1.000000000000000000e+00 3.966800000000000068e+02 1.148675999999999931e+03 1.167000000000000037e+00 1.000000000000000000e+00 2.497500000000000053e+00 8.209999999999999520e-01
1.000000000000000000e+01 2.020000000000000000e+03 -1.000000000000000000e+00 -1.000000000000000000e+00 -1.000000000000000000e+00 -1.000000000000000000e+00 -1.000000000000000000e+00 3.644370000000000118e+02 1.095944999999999936e+03 7.199999999999999734e-01 8.305000000000000160e-01 1.887499999999999956e+00 7.149999999999999689e-01
1.000000000000000000e+01 2.034000000000000000e+03 -1.000000000000000000e+00 -1.000000000000000000e+00 -1.000000000000000000e+00 -1.000000000000000000e+00 -1.000000000000000000e+00 3.920969999999999800e+02 1.137951000000000022e+03 7.059999999999999609e-01 9.040000000000000258e-01 2.402000000000000135e+00 7.784999999999999698e-01
1.000000000000000000e+01 2.069000000000000000e+03 -1.000000000000000000e+00 -1.000000000000000000e+00 -1.000000000000000000e+00 -1.000000000000000000e+00 -1.000000000000000000e+00 3.566499999999999773e+02 1.123806000000000040e+03 1.131000000000000005e+00 9.224999999999999867e-01 2.142999999999999794e+00 7.175000000000000266e-01
1.000000000000000000e+01 2.054000000000000000e+03 -1.000000000000000000e+00 -1.000000000000000000e+00 -1.000000000000000000e+00 -1.000000000000000000e+00 -1.000000000000000000e+00 3.830000000000000000e+02 1.126137999999999920e+03 8.339999999999999636e-01 8.924999999999999600e-01 2.152000000000000135e+00 7.335000000000000409e-01
1.000000000000000000e+01 2.061000000000000000e+03 -1.000000000000000000e+00 -1.000000000000000000e+00 -1.000000000000000000e+00 -1.000000000000000000e+00 -1.000000000000000000e+00 3.866770000000000209e+02 1.133920000000000073e+03 9.330000000000000515e-01 1.024499999999999966e+00 2.391999999999999904e+00 7.684999999999999609e-01
1.100000000000000000e+01 2.018000000000000000e+03 -1.000000000000000000e+00 -1.000000000000000000e+00 -1.000000000000000000e+00 -1.000000000000000000e+00 -1.000000000000000000e+00 3.966320000000000050e+02 1.148703999999999951e+03 1.167000000000000037e+00 1.000000000000000000e+00 2.497500000000000053e+00 8.209999999999999520e-01
1.100000000000000000e+01 2.020000000000000000e+03 -1.000000000000000000e+00 -1.000000000000000000e+00 -1.000000000000000000e+00 -1.000000000000000000e+00 -1.000000000000000000e+00 3.644220000000000255e+02 1.095982999999999947e+03 7.139999999999999680e-01 8.305000000000000160e-01 1.887499999999999956e+00 7.149999999999999689e-01
1.100000000000000000e+01 2.034000000000000000e+03 -1.000000000000000000e+00 -1.000000000000000000e+00 -1.000000000000000000e+00 -1.000000000000000000e+00 -1.000000000000000000e+00 3.914900000000000091e+02 1.136448000000000093e+03 6.560000000000000275e-01 9.040000000000000258e-01 2.402000000000000135e+00 7.784999999999999698e-01
1.100000000000000000e+01 2.069000000000000000e+03 -1.000000000000000000e+00 -1.000000000000000000e+00 -1.000000000000000000e+00 -1.000000000000000000e+00 -1.000000000000000000e+00 3.590910000000000082e+02 1.122691000000000031e+03 1.131000000000000005e+00 9.224999999999999867e-01 2.142999999999999794e+00 7.175000000000000266e-01
1.100000000000000000e+01 2.079000000000000000e+03 -1.000000000000000000e+00 -1.000000000000000000e+00 -1.000000000000000000e+00 -1.000000000000000000e+00 -1.000000000000000000e+00 3.602139999999999986e+02 1.085800999999999931e+03 7.069999999999999618e-01 8.904999999999999583e-01 2.201499999999999790e+00 7.510000000000000009e-01
1.100000000000000000e+01 2.054000000000000000e+03 -1.000000000000000000e+00 -1.000000000000000000e+00 -1.000000000000000000e+00 -1.000000000000000000e+00 -1.000000000000000000e+00 3.817239999999999895e+02 1.124205999999999904e+03 8.339999999999999636e-01 8.924999999999999600e-01 2.152000000000000135e+00 7.335000000000000409e-01
1.100000000000000000e+01 2.061000000000000000e+03 -1.000000000000000000e+00 -1.000000000000000000e+00 -1.000000000000000000e+00 -1.000000000000000000e+00 -1.000000000000000000e+00 3.863059999999999832e+02 1.132888999999999896e+03 9.330000000000000515e-01 1.024499999999999966e+00 2.391999999999999904e+00 7.684999999999999609e-01
1.200000000000000000e+01 2.018000000000000000e+03 -1.000000000000000000e+00 -1.000000000000000000e+00 -1.000000000000000000e+00 -1.000000000000000000e+00 -1.000000000000000000e+00 3.962950000000000159e+02 1.147964999999999918e+03 1.167000000000000037e+00 1.000000000000000000e+00 2.497500000000000053e+00 8.209999999999999520e-01
1.200000000000000000e+01 2.020000000000000000e+03 -1.000000000000000000e+00 -1.000000000000000000e+00 -1.000000000000000000e+00 -1.000000000000000000e+00 -1.000000000000000000e+00 3.644060000000000059e+02 1.096019999999999982e+03 7.089999999999999636e-01 8.305000000000000160e-01 1.887499999999999956e+00 7.149999999999999689e-01
1.200000000000000000e+01 2.034000000000000000e+03 -1.000000000000000000e+00 -1.000000000000000000e+00 -1.000000000000000000e+00 -1.000000000000000000e+00 -1.000000000000000000e+00 3.908290000000000077e+02 1.134659000000000106e+03 7.059999999999999609e-01 9.040000000000000258e-01 2.402000000000000135e+00 7.784999999999999698e-01
1.200000000000000000e+01 2.069000000000000000e+03 -1.000000000000000000e+00 -1.000000000000000000e+00 -1.000000000000000000e+00 -1.000000000000000000e+00 -1.000000000000000000e+00 3.608620000000000232e+02 1.121883000000000038e+03 1.080999999999999961e+00 9.224999999999999867e-01 2.142999999999999794e+00 7.175000000000000266e-01
1.200000000000000000e+01 2.079000000000000000e+03 -1.000000000000000000e+00 -1.000000000000000000e+00 -1.000000000000000000e+00 -1.000000000000000000e+00 -1.000000000000000000e+00 3.606899999999999977e+02 1.087048999999999978e+03 7.069999999999999618e-01 8.904999999999999583e-01 2.201499999999999790e+00 7.510000000000000009e-01
1.200000000000000000e+01 2.054000000000000000e+03 -1.000000000000000000e+00 -1.000000000000000000e+00 -1.000000000000000000e+00 -1.000000000000000000e+00 -1.000000000000000000e+00 3.802559999999999718e+02 1.122256000000000085e+03 8.339999999999999636e-01 8.924999999999999600e-01 2.152000000000000135e+00 7.335000000000000409e-01
1.200000000000000000e+01 2.061000000000000000e+03 -1.000000000000000000e+00 -1.000000000000000000e+00 -1.000000000000000000e+00 -1.000000000000000000e+00 -1.000000000000000000e+00 3.853929999999999723e+02 1.130817000000000007e+03 9.030000000000000249e-01 1.024499999999999966e+00 2.391999999999999904e+00 7.684999999999999609e-01
1.300000000000000000e+01 2.020000000000000000e+03 -1.000000000000000000e+00 -1.000000000000000000e+00 -1.000000000000000000e+00 -1.000000000000000000e+00 -1.000000000000000000e+00 3.643910000000000196e+02 1.096057000000000016e+03 7.039999999999999591e-01 8.305000000000000160e-01 1.887499999999999956e+00 7.149999999999999689e-01
1.300000000000000000e+01 2.034000000000000000e+03 -1.000000000000000000e+00 -1.000000000000000000e+00 -1.000000000000000000e+00 -1.000000000000000000e+00 -1.000000000000000000e+00 3.900600000000000023e+02 1.132700000000000045e+03 6.560000000000000275e-01 9.040000000000000258e-01 2.402000000000000135e+00 7.784999999999999698e-01
1.300000000000000000e+01 2.069000000000000000e+03 -1.000000000000000000e+00 -1.000000000000000000e+00 -1.000000000000000000e+00 -1.000000000000000000e+00 -1.000000000000000000e+00 3.616669999999999732e+02 1.121515000000000100e+03 9.809999999999999831e-01 9.224999999999999867e-01 2.142999999999999794e+00 7.175000000000000266e-01
1.300000000000000000e+01 2.079000000000000000e+03 -1.000000000000000000e+00 -1.000000000000000000e+00 -1.000000000000000000e+00 -1.000000000000000000e+00 -1.000000000000000000e+00 3.609950000000000045e+02 1.087710000000000036e+03 6.570000000000000284e-01 8.904999999999999583e-01 2.201499999999999790e+00 7.510000000000000009e-01
1.300000000000000000e+01 2.054000000000000000e+03 -1.000000000000000000e+00 -1.000000000000000000e+00 -1.000000000000000000e+00 -1.000000000000000000e+00 -1.000000000000000000e+00 3.784010000000000105e+02 1.120352000000000089e+03 8.339999999999999636e-01 8.924999999999999600e-01 2.152000000000000135e+00 7.335000000000000409e-01
1.300000000000000000e+01 2.061000000000000000e+03 -1.000000000000000000e+00 -1.000000000000000000e+00 -1.000000000000000000e+00 -1.000000000000000000e+00 -1.000000000000000000e+00 3.843809999999999718e+02 1.128791999999999916e+03 8.729999999999999982e-01 1.024499999999999966e+00 2.391999999999999904e+00 7.684999999999999609e-01
1.300000000000000000e+01 2.018000000000000000e+03 -1.000000000000000000e+00 -1.000000000000000000e+00 -1.000000000000000000e+00 -1.000000000000000000e+00 -1.000000000000000000e+00 3.956329942496893750e+02 1.146511864605506162e+03 1.167000000000000037e+00 1.000000000000000000e+00 2.497500000000000053e+00 8.209999999999999520e-01
1.400000000000000000e+01 2.020000000000000000e+03 -1.000000000000000000e+00 -1.000000000000000000e+00 -1.000000000000000000e+00 -1.000000000000000000e+00 -1.000000000000000000e+00 3.643870000000000005e+02 1.096069999999999936e+03 6.830000000000000515e-01 8.305000000000000160e-01 1.887499999999999956e+00 7.149999999999999689e-01
1.400000000000000000e+01 2.034000000000000000e+03 -1.000000000000000000e+00 -1.000000000000000000e+00 -1.000000000000000000e+00 -1.000000000000000000e+00 -1.000000000000000000e+00 3.890360000000000014e+02 1.130688000000000102e+03 7.059999999999999609e-01 9.040000000000000258e-01 2.402000000000000135e+00 7.784999999999999698e-01
1.400000000000000000e+01 2.069000000000000000e+03 -1.000000000000000000e+00 -1.000000000000000000e+00 -1.000000000000000000e+00 -1.000000000000000000e+00 -1.000000000000000000e+00 3.618129999999999882e+02 1.121480999999999995e+03 1.080999999999999961e+00 9.224999999999999867e-01 2.142999999999999794e+00 7.175000000000000266e-01
1.400000000000000000e+01 2.079000000000000000e+03 -1.000000000000000000e+00 -1.000000000000000000e+00 -1.000000000000000000e+00 -1.000000000000000000e+00 -1.000000000000000000e+00 3.612989999999999782e+02 1.088369999999999891e+03 6.069999999999999840e-01 8.904999999999999583e-01 2.201499999999999790e+00 7.510000000000000009e-01
1.400000000000000000e+01 2.054000000000000000e+03 -1.000000000000000000e+00 -1.000000000000000000e+00 -1.000000000000000000e+00 -1.000000000000000000e+00 -1.000000000000000000e+00 3.762989999999999782e+02 1.118723999999999933e+03 8.339999999999999636e-01 8.924999999999999600e-01 2.152000000000000135e+00 7.335000000000000409e-01
1.400000000000000000e+01 2.061000000000000000e+03 -1.000000000000000000e+00 -1.000000000000000000e+00 -1.000000000000000000e+00 -1.000000000000000000e+00 -1.000000000000000000e+00 3.832710000000000150e+02 1.126817999999999984e+03 8.429999999999999716e-01 1.024499999999999966e+00 2.391999999999999904e+00 7.684999999999999609e-01
1.400000000000000000e+01 2.018000000000000000e+03 -1.000000000000000000e+00 -1.000000000000000000e+00 -1.000000000000000000e+00 -1.000000000000000000e+00 -1.000000000000000000e+00 3.959466433717216205e+02 1.147200339955551271e+03 1.167000000000000037e+00 1.000000000000000000e+00 2.497500000000000053e+00 8.209999999999999520e-01
1.500000000000000000e+01 2.018000000000000000e+03 -1.000000000000000000e+00 -1.000000000000000000e+00 -1.000000000000000000e+00 -1.000000000000000000e+00 -1.000000000000000000e+00 3.952850000000000250e+02 1.145748000000000047e+03 1.167000000000000037e+00 1.000000000000000000e+00 2.497500000000000053e+00 8.209999999999999520e-01
1.500000000000000000e+01 2.020000000000000000e+03 -1.000000000000000000e+00 -1.000000000000000000e+00 -1.000000000000000000e+00 -1.000000000000000000e+00 -1.000000000000000000e+00 3.643829999999999814e+02 1.096084000000000060e+03 6.620000000000000329e-01 8.305000000000000160e-01 1.887499999999999956e+00 7.149999999999999689e-01
1.500000000000000000e+01 2.034000000000000000e+03 -1.000000000000000000e+00 -1.000000000000000000e+00 -1.000000000000000000e+00 -1.000000000000000000e+00 -1.000000000000000000e+00 3.878919999999999959e+02 1.128141000000000076e+03 7.560000000000000053e-01 9.040000000000000258e-01 2.402000000000000135e+00 7.784999999999999698e-01
1.500000000000000000e+01 2.069000000000000000e+03 -1.000000000000000000e+00 -1.000000000000000000e+00 -1.000000000000000000e+00 -1.000000000000000000e+00 -1.000000000000000000e+00 3.615910000000000082e+02 1.121420000000000073e+03 1.030999999999999917e+00 9.224999999999999867e-01 2.142999999999999794e+00 7.175000000000000266e-01
1.500000000000000000e+01 2.079000000000000000e+03 -1.000000000000000000e+00 -1.000000000000000000e+00 -1.000000000000000000e+00 -1.000000000000000000e+00 -1.000000000000000000e+00 3.614340000000000259e+02 1.088696999999999889e+03 6.239999999999999991e-01 8.904999999999999583e-01 2.201499999999999790e+00 7.510000000000000009e-01
1.500000000000000000e+01 2.054000000000000000e+03 -1.000000000000000000e+00 -1.000000000000000000e+00 -1.000000000000000000e+00 -1.000000000000000000e+00 -1.000000000000000000e+00 3.735620000000000118e+02 1.117439000000000078e+03 8.339999999999999636e-01 8.924999999999999600e-01 2.152000000000000135e+00 7.335000000000000409e-01
1.500000000000000000e+01 2.084000000000000000e+03 -1.000000000000000000e+00 -1.000000000000000000e+00 -1.000000000000000000e+00 -1.000000000000000000e+00 -1.000000000000000000e+00 3.559209999999999923e+02 1.072127999999999929e+03 7.079999999999999627e-01 8.974999999999999645e-01 2.164499999999999869e+00 7.874999999999999778e-01
1.500000000000000000e+01 2.061000000000000000e+03 -1.000000000000000000e+00 -1.000000000000000000e+00 -1.000000000000000000e+00 -1.000000000000000000e+00 -1.000000000000000000e+00 3.820659999999999741e+02 1.124901000000000067e+03 8.129999999999999449e-01 1.024499999999999966e+00 2.391999999999999904e+00 7.684999999999999609e-01
1.600000000000000000e+01 2.018000000000000000e+03 -1.000000000000000000e+00 -1.000000000000000000e+00 -1.000000000000000000e+00 -1.000000000000000000e+00 -1.000000000000000000e+00 3.947579999999999814e+02 1.143457000000000107e+03 1.167000000000000037e+00 1.000000000000000000e+00 2.497500000000000053e+00 8.209999999999999520e-01
1.600000000000000000e+01 2.020000000000000000e+03 -1.000000000000000000e+00 -1.000000000000000000e+00 -1.000000000000000000e+00 -1.000000000000000000e+00 -1.000000000000000000e+00 3.643799999999999955e+02 1.096096999999999980e+03 6.410000000000000142e-01 8.305000000000000160e-01 1.887499999999999956e+00 7.149999999999999689e-01
1.600000000000000000e+01 2.034000000000000000e+03 -1.000000000000000000e+00 -1.000000000000000000e+00 -1.000000000000000000e+00 -1.000000000000000000e+00 -1.000000000000000000e+00 3.866789999999999736e+02 1.125344000000000051e+03 6.560000000000000275e-01 9.040000000000000258e-01 2.402000000000000135e+00 7.784999999999999698e-01
1.600000000000000000e+01 2.069000000000000000e+03 -1.000000000000000000e+00 -1.000000000000000000e+00 -1.000000000000000000e+00 -1.000000000000000000e+00 -1.000000000000000000e+00 3.614929999999999950e+02 1.121205999999999904e+03 1.080999999999999961e+00 9.224999999999999867e-01 2.142999999999999794e+00 7.175000000000000266e-01
1.600000000000000000e+01 2.079000000000000000e+03 -1.000000000000000000e+00 -1.000000000000000000e+00 -1.000000000000000000e+00 -1.000000000000000000e+00 -1.000000000000000000e+00 3.615679999999999836e+02 1.089025000000000091e+03 6.400000000000000133e-01 8.904999999999999583e-01 2.201499999999999790e+00 7.510000000000000009e-01
1.600000000000000000e+01 2.054000000000000000e+03 -1.000000000000000000e+00 -1.000000000000000000e+00 -1.000000000000000000e+00 -1.000000000000000000e+00 -1.000000000000000000e+00 3.703809999999999718e+02 1.116476000000000113e+03 8.339999999999999636e-01 8.924999999999999600e-01 2.152000000000000135e+00 7.335000000000000409e-01
1.600000000000000000e+01 2.084000000000000000e+03 -1.000000000000000000e+00 -1.000000000000000000e+00 -1.000000000000000000e+00 -1.000000000000000000e+00 -1.000000000000000000e+00 3.565810000000000173e+02 1.074326000000000022e+03 7.079999999999999627e-01 8.974999999999999645e-01 2.164499999999999869e+00 7.874999999999999778e-01
1.600000000000000000e+01 2.061000000000000000e+03 -1.000000000000000000e+00 -1.000000000000000000e+00 -1.000000000000000000e+00 -1.000000000000000000e+00 -1.000000000000000000e+00 3.807690000000000055e+02 1.123046000000000049e+03 7.830000000000000293e-01 1.024499999999999966e+00 2.391999999999999904e+00 7.684999999999999609e-01
1.600000000000000000e+01 2.087000000000000000e+03 -1.000000000000000000e+00 -1.000000000000000000e+00 -1.000000000000000000e+00 -1.000000000000000000e+00 -1.000000000000000000e+00 3.632040000000000077e+02 1.132777000000000044e+03 7.209999999999999742e-01 7.185000000000000275e-01 2.078500000000000014e+00 7.550000000000000044e-01
1.700000000000000000e+01 2.020000000000000000e+03 -1.000000000000000000e+00 -1.000000000000000000e+00 -1.000000000000000000e+00 -1.000000000000000000e+00 -1.000000000000000000e+00 3.643759999999999764e+02 1.096109999999999900e+03 6.199999999999999956e-01 8.305000000000000160e-01 1.887499999999999956e+00 7.149999999999999689e-01
1.700000000000000000e+01 2.034000000000000000e+03 -1.000000000000000000e+00 -1.000000000000000000e+00 -1.000000000000000000e+00 -1.000000000000000000e+00 -1.000000000000000000e+00 3.852679999999999723e+02 1.122164999999999964e+03 7.059999999999999609e-01 9.040000000000000258e-01 2.402000000000000135e+00 7.784999999999999698e-01
1.700000000000000000e+01 2.069000000000000000e+03 -1.000000000000000000e+00 -1.000000000000000000e+00 -1.000000000000000000e+00 -1.000000000000000000e+00 -1.000000000000000000e+00 3.614929999999999950e+02 1.121205999999999904e+03 1.038999999999999924e+00 9.224999999999999867e-01 2.142999999999999794e+00 7.175000000000000266e-01
1.700000000000000000e+01 2.079000000000000000e+03 -1.000000000000000000e+00 -1.000000000000000000e+00 -1.000000000000000000e+00 -1.000000000000000000e+00 -1.000000000000000000e+00 3.616270000000000095e+02 1.089153000000000020e+03 6.069999999999999840e-01 8.904999999999999583e-01 2.201499999999999790e+00 7.510000000000000009e-01
1.700000000000000000e+01 2.088000000000000000e+03 -1.000000000000000000e+00 -1.000000000000000000e+00 -1.000000000000000000e+00 -1.000000000000000000e+00 -1.000000000000000000e+00 3.982610000000000241e+02 1.082436999999999898e+03 1.062000000000000055e+00 9.935000000000000497e-01 2.229000000000000092e+00 8.165000000000000036e-01
1.700000000000000000e+01 2.054000000000000000e+03 -1.000000000000000000e+00 -1.000000000000000000e+00 -1.000000000000000000e+00 -1.000000000000000000e+00 -1.000000000000000000e+00 3.669239999999999782e+02 1.116198000000000093e+03 9.340000000000000524e-01 8.924999999999999600e-01 2.152000000000000135e+00 7.335000000000000409e-01
1.700000000000000000e+01 2.084000000000000000e+03 -1.000000000000000000e+00 -1.000000000000000000e+00 -1.000000000000000000e+00 -1.000000000000000000e+00 -1.000000000000000000e+00 3.571759999999999877e+02 1.076325000000000045e+03 7.079999999999999627e-01 8.974999999999999645e-01 2.164499999999999869e+00 7.874999999999999778e-01
1.700000000000000000e+01 2.090000000000000000e+03 -1.000000000000000000e+00 -1.000000000000000000e+00 -1.000000000000000000e+00 -1.000000000000000000e+00 -1.000000000000000000e+00 3.430810000000000173e+02 1.101186999999999898e+03 6.650000000000000355e-01 8.185000000000000053e-01 2.258000000000000007e+00 1.000000000000000000e+00
1.700000000000000000e+01 2.061000000000000000e+03 -1.000000000000000000e+00 -1.000000000000000000e+00 -1.000000000000000000e+00 -1.000000000000000000e+00 -1.000000000000000000e+00 3.785779999999999745e+02 1.120673999999999978e+03 8.529999999999999805e-01 1.024499999999999966e+00 2.391999999999999904e+00 7.684999999999999609e-01
1.700000000000000000e+01 2.087000000000000000e+03 -1.000000000000000000e+00 -1.000000000000000000e+00 -1.000000000000000000e+00 -1.000000000000000000e+00 -1.000000000000000000e+00 3.658279999999999745e+02 1.132852000000000089e+03 7.209999999999999742e-01 7.185000000000000275e-01 2.078500000000000014e+00 7.550000000000000044e-01
1.800000000000000000e+01 2.020000000000000000e+03 -1.000000000000000000e+00 -1.000000000000000000e+00 -1.000000000000000000e+00 -1.000000000000000000e+00 -1.000000000000000000e+00 3.643650000000000091e+02 1.096044000000000096e+03 6.850000000000000533e-01 8.305000000000000160e-01 1.887499999999999956e+00 7.149999999999999689e-01
1.800000000000000000e+01 2.034000000000000000e+03 -1.000000000000000000e+00 -1.000000000000000000e+00 -1.000000000000000000e+00 -1.000000000000000000e+00 -1.000000000000000000e+00 3.836820000000000164e+02 1.118486000000000104e+03 8.060000000000000497e-01 9.040000000000000258e-01 2.402000000000000135e+00 7.784999999999999698e-01
1.800000000000000000e+01 2.069000000000000000e+03 -1.000000000000000000e+00 -1.000000000000000000e+00 -1.000000000000000000e+00 -1.000000000000000000e+00 -1.000000000000000000e+00 3.614929999999999950e+02 1.121205999999999904e+03 1.080999999999999961e+00 9.224999999999999867e-01 2.142999999999999794e+00 7.175000000000000266e-01
1.800000000000000000e+01 2.079000000000000000e+03 -1.000000000000000000e+00 -1.000000000000000000e+00 -1.000000000000000000e+00 -1.000000000000000000e+00 -1.000000000000000000e+00 3.616519999999999868e+02 1.089208000000000084e+03 6.320000000000000062e-01 8.904999999999999583e-01 2.201499999999999790e+00 7.510000000000000009e-01
1.800000000000000000e+01 2.088000000000000000e+03 -1.000000000000000000e+00 -1.000000000000000000e+00 -1.000000000000000000e+00 -1.000000000000000000e+00 -1.000000000000000000e+00 3.992980000000000018e+02 1.081905999999999949e+03 1.112000000000000099e+00 9.935000000000000497e-01 2.229000000000000092e+00 8.165000000000000036e-01
1.800000000000000000e+01 2.054000000000000000e+03 -1.000000000000000000e+00 -1.000000000000000000e+00 -1.000000000000000000e+00 -1.000000000000000000e+00 -1.000000000000000000e+00 3.631039999999999850e+02 1.116664999999999964e+03 9.839999999999999858e-01 8.924999999999999600e-01 2.152000000000000135e+00 7.335000000000000409e-01
1.800000000000000000e+01 2.084000000000000000e+03 -1.000000000000000000e+00 -1.000000000000000000e+00 -1.000000000000000000e+00 -1.000000000000000000e+00 -1.000000000000000000e+00 3.578179999999999836e+02 1.078465999999999894e+03 7.079999999999999627e-01 8.974999999999999645e-01 2.164499999999999869e+00 7.874999999999999778e-01
1.800000000000000000e+01 2.061000000000000000e+03 -1.000000000000000000e+00 -1.000000000000000000e+00 -1.000000000000000000e+00 -1.000000000000000000e+00 -1.000000000000000000e+00 3.760960000000000036e+02 1.118611000000000104e+03 9.230000000000000426e-01 1.024499999999999966e+00 2.391999999999999904e+00 7.684999999999999609e-01
1.800000000000000000e+01 2.087000000000000000e+03 -1.000000000000000000e+00 -1.000000000000000000e+00 -1.000000000000000000e+00 -1.000000000000000000e+00 -1.000000000000000000e+00 3.686349999999999909e+02 1.133144999999999982e+03 8.709999999999999964e-01 7.185000000000000275e-01 2.078500000000000014e+00 7.550000000000000044e-01
1.900000000000000000e+01 2.020000000000000000e+03 -1.000000000000000000e+00 -1.000000000000000000e+00 -1.000000000000000000e+00 -1.000000000000000000e+00 -1.000000000000000000e+00 3.643539999999999850e+02 1.095978000000000065e+03 7.500000000000000000e-01 8.305000000000000160e-01 1.887499999999999956e+00 7.149999999999999689e-01
1.900000000000000000e+01 2.034000000000000000e+03 -1.000000000000000000e+00 -1.000000000000000000e+00 -1.000000000000000000e+00 -1.000000000000000000e+00 -1.000000000000000000e+00 3.819940000000000282e+02 1.114652000000000044e+03 9.559999999999999609e-01 9.040000000000000258e-01 2.402000000000000135e+00 7.784999999999999698e-01
1.900000000000000000e+01 2.069000000000000000e+03 -1.000000000000000000e+00 -1.000000000000000000e+00 -1.000000000000000000e+00 -1.000000000000000000e+00 -1.000000000000000000e+00 3.614929999999999950e+02 1.121205999999999904e+03 1.147000000000000020e+00 9.224999999999999867e-01 2.142999999999999794e+00 7.175000000000000266e-01
1.900000000000000000e+01 2.079000000000000000e+03 -1.000000000000000000e+00 -1.000000000000000000e+00 -1.000000000000000000e+00 -1.000000000000000000e+00 -1.000000000000000000e+00 3.616779999999999973e+02 1.089262999999999920e+03 6.570000000000000284e-01 8.904999999999999583e-01 2.201499999999999790e+00 7.510000000000000009e-01
1.900000000000000000e+01 2.054000000000000000e+03 -1.000000000000000000e+00 -1.000000000000000000e+00 -1.000000000000000000e+00 -1.000000000000000000e+00 -1.000000000000000000e+00 3.594569999999999936e+02 1.117962999999999965e+03 1.084000000000000075e+00 8.924999999999999600e-01 2.152000000000000135e+00 7.335000000000000409e-01
1.900000000000000000e+01 2.084000000000000000e+03 -1.000000000000000000e+00 -1.000000000000000000e+00 -1.000000000000000000e+00 -1.000000000000000000e+00 -1.000000000000000000e+00 3.583020000000000209e+02 1.079936999999999898e+03 7.079999999999999627e-01 8.974999999999999645e-01 2.164499999999999869e+00 7.874999999999999778e-01
1.900000000000000000e+01 2.094000000000000000e+03 -1.000000000000000000e+00 -1.000000000000000000e+00 -1.000000000000000000e+00 -1.000000000000000000e+00 -1.000000000000000000e+00 3.506490000000000009e+02 1.056582000000000107e+03 7.810000000000000275e-01 9.585000000000000187e-01 2.226999999999999869e+00 7.075000000000000178e-01
1.900000000000000000e+01 2.061000000000000000e+03 -1.000000000000000000e+00 -1.000000000000000000e+00 -1.000000000000000000e+00 -1.000000000000000000e+00 -1.000000000000000000e+00 3.733670000000000186e+02 1.117114000000000033e+03 1.042999999999999927e+00 1.024499999999999966e+00 2.391999999999999904e+00 7.684999999999999609e-01
1.900000000000000000e+01 2.087000000000000000e+03 -1.000000000000000000e+00 -1.000000000000000000e+00 -1.000000000000000000e+00 -1.000000000000000000e+00 -1.000000000000000000e+00 3.705129999999999768e+02 1.133814000000000078e+03 7.209999999999999742e-01 7.185000000000000275e-01 2.078500000000000014e+00 7.550000000000000044e-01
2.000000000000000000e+01 2.020000000000000000e+03 -1.000000000000000000e+00 -1.000000000000000000e+00 -1.000000000000000000e+00 -1.000000000000000000e+00 -1.000000000000000000e+00 3.643430000000000177e+02 1.095912000000000035e+03 8.149999999999999467e-01 8.305000000000000160e-01 1.887499999999999956e+00 7.149999999999999689e-01
2.000000000000000000e+01 2.034000000000000000e+03 -1.000000000000000000e+00 -1.000000000000000000e+00 -1.000000000000000000e+00 -1.000000000000000000e+00 -1.000000000000000000e+00 3.804390000000000214e+02 1.111133000000000038e+03 1.056000000000000050e+00 9.040000000000000258e-01 2.402000000000000135e+00 7.784999999999999698e-01
2.000000000000000000e+01 2.069000000000000000e+03 -1.000000000000000000e+00 -1.000000000000000000e+00 -1.000000000000000000e+00 -1.000000000000000000e+00 -1.000000000000000000e+00 3.614929999999999950e+02 1.121205999999999904e+03 1.262999999999999901e+00 9.224999999999999867e-01 2.142999999999999794e+00 7.175000000000000266e-01
2.000000000000000000e+01 2.079000000000000000e+03 -1.000000000000000000e+00 -1.000000000000000000e+00 -1.000000000000000000e+00 -1.000000000000000000e+00 -1.000000000000000000e+00 3.616650000000000205e+02 1.089236000000000104e+03 7.069999999999999618e-01 8.904999999999999583e-01 2.201499999999999790e+00 7.510000000000000009e-01
2.000000000000000000e+01 2.054000000000000000e+03 -1.000000000000000000e+00 -1.000000000000000000e+00 -1.000000000000000000e+00 -1.000000000000000000e+00 -1.000000000000000000e+00 3.557309999999999945e+02 1.119548999999999978e+03 1.233999999999999986e+00 8.924999999999999600e-01 2.152000000000000135e+00 7.335000000000000409e-01
2.000000000000000000e+01 2.084000000000000000e+03 -1.000000000000000000e+00 -1.000000000000000000e+00 -1.000000000000000000e+00 -1.000000000000000000e+00 -1.000000000000000000e+00 3.586750000000000114e+02 1.081068999999999960e+03 7.079999999999999627e-01 8.974999999999999645e-01 2.164499999999999869e+00 7.874999999999999778e-01
2.000000000000000000e+01 2.094000000000000000e+03 -1.000000000000000000e+00 -1.000000000000000000e+00 -1.000000000000000000e+00 -1.000000000000000000e+00 -1.000000000000000000e+00 3.514889999999999759e+02 1.058661000000000058e+03 8.309999999999999609e-01 9.585000000000000187e-01 2.226999999999999869e+00 7.075000000000000178e-01
2.000000000000000000e+01 2.061000000000000000e+03 -1.000000000000000000e+00 -1.000000000000000000e+00 -1.000000000000000000e+00 -1.000000000000000000e+00 -1.000000000000000000e+00 3.703919999999999959e+02 1.116196999999999889e+03 1.213000000000000078e+00 1.024499999999999966e+00 2.391999999999999904e+00 7.684999999999999609e-01
2.000000000000000000e+01 2.087000000000000000e+03 -1.000000000000000000e+00 -1.000000000000000000e+00 -1.000000000000000000e+00 -1.000000000000000000e+00 -1.000000000000000000e+00 3.741610000000000014e+02 1.134759000000000015e+03 1.120999999999999996e+00 7.185000000000000275e-01 2.078500000000000014e+00 7.550000000000000044e-01
2.100000000000000000e+01 2.020000000000000000e+03 -1.000000000000000000e+00 -1.000000000000000000e+00 -1.000000000000000000e+00 -1.000000000000000000e+00 -1.000000000000000000e+00 3.643319999999999936e+02 1.095911000000000058e+03 8.659999999999999920e-01 8.305000000000000160e-01 1.887499999999999956e+00 7.149999999999999689e-01
2.100000000000000000e+01 2.034000000000000000e+03 -1.000000000000000000e+00 -1.000000000000000000e+00 -1.000000000000000000e+00 -1.000000000000000000e+00 -1.000000000000000000e+00 3.787269999999999754e+02 1.107240999999999985e+03 1.056000000000000050e+00 9.040000000000000258e-01 2.402000000000000135e+00 7.784999999999999698e-01
2.100000000000000000e+01 2.098000000000000000e+03 -1.000000000000000000e+00 -1.000000000000000000e+00 -1.000000000000000000e+00 -1.000000000000000000e+00 -1.000000000000000000e+00 3.604950000000000045e+02 1.051590999999999894e+03 1.153999999999999915e+00 9.549999999999999600e-01 2.434000000000000163e+00 8.950000000000000178e-01
2.100000000000000000e+01 2.069000000000000000e+03 -1.000000000000000000e+00 -1.000000000000000000e+00 -1.000000000000000000e+00 -1.000000000000000000e+00 -1.000000000000000000e+00 3.614929999999999950e+02 1.121205999999999904e+03 1.306999999999999940e+00 9.224999999999999867e-01 2.142999999999999794e+00 7.175000000000000266e-01
2.100000000000000000e+01 2.079000000000000000e+03 -1.000000000000000000e+00 -1.000000000000000000e+00 -1.000000000000000000e+00 -1.000000000000000000e+00 -1.000000000000000000e+00 3.616519999999999868e+02 1.089208000000000084e+03 7.069999999999999618e-01 8.904999999999999583e-01 2.201499999999999790e+00 7.510000000000000009e-01
2.100000000000000000e+01 2.084000000000000000e+03 -1.000000000000000000e+00 -1.000000000000000000e+00 -1.000000000000000000e+00 -1.000000000000000000e+00 -1.000000000000000000e+00 3.588700000000000045e+02 1.081663000000000011e+03 7.079999999999999627e-01 8.974999999999999645e-01 2.164499999999999869e+00 7.874999999999999778e-01
2.100000000000000000e+01 2.099000000000000000e+03 -1.000000000000000000e+00 -1.000000000000000000e+00 -1.000000000000000000e+00 -1.000000000000000000e+00 -1.000000000000000000e+00 3.415779999999999745e+02 1.062189000000000078e+03 7.069999999999999618e-01 9.064999999999999725e-01 2.236000000000000210e+00 7.115000000000000213e-01
2.100000000000000000e+01 2.094000000000000000e+03 -1.000000000000000000e+00 -1.000000000000000000e+00 -1.000000000000000000e+00 -1.000000000000000000e+00 -1.000000000000000000e+00 3.524830000000000041e+02 1.061102000000000089e+03 8.810000000000000053e-01 9.585000000000000187e-01 2.226999999999999869e+00 7.075000000000000178e-01
2.100000000000000000e+01 2.061000000000000000e+03 -1.000000000000000000e+00 -1.000000000000000000e+00 -1.000000000000000000e+00 -1.000000000000000000e+00 -1.000000000000000000e+00 3.670860000000000127e+02 1.115779999999999973e+03 1.308000000000000052e+00 1.024499999999999966e+00 2.391999999999999904e+00 7.684999999999999609e-01
2.100000000000000000e+01 2.087000000000000000e+03 -1.000000000000000000e+00 -1.000000000000000000e+00 -1.000000000000000000e+00 -1.000000000000000000e+00 -1.000000000000000000e+00 3.761120000000000232e+02 1.135384000000000015e+03 1.171000000000000041e+00 7.185000000000000275e-01 2.078500000000000014e+00 7.550000000000000044e-01
2.200000000000000000e+01 2.020000000000000000e+03 -1.000000000000000000e+00 -1.000000000000000000e+00 -1.000000000000000000e+00 -1.000000000000000000e+00 -1.000000000000000000e+00 3.643210000000000264e+02 1.095911000000000058e+03 9.170000000000000373e-01 8.305000000000000160e-01 1.887499999999999956e+00 7.149999999999999689e-01
2.200000000000000000e+01 2.034000000000000000e+03 -1.000000000000000000e+00 -1.000000000000000000e+00 -1.000000000000000000e+00 -1.000000000000000000e+00 -1.000000000000000000e+00 3.769329999999999927e+02 1.103273999999999887e+03 1.056000000000000050e+00 9.040000000000000258e-01 2.402000000000000135e+00 7.784999999999999698e-01
2.200000000000000000e+01 2.098000000000000000e+03 -1.000000000000000000e+00 -1.000000000000000000e+00 -1.000000000000000000e+00 -1.000000000000000000e+00 -1.000000000000000000e+00 3.604950000000000045e+02 1.051590999999999894e+03 1.129000000000000004e+00 9.549999999999999600e-01 2.434000000000000163e+00 8.950000000000000178e-01
2.200000000000000000e+01 2.069000000000000000e+03 -1.000000000000000000e+00 -1.000000000000000000e+00 -1.000000000000000000e+00 -1.000000000000000000e+00 -1.000000000000000000e+00 3.614929999999999950e+02 1.121205999999999904e+03 1.387999999999999901e+00 9.224999999999999867e-01 2.142999999999999794e+00 7.175000000000000266e-01
2.200000000000000000e+01 2.079000000000000000e+03 -1.000000000000000000e+00 -1.000000000000000000e+00 -1.000000000000000000e+00 -1.000000000000000000e+00 -1.000000000000000000e+00 3.616270000000000095e+02 1.089153000000000020e+03 8.070000000000000506e-01 8.904999999999999583e-01 2.201499999999999790e+00 7.510000000000000009e-01
2.200000000000000000e+01 2.084000000000000000e+03 -1.000000000000000000e+00 -1.000000000000000000e+00 -1.000000000000000000e+00 -1.000000000000000000e+00 -1.000000000000000000e+00 3.590190000000000055e+02 1.082115999999999985e+03 7.079999999999999627e-01 8.974999999999999645e-01 2.164499999999999869e+00 7.874999999999999778e-01
2.200000000000000000e+01 2.099000000000000000e+03 -1.000000000000000000e+00 -1.000000000000000000e+00 -1.000000000000000000e+00 -1.000000000000000000e+00 -1.000000000000000000e+00 3.418109999999999786e+02 1.062028999999999996e+03 7.069999999999999618e-01 9.064999999999999725e-01 2.236000000000000210e+00 7.115000000000000213e-01
2.200000000000000000e+01 2.094000000000000000e+03 -1.000000000000000000e+00 -1.000000000000000000e+00 -1.000000000000000000e+00 -1.000000000000000000e+00 -1.000000000000000000e+00 3.535099999999999909e+02 1.063618999999999915e+03 8.309999999999999609e-01 9.585000000000000187e-01 2.226999999999999869e+00 7.075000000000000178e-01
2.200000000000000000e+01 2.061000000000000000e+03 -1.000000000000000000e+00 -1.000000000000000000e+00 -1.000000000000000000e+00 -1.000000000000000000e+00 -1.000000000000000000e+00 3.637590000000000146e+02 1.115942000000000007e+03 1.302999999999999936e+00 1.024499999999999966e+00 2.391999999999999904e+00 7.684999999999999609e-01
2.200000000000000000e+01 2.102000000000000000e+03 -1.000000000000000000e+00 -1.000000000000000000e+00 -1.000000000000000000e+00 -1.000000000000000000e+00 -1.000000000000000000e+00 3.427789999999999964e+02 1.041923000000000002e+03 1.245999999999999996e+00 9.885000000000000453e-01 2.645000000000000018e+00 1.000000000000000000e+00
2.300000000000000000e+01 2.020000000000000000e+03 -1.000000000000000000e+00 -1.000000000000000000e+00 -1.000000000000000000e+00 -1.000000000000000000e+00 -1.000000000000000000e+00 3.643100000000000023e+02 1.095910000000000082e+03 9.679999999999999716e-01 8.305000000000000160e-01 1.887499999999999956e+00 7.149999999999999689e-01
2.300000000000000000e+01 2.034000000000000000e+03 -1.000000000000000000e+00 -1.000000000000000000e+00 -1.000000000000000000e+00 -1.000000000000000000e+00 -1.000000000000000000e+00 3.752690000000000055e+02 1.099361000000000104e+03 1.106000000000000094e+00 9.040000000000000258e-01 2.402000000000000135e+00 7.784999999999999698e-01
2.300000000000000000e+01 2.098000000000000000e+03 -1.000000000000000000e+00 -1.000000000000000000e+00 -1.000000000000000000e+00 -1.000000000000000000e+00 -1.000000000000000000e+00 3.604950000000000045e+02 1.051590999999999894e+03 1.104000000000000092e+00 9.549999999999999600e-01 2.434000000000000163e+00 8.950000000000000178e-01
2.300000000000000000e+01 2.069000000000000000e+03 -1.000000000000000000e+00 -1.000000000000000000e+00 -1.000000000000000000e+00 -1.000000000000000000e+00 -1.000000000000000000e+00 3.614929999999999950e+02 1.121205999999999904e+03 1.485999999999999988e+00 9.224999999999999867e-01 2.142999999999999794e+00 7.175000000000000266e-01
2.300000000000000000e+01 2.079000000000000000e+03 -1.000000000000000000e+00 -1.000000000000000000e+00 -1.000000000000000000e+00 -1.000000000000000000e+00 -1.000000000000000000e+00 3.615339999999999918e+02 1.089096000000000004e+03 8.070000000000000506e-01 8.904999999999999583e-01 2.201499999999999790e+00 7.510000000000000009e-01
2.300000000000000000e+01 2.084000000000000000e+03 -1.000000000000000000e+00 -1.000000000000000000e+00 -1.000000000000000000e+00 -1.000000000000000000e+00 -1.000000000000000000e+00 3.590570000000000164e+02 1.082230000000000018e+03 7.580000000000000071e-01 8.974999999999999645e-01 2.164499999999999869e+00 7.874999999999999778e-01
2.300000000000000000e+01 2.099000000000000000e+03 -1.000000000000000000e+00 -1.000000000000000000e+00 -1.000000000000000000e+00 -1.000000000000000000e+00 -1.000000000000000000e+00 3.420439999999999827e+02 1.061869999999999891e+03 7.069999999999999618e-01 9.064999999999999725e-01 2.236000000000000210e+00 7.115000000000000213e-01
2.300000000000000000e+01 2.094000000000000000e+03 -1.000000000000000000e+00 -1.000000000000000000e+00 -1.000000000000000000e+00 -1.000000000000000000e+00 -1.000000000000000000e+00 3.546549999999999727e+02 1.066162000000000035e+03 8.810000000000000053e-01 9.585000000000000187e-01 2.226999999999999869e+00 7.075000000000000178e-01
2.300000000000000000e+01 2.061000000000000000e+03 -1.000000000000000000e+00 -1.000000000000000000e+00 -1.000000000000000000e+00 -1.000000000000000000e+00 -1.000000000000000000e+00 3.612470000000000141e+02 1.116665999999999940e+03 1.372999999999999998e+00 1.024499999999999966e+00 2.391999999999999904e+00 7.684999999999999609e-01
2.300000000000000000e+01 2.102000000000000000e+03 -1.000000000000000000e+00 -1.000000000000000000e+00 -1.000000000000000000e+00 -1.000000000000000000e+00 -1.000000000000000000e+00 3.444409999999999741e+02 1.045163999999999987e+03 1.245999999999999996e+00 9.885000000000000453e-01 2.645000000000000018e+00 1.000000000000000000e+00
2.400000000000000000e+01 2.020000000000000000e+03 -1.000000000000000000e+00 -1.000000000000000000e+00 -1.000000000000000000e+00 -1.000000000000000000e+00 -1.000000000000000000e+00 3.642989999999999782e+02 1.095909000000000106e+03 1.018999999999999906e+00 8.305000000000000160e-01 1.887499999999999956e+00 7.149999999999999689e-01
2.400000000000000000e+01 2.034000000000000000e+03 -1.000000000000000000e+00 -1.000000000000000000e+00 -1.000000000000000000e+00 -1.000000000000000000e+00 -1.000000000000000000e+00 3.735629999999999882e+02 1.095518000000000029e+03 9.559999999999999609e-01 9.040000000000000258e-01 2.402000000000000135e+00 7.784999999999999698e-01
2.400000000000000000e+01 2.098000000000000000e+03 -1.000000000000000000e+00 -1.000000000000000000e+00 -1.000000000000000000e+00 -1.000000000000000000e+00 -1.000000000000000000e+00 3.604830000000000041e+02 1.051559999999999945e+03 1.112000000000000099e+00 9.549999999999999600e-01 2.434000000000000163e+00 8.950000000000000178e-01
2.400000000000000000e+01 2.069000000000000000e+03 -1.000000000000000000e+00 -1.000000000000000000e+00 -1.000000000000000000e+00 -1.000000000000000000e+00 -1.000000000000000000e+00 3.614929999999999950e+02 1.121205999999999904e+03 1.457999999999999963e+00 9.224999999999999867e-01 2.142999999999999794e+00 7.175000000000000266e-01
2.400000000000000000e+01 2.079000000000000000e+03 -1.000000000000000000e+00 -1.000000000000000000e+00 -1.000000000000000000e+00 -1.000000000000000000e+00 -1.000000000000000000e+00 3.615760000000000218e+02 1.089042999999999893e+03 7.570000000000000062e-01 8.904999999999999583e-01 2.201499999999999790e+00 7.510000000000000009e-01
2.400000000000000000e+01 2.084000000000000000e+03 -1.000000000000000000e+00 -1.000000000000000000e+00 -1.000000000000000000e+00 -1.000000000000000000e+00 -1.000000000000000000e+00 3.590439999999999827e+02 1.082220000000000027e+03 8.080000000000000515e-01 8.974999999999999645e-01 2.164499999999999869e+00 7.874999999999999778e-01
2.400000000000000000e+01 2.099000000000000000e+03 -1.000000000000000000e+00 -1.000000000000000000e+00 -1.000000000000000000e+00 -1.000000000000000000e+00 -1.000000000000000000e+00 3.422780000000000200e+02 1.061711000000000013e+03 7.069999999999999618e-01 9.064999999999999725e-01 2.236000000000000210e+00 7.115000000000000213e-01
2.400000000000000000e+01 2.094000000000000000e+03 -1.000000000000000000e+00 -1.000000000000000000e+00 -1.000000000000000000e+00 -1.000000000000000000e+00 -1.000000000000000000e+00 3.559039999999999964e+02 1.068948000000000093e+03 8.309999999999999609e-01 9.585000000000000187e-01 2.226999999999999869e+00 7.075000000000000178e-01
2.400000000000000000e+01 2.102000000000000000e+03 -1.000000000000000000e+00 -1.000000000000000000e+00 -1.000000000000000000e+00 -1.000000000000000000e+00 -1.000000000000000000e+00 3.452450000000000045e+02 1.047114000000000033e+03 1.195999999999999952e+00 9.885000000000000453e-01 2.645000000000000018e+00 1.000000000000000000e+00
2.500000000000000000e+01 2.020000000000000000e+03 -1.000000000000000000e+00 -1.000000000000000000e+00 -1.000000000000000000e+00 -1.000000000000000000e+00 -1.000000000000000000e+00 3.643190000000000168e+02 1.095948000000000093e+03 1.032000000000000028e+00 8.305000000000000160e-01 1.887499999999999956e+00 7.149999999999999689e-01
2.500000000000000000e+01 2.034000000000000000e+03 -1.000000000000000000e+00 -1.000000000000000000e+00 -1.000000000000000000e+00 -1.000000000000000000e+00 -1.000000000000000000e+00 3.720330000000000155e+02 1.092008000000000038e+03 1.006000000000000005e+00 9.040000000000000258e-01 2.402000000000000135e+00 7.784999999999999698e-01
2.500000000000000000e+01 2.098000000000000000e+03 -1.000000000000000000e+00 -1.000000000000000000e+00 -1.000000000000000000e+00 -1.000000000000000000e+00 -1.000000000000000000e+00 3.604710000000000036e+02 1.051528999999999996e+03 1.110000000000000098e+00 9.549999999999999600e-01 2.434000000000000163e+00 8.950000000000000178e-01
2.500000000000000000e+01 2.069000000000000000e+03 -1.000000000000000000e+00 -1.000000000000000000e+00 -1.000000000000000000e+00 -1.000000000000000000e+00 -1.000000000000000000e+00 3.614929999999999950e+02 1.121205999999999904e+03 1.481000000000000094e+00 9.224999999999999867e-01 2.142999999999999794e+00 7.175000000000000266e-01
2.500000000000000000e+01 2.079000000000000000e+03 -1.000000000000000000e+00 -1.000000000000000000e+00 -1.000000000000000000e+00 -1.000000000000000000e+00 -1.000000000000000000e+00 3.615640000000000214e+02 1.089016000000000076e+03 9.070000000000000284e-01 8.904999999999999583e-01 2.201499999999999790e+00 7.510000000000000009e-01
2.500000000000000000e+01 2.084000000000000000e+03 -1.000000000000000000e+00 -1.000000000000000000e+00 -1.000000000000000000e+00 -1.000000000000000000e+00 -1.000000000000000000e+00 3.590310000000000059e+02 1.082211000000000013e+03 8.880000000000000115e-01 8.974999999999999645e-01 2.164499999999999869e+00 7.874999999999999778e-01
2.500000000000000000e+01 2.099000000000000000e+03 -1.000000000000000000e+00 -1.000000000000000000e+00 -1.000000000000000000e+00 -1.000000000000000000e+00 -1.000000000000000000e+00 3.425110000000000241e+02 1.061550999999999931e+03 7.069999999999999618e-01 9.064999999999999725e-01 2.236000000000000210e+00 7.115000000000000213e-01
2.500000000000000000e+01 2.094000000000000000e+03 -1.000000000000000000e+00 -1.000000000000000000e+00 -1.000000000000000000e+00 -1.000000000000000000e+00 -1.000000000000000000e+00 3.569440000000000168e+02 1.071327999999999975e+03 8.309999999999999609e-01 9.585000000000000187e-01 2.226999999999999869e+00 7.075000000000000178e-01
2.500000000000000000e+01 2.102000000000000000e+03 -1.000000000000000000e+00 -1.000000000000000000e+00 -1.000000000000000000e+00 -1.000000000000000000e+00 -1.000000000000000000e+00 3.459590000000000032e+02 1.048865000000000009e+03 1.195999999999999952e+00 9.885000000000000453e-01 2.645000000000000018e+00 1.000000000000000000e+00
2.600000000000000000e+01 2.020000000000000000e+03 -1.000000000000000000e+00 -1.000000000000000000e+00 -1.000000000000000000e+00 -1.000000000000000000e+00 -1.000000000000000000e+00 3.643399999999999750e+02 1.095987000000000080e+03 1.044000000000000039e+00 8.305000000000000160e-01 1.887499999999999956e+00 7.149999999999999689e-01
2.600000000000000000e+01 2.034000000000000000e+03 -1.000000000000000000e+00 -1.000000000000000000e+00 -1.000000000000000000e+00 -1.000000000000000000e+00 -1.000000000000000000e+00 3.704399999999999977e+02 1.088346000000000004e+03 9.559999999999999609e-01 9.040000000000000258e-01 2.402000000000000135e+00 7.784999999999999698e-01
2.600000000000000000e+01 2.098000000000000000e+03 -1.000000000000000000e+00 -1.000000000000000000e+00 -1.000000000000000000e+00 -1.000000000000000000e+00 -1.000000000000000000e+00 3.604580000000000268e+02 1.051497000000000071e+03 9.539999999999999591e-01 9.549999999999999600e-01 2.434000000000000163e+00 8.950000000000000178e-01
2.600000000000000000e+01 2.079000000000000000e+03 -1.000000000000000000e+00 -1.000000000000000000e+00 -1.000000000000000000e+00 -1.000000000000000000e+00 -1.000000000000000000e+00 3.615509999999999877e+02 1.088988000000000056e+03 9.070000000000000284e-01 8.904999999999999583e-01 2.201499999999999790e+00 7.510000000000000009e-01
2.600000000000000000e+01 2.084000000000000000e+03 -1.000000000000000000e+00 -1.000000000000000000e+00 -1.000000000000000000e+00 -1.000000000000000000e+00 -1.000000000000000000e+00 3.590190000000000055e+02 1.082201000000000022e+03 8.679999999999999938e-01 8.974999999999999645e-01 2.164499999999999869e+00 7.874999999999999778e-01
2.600000000000000000e+01 2.099000000000000000e+03 -1.000000000000000000e+00 -1.000000000000000000e+00 -1.000000000000000000e+00 -1.000000000000000000e+00 -1.000000000000000000e+00 3.427440000000000282e+02 1.061392000000000053e+03 7.069999999999999618e-01 9.064999999999999725e-01 2.236000000000000210e+00 7.115000000000000213e-01
2.600000000000000000e+01 2.094000000000000000e+03 -1.000000000000000000e+00 -1.000000000000000000e+00 -1.000000000000000000e+00 -1.000000000000000000e+00 -1.000000000000000000e+00 3.579180000000000064e+02 1.073806000000000040e+03 8.309999999999999609e-01 9.585000000000000187e-01 2.226999999999999869e+00 7.075000000000000178e-01
2.600000000000000000e+01 2.102000000000000000e+03 -1.000000000000000000e+00 -1.000000000000000000e+00 -1.000000000000000000e+00 -1.000000000000000000e+00 -1.000000000000000000e+00 3.468929999999999723e+02 1.051103000000000065e+03 1.195999999999999952e+00 9.885000000000000453e-01 2.645000000000000018e+00 1.000000000000000000e+00
2.700000000000000000e+01 2.020000000000000000e+03 -1.000000000000000000e+00 -1.000000000000000000e+00 -1.000000000000000000e+00 -1.000000000000000000e+00 -1.000000000000000000e+00 3.643600000000000136e+02 1.096026000000000067e+03 1.056999999999999940e+00 8.305000000000000160e-01 1.887499999999999956e+00 7.149999999999999689e-01
2.700000000000000000e+01 2.034000000000000000e+03 -1.000000000000000000e+00 -1.000000000000000000e+00 -1.000000000000000000e+00 -1.000000000000000000e+00 -1.000000000000000000e+00 3.684429999999999836e+02 1.084239000000000033e+03 8.559999999999999831e-01 9.040000000000000258e-01 2.402000000000000135e+00 7.784999999999999698e-01
2.700000000000000000e+01 2.098000000000000000e+03 -1.000000000000000000e+00 -1.000000000000000000e+00 -1.000000000000000000e+00 -1.000000000000000000e+00 -1.000000000000000000e+00 3.604680000000000177e+02 1.051520999999999958e+03 9.539999999999999591e-01 9.549999999999999600e-01 2.434000000000000163e+00 8.950000000000000178e-01
2.700000000000000000e+01 2.079000000000000000e+03 -1.000000000000000000e+00 -1.000000000000000000e+00 -1.000000000000000000e+00 -1.000000000000000000e+00 -1.000000000000000000e+00 3.615380000000000109e+02 1.088960000000000036e+03 8.569999999999999840e-01 8.904999999999999583e-01 2.201499999999999790e+00 7.510000000000000009e-01
2.700000000000000000e+01 2.099000000000000000e+03 -1.000000000000000000e+00 -1.000000000000000000e+00 -1.000000000000000000e+00 -1.000000000000000000e+00 -1.000000000000000000e+00 3.428940000000000055e+02 1.061192000000000007e+03 7.069999999999999618e-01 9.064999999999999725e-01 2.236000000000000210e+00 7.115000000000000213e-01
2.700000000000000000e+01 2.094000000000000000e+03 -1.000000000000000000e+00 -1.000000000000000000e+00 -1.000000000000000000e+00 -1.000000000000000000e+00 -1.000000000000000000e+00 3.591850000000000023e+02 1.076637999999999920e+03 9.310000000000000497e-01 9.585000000000000187e-01 2.226999999999999869e+00 7.075000000000000178e-01
2.700000000000000000e+01 2.102000000000000000e+03 -1.000000000000000000e+00 -1.000000000000000000e+00 -1.000000000000000000e+00 -1.000000000000000000e+00 -1.000000000000000000e+00 3.478600000000000136e+02 1.053462999999999965e+03 1.195999999999999952e+00 9.885000000000000453e-01 2.645000000000000018e+00 1.000000000000000000e+00
2.700000000000000000e+01 2.109000000000000000e+03 -1.000000000000000000e+00 -1.000000000000000000e+00 -1.000000000000000000e+00 -1.000000000000000000e+00 -1.000000000000000000e+00 3.424529999999999745e+02 1.072561999999999898e+03 6.720000000000000417e-01 9.489999999999999547e-01 2.442000000000000171e+00 7.950000000000000400e-01
2.700000000000000000e+01 2.084000000000000000e+03 -1.000000000000000000e+00 -1.000000000000000000e+00 -1.000000000000000000e+00 -1.000000000000000000e+00 -1.000000000000000000e+00 3.590066160273658511e+02 1.082191950173844361e+03 8.489477344089817468e-01 8.974999999999999645e-01 2.164499999999999869e+00 7.874999999999999778e-01
2.800000000000000000e+01 2.020000000000000000e+03 -1.000000000000000000e+00 -1.000000000000000000e+00 -1.000000000000000000e+00 -1.000000000000000000e+00 -1.000000000000000000e+00 3.643809999999999718e+02 1.096065000000000055e+03 1.068999999999999950e+00 8.305000000000000160e-01 1.887499999999999956e+00 7.149999999999999689e-01
2.800000000000000000e+01 2.034000000000000000e+03 -1.000000000000000000e+00 -1.000000000000000000e+00 -1.000000000000000000e+00 -1.000000000000000000e+00 -1.000000000000000000e+00 3.667379999999999995e+02 1.080654999999999973e+03 8.060000000000000497e-01 9.040000000000000258e-01 2.402000000000000135e+00 7.784999999999999698e-01
2.800000000000000000e+01 2.098000000000000000e+03 -1.000000000000000000e+00 -1.000000000000000000e+00 -1.000000000000000000e+00 -1.000000000000000000e+00 -1.000000000000000000e+00 3.604769999999999754e+02 1.051544000000000096e+03 9.539999999999999591e-01 9.549999999999999600e-01 2.434000000000000163e+00 8.950000000000000178e-01
2.800000000000000000e+01 2.084000000000000000e+03 -1.000000000000000000e+00 -1.000000000000000000e+00 -1.000000000000000000e+00 -1.000000000000000000e+00 -1.000000000000000000e+00 3.589929999999999950e+02 1.082182000000000016e+03 8.279999999999999583e-01 8.974999999999999645e-01 2.164499999999999869e+00 7.874999999999999778e-01
2.800000000000000000e+01 2.099000000000000000e+03 -1.000000000000000000e+00 -1.000000000000000000e+00 -1.000000000000000000e+00 -1.000000000000000000e+00 -1.000000000000000000e+00 3.430550000000000068e+02 1.061000999999999976e+03 7.069999999999999618e-01 9.064999999999999725e-01 2.236000000000000210e+00 7.115000000000000213e-01
2.800000000000000000e+01 2.094000000000000000e+03 -1.000000000000000000e+00 -1.000000000000000000e+00 -1.000000000000000000e+00 -1.000000000000000000e+00 -1.000000000000000000e+00 3.602959999999999923e+02 1.079192999999999984e+03 8.810000000000000053e-01 9.585000000000000187e-01 2.226999999999999869e+00 7.075000000000000178e-01
2.800000000000000000e+01 2.102000000000000000e+03 -1.000000000000000000e+00 -1.000000000000000000e+00 -1.000000000000000000e+00 -1.000000000000000000e+00 -1.000000000000000000e+00 3.488269999999999982e+02 1.055823000000000093e+03 1.195999999999999952e+00 9.885000000000000453e-01 2.645000000000000018e+00 1.000000000000000000e+00
2.800000000000000000e+01 2.109000000000000000e+03 -1.000000000000000000e+00 -1.000000000000000000e+00 -1.000000000000000000e+00 -1.000000000000000000e+00 -1.000000000000000000e+00 3.421800000000000068e+02 1.072222999999999956e+03 6.720000000000000417e-01 9.489999999999999547e-01 2.442000000000000171e+00 7.950000000000000400e-01
2.800000000000000000e+01 2.079000000000000000e+03 -1.000000000000000000e+00 -1.000000000000000000e+00 -1.000000000000000000e+00 -1.000000000000000000e+00 -1.000000000000000000e+00 3.615293366003007804e+02 1.088942006785239982e+03 7.570376957780728944e-01 8.905000000000000693e-01 2.201499999999999790e+00 7.510000000000001119e-01
2.900000000000000000e+01 2.034000000000000000e+03 -1.000000000000000000e+00 -1.000000000000000000e+00 -1.000000000000000000e+00 -1.000000000000000000e+00 -1.000000000000000000e+00 3.650369999999999777e+02 1.077248000000000047e+03 7.560000000000000053e-01 9.040000000000000258e-01 2.402000000000000135e+00 7.784999999999999698e-01
2.900000000000000000e+01 2.098000000000000000e+03 -1.000000000000000000e+00 -1.000000000000000000e+00 -1.000000000000000000e+00 -1.000000000000000000e+00 -1.000000000000000000e+00 3.604859999999999900e+02 1.051567000000000007e+03 9.290000000000000480e-01 9.549999999999999600e-01 2.434000000000000163e+00 8.950000000000000178e-01
2.900000000000000000e+01 2.084000000000000000e+03 -1.000000000000000000e+00 -1.000000000000000000e+00 -1.000000000000000000e+00 -1.000000000000000000e+00 -1.000000000000000000e+00 3.589800000000000182e+02 1.082173000000000002e+03 8.080000000000000515e-01 8.974999999999999645e-01 2.164499999999999869e+00 7.874999999999999778e-01
2.900000000000000000e+01 2.099000000000000000e+03 -1.000000000000000000e+00 -1.000000000000000000e+00 -1.000000000000000000e+00 -1.000000000000000000e+00 -1.000000000000000000e+00 3.432250000000000227e+02 1.060817999999999984e+03 7.069999999999999618e-01 9.064999999999999725e-01 2.236000000000000210e+00 7.115000000000000213e-01
2.900000000000000000e+01 2.094000000000000000e+03 -1.000000000000000000e+00 -1.000000000000000000e+00 -1.000000000000000000e+00 -1.000000000000000000e+00 -1.000000000000000000e+00 3.614239999999999782e+02 1.081605000000000018e+03 7.810000000000000275e-01 9.585000000000000187e-01 2.226999999999999869e+00 7.075000000000000178e-01
2.900000000000000000e+01 2.102000000000000000e+03 -1.000000000000000000e+00 -1.000000000000000000e+00 -1.000000000000000000e+00 -1.000000000000000000e+00 -1.000000000000000000e+00 3.497139999999999986e+02 1.058137999999999920e+03 1.120999999999999996e+00 9.885000000000000453e-01 2.645000000000000018e+00 1.000000000000000000e+00
2.900000000000000000e+01 2.109000000000000000e+03 -1.000000000000000000e+00 -1.000000000000000000e+00 -1.000000000000000000e+00 -1.000000000000000000e+00 -1.000000000000000000e+00 3.419370000000000118e+02 1.071944999999999936e+03 6.720000000000000417e-01 9.489999999999999547e-01 2.442000000000000171e+00 7.950000000000000400e-01
2.900000000000000000e+01 2.079000000000000000e+03 -1.000000000000000000e+00 -1.000000000000000000e+00 -1.000000000000000000e+00 -1.000000000000000000e+00 -1.000000000000000000e+00 3.615336682871518406e+02 1.088951003365623137e+03 8.070186979058345811e-01 8.905000000000000693e-01 2.201499999999999790e+00 7.510000000000000009e-01
3.000000000000000000e+01 2.034000000000000000e+03 -1.000000000000000000e+00 -1.000000000000000000e+00 -1.000000000000000000e+00 -1.000000000000000000e+00 -1.000000000000000000e+00 3.634660000000000082e+02 1.073979000000000042e+03 7.560000000000000053e-01 9.040000000000000258e-01 2.402000000000000135e+00 7.784999999999999698e-01
3.000000000000000000e+01 2.098000000000000000e+03 -1.000000000000000000e+00 -1.000000000000000000e+00 -1.000000000000000000e+00 -1.000000000000000000e+00 -1.000000000000000000e+00 3.604950000000000045e+02 1.051590999999999894e+03 8.539999999999999813e-01 9.549999999999999600e-01 2.434000000000000163e+00 8.950000000000000178e-01
3.000000000000000000e+01 2.079000000000000000e+03 -1.000000000000000000e+00 -1.000000000000000000e+00 -1.000000000000000000e+00 -1.000000000000000000e+00 -1.000000000000000000e+00 3.615249999999999773e+02 1.088932999999999993e+03 7.069999999999999618e-01 8.904999999999999583e-01 2.201499999999999790e+00 7.510000000000000009e-01
3.000000000000000000e+01 2.084000000000000000e+03 -1.000000000000000000e+00 -1.000000000000000000e+00 -1.000000000000000000e+00 -1.000000000000000000e+00 -1.000000000000000000e+00 3.590219999999999914e+02 1.082095000000000027e+03 8.080000000000000515e-01 8.974999999999999645e-01 2.164499999999999869e+00 7.874999999999999778e-01
3.000000000000000000e+01 2.099000000000000000e+03 -1.000000000000000000e+00 -1.000000000000000000e+00 -1.000000000000000000e+00 -1.000000000000000000e+00 -1.000000000000000000e+00 3.434060000000000059e+02 1.060645999999999958e+03 7.069999999999999618e-01 9.064999999999999725e-01 2.236000000000000210e+00 7.115000000000000213e-01
3.000000000000000000e+01 2.094000000000000000e+03 -1.000000000000000000e+00 -1.000000000000000000e+00 -1.000000000000000000e+00 -1.000000000000000000e+00 -1.000000000000000000e+00 3.623349999999999795e+02 1.083781999999999925e+03 8.309999999999999609e-01 9.585000000000000187e-01 2.226999999999999869e+00 7.075000000000000178e-01
3.000000000000000000e+01 2.102000000000000000e+03 -1.000000000000000000e+00 -1.000000000000000000e+00 -1.000000000000000000e+00 -1.000000000000000000e+00 -1.000000000000000000e+00 3.505260000000000105e+02 1.060173000000000002e+03 1.046000000000000041e+00 9.885000000000000453e-01 2.645000000000000018e+00 1.000000000000000000e+00
3.000000000000000000e+01 2.109000000000000000e+03 -1.000000000000000000e+00 -1.000000000000000000e+00 -1.000000000000000000e+00 -1.000000000000000000e+00 -1.000000000000000000e+00 3.418388104301083104e+02 1.072078101416964273e+03 6.376336505379081032e-01 9.489999999999999547e-01 2.442000000000000171e+00 7.950000000000000400e-01
3.100000000000000000e+01 2.034000000000000000e+03 -1.000000000000000000e+00 -1.000000000000000000e+00 -1.000000000000000000e+00 -1.000000000000000000e+00 -1.000000000000000000e+00 3.616709999999999923e+02 1.070265000000000100e+03 7.059999999999999609e-01 9.040000000000000258e-01 2.402000000000000135e+00 7.784999999999999698e-01
3.100000000000000000e+01 2.098000000000000000e+03 -1.000000000000000000e+00 -1.000000000000000000e+00 -1.000000000000000000e+00 -1.000000000000000000e+00 -1.000000000000000000e+00 3.604879999999999995e+02 1.051569999999999936e+03 9.200000000000000400e-01 9.549999999999999600e-01 2.434000000000000163e+00 8.950000000000000178e-01
3.100000000000000000e+01 2.079000000000000000e+03 -1.000000000000000000e+00 -1.000000000000000000e+00 -1.000000000000000000e+00 -1.000000000000000000e+00 -1.000000000000000000e+00 3.615129999999999768e+02 1.088904999999999973e+03 7.069999999999999618e-01 8.904999999999999583e-01 2.201499999999999790e+00 7.510000000000000009e-01
3.100000000000000000e+01 2.112000000000000000e+03 -1.000000000000000000e+00 -1.000000000000000000e+00 -1.000000000000000000e+00 -1.000000000000000000e+00 -1.000000000000000000e+00 3.314719999999999800e+02 1.015515999999999963e+03 1.042000000000000037e+00 9.725000000000000311e-01 2.314999999999999947e+00 9.465000000000000080e-01
3.100000000000000000e+01 2.084000000000000000e+03 -1.000000000000000000e+00 -1.000000000000000000e+00 -1.000000000000000000e+00 -1.000000000000000000e+00 -1.000000000000000000e+00 3.588690000000000282e+02 1.082155999999999949e+03 8.080000000000000515e-01 8.974999999999999645e-01 2.164499999999999869e+00 7.874999999999999778e-01
3.100000000000000000e+01 2.099000000000000000e+03 -1.000000000000000000e+00 -1.000000000000000000e+00 -1.000000000000000000e+00 -1.000000000000000000e+00 -1.000000000000000000e+00 3.438140000000000214e+02 1.060506000000000085e+03 7.069999999999999618e-01 9.064999999999999725e-01 2.236000000000000210e+00 7.115000000000000213e-01
3.100000000000000000e+01 2.094000000000000000e+03 -1.000000000000000000e+00 -1.000000000000000000e+00 -1.000000000000000000e+00 -1.000000000000000000e+00 -1.000000000000000000e+00 3.633009999999999877e+02 1.086367999999999938e+03 8.810000000000000053e-01 9.585000000000000187e-01 2.226999999999999869e+00 7.075000000000000178e-01
3.100000000000000000e+01 2.102000000000000000e+03 -1.000000000000000000e+00 -1.000000000000000000e+00 -1.000000000000000000e+00 -1.000000000000000000e+00 -1.000000000000000000e+00 3.515679999999999836e+02 1.062825000000000045e+03 1.145999999999999908e+00 9.885000000000000453e-01 2.645000000000000018e+00 1.000000000000000000e+00
3.100000000000000000e+01 2.109000000000000000e+03 -1.000000000000000000e+00 -1.000000000000000000e+00 -1.000000000000000000e+00 -1.000000000000000000e+00 -1.000000000000000000e+00 3.417570000000000050e+02 1.072189000000000078e+03 6.089999999999999858e-01 9.489999999999999547e-01 2.442000000000000171e+00 7.950000000000000400e-01
3.200000000000000000e+01 2.034000000000000000e+03 -1.000000000000000000e+00 -1.000000000000000000e+00 -1.000000000000000000e+00 -1.000000000000000000e+00 -1.000000000000000000e+00 3.602970000000000255e+02 1.067269999999999982e+03 7.560000000000000053e-01 9.040000000000000258e-01 2.402000000000000135e+00 7.784999999999999698e-01
3.200000000000000000e+01 2.098000000000000000e+03 -1.000000000000000000e+00 -1.000000000000000000e+00 -1.000000000000000000e+00 -1.000000000000000000e+00 -1.000000000000000000e+00 3.604800000000000182e+02 1.051548999999999978e+03 8.870000000000000107e-01 9.549999999999999600e-01 2.434000000000000163e+00 8.950000000000000178e-01
3.200000000000000000e+01 2.079000000000000000e+03 -1.000000000000000000e+00 -1.000000000000000000e+00 -1.000000000000000000e+00 -1.000000000000000000e+00 -1.000000000000000000e+00 3.615099999999999909e+02 1.088900000000000091e+03 7.069999999999999618e-01 8.904999999999999583e-01 2.201499999999999790e+00 7.510000000000000009e-01
3.200000000000000000e+01 2.112000000000000000e+03 -1.000000000000000000e+00 -1.000000000000000000e+00 -1.000000000000000000e+00 -1.000000000000000000e+00 -1.000000000000000000e+00 3.330729999999999791e+02 1.019315000000000055e+03 1.042000000000000037e+00 9.725000000000000311e-01 2.314999999999999947e+00 9.465000000000000080e-01
3.200000000000000000e+01 2.084000000000000000e+03 -1.000000000000000000e+00 -1.000000000000000000e+00 -1.000000000000000000e+00 -1.000000000000000000e+00 -1.000000000000000000e+00 3.588799999999999955e+02 1.082162000000000035e+03 8.080000000000000515e-01 8.974999999999999645e-01 2.164499999999999869e+00 7.874999999999999778e-01
3.200000000000000000e+01 2.099000000000000000e+03 -1.000000000000000000e+00 -1.000000000000000000e+00 -1.000000000000000000e+00 -1.000000000000000000e+00 -1.000000000000000000e+00 3.442230000000000132e+02 1.060366999999999962e+03 7.069999999999999618e-01 9.064999999999999725e-01 2.236000000000000210e+00 7.115000000000000213e-01
3.200000000000000000e+01 2.094000000000000000e+03 -1.000000000000000000e+00 -1.000000000000000000e+00 -1.000000000000000000e+00 -1.000000000000000000e+00 -1.000000000000000000e+00 3.640350000000000250e+02 1.088632000000000062e+03 9.809999999999999831e-01 9.585000000000000187e-01 2.226999999999999869e+00 7.075000000000000178e-01
3.200000000000000000e+01 2.102000000000000000e+03 -1.000000000000000000e+00 -1.000000000000000000e+00 -1.000000000000000000e+00 -1.000000000000000000e+00 -1.000000000000000000e+00 3.524030000000000200e+02 1.064968000000000075e+03 1.145999999999999908e+00 9.885000000000000453e-01 2.645000000000000018e+00 1.000000000000000000e+00
3.300000000000000000e+01 2.034000000000000000e+03 -1.000000000000000000e+00 -1.000000000000000000e+00 -1.000000000000000000e+00 -1.000000000000000000e+00 -1.000000000000000000e+00 3.592370000000000232e+02 1.064932000000000016e+03 8.559999999999999831e-01 9.040000000000000258e-01 2.402000000000000135e+00 7.784999999999999698e-01
3.300000000000000000e+01 2.098000000000000000e+03 -1.000000000000000000e+00 -1.000000000000000000e+00 -1.000000000000000000e+00 -1.000000000000000000e+00 -1.000000000000000000e+00 3.604719999999999800e+02 1.051528000000000020e+03 9.040000000000000258e-01 9.549999999999999600e-01 2.434000000000000163e+00 8.950000000000000178e-01
3.300000000000000000e+01 2.112000000000000000e+03 -1.000000000000000000e+00 -1.000000000000000000e+00 -1.000000000000000000e+00 -1.000000000000000000e+00 -1.000000000000000000e+00 3.346750000000000114e+02 1.023115000000000009e+03 1.042000000000000037e+00 9.725000000000000311e-01 2.314999999999999947e+00 9.465000000000000080e-01
3.300000000000000000e+01 2.084000000000000000e+03 -1.000000000000000000e+00 -1.000000000000000000e+00 -1.000000000000000000e+00 -1.000000000000000000e+00 -1.000000000000000000e+00 3.589739999999999895e+02 1.082142000000000053e+03 8.579999999999999849e-01 8.974999999999999645e-01 2.164499999999999869e+00 7.874999999999999778e-01
3.300000000000000000e+01 2.099000000000000000e+03 -1.000000000000000000e+00 -1.000000000000000000e+00 -1.000000000000000000e+00 -1.000000000000000000e+00 -1.000000000000000000e+00 3.446460000000000150e+02 1.060262999999999920e+03 7.069999999999999618e-01 9.064999999999999725e-01 2.236000000000000210e+00 7.115000000000000213e-01
3.300000000000000000e+01 2.102000000000000000e+03 -1.000000000000000000e+00 -1.000000000000000000e+00 -1.000000000000000000e+00 -1.000000000000000000e+00 -1.000000000000000000e+00 3.529820000000000277e+02 1.066451000000000022e+03 1.096000000000000085e+00 9.885000000000000453e-01 2.645000000000000018e+00 1.000000000000000000e+00
3.300000000000000000e+01 2.079000000000000000e+03 -1.000000000000000000e+00 -1.000000000000000000e+00 -1.000000000000000000e+00 -1.000000000000000000e+00 -1.000000000000000000e+00 3.615021073260746221e+02 1.088882636117364200e+03 7.069999999999999618e-01 8.904999999999999583e-01 2.201499999999999790e+00 7.509999999999998899e-01
3.400000000000000000e+01 2.034000000000000000e+03 -1.000000000000000000e+00 -1.000000000000000000e+00 -1.000000000000000000e+00 -1.000000000000000000e+00 -1.000000000000000000e+00 3.579830000000000041e+02 1.062136999999999944e+03 9.060000000000000275e-01 9.040000000000000258e-01 2.402000000000000135e+00 7.784999999999999698e-01
3.400000000000000000e+01 2.098000000000000000e+03 -1.000000000000000000e+00 -1.000000000000000000e+00 -1.000000000000000000e+00 -1.000000000000000000e+00 -1.000000000000000000e+00 3.604839999999999804e+02 1.051559999999999945e+03 9.539999999999999591e-01 9.549999999999999600e-01 2.434000000000000163e+00 8.950000000000000178e-01
3.400000000000000000e+01 2.112000000000000000e+03 -1.000000000000000000e+00 -1.000000000000000000e+00 -1.000000000000000000e+00 -1.000000000000000000e+00 -1.000000000000000000e+00 3.361539999999999964e+02 1.026644000000000005e+03 1.042000000000000037e+00 9.725000000000000311e-01 2.314999999999999947e+00 9.465000000000000080e-01
3.400000000000000000e+01 2.084000000000000000e+03 -1.000000000000000000e+00 -1.000000000000000000e+00 -1.000000000000000000e+00 -1.000000000000000000e+00 -1.000000000000000000e+00 3.590670000000000073e+02 1.082122000000000071e+03 1.058000000000000052e+00 8.974999999999999645e-01 2.164499999999999869e+00 7.874999999999999778e-01
3.400000000000000000e+01 2.099000000000000000e+03 -1.000000000000000000e+00 -1.000000000000000000e+00 -1.000000000000000000e+00 -1.000000000000000000e+00 -1.000000000000000000e+00 3.450690000000000168e+02 1.060160000000000082e+03 7.069999999999999618e-01 9.064999999999999725e-01 2.236000000000000210e+00 7.115000000000000213e-01
3.400000000000000000e+01 2.102000000000000000e+03 -1.000000000000000000e+00 -1.000000000000000000e+00 -1.000000000000000000e+00 -1.000000000000000000e+00 -1.000000000000000000e+00 3.536619999999999777e+02 1.068192999999999984e+03 1.145999999999999908e+00 9.885000000000000453e-01 2.645000000000000018e+00 1.000000000000000000e+00
3.400000000000000000e+01 2.079000000000000000e+03 -1.000000000000000000e+00 -1.000000000000000000e+00 -1.000000000000000000e+00 -1.000000000000000000e+00 -1.000000000000000000e+00 3.615047380822929881e+02 1.088888423781044594e+03 7.069999999999999618e-01 8.904999999999999583e-01 2.201499999999999790e+00 7.510000000000000009e-01
3.500000000000000000e+01 2.034000000000000000e+03 -1.000000000000000000e+00 -1.000000000000000000e+00 -1.000000000000000000e+00 -1.000000000000000000e+00 -1.000000000000000000e+00 3.567679999999999723e+02 1.059517000000000053e+03 7.560000000000000053e-01 9.040000000000000258e-01 2.402000000000000135e+00 7.784999999999999698e-01
3.500000000000000000e+01 2.098000000000000000e+03 -1.000000000000000000e+00 -1.000000000000000000e+00 -1.000000000000000000e+00 -1.000000000000000000e+00 -1.000000000000000000e+00 3.604950000000000045e+02 1.051590999999999894e+03 1.004000000000000004e+00 9.549999999999999600e-01 2.434000000000000163e+00 8.950000000000000178e-01
3.500000000000000000e+01 2.112000000000000000e+03 -1.000000000000000000e+00 -1.000000000000000000e+00 -1.000000000000000000e+00 -1.000000000000000000e+00 -1.000000000000000000e+00 3.376340000000000146e+02 1.030172000000000025e+03 1.042000000000000037e+00 9.725000000000000311e-01 2.314999999999999947e+00 9.465000000000000080e-01
3.500000000000000000e+01 2.084000000000000000e+03 -1.000000000000000000e+00 -1.000000000000000000e+00 -1.000000000000000000e+00 -1.000000000000000000e+00 -1.000000000000000000e+00 3.591030000000000086e+02 1.082204999999999927e+03 8.329999999999999627e-01 8.974999999999999645e-01 2.164499999999999869e+00 7.874999999999999778e-01
3.500000000000000000e+01 2.099000000000000000e+03 -1.000000000000000000e+00 -1.000000000000000000e+00 -1.000000000000000000e+00 -1.000000000000000000e+00 -1.000000000000000000e+00 3.454929999999999950e+02 1.060056000000000040e+03 7.069999999999999618e-01 9.064999999999999725e-01 2.236000000000000210e+00 7.115000000000000213e-01
3.500000000000000000e+01 2.102000000000000000e+03 -1.000000000000000000e+00 -1.000000000000000000e+00 -1.000000000000000000e+00 -1.000000000000000000e+00 -1.000000000000000000e+00 3.542389999999999759e+02 1.069670000000000073e+03 1.046000000000000041e+00 9.885000000000000453e-01 2.645000000000000018e+00 1.000000000000000000e+00
3.500000000000000000e+01 2.079000000000000000e+03 -1.000000000000000000e+00 -1.000000000000000000e+00 -1.000000000000000000e+00 -1.000000000000000000e+00 -1.000000000000000000e+00 3.615073720122506984e+02 1.088894218426951738e+03 7.069999999999998508e-01 8.904999999999999583e-01 2.201499999999999790e+00 7.510000000000001119e-01
3.600000000000000000e+01 2.034000000000000000e+03 -1.000000000000000000e+00 -1.000000000000000000e+00 -1.000000000000000000e+00 -1.000000000000000000e+00 -1.000000000000000000e+00 3.557440000000000282e+02 1.057095000000000027e+03 8.559999999999999831e-01 9.040000000000000258e-01 2.402000000000000135e+00 7.784999999999999698e-01
3.600000000000000000e+01 2.098000000000000000e+03 -1.000000000000000000e+00 -1.000000000000000000e+00 -1.000000000000000000e+00 -1.000000000000000000e+00 -1.000000000000000000e+00 3.604909999999999854e+02 1.051577999999999975e+03 1.030000000000000027e+00 9.549999999999999600e-01 2.434000000000000163e+00 8.950000000000000178e-01
3.600000000000000000e+01 2.079000000000000000e+03 -1.000000000000000000e+00 -1.000000000000000000e+00 -1.000000000000000000e+00 -1.000000000000000000e+00 -1.000000000000000000e+00 3.615000000000000000e+02 1.088877999999999929e+03 7.069999999999999618e-01 8.904999999999999583e-01 2.201499999999999790e+00 7.510000000000000009e-01
3.600000000000000000e+01 2.112000000000000000e+03 -1.000000000000000000e+00 -1.000000000000000000e+00 -1.000000000000000000e+00 -1.000000000000000000e+00 -1.000000000000000000e+00 3.391129999999999995e+02 1.033701000000000022e+03 1.042000000000000037e+00 9.725000000000000311e-01 2.314999999999999947e+00 9.465000000000000080e-01
3.600000000000000000e+01 2.084000000000000000e+03 -1.000000000000000000e+00 -1.000000000000000000e+00 -1.000000000000000000e+00 -1.000000000000000000e+00 -1.000000000000000000e+00 3.591399999999999864e+02 1.082288000000000011e+03 1.008000000000000007e+00 8.974999999999999645e-01 2.164499999999999869e+00 7.874999999999999778e-01
3.600000000000000000e+01 2.099000000000000000e+03 -1.000000000000000000e+00 -1.000000000000000000e+00 -1.000000000000000000e+00 -1.000000000000000000e+00 -1.000000000000000000e+00 3.460600000000000023e+02 1.060038999999999987e+03 9.070000000000000284e-01 9.064999999999999725e-01 2.236000000000000210e+00 7.115000000000000213e-01
3.600000000000000000e+01 2.102000000000000000e+03 -1.000000000000000000e+00 -1.000000000000000000e+00 -1.000000000000000000e+00 -1.000000000000000000e+00 -1.000000000000000000e+00 3.547130000000000223e+02 1.070883000000000038e+03 1.346000000000000085e+00 9.885000000000000453e-01 2.645000000000000018e+00 1.000000000000000000e+00
3.700000000000000000e+01 2.034000000000000000e+03 -1.000000000000000000e+00 -1.000000000000000000e+00 -1.000000000000000000e+00 -1.000000000000000000e+00 -1.000000000000000000e+00 3.546469999999999914e+02 1.054627999999999929e+03 8.559999999999999831e-01 9.040000000000000258e-01 2.402000000000000135e+00 7.784999999999999698e-01
3.700000000000000000e+01 2.098000000000000000e+03 -1.000000000000000000e+00 -1.000000000000000000e+00 -1.000000000000000000e+00 -1.000000000000000000e+00 -1.000000000000000000e+00 3.604859999999999900e+02 1.051566000000000031e+03 1.006000000000000005e+00 9.549999999999999600e-01 2.434000000000000163e+00 8.950000000000000178e-01
3.700000000000000000e+01 2.112000000000000000e+03 -1.000000000000000000e+00 -1.000000000000000000e+00 -1.000000000000000000e+00 -1.000000000000000000e+00 -1.000000000000000000e+00 3.405919999999999845e+02 1.037230000000000018e+03 1.042000000000000037e+00 9.725000000000000311e-01 2.314999999999999947e+00 9.465000000000000080e-01
3.700000000000000000e+01 2.084000000000000000e+03 -1.000000000000000000e+00 -1.000000000000000000e+00 -1.000000000000000000e+00 -1.000000000000000000e+00 -1.000000000000000000e+00 3.591240000000000236e+02 1.082211999999999989e+03 1.058000000000000052e+00 8.974999999999999645e-01 2.164499999999999869e+00 7.874999999999999778e-01
3.700000000000000000e+01 2.099000000000000000e+03 -1.000000000000000000e+00 -1.000000000000000000e+00 -1.000000000000000000e+00 -1.000000000000000000e+00 -1.000000000000000000e+00 3.466560000000000059e+02 1.060016000000000076e+03 9.070000000000000284e-01 9.064999999999999725e-01 2.236000000000000210e+00 7.115000000000000213e-01
3.700000000000000000e+01 2.102000000000000000e+03 -1.000000000000000000e+00 -1.000000000000000000e+00 -1.000000000000000000e+00 -1.000000000000000000e+00 -1.000000000000000000e+00 3.551190000000000282e+02 1.071920000000000073e+03 1.346000000000000085e+00 9.885000000000000453e-01 2.645000000000000018e+00 1.000000000000000000e+00
3.800000000000000000e+01 2.034000000000000000e+03 -1.000000000000000000e+00 -1.000000000000000000e+00 -1.000000000000000000e+00 -1.000000000000000000e+00 -1.000000000000000000e+00 3.536229999999999905e+02 1.052165999999999940e+03 9.060000000000000275e-01 9.040000000000000258e-01 2.402000000000000135e+00 7.784999999999999698e-01
3.800000000000000000e+01 2.098000000000000000e+03 -1.000000000000000000e+00 -1.000000000000000000e+00 -1.000000000000000000e+00 -1.000000000000000000e+00 -1.000000000000000000e+00 3.604809999999999945e+02 1.051553000000000111e+03 9.739999999999999769e-01 9.549999999999999600e-01 2.434000000000000163e+00 8.950000000000000178e-01
3.800000000000000000e+01 2.112000000000000000e+03 -1.000000000000000000e+00 -1.000000000000000000e+00 -1.000000000000000000e+00 -1.000000000000000000e+00 -1.000000000000000000e+00 3.417810000000000059e+02 1.039974999999999909e+03 1.042000000000000037e+00 9.725000000000000311e-01 2.314999999999999947e+00 9.465000000000000080e-01
3.800000000000000000e+01 2.084000000000000000e+03 -1.000000000000000000e+00 -1.000000000000000000e+00 -1.000000000000000000e+00 -1.000000000000000000e+00 -1.000000000000000000e+00 3.591080000000000041e+02 1.082136999999999944e+03 1.133000000000000007e+00 8.974999999999999645e-01 2.164499999999999869e+00 7.874999999999999778e-01
3.800000000000000000e+01 2.099000000000000000e+03 -1.000000000000000000e+00 -1.000000000000000000e+00 -1.000000000000000000e+00 -1.000000000000000000e+00 -1.000000000000000000e+00 3.475339999999999918e+02 1.060041999999999916e+03 9.070000000000000284e-01 9.064999999999999725e-01 2.236000000000000210e+00 7.115000000000000213e-01
3.800000000000000000e+01 2.102000000000000000e+03 -1.000000000000000000e+00 -1.000000000000000000e+00 -1.000000000000000000e+00 -1.000000000000000000e+00 -1.000000000000000000e+00 3.554789999999999850e+02 1.072622000000000071e+03 1.195999999999999952e+00 9.885000000000000453e-01 2.645000000000000018e+00 1.000000000000000000e+00
3.900000000000000000e+01 2.034000000000000000e+03 -1.000000000000000000e+00 -1.000000000000000000e+00 -1.000000000000000000e+00 -1.000000000000000000e+00 -1.000000000000000000e+00 3.526019999999999754e+02 1.049791999999999916e+03 8.060000000000000497e-01 9.040000000000000258e-01 2.402000000000000135e+00 7.784999999999999698e-01
3.900000000000000000e+01 2.098000000000000000e+03 -1.000000000000000000e+00 -1.000000000000000000e+00 -1.000000000000000000e+00 -1.000000000000000000e+00 -1.000000000000000000e+00 3.604759999999999991e+02 1.051540999999999940e+03 9.419999999999999485e-01 9.549999999999999600e-01 2.434000000000000163e+00 8.950000000000000178e-01
3.900000000000000000e+01 2.112000000000000000e+03 -1.000000000000000000e+00 -1.000000000000000000e+00 -1.000000000000000000e+00 -1.000000000000000000e+00 -1.000000000000000000e+00 3.429689999999999941e+02 1.042721000000000004e+03 1.042000000000000037e+00 9.725000000000000311e-01 2.314999999999999947e+00 9.465000000000000080e-01
3.900000000000000000e+01 2.099000000000000000e+03 -1.000000000000000000e+00 -1.000000000000000000e+00 -1.000000000000000000e+00 -1.000000000000000000e+00 -1.000000000000000000e+00 3.487649999999999864e+02 1.060270999999999958e+03 9.070000000000000284e-01 9.064999999999999725e-01 2.236000000000000210e+00 7.115000000000000213e-01
3.900000000000000000e+01 2.102000000000000000e+03 -1.000000000000000000e+00 -1.000000000000000000e+00 -1.000000000000000000e+00 -1.000000000000000000e+00 -1.000000000000000000e+00 3.558380000000000223e+02 1.073323000000000093e+03 1.245999999999999996e+00 9.885000000000000453e-01 2.645000000000000018e+00 1.000000000000000000e+00
4.000000000000000000e+01 2.034000000000000000e+03 -1.000000000000000000e+00 -1.000000000000000000e+00 -1.000000000000000000e+00 -1.000000000000000000e+00 -1.000000000000000000e+00 3.515260000000000105e+02 1.047118999999999915e+03 7.560000000000000053e-01 9.040000000000000258e-01 2.402000000000000135e+00 7.784999999999999698e-01
4.000000000000000000e+01 2.098000000000000000e+03 -1.000000000000000000e+00 -1.000000000000000000e+00 -1.000000000000000000e+00 -1.000000000000000000e+00 -1.000000000000000000e+00 3.604710000000000036e+02 1.051528999999999996e+03 9.100000000000000311e-01 9.549999999999999600e-01 2.434000000000000163e+00 8.950000000000000178e-01
4.000000000000000000e+01 2.112000000000000000e+03 -1.000000000000000000e+00 -1.000000000000000000e+00 -1.000000000000000000e+00 -1.000000000000000000e+00 -1.000000000000000000e+00 3.441569999999999823e+02 1.045467000000000098e+03 1.042000000000000037e+00 9.725000000000000311e-01 2.314999999999999947e+00 9.465000000000000080e-01
4.000000000000000000e+01 2.099000000000000000e+03 -1.000000000000000000e+00 -1.000000000000000000e+00 -1.000000000000000000e+00 -1.000000000000000000e+00 -1.000000000000000000e+00 3.499649999999999750e+02 1.060454999999999927e+03 9.070000000000000284e-01 9.064999999999999725e-01 2.236000000000000210e+00 7.115000000000000213e-01
4.000000000000000000e+01 2.102000000000000000e+03 -1.000000000000000000e+00 -1.000000000000000000e+00 -1.000000000000000000e+00 -1.000000000000000000e+00 -1.000000000000000000e+00 3.559220000000000255e+02 1.073903000000000020e+03 1.195999999999999952e+00 9.885000000000000453e-01 2.645000000000000018e+00 1.000000000000000000e+00
