1.000000000000000000e+00 2.310000000000000000e+03 -1.000000000000000000e+00 -1.000000000000000000e+00 -1.000000000000000000e+00 -1.000000000000000000e+00 -1.000000000000000000e+00 1.777980999999999995e+03 7.894510000000000218e+02 9.270000000000000462e-01 3.719999999999999973e-01 3.109999999999999987e-01 1.000000000000000000e+00
2.000000000000000000e+00 2.310000000000000000e+03 -1.000000000000000000e+00 -1.000000000000000000e+00 -1.000000000000000000e+00 -1.000000000000000000e+00 -1.000000000000000000e+00 1.777286000000000058e+03 7.892960000000000491e+02 9.270000000000000462e-01 3.719999999999999973e-01 3.109999999999999987e-01 1.000000000000000000e+00
3.000000000000000000e+00 2.310000000000000000e+03 -1.000000000000000000e+00 -1.000000000000000000e+00 -1.000000000000000000e+00 -1.000000000000000000e+00 -1.000000000000000000e+00 1.776673999999999978e+03 7.891150000000000091e+02 9.270000000000000462e-01 3.719999999999999973e-01 3.109999999999999987e-01 1.000000000000000000e+00
4.000000000000000000e+00 2.310000000000000000e+03 -1.000000000000000000e+00 -1.000000000000000000e+00 -1.000000000000000000e+00 -1.000000000000000000e+00 -1.000000000000000000e+00 1.776060999999999922e+03 7.889339999999999691e+02 9.270000000000000462e-01 3.719999999999999973e-01 3.109999999999999987e-01 1.000000000000000000e+00
5.000000000000000000e+00 2.310000000000000000e+03 -1.000000000000000000e+00 -1.000000000000000000e+00 -1.000000000000000000e+00 -1.000000000000000000e+00 -1.000000000000000000e+00 1.775448000000000093e+03 7.887519999999999527e+02 9.270000000000000462e-01 3.719999999999999973e-01 3.109999999999999987e-01 1.000000000000000000e+00
6.000000000000000000e+00 2.310000000000000000e+03 -1.000000000000000000e+00 -1.000000000000000000e+00 -1.000000000000000000e+00 -1.000000000000000000e+00 -1.000000000000000000e+00 1.774780999999999949e+03 7.885549999999999500e+02 9.270000000000000462e-01 3.719999999999999973e-01 3.109999999999999987e-01 1.000000000000000000e+00
7.000000000000000000e+00 2.310000000000000000e+03 -1.000000000000000000e+00 -1.000000000000000000e+00 -1.000000000000000000e+00 -1.000000000000000000e+00 -1.000000000000000000e+00 1.774115000000000009e+03 7.883569999999999709e+02 9.270000000000000462e-01 3.719999999999999973e-01 3.109999999999999987e-01 1.000000000000000000e+00
8.000000000000000000e+00 2.310000000000000000e+03 -1.000000000000000000e+00 -1.000000000000000000e+00 -1.000000000000000000e+00 -1.000000000000000000e+00 -1.000000000000000000e+00 1.773448000000000093e+03 7.881589999999999918e+02 9.270000000000000462e-01 3.719999999999999973e-01 3.109999999999999987e-01 1.000000000000000000e+00
9.000000000000000000e+00 2.310000000000000000e+03 -1.000000000000000000e+00 -1.000000000000000000e+00 -1.000000000000000000e+00 -1.000000000000000000e+00 -1.000000000000000000e+00 1.772826000000000022e+03 7.879210000000000491e+02 9.270000000000000462e-01 3.719999999999999973e-01 3.109999999999999987e-01 1.000000000000000000e+00
1.000000000000000000e+01 2.310000000000000000e+03 -1.000000000000000000e+00 -1.000000000000000000e+00 -1.000000000000000000e+00 -1.000000000000000000e+00 -1.000000000000000000e+00 1.772193999999999960e+03 7.877089999999999463e+02 9.270000000000000462e-01 3.719999999999999973e-01 3.109999999999999987e-01 1.000000000000000000e+00
1.100000000000000000e+01 2.310000000000000000e+03 -1.000000000000000000e+00 -1.000000000000000000e+00 -1.000000000000000000e+00 -1.000000000000000000e+00 -1.000000000000000000e+00 1.771570999999999913e+03 7.875869999999999891e+02 9.270000000000000462e-01 3.719999999999999973e-01 3.109999999999999987e-01 1.000000000000000000e+00
1.200000000000000000e+01 2.310000000000000000e+03 -1.000000000000000000e+00 -1.000000000000000000e+00 -1.000000000000000000e+00 -1.000000000000000000e+00 -1.000000000000000000e+00 1.770948000000000093e+03 7.874650000000000318e+02 9.270000000000000462e-01 3.719999999999999973e-01 3.109999999999999987e-01 1.000000000000000000e+00
1.300000000000000000e+01 2.310000000000000000e+03 -1.000000000000000000e+00 -1.000000000000000000e+00 -1.000000000000000000e+00 -1.000000000000000000e+00 -1.000000000000000000e+00 1.770492999999999938e+03 7.873029999999999973e+02 9.270000000000000462e-01 3.719999999999999973e-01 3.109999999999999987e-01 1.000000000000000000e+00
1.400000000000000000e+01 2.310000000000000000e+03 -1.000000000000000000e+00 -1.000000000000000000e+00 -1.000000000000000000e+00 -1.000000000000000000e+00 -1.000000000000000000e+00 1.770021999999999935e+03 7.871970000000000027e+02 9.270000000000000462e-01 3.719999999999999973e-01 3.109999999999999987e-01 1.000000000000000000e+00
1.500000000000000000e+01 2.310000000000000000e+03 -1.000000000000000000e+00 -1.000000000000000000e+00 -1.000000000000000000e+00 -1.000000000000000000e+00 -1.000000000000000000e+00 1.769541999999999916e+03 7.871499999999999773e+02 9.270000000000000462e-01 3.719999999999999973e-01 3.109999999999999987e-01 1.000000000000000000e+00
1.600000000000000000e+01 2.310000000000000000e+03 -1.000000000000000000e+00 -1.000000000000000000e+00 -1.000000000000000000e+00 -1.000000000000000000e+00 -1.000000000000000000e+00 1.769009000000000015e+03 7.873070000000000164e+02 1.024000000000000021e+00 3.719999999999999973e-01 3.109999999999999987e-01 1.000000000000000000e+00
1.700000000000000000e+01 2.310000000000000000e+03 -1.000000000000000000e+00 -1.000000000000000000e+00 -1.000000000000000000e+00 -1.000000000000000000e+00 -1.000000000000000000e+00 1.768476000000000113e+03 7.874640000000000555e+02 1.120000000000000107e+00 3.719999999999999973e-01 3.109999999999999987e-01 1.000000000000000000e+00
1.800000000000000000e+01 2.310000000000000000e+03 -1.000000000000000000e+00 -1.000000000000000000e+00 -1.000000000000000000e+00 -1.000000000000000000e+00 -1.000000000000000000e+00 1.767942000000000007e+03 7.876200000000000045e+02 1.215999999999999970e+00 3.719999999999999973e-01 3.109999999999999987e-01 1.000000000000000000e+00
1.900000000000000000e+01 2.310000000000000000e+03 -1.000000000000000000e+00 -1.000000000000000000e+00 -1.000000000000000000e+00 -1.000000000000000000e+00 -1.000000000000000000e+00 1.767381000000000085e+03 7.875399999999999636e+02 1.423000000000000043e+00 3.719999999999999973e-01 3.109999999999999987e-01 1.000000000000000000e+00
2.000000000000000000e+01 2.310000000000000000e+03 -1.000000000000000000e+00 -1.000000000000000000e+00 -1.000000000000000000e+00 -1.000000000000000000e+00 -1.000000000000000000e+00 1.766763999999999896e+03 7.876250000000000000e+02 1.209000000000000075e+00 3.719999999999999973e-01 3.109999999999999987e-01 1.000000000000000000e+00
2.100000000000000000e+01 2.310000000000000000e+03 -1.000000000000000000e+00 -1.000000000000000000e+00 -1.000000000000000000e+00 -1.000000000000000000e+00 -1.000000000000000000e+00 1.766146999999999935e+03 7.877100000000000364e+02 9.959999999999999964e-01 3.719999999999999973e-01 3.109999999999999987e-01 1.000000000000000000e+00
2.200000000000000000e+01 2.310000000000000000e+03 -1.000000000000000000e+00 -1.000000000000000000e+00 -1.000000000000000000e+00 -1.000000000000000000e+00 -1.000000000000000000e+00 1.765501999999999953e+03 7.876799999999999500e+02 1.064999999999999947e+00 3.719999999999999973e-01 3.109999999999999987e-01 1.000000000000000000e+00
2.300000000000000000e+01 2.310000000000000000e+03 -1.000000000000000000e+00 -1.000000000000000000e+00 -1.000000000000000000e+00 -1.000000000000000000e+00 -1.000000000000000000e+00 1.764820999999999913e+03 7.877480000000000473e+02 1.068999999999999950e+00 3.719999999999999973e-01 3.109999999999999987e-01 1.000000000000000000e+00
2.400000000000000000e+01 2.310000000000000000e+03 -1.000000000000000000e+00 -1.000000000000000000e+00 -1.000000000000000000e+00 -1.000000000000000000e+00 -1.000000000000000000e+00 1.764140000000000100e+03 7.878170000000000073e+02 1.074000000000000066e+00 3.719999999999999973e-01 3.109999999999999987e-01 1.000000000000000000e+00
2.500000000000000000e+01 2.310000000000000000e+03 -1.000000000000000000e+00 -1.000000000000000000e+00 -1.000000000000000000e+00 -1.000000000000000000e+00 -1.000000000000000000e+00 1.763459000000000060e+03 7.878859999999999673e+02 1.078999999999999959e+00 3.719999999999999973e-01 3.109999999999999987e-01 1.000000000000000000e+00
2.600000000000000000e+01 2.351000000000000000e+03 -1.000000000000000000e+00 -1.000000000000000000e+00 -1.000000000000000000e+00 -1.000000000000000000e+00 -1.000000000000000000e+00 1.718410000000000082e+03 8.177889999999999873e+02 9.879999999999999893e-01 3.140000000000000013e-01 3.104999999999999982e-01 9.455000000000000071e-01
2.700000000000000000e+01 2.351000000000000000e+03 -1.000000000000000000e+00 -1.000000000000000000e+00 -1.000000000000000000e+00 -1.000000000000000000e+00 -1.000000000000000000e+00 1.718299999999999955e+03 8.181889999999999645e+02 9.699999999999999734e-01 3.140000000000000013e-01 3.104999999999999982e-01 9.455000000000000071e-01
2.800000000000000000e+01 2.351000000000000000e+03 -1.000000000000000000e+00 -1.000000000000000000e+00 -1.000000000000000000e+00 -1.000000000000000000e+00 -1.000000000000000000e+00 1.718313000000000102e+03 8.185339999999999918e+02 9.379999999999999449e-01 3.140000000000000013e-01 3.104999999999999982e-01 9.455000000000000071e-01
2.900000000000000000e+01 2.351000000000000000e+03 -1.000000000000000000e+00 -1.000000000000000000e+00 -1.000000000000000000e+00 -1.000000000000000000e+00 -1.000000000000000000e+00 1.718325000000000045e+03 8.188780000000000427e+02 9.060000000000000275e-01 3.140000000000000013e-01 3.104999999999999982e-01 9.455000000000000071e-01
3.000000000000000000e+01 2.351000000000000000e+03 -1.000000000000000000e+00 -1.000000000000000000e+00 -1.000000000000000000e+00 -1.000000000000000000e+00 -1.000000000000000000e+00 1.718288500802329281e+03 8.192549917129280175e+02 8.350015606952587710e-01 3.140000000000000013e-01 3.104999999999999982e-01 9.455000000000000071e-01
3.100000000000000000e+01 2.351000000000000000e+03 -1.000000000000000000e+00 -1.000000000000000000e+00 -1.000000000000000000e+00 -1.000000000000000000e+00 -1.000000000000000000e+00 1.718251999999999953e+03 8.196319999999999482e+02 7.640000000000000124e-01 3.140000000000000013e-01 3.104999999999999982e-01 9.455000000000000071e-01
3.200000000000000000e+01 2.351000000000000000e+03 -1.000000000000000000e+00 -1.000000000000000000e+00 -1.000000000000000000e+00 -1.000000000000000000e+00 -1.000000000000000000e+00 1.718317000000000007e+03 8.200040000000000191e+02 8.169999999999999485e-01 3.140000000000000013e-01 3.104999999999999982e-01 9.455000000000000071e-01
3.300000000000000000e+01 2.351000000000000000e+03 -1.000000000000000000e+00 -1.000000000000000000e+00 -1.000000000000000000e+00 -1.000000000000000000e+00 -1.000000000000000000e+00 1.718354000000000042e+03 8.202350000000000136e+02 8.699999999999999956e-01 3.140000000000000013e-01 3.104999999999999982e-01 9.455000000000000071e-01
3.400000000000000000e+01 2.351000000000000000e+03 -1.000000000000000000e+00 -1.000000000000000000e+00 -1.000000000000000000e+00 -1.000000000000000000e+00 -1.000000000000000000e+00 1.718391000000000076e+03 8.204660000000000082e+02 9.230000000000000426e-01 3.140000000000000013e-01 3.104999999999999982e-01 9.455000000000000071e-01
3.500000000000000000e+01 2.351000000000000000e+03 -1.000000000000000000e+00 -1.000000000000000000e+00 -1.000000000000000000e+00 -1.000000000000000000e+00 -1.000000000000000000e+00 1.718429000000000087e+03 8.206970000000000027e+02 9.759999999999999787e-01 3.140000000000000013e-01 3.104999999999999982e-01 9.455000000000000071e-01
3.600000000000000000e+01 2.351000000000000000e+03 -1.000000000000000000e+00 -1.000000000000000000e+00 -1.000000000000000000e+00 -1.000000000000000000e+00 -1.000000000000000000e+00 1.718446999999999889e+03 8.208650000000000091e+02 9.619999999999999662e-01 3.140000000000000013e-01 3.104999999999999982e-01 9.455000000000000071e-01
3.700000000000000000e+01 2.351000000000000000e+03 -1.000000000000000000e+00 -1.000000000000000000e+00 -1.000000000000000000e+00 -1.000000000000000000e+00 -1.000000000000000000e+00 1.718465520374062180e+03 8.210331850185100393e+02 9.489856830914840113e-01 3.140000000000000013e-01 3.104999999999999982e-01 9.455000000000000071e-01
3.800000000000000000e+01 2.351000000000000000e+03 -1.000000000000000000e+00 -1.000000000000000000e+00 -1.000000000000000000e+00 -1.000000000000000000e+00 -1.000000000000000000e+00 1.718483999999999924e+03 8.212010000000000218e+02 9.360000000000000542e-01 3.140000000000000013e-01 3.104999999999999982e-01 9.455000000000000071e-01
3.900000000000000000e+01 2.351000000000000000e+03 -1.000000000000000000e+00 -1.000000000000000000e+00 -1.000000000000000000e+00 -1.000000000000000000e+00 -1.000000000000000000e+00 1.718513999999999896e+03 8.213949999999999818e+02 9.360000000000000542e-01 3.140000000000000013e-01 3.104999999999999982e-01 9.455000000000000071e-01
