1.000000000000000000e+00 4.765000000000000000e+03 -1.000000000000000000e+00 -1.000000000000000000e+00 -1.000000000000000000e+00 -1.000000000000000000e+00 -1.000000000000000000e+00 1.175224999999999909e+03 3.254887000000000171e+03 1.004000000000000004e+00 2.929999999999999827e-01 2.439999999999999947e-01 8.549999999999999822e-01
1.000000000000000000e+00 4.770000000000000000e+03 -1.000000000000000000e+00 -1.000000000000000000e+00 -1.000000000000000000e+00 -1.000000000000000000e+00 -1.000000000000000000e+00 1.175656999999999925e+03 3.255681000000000040e+03 1.028999999999999915e+00 2.914999999999999813e-01 2.515000000000000013e-01 8.695000000000000506e-01
2.000000000000000000e+00 4.765000000000000000e+03 -1.000000000000000000e+00 -1.000000000000000000e+00 -1.000000000000000000e+00 -1.000000000000000000e+00 -1.000000000000000000e+00 1.175224999999999909e+03 3.254887000000000171e+03 1.104000000000000092e+00 2.929999999999999827e-01 2.439999999999999947e-01 8.549999999999999822e-01
2.000000000000000000e+00 4.770000000000000000e+03 -1.000000000000000000e+00 -1.000000000000000000e+00 -1.000000000000000000e+00 -1.000000000000000000e+00 -1.000000000000000000e+00 1.175656999999999925e+03 3.255681000000000040e+03 1.028999999999999915e+00 2.914999999999999813e-01 2.515000000000000013e-01 8.695000000000000506e-01
3.000000000000000000e+00 4.771000000000000000e+03 -1.000000000000000000e+00 -1.000000000000000000e+00 -1.000000000000000000e+00 -1.000000000000000000e+00 -1.000000000000000000e+00 1.116492999999999938e+03 3.279610999999999876e+03 9.100000000000000311e-01 3.225000000000000089e-01 3.484999999999999765e-01 9.124999999999999778e-01
3.000000000000000000e+00 4.772000000000000000e+03 -1.000000000000000000e+00 -1.000000000000000000e+00 -1.000000000000000000e+00 -1.000000000000000000e+00 -1.000000000000000000e+00 1.117366999999999962e+03 3.279233000000000175e+03 9.569999999999999618e-01 3.140000000000000013e-01 3.860000000000000098e-01 9.679999999999999716e-01
3.000000000000000000e+00 4.765000000000000000e+03 -1.000000000000000000e+00 -1.000000000000000000e+00 -1.000000000000000000e+00 -1.000000000000000000e+00 -1.000000000000000000e+00 1.175224999999999909e+03 3.254887000000000171e+03 1.135000000000000009e+00 2.929999999999999827e-01 2.439999999999999947e-01 8.549999999999999822e-01
3.000000000000000000e+00 4.770000000000000000e+03 -1.000000000000000000e+00 -1.000000000000000000e+00 -1.000000000000000000e+00 -1.000000000000000000e+00 -1.000000000000000000e+00 1.175656999999999925e+03 3.255681000000000040e+03 1.028999999999999915e+00 2.914999999999999813e-01 2.515000000000000013e-01 8.695000000000000506e-01
4.000000000000000000e+00 4.771000000000000000e+03 -1.000000000000000000e+00 -1.000000000000000000e+00 -1.000000000000000000e+00 -1.000000000000000000e+00 -1.000000000000000000e+00 1.116492999999999938e+03 3.279610999999999876e+03 9.260000000000000453e-01 3.225000000000000089e-01 3.484999999999999765e-01 9.124999999999999778e-01
4.000000000000000000e+00 4.772000000000000000e+03 -1.000000000000000000e+00 -1.000000000000000000e+00 -1.000000000000000000e+00 -1.000000000000000000e+00 -1.000000000000000000e+00 1.117383000000000038e+03 3.279255999999999858e+03 9.569999999999999618e-01 3.140000000000000013e-01 3.860000000000000098e-01 9.679999999999999716e-01
4.000000000000000000e+00 4.765000000000000000e+03 -1.000000000000000000e+00 -1.000000000000000000e+00 -1.000000000000000000e+00 -1.000000000000000000e+00 -1.000000000000000000e+00 1.175224999999999909e+03 3.254887000000000171e+03 1.163999999999999924e+00 2.929999999999999827e-01 2.439999999999999947e-01 8.549999999999999822e-01
4.000000000000000000e+00 4.770000000000000000e+03 -1.000000000000000000e+00 -1.000000000000000000e+00 -1.000000000000000000e+00 -1.000000000000000000e+00 -1.000000000000000000e+00 1.175618999999999915e+03 3.255621999999999844e+03 1.028999999999999915e+00 2.914999999999999813e-01 2.515000000000000013e-01 8.695000000000000506e-01
5.000000000000000000e+00 4.771000000000000000e+03 -1.000000000000000000e+00 -1.000000000000000000e+00 -1.000000000000000000e+00 -1.000000000000000000e+00 -1.000000000000000000e+00 1.116532999999999902e+03 3.279677999999999884e+03 8.760000000000000009e-01 3.225000000000000089e-01 3.484999999999999765e-01 9.124999999999999778e-01
5.000000000000000000e+00 4.772000000000000000e+03 -1.000000000000000000e+00 -1.000000000000000000e+00 -1.000000000000000000e+00 -1.000000000000000000e+00 -1.000000000000000000e+00 1.117397999999999911e+03 3.279278999999999996e+03 9.569999999999999618e-01 3.140000000000000013e-01 3.860000000000000098e-01 9.679999999999999716e-01
6.000000000000000000e+00 4.771000000000000000e+03 -1.000000000000000000e+00 -1.000000000000000000e+00 -1.000000000000000000e+00 -1.000000000000000000e+00 -1.000000000000000000e+00 1.116574000000000069e+03 3.279744999999999891e+03 8.259999999999999565e-01 3.225000000000000089e-01 3.484999999999999765e-01 9.124999999999999778e-01
6.000000000000000000e+00 4.772000000000000000e+03 -1.000000000000000000e+00 -1.000000000000000000e+00 -1.000000000000000000e+00 -1.000000000000000000e+00 -1.000000000000000000e+00 1.117403000000000020e+03 3.279286000000000058e+03 9.569999999999999618e-01 3.140000000000000013e-01 3.860000000000000098e-01 9.679999999999999716e-01
7.000000000000000000e+00 4.771000000000000000e+03 -1.000000000000000000e+00 -1.000000000000000000e+00 -1.000000000000000000e+00 -1.000000000000000000e+00 -1.000000000000000000e+00 1.116615000000000009e+03 3.279813000000000102e+03 7.760000000000000231e-01 3.225000000000000089e-01 3.484999999999999765e-01 9.124999999999999778e-01
7.000000000000000000e+00 4.772000000000000000e+03 -1.000000000000000000e+00 -1.000000000000000000e+00 -1.000000000000000000e+00 -1.000000000000000000e+00 -1.000000000000000000e+00 1.117406999999999925e+03 3.279291999999999916e+03 9.569999999999999618e-01 3.140000000000000013e-01 3.860000000000000098e-01 9.679999999999999716e-01
8.000000000000000000e+00 4.771000000000000000e+03 -1.000000000000000000e+00 -1.000000000000000000e+00 -1.000000000000000000e+00 -1.000000000000000000e+00 -1.000000000000000000e+00 1.116590999999999894e+03 3.279773000000000138e+03 7.760000000000000231e-01 3.225000000000000089e-01 3.484999999999999765e-01 9.124999999999999778e-01
8.000000000000000000e+00 4.772000000000000000e+03 -1.000000000000000000e+00 -1.000000000000000000e+00 -1.000000000000000000e+00 -1.000000000000000000e+00 -1.000000000000000000e+00 1.117412000000000035e+03 3.279298999999999978e+03 9.569999999999999618e-01 3.140000000000000013e-01 3.860000000000000098e-01 9.679999999999999716e-01
9.000000000000000000e+00 4.771000000000000000e+03 -1.000000000000000000e+00 -1.000000000000000000e+00 -1.000000000000000000e+00 -1.000000000000000000e+00 -1.000000000000000000e+00 1.116568999999999960e+03 3.279737000000000080e+03 7.760000000000000231e-01 3.225000000000000089e-01 3.484999999999999765e-01 9.124999999999999778e-01
9.000000000000000000e+00 4.772000000000000000e+03 -1.000000000000000000e+00 -1.000000000000000000e+00 -1.000000000000000000e+00 -1.000000000000000000e+00 -1.000000000000000000e+00 1.117381000000000085e+03 3.279320000000000164e+03 9.569999999999999618e-01 3.140000000000000013e-01 3.860000000000000098e-01 9.679999999999999716e-01
1.000000000000000000e+01 4.771000000000000000e+03 -1.000000000000000000e+00 -1.000000000000000000e+00 -1.000000000000000000e+00 -1.000000000000000000e+00 -1.000000000000000000e+00 1.116605000000000018e+03 3.279653999999999996e+03 8.760000000000000009e-01 3.225000000000000089e-01 3.484999999999999765e-01 9.124999999999999778e-01
1.000000000000000000e+01 4.772000000000000000e+03 -1.000000000000000000e+00 -1.000000000000000000e+00 -1.000000000000000000e+00 -1.000000000000000000e+00 -1.000000000000000000e+00 1.117346000000000004e+03 3.279344000000000051e+03 9.569999999999999618e-01 3.140000000000000013e-01 3.860000000000000098e-01 9.679999999999999716e-01
1.100000000000000000e+01 4.772000000000000000e+03 -1.000000000000000000e+00 -1.000000000000000000e+00 -1.000000000000000000e+00 -1.000000000000000000e+00 -1.000000000000000000e+00 1.117332000000000107e+03 3.279324000000000069e+03 9.070000000000000284e-01 3.140000000000000013e-01 3.860000000000000098e-01 9.679999999999999716e-01
1.100000000000000000e+01 4.771000000000000000e+03 -1.000000000000000000e+00 -1.000000000000000000e+00 -1.000000000000000000e+00 -1.000000000000000000e+00 -1.000000000000000000e+00 1.116616547208252541e+03 3.279660661850914948e+03 8.315876605667145149e-01 3.225000000000000089e-01 3.484999999999999765e-01 9.125000000000000888e-01
1.200000000000000000e+01 4.771000000000000000e+03 -1.000000000000000000e+00 -1.000000000000000000e+00 -1.000000000000000000e+00 -1.000000000000000000e+00 -1.000000000000000000e+00 1.116631000000000085e+03 3.279668999999999869e+03 7.760000000000000231e-01 3.225000000000000089e-01 3.484999999999999765e-01 9.124999999999999778e-01
1.200000000000000000e+01 4.772000000000000000e+03 -1.000000000000000000e+00 -1.000000000000000000e+00 -1.000000000000000000e+00 -1.000000000000000000e+00 -1.000000000000000000e+00 1.117332000000000107e+03 3.279324000000000069e+03 9.247712488377368700e-01 3.140000000000000013e-01 3.860000000000000098e-01 9.679999999999999716e-01
1.300000000000000000e+01 4.771000000000000000e+03 -1.000000000000000000e+00 -1.000000000000000000e+00 -1.000000000000000000e+00 -1.000000000000000000e+00 -1.000000000000000000e+00 1.116614000000000033e+03 3.279697000000000116e+03 7.760000000000000231e-01 3.225000000000000089e-01 3.484999999999999765e-01 9.124999999999999778e-01
1.300000000000000000e+01 4.772000000000000000e+03 -1.000000000000000000e+00 -1.000000000000000000e+00 -1.000000000000000000e+00 -1.000000000000000000e+00 -1.000000000000000000e+00 1.117332000000000107e+03 3.279324000000000069e+03 9.389999999999999458e-01 3.140000000000000013e-01 3.860000000000000098e-01 9.679999999999999716e-01
1.400000000000000000e+01 4.771000000000000000e+03 -1.000000000000000000e+00 -1.000000000000000000e+00 -1.000000000000000000e+00 -1.000000000000000000e+00 -1.000000000000000000e+00 1.116596000000000004e+03 3.279724000000000160e+03 7.760000000000000231e-01 3.225000000000000089e-01 3.484999999999999765e-01 9.124999999999999778e-01
1.400000000000000000e+01 4.772000000000000000e+03 -1.000000000000000000e+00 -1.000000000000000000e+00 -1.000000000000000000e+00 -1.000000000000000000e+00 -1.000000000000000000e+00 1.117332000000000107e+03 3.279324000000000069e+03 9.569999999999999618e-01 3.140000000000000013e-01 3.860000000000000098e-01 9.679999999999999716e-01
1.500000000000000000e+01 4.771000000000000000e+03 -1.000000000000000000e+00 -1.000000000000000000e+00 -1.000000000000000000e+00 -1.000000000000000000e+00 -1.000000000000000000e+00 1.116577999999999975e+03 3.279751999999999953e+03 7.760000000000000231e-01 3.225000000000000089e-01 3.484999999999999765e-01 9.124999999999999778e-01
1.500000000000000000e+01 4.772000000000000000e+03 -1.000000000000000000e+00 -1.000000000000000000e+00 -1.000000000000000000e+00 -1.000000000000000000e+00 -1.000000000000000000e+00 1.117332000000000107e+03 3.279324000000000069e+03 9.569999999999999618e-01 3.140000000000000013e-01 3.860000000000000098e-01 9.679999999999999716e-01
1.600000000000000000e+01 4.771000000000000000e+03 -1.000000000000000000e+00 -1.000000000000000000e+00 -1.000000000000000000e+00 -1.000000000000000000e+00 -1.000000000000000000e+00 1.116577999999999975e+03 3.279751999999999953e+03 7.760000000000000231e-01 3.225000000000000089e-01 3.484999999999999765e-01 9.124999999999999778e-01
1.600000000000000000e+01 4.772000000000000000e+03 -1.000000000000000000e+00 -1.000000000000000000e+00 -1.000000000000000000e+00 -1.000000000000000000e+00 -1.000000000000000000e+00 1.117332000000000107e+03 3.279324000000000069e+03 9.569999999999999618e-01 3.140000000000000013e-01 3.860000000000000098e-01 9.679999999999999716e-01
1.900000000000000000e+01 4.777000000000000000e+03 -1.000000000000000000e+00 -1.000000000000000000e+00 -1.000000000000000000e+00 -1.000000000000000000e+00 -1.000000000000000000e+00 1.042923000000000002e+03 3.311291999999999916e+03 6.450000000000000178e-01 3.019999999999999907e-01 3.415000000000000258e-01 8.339999999999999636e-01
2.000000000000000000e+01 4.777000000000000000e+03 -1.000000000000000000e+00 -1.000000000000000000e+00 -1.000000000000000000e+00 -1.000000000000000000e+00 -1.000000000000000000e+00 1.043530999999999949e+03 3.310981000000000222e+03 7.139999999999999680e-01 3.019999999999999907e-01 3.415000000000000258e-01 8.339999999999999636e-01
2.100000000000000000e+01 4.777000000000000000e+03 -1.000000000000000000e+00 -1.000000000000000000e+00 -1.000000000000000000e+00 -1.000000000000000000e+00 -1.000000000000000000e+00 1.043952999999999975e+03 3.310764999999999873e+03 7.520000000000000018e-01 3.019999999999999907e-01 3.415000000000000258e-01 8.339999999999999636e-01
2.200000000000000000e+01 4.777000000000000000e+03 -1.000000000000000000e+00 -1.000000000000000000e+00 -1.000000000000000000e+00 -1.000000000000000000e+00 -1.000000000000000000e+00 1.044375999999999976e+03 3.310548999999999978e+03 7.890000000000000346e-01 3.019999999999999907e-01 3.415000000000000258e-01 8.339999999999999636e-01
2.300000000000000000e+01 4.777000000000000000e+03 -1.000000000000000000e+00 -1.000000000000000000e+00 -1.000000000000000000e+00 -1.000000000000000000e+00 -1.000000000000000000e+00 1.044798999999999978e+03 3.310333000000000084e+03 8.269999999999999574e-01 3.019999999999999907e-01 3.415000000000000258e-01 8.339999999999999636e-01
2.400000000000000000e+01 4.777000000000000000e+03 -1.000000000000000000e+00 -1.000000000000000000e+00 -1.000000000000000000e+00 -1.000000000000000000e+00 -1.000000000000000000e+00 1.045221999999999980e+03 3.310117000000000189e+03 8.639999999999999902e-01 3.019999999999999907e-01 3.415000000000000258e-01 8.339999999999999636e-01
2.500000000000000000e+01 4.777000000000000000e+03 -1.000000000000000000e+00 -1.000000000000000000e+00 -1.000000000000000000e+00 -1.000000000000000000e+00 -1.000000000000000000e+00 1.045686999999999898e+03 3.309878999999999905e+03 8.639999999999999902e-01 3.019999999999999907e-01 3.415000000000000258e-01 8.339999999999999636e-01
2.600000000000000000e+01 4.777000000000000000e+03 -1.000000000000000000e+00 -1.000000000000000000e+00 -1.000000000000000000e+00 -1.000000000000000000e+00 -1.000000000000000000e+00 1.046151000000000067e+03 3.309641999999999825e+03 8.639999999999999902e-01 3.019999999999999907e-01 3.415000000000000258e-01 8.339999999999999636e-01
2.700000000000000000e+01 4.777000000000000000e+03 -1.000000000000000000e+00 -1.000000000000000000e+00 -1.000000000000000000e+00 -1.000000000000000000e+00 -1.000000000000000000e+00 1.046615000000000009e+03 3.309403999999999996e+03 9.130000000000000338e-01 3.019999999999999907e-01 3.415000000000000258e-01 8.339999999999999636e-01
2.800000000000000000e+01 4.777000000000000000e+03 -1.000000000000000000e+00 -1.000000000000000000e+00 -1.000000000000000000e+00 -1.000000000000000000e+00 -1.000000000000000000e+00 1.047078999999999951e+03 3.309166999999999916e+03 9.609999999999999654e-01 3.019999999999999907e-01 3.415000000000000258e-01 8.339999999999999636e-01
2.900000000000000000e+01 4.777000000000000000e+03 -1.000000000000000000e+00 -1.000000000000000000e+00 -1.000000000000000000e+00 -1.000000000000000000e+00 -1.000000000000000000e+00 1.047589999999999918e+03 3.308905999999999949e+03 1.014000000000000012e+00 3.019999999999999907e-01 3.415000000000000258e-01 8.339999999999999636e-01
