1.800000000000000000e+01 1.232000000000000000e+03 -1.000000000000000000e+00 -1.000000000000000000e+00 -1.000000000000000000e+00 -1.000000000000000000e+00 -1.000000000000000000e+00 8.024160000000000537e+02 1.466537000000000035e+03 6.009999999999999787e-01 4.219999999999999862e-01 8.369999999999999662e-01 6.059999999999999831e-01
1.900000000000000000e+01 1.232000000000000000e+03 -1.000000000000000000e+00 -1.000000000000000000e+00 -1.000000000000000000e+00 -1.000000000000000000e+00 -1.000000000000000000e+00 8.023890000000000100e+02 1.466559999999999945e+03 5.659999999999999476e-01 4.219999999999999862e-01 8.369999999999999662e-01 6.059999999999999831e-01
2.000000000000000000e+01 1.232000000000000000e+03 -1.000000000000000000e+00 -1.000000000000000000e+00 -1.000000000000000000e+00 -1.000000000000000000e+00 -1.000000000000000000e+00 8.023630000000000564e+02 1.466582000000000107e+03 5.320000000000000284e-01 4.219999999999999862e-01 8.369999999999999662e-01 6.059999999999999831e-01
2.100000000000000000e+01 1.232000000000000000e+03 -1.000000000000000000e+00 -1.000000000000000000e+00 -1.000000000000000000e+00 -1.000000000000000000e+00 -1.000000000000000000e+00 8.023650000000000091e+02 1.466584000000000060e+03 5.040000000000000036e-01 4.219999999999999862e-01 8.369999999999999662e-01 6.059999999999999831e-01
2.200000000000000000e+01 1.232000000000000000e+03 -1.000000000000000000e+00 -1.000000000000000000e+00 -1.000000000000000000e+00 -1.000000000000000000e+00 -1.000000000000000000e+00 8.023669999999999618e+02 1.466586000000000013e+03 4.749999999999999778e-01 4.219999999999999862e-01 8.369999999999999662e-01 6.059999999999999831e-01
2.300000000000000000e+01 1.232000000000000000e+03 -1.000000000000000000e+00 -1.000000000000000000e+00 -1.000000000000000000e+00 -1.000000000000000000e+00 -1.000000000000000000e+00 8.023690000000000282e+02 1.466588999999999942e+03 4.470000000000000084e-01 4.219999999999999862e-01 8.369999999999999662e-01 6.059999999999999831e-01
2.400000000000000000e+01 1.232000000000000000e+03 -1.000000000000000000e+00 -1.000000000000000000e+00 -1.000000000000000000e+00 -1.000000000000000000e+00 -1.000000000000000000e+00 8.023750000000000000e+02 1.466596000000000004e+03 4.680000000000000271e-01 4.219999999999999862e-01 8.369999999999999662e-01 6.059999999999999831e-01
2.500000000000000000e+01 1.232000000000000000e+03 -1.000000000000000000e+00 -1.000000000000000000e+00 -1.000000000000000000e+00 -1.000000000000000000e+00 -1.000000000000000000e+00 8.023809999999999718e+02 1.466603000000000065e+03 4.899999999999999911e-01 4.219999999999999862e-01 8.369999999999999662e-01 6.059999999999999831e-01
2.600000000000000000e+01 1.232000000000000000e+03 -1.000000000000000000e+00 -1.000000000000000000e+00 -1.000000000000000000e+00 -1.000000000000000000e+00 -1.000000000000000000e+00 8.023869999999999436e+02 1.466609999999999900e+03 5.110000000000000098e-01 4.219999999999999862e-01 8.369999999999999662e-01 6.059999999999999831e-01
2.700000000000000000e+01 1.232000000000000000e+03 -1.000000000000000000e+00 -1.000000000000000000e+00 -1.000000000000000000e+00 -1.000000000000000000e+00 -1.000000000000000000e+00 8.023930000000000291e+02 1.466617999999999938e+03 5.320000000000000284e-01 4.219999999999999862e-01 8.369999999999999662e-01 6.059999999999999831e-01
2.800000000000000000e+01 1.232000000000000000e+03 -1.000000000000000000e+00 -1.000000000000000000e+00 -1.000000000000000000e+00 -1.000000000000000000e+00 -1.000000000000000000e+00 8.023930000000000291e+02 1.466617999999999938e+03 5.320000000000000284e-01 4.219999999999999862e-01 8.369999999999999662e-01 6.059999999999999831e-01
2.900000000000000000e+01 1.232000000000000000e+03 -1.000000000000000000e+00 -1.000000000000000000e+00 -1.000000000000000000e+00 -1.000000000000000000e+00 -1.000000000000000000e+00 8.023930000000000291e+02 1.466617999999999938e+03 5.320000000000000284e-01 4.219999999999999862e-01 8.369999999999999662e-01 6.059999999999999831e-01
3.000000000000000000e+01 1.232000000000000000e+03 -1.000000000000000000e+00 -1.000000000000000000e+00 -1.000000000000000000e+00 -1.000000000000000000e+00 -1.000000000000000000e+00 8.023930000000000291e+02 1.466617999999999938e+03 5.320000000000000284e-01 4.219999999999999862e-01 8.369999999999999662e-01 6.059999999999999831e-01
3.100000000000000000e+01 1.232000000000000000e+03 -1.000000000000000000e+00 -1.000000000000000000e+00 -1.000000000000000000e+00 -1.000000000000000000e+00 -1.000000000000000000e+00 8.023930000000000291e+02 1.466617999999999938e+03 5.320000000000000284e-01 4.219999999999999862e-01 8.369999999999999662e-01 6.059999999999999831e-01
3.200000000000000000e+01 1.232000000000000000e+03 -1.000000000000000000e+00 -1.000000000000000000e+00 -1.000000000000000000e+00 -1.000000000000000000e+00 -1.000000000000000000e+00 8.023930000000000291e+02 1.466617999999999938e+03 5.320000000000000284e-01 4.219999999999999862e-01 8.369999999999999662e-01 6.059999999999999831e-01
3.300000000000000000e+01 1.232000000000000000e+03 -1.000000000000000000e+00 -1.000000000000000000e+00 -1.000000000000000000e+00 -1.000000000000000000e+00 -1.000000000000000000e+00 8.023930000000000291e+02 1.466617999999999938e+03 5.320000000000000284e-01 4.219999999999999862e-01 8.369999999999999662e-01 6.059999999999999831e-01
