1.000000000000000000e+00 3.537000000000000000e+03 -1.000000000000000000e+00 -1.000000000000000000e+00 -1.000000000000000000e+00 -1.000000000000000000e+00 -1.000000000000000000e+00 1.235182999999999993e+03 1.397250000000000000e+03 1.163000000000000034e+00 3.805000000000000049e-01 5.104999999999999538e-01 1.000000000000000000e+00
1.000000000000000000e+00 3.554000000000000000e+03 -1.000000000000000000e+00 -1.000000000000000000e+00 -1.000000000000000000e+00 -1.000000000000000000e+00 -1.000000000000000000e+00 1.266656999999999925e+03 1.355519999999999982e+03 9.779999999999999361e+00 4.455000000000000071e-01 4.104999999999999760e-01 9.795000000000000373e-01
1.000000000000000000e+00 3.555000000000000000e+03 -1.000000000000000000e+00 -1.000000000000000000e+00 -1.000000000000000000e+00 -1.000000000000000000e+00 -1.000000000000000000e+00 1.242853000000000065e+03 1.338439000000000078e+03 8.469999999999999751e-01 4.874999999999999889e-01 4.759999999999999787e-01 1.020999999999999908e+00
2.000000000000000000e+00 3.537000000000000000e+03 -1.000000000000000000e+00 -1.000000000000000000e+00 -1.000000000000000000e+00 -1.000000000000000000e+00 -1.000000000000000000e+00 1.235164999999999964e+03 1.397249000000000024e+03 1.155999999999999917e+00 3.805000000000000049e-01 5.104999999999999538e-01 1.000000000000000000e+00
2.000000000000000000e+00 3.561000000000000000e+03 -1.000000000000000000e+00 -1.000000000000000000e+00 -1.000000000000000000e+00 -1.000000000000000000e+00 -1.000000000000000000e+00 1.234741999999999962e+03 1.396248000000000047e+03 1.219000000000000083e+00 3.425000000000000266e-01 3.624999999999999889e-01 1.000000000000000000e+00
2.000000000000000000e+00 3.554000000000000000e+03 -1.000000000000000000e+00 -1.000000000000000000e+00 -1.000000000000000000e+00 -1.000000000000000000e+00 -1.000000000000000000e+00 1.266381000000000085e+03 1.354829999999999927e+03 9.827999999999999403e+00 4.455000000000000071e-01 4.104999999999999760e-01 9.795000000000000373e-01
2.000000000000000000e+00 3.555000000000000000e+03 -1.000000000000000000e+00 -1.000000000000000000e+00 -1.000000000000000000e+00 -1.000000000000000000e+00 -1.000000000000000000e+00 1.242839999999999918e+03 1.338454999999999927e+03 8.139999999999999458e-01 4.874999999999999889e-01 4.759999999999999787e-01 1.020999999999999908e+00
3.000000000000000000e+00 3.537000000000000000e+03 -1.000000000000000000e+00 -1.000000000000000000e+00 -1.000000000000000000e+00 -1.000000000000000000e+00 -1.000000000000000000e+00 1.235146999999999935e+03 1.397249000000000024e+03 1.149000000000000021e+00 3.805000000000000049e-01 5.104999999999999538e-01 1.000000000000000000e+00
3.000000000000000000e+00 3.561000000000000000e+03 -1.000000000000000000e+00 -1.000000000000000000e+00 -1.000000000000000000e+00 -1.000000000000000000e+00 -1.000000000000000000e+00 1.234778000000000020e+03 1.396253999999999905e+03 1.201000000000000068e+00 3.425000000000000266e-01 3.624999999999999889e-01 1.000000000000000000e+00
3.000000000000000000e+00 3.554000000000000000e+03 -1.000000000000000000e+00 -1.000000000000000000e+00 -1.000000000000000000e+00 -1.000000000000000000e+00 -1.000000000000000000e+00 1.266104000000000042e+03 1.354141000000000076e+03 9.875999999999999446e+00 4.455000000000000071e-01 4.104999999999999760e-01 9.795000000000000373e-01
3.000000000000000000e+00 3.555000000000000000e+03 -1.000000000000000000e+00 -1.000000000000000000e+00 -1.000000000000000000e+00 -1.000000000000000000e+00 -1.000000000000000000e+00 1.242826999999999998e+03 1.338471999999999980e+03 7.810000000000000275e-01 4.874999999999999889e-01 4.759999999999999787e-01 1.020999999999999908e+00
4.000000000000000000e+00 3.537000000000000000e+03 -1.000000000000000000e+00 -1.000000000000000000e+00 -1.000000000000000000e+00 -1.000000000000000000e+00 -1.000000000000000000e+00 1.235128999999999905e+03 1.397248000000000047e+03 1.141999999999999904e+00 3.805000000000000049e-01 5.104999999999999538e-01 1.000000000000000000e+00
4.000000000000000000e+00 3.561000000000000000e+03 -1.000000000000000000e+00 -1.000000000000000000e+00 -1.000000000000000000e+00 -1.000000000000000000e+00 -1.000000000000000000e+00 1.234814000000000078e+03 1.396259000000000015e+03 1.183999999999999941e+00 3.425000000000000266e-01 3.624999999999999889e-01 1.000000000000000000e+00
4.000000000000000000e+00 3.554000000000000000e+03 -1.000000000000000000e+00 -1.000000000000000000e+00 -1.000000000000000000e+00 -1.000000000000000000e+00 -1.000000000000000000e+00 1.265826000000000022e+03 1.353446999999999889e+03 9.923999999999999488e+00 4.455000000000000071e-01 4.104999999999999760e-01 9.795000000000000373e-01
4.000000000000000000e+00 3.555000000000000000e+03 -1.000000000000000000e+00 -1.000000000000000000e+00 -1.000000000000000000e+00 -1.000000000000000000e+00 -1.000000000000000000e+00 1.242813000000000102e+03 1.338488000000000056e+03 7.469999999999999973e-01 4.874999999999999889e-01 4.759999999999999787e-01 1.020999999999999908e+00
5.000000000000000000e+00 3.537000000000000000e+03 -1.000000000000000000e+00 -1.000000000000000000e+00 -1.000000000000000000e+00 -1.000000000000000000e+00 -1.000000000000000000e+00 1.235111000000000104e+03 1.397248000000000047e+03 1.135999999999999899e+00 3.805000000000000049e-01 5.104999999999999538e-01 1.000000000000000000e+00
5.000000000000000000e+00 3.561000000000000000e+03 -1.000000000000000000e+00 -1.000000000000000000e+00 -1.000000000000000000e+00 -1.000000000000000000e+00 -1.000000000000000000e+00 1.234851000000000113e+03 1.396265000000000100e+03 1.165999999999999925e+00 3.425000000000000266e-01 3.624999999999999889e-01 1.000000000000000000e+00
5.000000000000000000e+00 3.554000000000000000e+03 -1.000000000000000000e+00 -1.000000000000000000e+00 -1.000000000000000000e+00 -1.000000000000000000e+00 -1.000000000000000000e+00 1.265480000000000018e+03 1.352855999999999995e+03 9.858999999999999986e+00 4.455000000000000071e-01 4.104999999999999760e-01 9.795000000000000373e-01
5.000000000000000000e+00 3.555000000000000000e+03 -1.000000000000000000e+00 -1.000000000000000000e+00 -1.000000000000000000e+00 -1.000000000000000000e+00 -1.000000000000000000e+00 1.242833000000000084e+03 1.338442000000000007e+03 7.429999999999999938e-01 4.874999999999999889e-01 4.759999999999999787e-01 1.020999999999999908e+00
6.000000000000000000e+00 3.566000000000000000e+03 -1.000000000000000000e+00 -1.000000000000000000e+00 -1.000000000000000000e+00 -1.000000000000000000e+00 -1.000000000000000000e+00 1.253883000000000038e+03 1.367089999999999918e+03 1.193999999999999950e+00 2.119999999999999940e-01 3.805000000000000049e-01 7.840000000000000302e-01
6.000000000000000000e+00 3.561000000000000000e+03 -1.000000000000000000e+00 -1.000000000000000000e+00 -1.000000000000000000e+00 -1.000000000000000000e+00 -1.000000000000000000e+00 1.234886999999999944e+03 1.396269999999999982e+03 1.147999999999999909e+00 3.425000000000000266e-01 3.624999999999999889e-01 1.000000000000000000e+00
6.000000000000000000e+00 3.554000000000000000e+03 -1.000000000000000000e+00 -1.000000000000000000e+00 -1.000000000000000000e+00 -1.000000000000000000e+00 -1.000000000000000000e+00 1.265231999999999971e+03 1.352213999999999942e+03 9.897999999999999687e+00 4.455000000000000071e-01 4.104999999999999760e-01 9.795000000000000373e-01
6.000000000000000000e+00 3.555000000000000000e+03 -1.000000000000000000e+00 -1.000000000000000000e+00 -1.000000000000000000e+00 -1.000000000000000000e+00 -1.000000000000000000e+00 1.242853000000000065e+03 1.338394999999999982e+03 7.389999999999999902e-01 4.874999999999999889e-01 4.759999999999999787e-01 1.020999999999999908e+00
6.000000000000000000e+00 3.537000000000000000e+03 -1.000000000000000000e+00 -1.000000000000000000e+00 -1.000000000000000000e+00 -1.000000000000000000e+00 -1.000000000000000000e+00 1.235073751308299506e+03 1.397246645502120145e+03 1.121100523319785047e+00 3.804999999999999494e-01 5.104999999999999538e-01 1.000000000000000000e+00
7.000000000000000000e+00 3.566000000000000000e+03 -1.000000000000000000e+00 -1.000000000000000000e+00 -1.000000000000000000e+00 -1.000000000000000000e+00 -1.000000000000000000e+00 1.253105000000000018e+03 1.367538999999999987e+03 1.193999999999999950e+00 2.119999999999999940e-01 3.805000000000000049e-01 7.840000000000000302e-01
7.000000000000000000e+00 3.561000000000000000e+03 -1.000000000000000000e+00 -1.000000000000000000e+00 -1.000000000000000000e+00 -1.000000000000000000e+00 -1.000000000000000000e+00 1.234926999999999907e+03 1.396277000000000044e+03 1.127999999999999892e+00 3.425000000000000266e-01 3.624999999999999889e-01 1.000000000000000000e+00
7.000000000000000000e+00 3.554000000000000000e+03 -1.000000000000000000e+00 -1.000000000000000000e+00 -1.000000000000000000e+00 -1.000000000000000000e+00 -1.000000000000000000e+00 1.264959000000000060e+03 1.351508000000000038e+03 9.941000000000000725e+00 4.455000000000000071e-01 4.104999999999999760e-01 9.795000000000000373e-01
7.000000000000000000e+00 3.555000000000000000e+03 -1.000000000000000000e+00 -1.000000000000000000e+00 -1.000000000000000000e+00 -1.000000000000000000e+00 -1.000000000000000000e+00 1.242875000000000000e+03 1.338344000000000051e+03 7.349999999999999867e-01 4.874999999999999889e-01 4.759999999999999787e-01 1.020999999999999908e+00
7.000000000000000000e+00 3.537000000000000000e+03 -1.000000000000000000e+00 -1.000000000000000000e+00 -1.000000000000000000e+00 -1.000000000000000000e+00 -1.000000000000000000e+00 1.235093287853615038e+03 1.397247355921949747e+03 1.128915141445972381e+00 3.805000000000000049e-01 5.104999999999999538e-01 1.000000000000000000e+00
8.000000000000000000e+00 3.537000000000000000e+03 -1.000000000000000000e+00 -1.000000000000000000e+00 -1.000000000000000000e+00 -1.000000000000000000e+00 -1.000000000000000000e+00 1.235056000000000040e+03 1.397246000000000095e+03 1.114000000000000101e+00 3.805000000000000049e-01 5.104999999999999538e-01 1.000000000000000000e+00
8.000000000000000000e+00 3.566000000000000000e+03 -1.000000000000000000e+00 -1.000000000000000000e+00 -1.000000000000000000e+00 -1.000000000000000000e+00 -1.000000000000000000e+00 1.252400000000000091e+03 1.367946999999999889e+03 1.193999999999999950e+00 2.119999999999999940e-01 3.805000000000000049e-01 7.840000000000000302e-01
8.000000000000000000e+00 3.561000000000000000e+03 -1.000000000000000000e+00 -1.000000000000000000e+00 -1.000000000000000000e+00 -1.000000000000000000e+00 -1.000000000000000000e+00 1.234962999999999965e+03 1.396281999999999925e+03 1.110000000000000098e+00 3.425000000000000266e-01 3.624999999999999889e-01 1.000000000000000000e+00
8.000000000000000000e+00 3.554000000000000000e+03 -1.000000000000000000e+00 -1.000000000000000000e+00 -1.000000000000000000e+00 -1.000000000000000000e+00 -1.000000000000000000e+00 1.264530999999999949e+03 1.350933999999999969e+03 9.829000000000000625e+00 4.455000000000000071e-01 4.104999999999999760e-01 9.795000000000000373e-01
8.000000000000000000e+00 3.555000000000000000e+03 -1.000000000000000000e+00 -1.000000000000000000e+00 -1.000000000000000000e+00 -1.000000000000000000e+00 -1.000000000000000000e+00 1.242894000000000005e+03 1.338298000000000002e+03 7.309999999999999831e-01 4.874999999999999889e-01 4.759999999999999787e-01 1.020999999999999908e+00
9.000000000000000000e+00 3.537000000000000000e+03 -1.000000000000000000e+00 -1.000000000000000000e+00 -1.000000000000000000e+00 -1.000000000000000000e+00 -1.000000000000000000e+00 1.235038000000000011e+03 1.397246000000000095e+03 1.106999999999999984e+00 3.805000000000000049e-01 5.104999999999999538e-01 1.000000000000000000e+00
9.000000000000000000e+00 3.566000000000000000e+03 -1.000000000000000000e+00 -1.000000000000000000e+00 -1.000000000000000000e+00 -1.000000000000000000e+00 -1.000000000000000000e+00 1.251693999999999960e+03 1.368354000000000042e+03 1.193999999999999950e+00 2.119999999999999940e-01 3.805000000000000049e-01 7.840000000000000302e-01
9.000000000000000000e+00 3.561000000000000000e+03 -1.000000000000000000e+00 -1.000000000000000000e+00 -1.000000000000000000e+00 -1.000000000000000000e+00 -1.000000000000000000e+00 1.235000000000000000e+03 1.396288000000000011e+03 1.092999999999999972e+00 3.425000000000000266e-01 3.624999999999999889e-01 1.000000000000000000e+00
9.000000000000000000e+00 3.554000000000000000e+03 -1.000000000000000000e+00 -1.000000000000000000e+00 -1.000000000000000000e+00 -1.000000000000000000e+00 -1.000000000000000000e+00 1.264104000000000042e+03 1.350358999999999924e+03 9.717000000000000526e+00 4.455000000000000071e-01 4.104999999999999760e-01 9.795000000000000373e-01
9.000000000000000000e+00 3.555000000000000000e+03 -1.000000000000000000e+00 -1.000000000000000000e+00 -1.000000000000000000e+00 -1.000000000000000000e+00 -1.000000000000000000e+00 1.242913999999999987e+03 1.338251999999999953e+03 7.269999999999999796e-01 4.874999999999999889e-01 4.759999999999999787e-01 1.020999999999999908e+00
1.000000000000000000e+01 3.537000000000000000e+03 -1.000000000000000000e+00 -1.000000000000000000e+00 -1.000000000000000000e+00 -1.000000000000000000e+00 -1.000000000000000000e+00 1.235019999999999982e+03 1.397244999999999891e+03 1.100000000000000089e+00 3.805000000000000049e-01 5.104999999999999538e-01 1.000000000000000000e+00
1.000000000000000000e+01 3.566000000000000000e+03 -1.000000000000000000e+00 -1.000000000000000000e+00 -1.000000000000000000e+00 -1.000000000000000000e+00 -1.000000000000000000e+00 1.250989000000000033e+03 1.368760999999999967e+03 1.193999999999999950e+00 2.119999999999999940e-01 3.805000000000000049e-01 7.840000000000000302e-01
1.000000000000000000e+01 3.561000000000000000e+03 -1.000000000000000000e+00 -1.000000000000000000e+00 -1.000000000000000000e+00 -1.000000000000000000e+00 -1.000000000000000000e+00 1.235036000000000058e+03 1.396292999999999893e+03 1.074999999999999956e+00 3.425000000000000266e-01 3.624999999999999889e-01 1.000000000000000000e+00
1.000000000000000000e+01 3.554000000000000000e+03 -1.000000000000000000e+00 -1.000000000000000000e+00 -1.000000000000000000e+00 -1.000000000000000000e+00 -1.000000000000000000e+00 1.263892000000000053e+03 1.349588999999999942e+03 9.753999999999999559e+00 4.455000000000000071e-01 4.104999999999999760e-01 9.795000000000000373e-01
1.000000000000000000e+01 3.555000000000000000e+03 -1.000000000000000000e+00 -1.000000000000000000e+00 -1.000000000000000000e+00 -1.000000000000000000e+00 -1.000000000000000000e+00 1.242824000000000069e+03 1.338434999999999945e+03 7.269999999999999796e-01 4.874999999999999889e-01 4.759999999999999787e-01 1.020999999999999908e+00
1.100000000000000000e+01 3.537000000000000000e+03 -1.000000000000000000e+00 -1.000000000000000000e+00 -1.000000000000000000e+00 -1.000000000000000000e+00 -1.000000000000000000e+00 1.235038999999999987e+03 1.397251999999999953e+03 1.114999999999999991e+00 3.805000000000000049e-01 5.104999999999999538e-01 1.000000000000000000e+00
1.100000000000000000e+01 3.566000000000000000e+03 -1.000000000000000000e+00 -1.000000000000000000e+00 -1.000000000000000000e+00 -1.000000000000000000e+00 -1.000000000000000000e+00 1.250281999999999925e+03 1.369169000000000096e+03 1.193999999999999950e+00 2.119999999999999940e-01 3.805000000000000049e-01 7.840000000000000302e-01
1.100000000000000000e+01 3.561000000000000000e+03 -1.000000000000000000e+00 -1.000000000000000000e+00 -1.000000000000000000e+00 -1.000000000000000000e+00 -1.000000000000000000e+00 1.235071999999999889e+03 1.396298999999999978e+03 1.056999999999999940e+00 3.425000000000000266e-01 3.624999999999999889e-01 1.000000000000000000e+00
1.100000000000000000e+01 3.555000000000000000e+03 -1.000000000000000000e+00 -1.000000000000000000e+00 -1.000000000000000000e+00 -1.000000000000000000e+00 -1.000000000000000000e+00 1.242846000000000004e+03 1.338263999999999896e+03 7.269999999999999796e-01 4.874999999999999889e-01 4.759999999999999787e-01 1.020999999999999908e+00
1.200000000000000000e+01 3.537000000000000000e+03 -1.000000000000000000e+00 -1.000000000000000000e+00 -1.000000000000000000e+00 -1.000000000000000000e+00 -1.000000000000000000e+00 1.235057999999999993e+03 1.397258000000000038e+03 1.129999999999999893e+00 3.805000000000000049e-01 5.104999999999999538e-01 1.000000000000000000e+00
1.200000000000000000e+01 3.566000000000000000e+03 -1.000000000000000000e+00 -1.000000000000000000e+00 -1.000000000000000000e+00 -1.000000000000000000e+00 -1.000000000000000000e+00 1.249576000000000022e+03 1.369576999999999998e+03 1.193999999999999950e+00 2.119999999999999940e-01 3.805000000000000049e-01 7.840000000000000302e-01
1.200000000000000000e+01 3.561000000000000000e+03 -1.000000000000000000e+00 -1.000000000000000000e+00 -1.000000000000000000e+00 -1.000000000000000000e+00 -1.000000000000000000e+00 1.235108999999999924e+03 1.396305000000000064e+03 1.038999999999999924e+00 3.425000000000000266e-01 3.624999999999999889e-01 1.000000000000000000e+00
1.200000000000000000e+01 3.555000000000000000e+03 -1.000000000000000000e+00 -1.000000000000000000e+00 -1.000000000000000000e+00 -1.000000000000000000e+00 -1.000000000000000000e+00 1.242500999999999976e+03 1.337365000000000009e+03 7.269999999999999796e-01 4.874999999999999889e-01 4.759999999999999787e-01 1.020999999999999908e+00
1.300000000000000000e+01 3.537000000000000000e+03 -1.000000000000000000e+00 -1.000000000000000000e+00 -1.000000000000000000e+00 -1.000000000000000000e+00 -1.000000000000000000e+00 1.235076999999999998e+03 1.397265000000000100e+03 1.145999999999999908e+00 3.805000000000000049e-01 5.104999999999999538e-01 1.000000000000000000e+00
1.300000000000000000e+01 3.566000000000000000e+03 -1.000000000000000000e+00 -1.000000000000000000e+00 -1.000000000000000000e+00 -1.000000000000000000e+00 -1.000000000000000000e+00 1.248871000000000095e+03 1.369983999999999924e+03 1.193999999999999950e+00 2.119999999999999940e-01 3.805000000000000049e-01 7.840000000000000302e-01
1.300000000000000000e+01 3.561000000000000000e+03 -1.000000000000000000e+00 -1.000000000000000000e+00 -1.000000000000000000e+00 -1.000000000000000000e+00 -1.000000000000000000e+00 1.235144999999999982e+03 1.396309999999999945e+03 1.020999999999999908e+00 3.425000000000000266e-01 3.624999999999999889e-01 1.000000000000000000e+00
1.300000000000000000e+01 3.555000000000000000e+03 -1.000000000000000000e+00 -1.000000000000000000e+00 -1.000000000000000000e+00 -1.000000000000000000e+00 -1.000000000000000000e+00 1.242249000000000024e+03 1.337125000000000000e+03 7.269999999999999796e-01 4.874999999999999889e-01 4.759999999999999787e-01 1.020999999999999908e+00
1.400000000000000000e+01 3.537000000000000000e+03 -1.000000000000000000e+00 -1.000000000000000000e+00 -1.000000000000000000e+00 -1.000000000000000000e+00 -1.000000000000000000e+00 1.235096000000000004e+03 1.397270999999999958e+03 1.161000000000000032e+00 3.805000000000000049e-01 5.104999999999999538e-01 1.000000000000000000e+00
1.400000000000000000e+01 3.566000000000000000e+03 -1.000000000000000000e+00 -1.000000000000000000e+00 -1.000000000000000000e+00 -1.000000000000000000e+00 -1.000000000000000000e+00 1.248209000000000060e+03 1.370479000000000042e+03 1.193999999999999950e+00 2.119999999999999940e-01 3.805000000000000049e-01 7.840000000000000302e-01
1.400000000000000000e+01 3.561000000000000000e+03 -1.000000000000000000e+00 -1.000000000000000000e+00 -1.000000000000000000e+00 -1.000000000000000000e+00 -1.000000000000000000e+00 1.235181000000000040e+03 1.396316000000000031e+03 1.002999999999999892e+00 3.425000000000000266e-01 3.624999999999999889e-01 1.000000000000000000e+00
1.400000000000000000e+01 3.555000000000000000e+03 -1.000000000000000000e+00 -1.000000000000000000e+00 -1.000000000000000000e+00 -1.000000000000000000e+00 -1.000000000000000000e+00 1.241948000000000093e+03 1.336906999999999925e+03 7.269999999999999796e-01 4.874999999999999889e-01 4.759999999999999787e-01 1.020999999999999908e+00
1.500000000000000000e+01 3.537000000000000000e+03 -1.000000000000000000e+00 -1.000000000000000000e+00 -1.000000000000000000e+00 -1.000000000000000000e+00 -1.000000000000000000e+00 1.235115999999999985e+03 1.397278000000000020e+03 1.175999999999999934e+00 3.805000000000000049e-01 5.104999999999999538e-01 1.000000000000000000e+00
1.500000000000000000e+01 3.566000000000000000e+03 -1.000000000000000000e+00 -1.000000000000000000e+00 -1.000000000000000000e+00 -1.000000000000000000e+00 -1.000000000000000000e+00 1.247515000000000100e+03 1.370926999999999907e+03 1.193999999999999950e+00 2.119999999999999940e-01 3.805000000000000049e-01 7.840000000000000302e-01
1.500000000000000000e+01 3.561000000000000000e+03 -1.000000000000000000e+00 -1.000000000000000000e+00 -1.000000000000000000e+00 -1.000000000000000000e+00 -1.000000000000000000e+00 1.235218000000000075e+03 1.396320999999999913e+03 9.859999999999999876e-01 3.425000000000000266e-01 3.624999999999999889e-01 1.000000000000000000e+00
1.600000000000000000e+01 3.537000000000000000e+03 -1.000000000000000000e+00 -1.000000000000000000e+00 -1.000000000000000000e+00 -1.000000000000000000e+00 -1.000000000000000000e+00 1.235134999999999991e+03 1.397284000000000106e+03 1.191000000000000059e+00 3.805000000000000049e-01 5.104999999999999538e-01 1.000000000000000000e+00
1.600000000000000000e+01 3.566000000000000000e+03 -1.000000000000000000e+00 -1.000000000000000000e+00 -1.000000000000000000e+00 -1.000000000000000000e+00 -1.000000000000000000e+00 1.246820999999999913e+03 1.371375000000000000e+03 1.193999999999999950e+00 2.119999999999999940e-01 3.805000000000000049e-01 7.840000000000000302e-01
1.600000000000000000e+01 3.561000000000000000e+03 -1.000000000000000000e+00 -1.000000000000000000e+00 -1.000000000000000000e+00 -1.000000000000000000e+00 -1.000000000000000000e+00 1.235253999999999905e+03 1.396326999999999998e+03 9.679999999999999716e-01 3.425000000000000266e-01 3.624999999999999889e-01 1.000000000000000000e+00
1.600000000000000000e+01 3.573000000000000000e+03 -1.000000000000000000e+00 -1.000000000000000000e+00 -1.000000000000000000e+00 -1.000000000000000000e+00 -1.000000000000000000e+00 1.214423000000000002e+03 1.396493999999999915e+03 1.129000000000000004e+00 3.594999999999999862e-01 2.735000000000000209e-01 9.054999999999999716e-01
1.700000000000000000e+01 3.537000000000000000e+03 -1.000000000000000000e+00 -1.000000000000000000e+00 -1.000000000000000000e+00 -1.000000000000000000e+00 -1.000000000000000000e+00 1.235153999999999996e+03 1.397289999999999964e+03 1.205999999999999961e+00 3.805000000000000049e-01 5.104999999999999538e-01 1.000000000000000000e+00
1.700000000000000000e+01 3.566000000000000000e+03 -1.000000000000000000e+00 -1.000000000000000000e+00 -1.000000000000000000e+00 -1.000000000000000000e+00 -1.000000000000000000e+00 1.246127999999999929e+03 1.371823000000000093e+03 1.193999999999999950e+00 2.119999999999999940e-01 3.805000000000000049e-01 7.840000000000000302e-01
1.700000000000000000e+01 3.561000000000000000e+03 -1.000000000000000000e+00 -1.000000000000000000e+00 -1.000000000000000000e+00 -1.000000000000000000e+00 -1.000000000000000000e+00 1.235289999999999964e+03 1.396333000000000084e+03 9.499999999999999556e-01 3.425000000000000266e-01 3.624999999999999889e-01 1.000000000000000000e+00
1.700000000000000000e+01 3.573000000000000000e+03 -1.000000000000000000e+00 -1.000000000000000000e+00 -1.000000000000000000e+00 -1.000000000000000000e+00 -1.000000000000000000e+00 1.213715999999999894e+03 1.396821999999999889e+03 1.145000000000000018e+00 3.594999999999999862e-01 2.735000000000000209e-01 9.054999999999999716e-01
1.800000000000000000e+01 3.537000000000000000e+03 -1.000000000000000000e+00 -1.000000000000000000e+00 -1.000000000000000000e+00 -1.000000000000000000e+00 -1.000000000000000000e+00 1.235171000000000049e+03 1.397296000000000049e+03 1.219000000000000083e+00 3.805000000000000049e-01 5.104999999999999538e-01 1.000000000000000000e+00
1.800000000000000000e+01 3.566000000000000000e+03 -1.000000000000000000e+00 -1.000000000000000000e+00 -1.000000000000000000e+00 -1.000000000000000000e+00 -1.000000000000000000e+00 1.245503999999999905e+03 1.372226000000000113e+03 1.193999999999999950e+00 2.119999999999999940e-01 3.805000000000000049e-01 7.840000000000000302e-01
1.800000000000000000e+01 3.561000000000000000e+03 -1.000000000000000000e+00 -1.000000000000000000e+00 -1.000000000000000000e+00 -1.000000000000000000e+00 -1.000000000000000000e+00 1.235323000000000093e+03 1.396337999999999965e+03 9.340000000000000524e-01 3.425000000000000266e-01 3.624999999999999889e-01 1.000000000000000000e+00
1.800000000000000000e+01 3.573000000000000000e+03 -1.000000000000000000e+00 -1.000000000000000000e+00 -1.000000000000000000e+00 -1.000000000000000000e+00 -1.000000000000000000e+00 1.213079999999999927e+03 1.397115999999999985e+03 1.159000000000000030e+00 3.594999999999999862e-01 2.735000000000000209e-01 9.054999999999999716e-01
1.900000000000000000e+01 3.537000000000000000e+03 -1.000000000000000000e+00 -1.000000000000000000e+00 -1.000000000000000000e+00 -1.000000000000000000e+00 -1.000000000000000000e+00 1.235190000000000055e+03 1.397303000000000111e+03 1.233999999999999986e+00 3.805000000000000049e-01 5.104999999999999538e-01 1.000000000000000000e+00
1.900000000000000000e+01 3.566000000000000000e+03 -1.000000000000000000e+00 -1.000000000000000000e+00 -1.000000000000000000e+00 -1.000000000000000000e+00 -1.000000000000000000e+00 1.244788000000000011e+03 1.372635999999999967e+03 1.193999999999999950e+00 2.119999999999999940e-01 3.805000000000000049e-01 7.840000000000000302e-01
1.900000000000000000e+01 3.561000000000000000e+03 -1.000000000000000000e+00 -1.000000000000000000e+00 -1.000000000000000000e+00 -1.000000000000000000e+00 -1.000000000000000000e+00 1.235411000000000058e+03 1.396334000000000060e+03 9.839999999999999858e-01 3.425000000000000266e-01 3.624999999999999889e-01 1.000000000000000000e+00
1.900000000000000000e+01 3.573000000000000000e+03 -1.000000000000000000e+00 -1.000000000000000000e+00 -1.000000000000000000e+00 -1.000000000000000000e+00 -1.000000000000000000e+00 1.212373000000000047e+03 1.397442999999999984e+03 1.175000000000000044e+00 3.594999999999999862e-01 2.735000000000000209e-01 9.054999999999999716e-01
2.000000000000000000e+01 3.537000000000000000e+03 -1.000000000000000000e+00 -1.000000000000000000e+00 -1.000000000000000000e+00 -1.000000000000000000e+00 -1.000000000000000000e+00 1.235211999999999989e+03 1.397309999999999945e+03 1.250999999999999890e+00 3.805000000000000049e-01 5.104999999999999538e-01 1.000000000000000000e+00
2.000000000000000000e+01 3.566000000000000000e+03 -1.000000000000000000e+00 -1.000000000000000000e+00 -1.000000000000000000e+00 -1.000000000000000000e+00 -1.000000000000000000e+00 1.243999000000000024e+03 1.373088999999999942e+03 1.193999999999999950e+00 2.119999999999999940e-01 3.805000000000000049e-01 7.840000000000000302e-01
2.000000000000000000e+01 3.561000000000000000e+03 -1.000000000000000000e+00 -1.000000000000000000e+00 -1.000000000000000000e+00 -1.000000000000000000e+00 -1.000000000000000000e+00 1.235508000000000038e+03 1.396330999999999904e+03 1.038999999999999924e+00 3.425000000000000266e-01 3.624999999999999889e-01 1.000000000000000000e+00
2.000000000000000000e+01 3.573000000000000000e+03 -1.000000000000000000e+00 -1.000000000000000000e+00 -1.000000000000000000e+00 -1.000000000000000000e+00 -1.000000000000000000e+00 1.211595000000000027e+03 1.397803000000000111e+03 1.191999999999999948e+00 3.594999999999999862e-01 2.735000000000000209e-01 9.054999999999999716e-01
2.100000000000000000e+01 3.537000000000000000e+03 -1.000000000000000000e+00 -1.000000000000000000e+00 -1.000000000000000000e+00 -1.000000000000000000e+00 -1.000000000000000000e+00 1.235229000000000042e+03 1.397316000000000031e+03 1.264999999999999902e+00 3.805000000000000049e-01 5.104999999999999538e-01 1.000000000000000000e+00
2.100000000000000000e+01 3.566000000000000000e+03 -1.000000000000000000e+00 -1.000000000000000000e+00 -1.000000000000000000e+00 -1.000000000000000000e+00 -1.000000000000000000e+00 1.243348999999999933e+03 1.373461000000000013e+03 1.193999999999999950e+00 2.119999999999999940e-01 3.805000000000000049e-01 7.840000000000000302e-01
2.100000000000000000e+01 3.561000000000000000e+03 -1.000000000000000000e+00 -1.000000000000000000e+00 -1.000000000000000000e+00 -1.000000000000000000e+00 -1.000000000000000000e+00 1.235586999999999989e+03 1.396326999999999998e+03 1.084000000000000075e+00 3.425000000000000266e-01 3.624999999999999889e-01 1.000000000000000000e+00
2.100000000000000000e+01 3.573000000000000000e+03 -1.000000000000000000e+00 -1.000000000000000000e+00 -1.000000000000000000e+00 -1.000000000000000000e+00 -1.000000000000000000e+00 1.210953999999999951e+03 1.398099999999999909e+03 1.205999999999999961e+00 3.594999999999999862e-01 2.735000000000000209e-01 9.054999999999999716e-01
2.200000000000000000e+01 3.537000000000000000e+03 -1.000000000000000000e+00 -1.000000000000000000e+00 -1.000000000000000000e+00 -1.000000000000000000e+00 -1.000000000000000000e+00 1.235250000000000000e+03 1.397323000000000093e+03 1.280999999999999917e+00 3.805000000000000049e-01 5.104999999999999538e-01 1.000000000000000000e+00
2.200000000000000000e+01 3.566000000000000000e+03 -1.000000000000000000e+00 -1.000000000000000000e+00 -1.000000000000000000e+00 -1.000000000000000000e+00 -1.000000000000000000e+00 1.242563000000000102e+03 1.373912000000000035e+03 1.193999999999999950e+00 2.119999999999999940e-01 3.805000000000000049e-01 7.840000000000000302e-01
2.200000000000000000e+01 3.561000000000000000e+03 -1.000000000000000000e+00 -1.000000000000000000e+00 -1.000000000000000000e+00 -1.000000000000000000e+00 -1.000000000000000000e+00 1.235683999999999969e+03 1.396324000000000069e+03 1.139000000000000012e+00 3.425000000000000266e-01 3.624999999999999889e-01 1.000000000000000000e+00
2.200000000000000000e+01 3.573000000000000000e+03 -1.000000000000000000e+00 -1.000000000000000000e+00 -1.000000000000000000e+00 -1.000000000000000000e+00 -1.000000000000000000e+00 1.210178000000000111e+03 1.398459000000000060e+03 1.223999999999999977e+00 3.594999999999999862e-01 2.735000000000000209e-01 9.054999999999999716e-01
2.300000000000000000e+01 3.537000000000000000e+03 -1.000000000000000000e+00 -1.000000000000000000e+00 -1.000000000000000000e+00 -1.000000000000000000e+00 -1.000000000000000000e+00 1.235269000000000005e+03 1.397328999999999951e+03 1.296000000000000041e+00 3.805000000000000049e-01 5.104999999999999538e-01 1.000000000000000000e+00
2.300000000000000000e+01 3.566000000000000000e+03 -1.000000000000000000e+00 -1.000000000000000000e+00 -1.000000000000000000e+00 -1.000000000000000000e+00 -1.000000000000000000e+00 1.241820999999999913e+03 1.374286000000000058e+03 1.193999999999999950e+00 2.119999999999999940e-01 3.805000000000000049e-01 7.840000000000000302e-01
2.300000000000000000e+01 3.561000000000000000e+03 -1.000000000000000000e+00 -1.000000000000000000e+00 -1.000000000000000000e+00 -1.000000000000000000e+00 -1.000000000000000000e+00 1.235771999999999935e+03 1.396319999999999936e+03 1.189000000000000057e+00 3.425000000000000266e-01 3.624999999999999889e-01 1.000000000000000000e+00
2.300000000000000000e+01 3.573000000000000000e+03 -1.000000000000000000e+00 -1.000000000000000000e+00 -1.000000000000000000e+00 -1.000000000000000000e+00 -1.000000000000000000e+00 1.209470000000000027e+03 1.398787000000000035e+03 1.239999999999999991e+00 3.594999999999999862e-01 2.735000000000000209e-01 9.054999999999999716e-01
2.400000000000000000e+01 3.537000000000000000e+03 -1.000000000000000000e+00 -1.000000000000000000e+00 -1.000000000000000000e+00 -1.000000000000000000e+00 -1.000000000000000000e+00 1.235286000000000058e+03 1.397335000000000036e+03 1.310000000000000053e+00 3.805000000000000049e-01 5.104999999999999538e-01 1.000000000000000000e+00
2.400000000000000000e+01 3.566000000000000000e+03 -1.000000000000000000e+00 -1.000000000000000000e+00 -1.000000000000000000e+00 -1.000000000000000000e+00 -1.000000000000000000e+00 1.241153999999999996e+03 1.374622000000000071e+03 1.193999999999999950e+00 2.119999999999999940e-01 3.805000000000000049e-01 7.840000000000000302e-01
2.400000000000000000e+01 3.561000000000000000e+03 -1.000000000000000000e+00 -1.000000000000000000e+00 -1.000000000000000000e+00 -1.000000000000000000e+00 -1.000000000000000000e+00 1.235851000000000113e+03 1.396317000000000007e+03 1.233999999999999986e+00 3.425000000000000266e-01 3.624999999999999889e-01 1.000000000000000000e+00
2.400000000000000000e+01 3.573000000000000000e+03 -1.000000000000000000e+00 -1.000000000000000000e+00 -1.000000000000000000e+00 -1.000000000000000000e+00 -1.000000000000000000e+00 1.208833000000000084e+03 1.399082000000000107e+03 1.254000000000000004e+00 3.594999999999999862e-01 2.735000000000000209e-01 9.054999999999999716e-01
2.500000000000000000e+01 3.537000000000000000e+03 -1.000000000000000000e+00 -1.000000000000000000e+00 -1.000000000000000000e+00 -1.000000000000000000e+00 -1.000000000000000000e+00 1.235306000000000040e+03 1.397342000000000098e+03 1.324999999999999956e+00 3.805000000000000049e-01 5.104999999999999538e-01 1.000000000000000000e+00
2.500000000000000000e+01 3.566000000000000000e+03 -1.000000000000000000e+00 -1.000000000000000000e+00 -1.000000000000000000e+00 -1.000000000000000000e+00 -1.000000000000000000e+00 1.240413000000000011e+03 1.374994999999999891e+03 1.193999999999999950e+00 2.119999999999999940e-01 3.805000000000000049e-01 7.840000000000000302e-01
2.500000000000000000e+01 3.561000000000000000e+03 -1.000000000000000000e+00 -1.000000000000000000e+00 -1.000000000000000000e+00 -1.000000000000000000e+00 -1.000000000000000000e+00 1.235939000000000078e+03 1.396314000000000078e+03 1.284000000000000030e+00 3.425000000000000266e-01 3.624999999999999889e-01 1.000000000000000000e+00
2.500000000000000000e+01 3.573000000000000000e+03 -1.000000000000000000e+00 -1.000000000000000000e+00 -1.000000000000000000e+00 -1.000000000000000000e+00 -1.000000000000000000e+00 1.208125999999999976e+03 1.399409000000000106e+03 1.268999999999999906e+00 3.594999999999999862e-01 2.735000000000000209e-01 9.054999999999999716e-01
2.600000000000000000e+01 3.537000000000000000e+03 -1.000000000000000000e+00 -1.000000000000000000e+00 -1.000000000000000000e+00 -1.000000000000000000e+00 -1.000000000000000000e+00 1.235325000000000045e+03 1.397347999999999956e+03 1.340000000000000080e+00 3.805000000000000049e-01 5.104999999999999538e-01 1.000000000000000000e+00
2.600000000000000000e+01 3.566000000000000000e+03 -1.000000000000000000e+00 -1.000000000000000000e+00 -1.000000000000000000e+00 -1.000000000000000000e+00 -1.000000000000000000e+00 1.239672000000000025e+03 1.375367999999999938e+03 1.193999999999999950e+00 2.119999999999999940e-01 3.805000000000000049e-01 7.840000000000000302e-01
2.600000000000000000e+01 3.561000000000000000e+03 -1.000000000000000000e+00 -1.000000000000000000e+00 -1.000000000000000000e+00 -1.000000000000000000e+00 -1.000000000000000000e+00 1.235939000000000078e+03 1.396314000000000078e+03 1.284000000000000030e+00 3.425000000000000266e-01 3.624999999999999889e-01 1.000000000000000000e+00
2.600000000000000000e+01 3.573000000000000000e+03 -1.000000000000000000e+00 -1.000000000000000000e+00 -1.000000000000000000e+00 -1.000000000000000000e+00 -1.000000000000000000e+00 1.207465999999999894e+03 1.399873000000000047e+03 1.284999999999999920e+00 3.594999999999999862e-01 2.735000000000000209e-01 9.054999999999999716e-01
2.700000000000000000e+01 3.537000000000000000e+03 -1.000000000000000000e+00 -1.000000000000000000e+00 -1.000000000000000000e+00 -1.000000000000000000e+00 -1.000000000000000000e+00 1.235344000000000051e+03 1.397355000000000018e+03 1.354999999999999982e+00 3.805000000000000049e-01 5.104999999999999538e-01 1.000000000000000000e+00
2.700000000000000000e+01 3.566000000000000000e+03 -1.000000000000000000e+00 -1.000000000000000000e+00 -1.000000000000000000e+00 -1.000000000000000000e+00 -1.000000000000000000e+00 1.238931000000000040e+03 1.375740999999999985e+03 1.193999999999999950e+00 2.119999999999999940e-01 3.805000000000000049e-01 7.840000000000000302e-01
2.700000000000000000e+01 3.561000000000000000e+03 -1.000000000000000000e+00 -1.000000000000000000e+00 -1.000000000000000000e+00 -1.000000000000000000e+00 -1.000000000000000000e+00 1.235939000000000078e+03 1.396314000000000078e+03 1.284000000000000030e+00 3.425000000000000266e-01 3.624999999999999889e-01 1.000000000000000000e+00
2.700000000000000000e+01 3.573000000000000000e+03 -1.000000000000000000e+00 -1.000000000000000000e+00 -1.000000000000000000e+00 -1.000000000000000000e+00 -1.000000000000000000e+00 1.206805000000000064e+03 1.400336000000000013e+03 1.300999999999999934e+00 3.594999999999999862e-01 2.735000000000000209e-01 9.054999999999999716e-01
2.800000000000000000e+01 3.537000000000000000e+03 -1.000000000000000000e+00 -1.000000000000000000e+00 -1.000000000000000000e+00 -1.000000000000000000e+00 -1.000000000000000000e+00 1.235363000000000056e+03 1.397361000000000104e+03 1.370000000000000107e+00 3.805000000000000049e-01 5.104999999999999538e-01 1.000000000000000000e+00
2.800000000000000000e+01 3.566000000000000000e+03 -1.000000000000000000e+00 -1.000000000000000000e+00 -1.000000000000000000e+00 -1.000000000000000000e+00 -1.000000000000000000e+00 1.238228000000000065e+03 1.376096000000000004e+03 1.193999999999999950e+00 2.119999999999999940e-01 3.805000000000000049e-01 7.840000000000000302e-01
2.800000000000000000e+01 3.561000000000000000e+03 -1.000000000000000000e+00 -1.000000000000000000e+00 -1.000000000000000000e+00 -1.000000000000000000e+00 -1.000000000000000000e+00 1.235939000000000078e+03 1.396314000000000078e+03 1.284000000000000030e+00 3.425000000000000266e-01 3.624999999999999889e-01 1.000000000000000000e+00
2.800000000000000000e+01 3.573000000000000000e+03 -1.000000000000000000e+00 -1.000000000000000000e+00 -1.000000000000000000e+00 -1.000000000000000000e+00 -1.000000000000000000e+00 1.206144000000000005e+03 1.400799999999999955e+03 1.316999999999999948e+00 3.594999999999999862e-01 2.735000000000000209e-01 9.054999999999999716e-01
2.900000000000000000e+01 3.537000000000000000e+03 -1.000000000000000000e+00 -1.000000000000000000e+00 -1.000000000000000000e+00 -1.000000000000000000e+00 -1.000000000000000000e+00 1.235382000000000062e+03 1.397367999999999938e+03 1.385000000000000009e+00 3.805000000000000049e-01 5.104999999999999538e-01 1.000000000000000000e+00
2.900000000000000000e+01 3.566000000000000000e+03 -1.000000000000000000e+00 -1.000000000000000000e+00 -1.000000000000000000e+00 -1.000000000000000000e+00 -1.000000000000000000e+00 1.237523999999999887e+03 1.376446999999999889e+03 1.193999999999999950e+00 2.119999999999999940e-01 3.805000000000000049e-01 7.840000000000000302e-01
2.900000000000000000e+01 3.561000000000000000e+03 -1.000000000000000000e+00 -1.000000000000000000e+00 -1.000000000000000000e+00 -1.000000000000000000e+00 -1.000000000000000000e+00 1.235939000000000078e+03 1.396314000000000078e+03 1.284000000000000030e+00 3.425000000000000266e-01 3.624999999999999889e-01 1.000000000000000000e+00
2.900000000000000000e+01 3.573000000000000000e+03 -1.000000000000000000e+00 -1.000000000000000000e+00 -1.000000000000000000e+00 -1.000000000000000000e+00 -1.000000000000000000e+00 1.205483999999999924e+03 1.401263999999999896e+03 1.332000000000000073e+00 3.594999999999999862e-01 2.735000000000000209e-01 9.054999999999999716e-01
3.000000000000000000e+01 3.537000000000000000e+03 -1.000000000000000000e+00 -1.000000000000000000e+00 -1.000000000000000000e+00 -1.000000000000000000e+00 -1.000000000000000000e+00 1.235402000000000044e+03 1.397374000000000024e+03 1.399999999999999911e+00 3.805000000000000049e-01 5.104999999999999538e-01 1.000000000000000000e+00
3.000000000000000000e+01 3.566000000000000000e+03 -1.000000000000000000e+00 -1.000000000000000000e+00 -1.000000000000000000e+00 -1.000000000000000000e+00 -1.000000000000000000e+00 1.236817999999999984e+03 1.376795000000000073e+03 1.193999999999999950e+00 2.119999999999999940e-01 3.805000000000000049e-01 7.840000000000000302e-01
3.000000000000000000e+01 3.561000000000000000e+03 -1.000000000000000000e+00 -1.000000000000000000e+00 -1.000000000000000000e+00 -1.000000000000000000e+00 -1.000000000000000000e+00 1.235939000000000078e+03 1.396314000000000078e+03 1.284000000000000030e+00 3.425000000000000266e-01 3.624999999999999889e-01 1.000000000000000000e+00
3.000000000000000000e+01 3.573000000000000000e+03 -1.000000000000000000e+00 -1.000000000000000000e+00 -1.000000000000000000e+00 -1.000000000000000000e+00 -1.000000000000000000e+00 1.204791999999999916e+03 1.401663000000000011e+03 1.348000000000000087e+00 3.594999999999999862e-01 2.735000000000000209e-01 9.054999999999999716e-01
3.100000000000000000e+01 3.537000000000000000e+03 -1.000000000000000000e+00 -1.000000000000000000e+00 -1.000000000000000000e+00 -1.000000000000000000e+00 -1.000000000000000000e+00 1.235402000000000044e+03 1.397374000000000024e+03 1.399999999999999911e+00 3.805000000000000049e-01 5.104999999999999538e-01 1.000000000000000000e+00
3.100000000000000000e+01 3.566000000000000000e+03 -1.000000000000000000e+00 -1.000000000000000000e+00 -1.000000000000000000e+00 -1.000000000000000000e+00 -1.000000000000000000e+00 1.236115000000000009e+03 1.377142000000000053e+03 1.193999999999999950e+00 2.119999999999999940e-01 3.805000000000000049e-01 7.840000000000000302e-01
3.100000000000000000e+01 3.561000000000000000e+03 -1.000000000000000000e+00 -1.000000000000000000e+00 -1.000000000000000000e+00 -1.000000000000000000e+00 -1.000000000000000000e+00 1.235939000000000078e+03 1.396314000000000078e+03 1.284000000000000030e+00 3.425000000000000266e-01 3.624999999999999889e-01 1.000000000000000000e+00
3.100000000000000000e+01 3.573000000000000000e+03 -1.000000000000000000e+00 -1.000000000000000000e+00 -1.000000000000000000e+00 -1.000000000000000000e+00 -1.000000000000000000e+00 1.204104000000000042e+03 1.402059999999999945e+03 1.364000000000000101e+00 3.594999999999999862e-01 2.735000000000000209e-01 9.054999999999999716e-01
3.200000000000000000e+01 3.537000000000000000e+03 -1.000000000000000000e+00 -1.000000000000000000e+00 -1.000000000000000000e+00 -1.000000000000000000e+00 -1.000000000000000000e+00 1.235402000000000044e+03 1.397374000000000024e+03 1.399999999999999911e+00 3.805000000000000049e-01 5.104999999999999538e-01 1.000000000000000000e+00
3.200000000000000000e+01 3.566000000000000000e+03 -1.000000000000000000e+00 -1.000000000000000000e+00 -1.000000000000000000e+00 -1.000000000000000000e+00 -1.000000000000000000e+00 1.235451999999999998e+03 1.377460000000000036e+03 1.193999999999999950e+00 2.119999999999999940e-01 3.805000000000000049e-01 7.840000000000000302e-01
3.200000000000000000e+01 3.561000000000000000e+03 -1.000000000000000000e+00 -1.000000000000000000e+00 -1.000000000000000000e+00 -1.000000000000000000e+00 -1.000000000000000000e+00 1.235939000000000078e+03 1.396314000000000078e+03 1.284000000000000030e+00 3.425000000000000266e-01 3.624999999999999889e-01 1.000000000000000000e+00
3.200000000000000000e+01 3.573000000000000000e+03 -1.000000000000000000e+00 -1.000000000000000000e+00 -1.000000000000000000e+00 -1.000000000000000000e+00 -1.000000000000000000e+00 1.203413000000000011e+03 1.402459000000000060e+03 1.379999999999999893e+00 3.594999999999999862e-01 2.735000000000000209e-01 9.054999999999999716e-01
3.300000000000000000e+01 3.537000000000000000e+03 -1.000000000000000000e+00 -1.000000000000000000e+00 -1.000000000000000000e+00 -1.000000000000000000e+00 -1.000000000000000000e+00 1.235402000000000044e+03 1.397374000000000024e+03 1.399999999999999911e+00 3.805000000000000049e-01 5.104999999999999538e-01 1.000000000000000000e+00
3.300000000000000000e+01 3.566000000000000000e+03 -1.000000000000000000e+00 -1.000000000000000000e+00 -1.000000000000000000e+00 -1.000000000000000000e+00 -1.000000000000000000e+00 1.234789999999999964e+03 1.377777000000000044e+03 1.193999999999999950e+00 2.119999999999999940e-01 3.805000000000000049e-01 7.840000000000000302e-01
3.300000000000000000e+01 3.561000000000000000e+03 -1.000000000000000000e+00 -1.000000000000000000e+00 -1.000000000000000000e+00 -1.000000000000000000e+00 -1.000000000000000000e+00 1.235939000000000078e+03 1.396314000000000078e+03 1.284000000000000030e+00 3.425000000000000266e-01 3.624999999999999889e-01 1.000000000000000000e+00
3.300000000000000000e+01 3.573000000000000000e+03 -1.000000000000000000e+00 -1.000000000000000000e+00 -1.000000000000000000e+00 -1.000000000000000000e+00 -1.000000000000000000e+00 1.202846000000000004e+03 1.402869999999999891e+03 1.395000000000000018e+00 3.594999999999999862e-01 2.735000000000000209e-01 9.054999999999999716e-01
3.400000000000000000e+01 3.537000000000000000e+03 -1.000000000000000000e+00 -1.000000000000000000e+00 -1.000000000000000000e+00 -1.000000000000000000e+00 -1.000000000000000000e+00 1.235402000000000044e+03 1.397374000000000024e+03 1.399999999999999911e+00 3.805000000000000049e-01 5.104999999999999538e-01 1.000000000000000000e+00
3.400000000000000000e+01 3.566000000000000000e+03 -1.000000000000000000e+00 -1.000000000000000000e+00 -1.000000000000000000e+00 -1.000000000000000000e+00 -1.000000000000000000e+00 1.234126999999999953e+03 1.378094000000000051e+03 1.193999999999999950e+00 2.119999999999999940e-01 3.805000000000000049e-01 7.840000000000000302e-01
3.400000000000000000e+01 3.561000000000000000e+03 -1.000000000000000000e+00 -1.000000000000000000e+00 -1.000000000000000000e+00 -1.000000000000000000e+00 -1.000000000000000000e+00 1.235939000000000078e+03 1.396314000000000078e+03 1.284000000000000030e+00 3.425000000000000266e-01 3.624999999999999889e-01 1.000000000000000000e+00
3.400000000000000000e+01 3.573000000000000000e+03 -1.000000000000000000e+00 -1.000000000000000000e+00 -1.000000000000000000e+00 -1.000000000000000000e+00 -1.000000000000000000e+00 1.202119999999999891e+03 1.403162000000000035e+03 1.411000000000000032e+00 3.594999999999999862e-01 2.735000000000000209e-01 9.054999999999999716e-01
3.500000000000000000e+01 3.537000000000000000e+03 -1.000000000000000000e+00 -1.000000000000000000e+00 -1.000000000000000000e+00 -1.000000000000000000e+00 -1.000000000000000000e+00 1.235402000000000044e+03 1.397374000000000024e+03 1.399999999999999911e+00 3.805000000000000049e-01 5.104999999999999538e-01 1.000000000000000000e+00
3.500000000000000000e+01 3.566000000000000000e+03 -1.000000000000000000e+00 -1.000000000000000000e+00 -1.000000000000000000e+00 -1.000000000000000000e+00 -1.000000000000000000e+00 1.233464999999999918e+03 1.378411000000000058e+03 1.193999999999999950e+00 2.119999999999999940e-01 3.805000000000000049e-01 7.840000000000000302e-01
3.500000000000000000e+01 3.579000000000000000e+03 -1.000000000000000000e+00 -1.000000000000000000e+00 -1.000000000000000000e+00 -1.000000000000000000e+00 -1.000000000000000000e+00 1.193750999999999976e+03 1.406615999999999985e+03 9.260000000000000453e-01 3.579999999999999849e-01 4.159999999999999809e-01 9.709999999999999742e-01
3.500000000000000000e+01 3.561000000000000000e+03 -1.000000000000000000e+00 -1.000000000000000000e+00 -1.000000000000000000e+00 -1.000000000000000000e+00 -1.000000000000000000e+00 1.235939000000000078e+03 1.396314000000000078e+03 1.284000000000000030e+00 3.425000000000000266e-01 3.624999999999999889e-01 1.000000000000000000e+00
3.500000000000000000e+01 3.573000000000000000e+03 -1.000000000000000000e+00 -1.000000000000000000e+00 -1.000000000000000000e+00 -1.000000000000000000e+00 -1.000000000000000000e+00 1.201484999999999900e+03 1.403584000000000060e+03 1.419000000000000039e+00 3.594999999999999862e-01 2.735000000000000209e-01 9.054999999999999716e-01
3.600000000000000000e+01 3.537000000000000000e+03 -1.000000000000000000e+00 -1.000000000000000000e+00 -1.000000000000000000e+00 -1.000000000000000000e+00 -1.000000000000000000e+00 1.235402000000000044e+03 1.397374000000000024e+03 1.399999999999999911e+00 3.805000000000000049e-01 5.104999999999999538e-01 1.000000000000000000e+00
3.600000000000000000e+01 3.566000000000000000e+03 -1.000000000000000000e+00 -1.000000000000000000e+00 -1.000000000000000000e+00 -1.000000000000000000e+00 -1.000000000000000000e+00 1.232737000000000080e+03 1.378759999999999991e+03 1.193999999999999950e+00 2.119999999999999940e-01 3.805000000000000049e-01 7.840000000000000302e-01
3.600000000000000000e+01 3.579000000000000000e+03 -1.000000000000000000e+00 -1.000000000000000000e+00 -1.000000000000000000e+00 -1.000000000000000000e+00 -1.000000000000000000e+00 1.193813000000000102e+03 1.407202999999999975e+03 9.260000000000000453e-01 3.579999999999999849e-01 4.159999999999999809e-01 9.709999999999999742e-01
3.600000000000000000e+01 3.561000000000000000e+03 -1.000000000000000000e+00 -1.000000000000000000e+00 -1.000000000000000000e+00 -1.000000000000000000e+00 -1.000000000000000000e+00 1.235939000000000078e+03 1.396314000000000078e+03 1.284000000000000030e+00 3.425000000000000266e-01 3.624999999999999889e-01 1.000000000000000000e+00
3.600000000000000000e+01 3.573000000000000000e+03 -1.000000000000000000e+00 -1.000000000000000000e+00 -1.000000000000000000e+00 -1.000000000000000000e+00 -1.000000000000000000e+00 1.200808999999999969e+03 1.404079999999999927e+03 1.427000000000000046e+00 3.594999999999999862e-01 2.735000000000000209e-01 9.054999999999999716e-01
3.700000000000000000e+01 3.537000000000000000e+03 -1.000000000000000000e+00 -1.000000000000000000e+00 -1.000000000000000000e+00 -1.000000000000000000e+00 -1.000000000000000000e+00 1.235402000000000044e+03 1.397374000000000024e+03 1.399999999999999911e+00 3.805000000000000049e-01 5.104999999999999538e-01 1.000000000000000000e+00
3.700000000000000000e+01 3.566000000000000000e+03 -1.000000000000000000e+00 -1.000000000000000000e+00 -1.000000000000000000e+00 -1.000000000000000000e+00 -1.000000000000000000e+00 1.231942999999999984e+03 1.379140000000000100e+03 1.193999999999999950e+00 2.119999999999999940e-01 3.805000000000000049e-01 7.840000000000000302e-01
3.700000000000000000e+01 3.579000000000000000e+03 -1.000000000000000000e+00 -1.000000000000000000e+00 -1.000000000000000000e+00 -1.000000000000000000e+00 -1.000000000000000000e+00 1.193881000000000085e+03 1.407843000000000075e+03 9.260000000000000453e-01 3.579999999999999849e-01 4.159999999999999809e-01 9.709999999999999742e-01
3.700000000000000000e+01 3.561000000000000000e+03 -1.000000000000000000e+00 -1.000000000000000000e+00 -1.000000000000000000e+00 -1.000000000000000000e+00 -1.000000000000000000e+00 1.235939000000000078e+03 1.396314000000000078e+03 1.284000000000000030e+00 3.425000000000000266e-01 3.624999999999999889e-01 1.000000000000000000e+00
3.700000000000000000e+01 3.573000000000000000e+03 -1.000000000000000000e+00 -1.000000000000000000e+00 -1.000000000000000000e+00 -1.000000000000000000e+00 -1.000000000000000000e+00 1.200057000000000016e+03 1.404601000000000113e+03 1.435999999999999943e+00 3.594999999999999862e-01 2.735000000000000209e-01 9.054999999999999716e-01
3.800000000000000000e+01 3.537000000000000000e+03 -1.000000000000000000e+00 -1.000000000000000000e+00 -1.000000000000000000e+00 -1.000000000000000000e+00 -1.000000000000000000e+00 1.235402000000000044e+03 1.397374000000000024e+03 1.399999999999999911e+00 3.805000000000000049e-01 5.104999999999999538e-01 1.000000000000000000e+00
3.800000000000000000e+01 3.566000000000000000e+03 -1.000000000000000000e+00 -1.000000000000000000e+00 -1.000000000000000000e+00 -1.000000000000000000e+00 -1.000000000000000000e+00 1.231317999999999984e+03 1.379424999999999955e+03 1.193999999999999950e+00 2.119999999999999940e-01 3.805000000000000049e-01 7.840000000000000302e-01
3.800000000000000000e+01 3.579000000000000000e+03 -1.000000000000000000e+00 -1.000000000000000000e+00 -1.000000000000000000e+00 -1.000000000000000000e+00 -1.000000000000000000e+00 1.193925999999999931e+03 1.408270999999999958e+03 9.260000000000000453e-01 3.579999999999999849e-01 4.159999999999999809e-01 9.709999999999999742e-01
3.800000000000000000e+01 3.561000000000000000e+03 -1.000000000000000000e+00 -1.000000000000000000e+00 -1.000000000000000000e+00 -1.000000000000000000e+00 -1.000000000000000000e+00 1.235939000000000078e+03 1.396314000000000078e+03 1.284000000000000030e+00 3.425000000000000266e-01 3.624999999999999889e-01 1.000000000000000000e+00
3.800000000000000000e+01 3.573000000000000000e+03 -1.000000000000000000e+00 -1.000000000000000000e+00 -1.000000000000000000e+00 -1.000000000000000000e+00 -1.000000000000000000e+00 1.199548000000000002e+03 1.404936999999999898e+03 1.441999999999999948e+00 3.594999999999999862e-01 2.735000000000000209e-01 9.054999999999999716e-01
3.900000000000000000e+01 3.537000000000000000e+03 -1.000000000000000000e+00 -1.000000000000000000e+00 -1.000000000000000000e+00 -1.000000000000000000e+00 -1.000000000000000000e+00 1.235402000000000044e+03 1.397374000000000024e+03 1.399999999999999911e+00 3.805000000000000049e-01 5.104999999999999538e-01 1.000000000000000000e+00
3.900000000000000000e+01 3.566000000000000000e+03 -1.000000000000000000e+00 -1.000000000000000000e+00 -1.000000000000000000e+00 -1.000000000000000000e+00 -1.000000000000000000e+00 1.230258000000000038e+03 1.379932999999999993e+03 1.193999999999999950e+00 2.119999999999999940e-01 3.805000000000000049e-01 7.840000000000000302e-01
3.900000000000000000e+01 3.579000000000000000e+03 -1.000000000000000000e+00 -1.000000000000000000e+00 -1.000000000000000000e+00 -1.000000000000000000e+00 -1.000000000000000000e+00 1.194066000000000031e+03 1.408951000000000022e+03 9.260000000000000453e-01 3.579999999999999849e-01 4.159999999999999809e-01 9.709999999999999742e-01
3.900000000000000000e+01 3.561000000000000000e+03 -1.000000000000000000e+00 -1.000000000000000000e+00 -1.000000000000000000e+00 -1.000000000000000000e+00 -1.000000000000000000e+00 1.235939000000000078e+03 1.396314000000000078e+03 1.284000000000000030e+00 3.425000000000000266e-01 3.624999999999999889e-01 1.000000000000000000e+00
3.900000000000000000e+01 3.573000000000000000e+03 -1.000000000000000000e+00 -1.000000000000000000e+00 -1.000000000000000000e+00 -1.000000000000000000e+00 -1.000000000000000000e+00 1.198896999999999935e+03 1.405336999999999989e+03 1.449999999999999956e+00 3.594999999999999862e-01 2.735000000000000209e-01 9.054999999999999716e-01
4.000000000000000000e+01 3.537000000000000000e+03 -1.000000000000000000e+00 -1.000000000000000000e+00 -1.000000000000000000e+00 -1.000000000000000000e+00 -1.000000000000000000e+00 1.235402000000000044e+03 1.397374000000000024e+03 1.399999999999999911e+00 3.805000000000000049e-01 5.104999999999999538e-01 1.000000000000000000e+00
4.000000000000000000e+01 3.566000000000000000e+03 -1.000000000000000000e+00 -1.000000000000000000e+00 -1.000000000000000000e+00 -1.000000000000000000e+00 -1.000000000000000000e+00 1.229614000000000033e+03 1.380213999999999942e+03 1.193999999999999950e+00 2.119999999999999940e-01 3.805000000000000049e-01 7.840000000000000302e-01
4.000000000000000000e+01 3.579000000000000000e+03 -1.000000000000000000e+00 -1.000000000000000000e+00 -1.000000000000000000e+00 -1.000000000000000000e+00 -1.000000000000000000e+00 1.194143000000000029e+03 1.409193999999999960e+03 9.260000000000000453e-01 3.579999999999999849e-01 4.159999999999999809e-01 9.709999999999999742e-01
4.000000000000000000e+01 3.561000000000000000e+03 -1.000000000000000000e+00 -1.000000000000000000e+00 -1.000000000000000000e+00 -1.000000000000000000e+00 -1.000000000000000000e+00 1.235939000000000078e+03 1.396314000000000078e+03 1.284000000000000030e+00 3.425000000000000266e-01 3.624999999999999889e-01 1.000000000000000000e+00
4.000000000000000000e+01 3.573000000000000000e+03 -1.000000000000000000e+00 -1.000000000000000000e+00 -1.000000000000000000e+00 -1.000000000000000000e+00 -1.000000000000000000e+00 1.198244999999999891e+03 1.405737000000000080e+03 1.457000000000000073e+00 3.594999999999999862e-01 2.735000000000000209e-01 9.054999999999999716e-01
