1.000000000000000000e+00 4.006000000000000000e+03 -1.000000000000000000e+00 -1.000000000000000000e+00 -1.000000000000000000e+00 -1.000000000000000000e+00 -1.000000000000000000e+00 1.991059999999999945e+03 1.046996000000000095e+03 2.126999999999999780e+00 1.472499999999999920e+00 6.685500000000000220e+00 1.978499999999999925e+00
1.000000000000000000e+00 4.011000000000000000e+03 -1.000000000000000000e+00 -1.000000000000000000e+00 -1.000000000000000000e+00 -1.000000000000000000e+00 -1.000000000000000000e+00 1.983035000000000082e+03 1.038685999999999922e+03 1.953000000000000069e+00 1.715000000000000080e+00 7.684999999999999609e+00 2.214500000000000135e+00
1.000000000000000000e+00 4.013000000000000000e+03 -1.000000000000000000e+00 -1.000000000000000000e+00 -1.000000000000000000e+00 -1.000000000000000000e+00 -1.000000000000000000e+00 1.991955999999999904e+03 1.127739000000000033e+03 2.133999999999999897e+00 1.673499999999999988e+00 3.830999999999999961e+00 1.669499999999999984e+00
1.000000000000000000e+00 4.019000000000000000e+03 -1.000000000000000000e+00 -1.000000000000000000e+00 -1.000000000000000000e+00 -1.000000000000000000e+00 -1.000000000000000000e+00 1.979928000000000111e+03 1.106834000000000060e+03 1.961999999999999966e+00 1.520000000000000018e+00 4.299999999999999822e+00 1.858500000000000041e+00
1.000000000000000000e+00 4.021000000000000000e+03 -1.000000000000000000e+00 -1.000000000000000000e+00 -1.000000000000000000e+00 -1.000000000000000000e+00 -1.000000000000000000e+00 1.988992999999999938e+03 1.043618999999999915e+03 1.983000000000000096e+00 1.520000000000000018e+00 6.726499999999999702e+00 2.115499999999999936e+00
1.000000000000000000e+00 4.025000000000000000e+03 -1.000000000000000000e+00 -1.000000000000000000e+00 -1.000000000000000000e+00 -1.000000000000000000e+00 -1.000000000000000000e+00 1.981560999999999922e+03 1.109567000000000007e+03 1.983999999999999986e+00 1.479000000000000092e+00 4.265500000000000291e+00 1.816000000000000059e+00
1.000000000000000000e+00 4.026000000000000000e+03 -1.000000000000000000e+00 -1.000000000000000000e+00 -1.000000000000000000e+00 -1.000000000000000000e+00 -1.000000000000000000e+00 1.986846000000000004e+03 1.040481999999999971e+03 2.075000000000000178e+00 1.440499999999999892e+00 6.512500000000000178e+00 2.129000000000000004e+00
2.000000000000000000e+00 4.006000000000000000e+03 -1.000000000000000000e+00 -1.000000000000000000e+00 -1.000000000000000000e+00 -1.000000000000000000e+00 -1.000000000000000000e+00 1.991115000000000009e+03 1.047082000000000107e+03 2.083000000000000185e+00 1.472499999999999920e+00 6.685500000000000220e+00 1.978499999999999925e+00
2.000000000000000000e+00 4.011000000000000000e+03 -1.000000000000000000e+00 -1.000000000000000000e+00 -1.000000000000000000e+00 -1.000000000000000000e+00 -1.000000000000000000e+00 1.983048000000000002e+03 1.038678000000000111e+03 1.955999999999999961e+00 1.715000000000000080e+00 7.684999999999999609e+00 2.214500000000000135e+00
2.000000000000000000e+00 4.019000000000000000e+03 -1.000000000000000000e+00 -1.000000000000000000e+00 -1.000000000000000000e+00 -1.000000000000000000e+00 -1.000000000000000000e+00 1.979928000000000111e+03 1.106834000000000060e+03 1.961999999999999966e+00 1.520000000000000018e+00 4.299999999999999822e+00 1.858500000000000041e+00
2.000000000000000000e+00 4.021000000000000000e+03 -1.000000000000000000e+00 -1.000000000000000000e+00 -1.000000000000000000e+00 -1.000000000000000000e+00 -1.000000000000000000e+00 1.988998000000000047e+03 1.043596999999999980e+03 1.975000000000000089e+00 1.520000000000000018e+00 6.726499999999999702e+00 2.115499999999999936e+00
2.000000000000000000e+00 4.025000000000000000e+03 -1.000000000000000000e+00 -1.000000000000000000e+00 -1.000000000000000000e+00 -1.000000000000000000e+00 -1.000000000000000000e+00 1.981580999999999904e+03 1.109555000000000064e+03 2.013999999999999790e+00 1.479000000000000092e+00 4.265500000000000291e+00 1.816000000000000059e+00
2.000000000000000000e+00 4.026000000000000000e+03 -1.000000000000000000e+00 -1.000000000000000000e+00 -1.000000000000000000e+00 -1.000000000000000000e+00 -1.000000000000000000e+00 1.986858999999999924e+03 1.040474999999999909e+03 2.057999999999999829e+00 1.440499999999999892e+00 6.512500000000000178e+00 2.129000000000000004e+00
3.000000000000000000e+00 4.006000000000000000e+03 -1.000000000000000000e+00 -1.000000000000000000e+00 -1.000000000000000000e+00 -1.000000000000000000e+00 -1.000000000000000000e+00 1.991170000000000073e+03 1.047167999999999893e+03 2.039000000000000146e+00 1.472499999999999920e+00 6.685500000000000220e+00 1.978499999999999925e+00
3.000000000000000000e+00 4.011000000000000000e+03 -1.000000000000000000e+00 -1.000000000000000000e+00 -1.000000000000000000e+00 -1.000000000000000000e+00 -1.000000000000000000e+00 1.983060999999999922e+03 1.038670000000000073e+03 1.959000000000000075e+00 1.715000000000000080e+00 7.684999999999999609e+00 2.214500000000000135e+00
3.000000000000000000e+00 4.019000000000000000e+03 -1.000000000000000000e+00 -1.000000000000000000e+00 -1.000000000000000000e+00 -1.000000000000000000e+00 -1.000000000000000000e+00 1.979928000000000111e+03 1.106834000000000060e+03 1.961999999999999966e+00 1.520000000000000018e+00 4.299999999999999822e+00 1.858500000000000041e+00
3.000000000000000000e+00 4.021000000000000000e+03 -1.000000000000000000e+00 -1.000000000000000000e+00 -1.000000000000000000e+00 -1.000000000000000000e+00 -1.000000000000000000e+00 1.989001999999999953e+03 1.043574000000000069e+03 1.967999999999999972e+00 1.520000000000000018e+00 6.726499999999999702e+00 2.115499999999999936e+00
3.000000000000000000e+00 4.025000000000000000e+03 -1.000000000000000000e+00 -1.000000000000000000e+00 -1.000000000000000000e+00 -1.000000000000000000e+00 -1.000000000000000000e+00 1.981601000000000113e+03 1.109542999999999893e+03 2.044000000000000039e+00 1.479000000000000092e+00 4.265500000000000291e+00 1.816000000000000059e+00
3.000000000000000000e+00 4.026000000000000000e+03 -1.000000000000000000e+00 -1.000000000000000000e+00 -1.000000000000000000e+00 -1.000000000000000000e+00 -1.000000000000000000e+00 1.986872000000000071e+03 1.040468000000000075e+03 2.040999999999999925e+00 1.440499999999999892e+00 6.512500000000000178e+00 2.129000000000000004e+00
4.000000000000000000e+00 4.006000000000000000e+03 -1.000000000000000000e+00 -1.000000000000000000e+00 -1.000000000000000000e+00 -1.000000000000000000e+00 -1.000000000000000000e+00 1.991138999999999896e+03 1.047078999999999951e+03 2.064000000000000057e+00 1.472499999999999920e+00 6.685500000000000220e+00 1.978499999999999925e+00
4.000000000000000000e+00 4.011000000000000000e+03 -1.000000000000000000e+00 -1.000000000000000000e+00 -1.000000000000000000e+00 -1.000000000000000000e+00 -1.000000000000000000e+00 1.983031999999999925e+03 1.038663000000000011e+03 1.959000000000000075e+00 1.715000000000000080e+00 7.684999999999999609e+00 2.214500000000000135e+00
4.000000000000000000e+00 4.019000000000000000e+03 -1.000000000000000000e+00 -1.000000000000000000e+00 -1.000000000000000000e+00 -1.000000000000000000e+00 -1.000000000000000000e+00 1.979928000000000111e+03 1.106834000000000060e+03 1.961999999999999966e+00 1.520000000000000018e+00 4.299999999999999822e+00 1.858500000000000041e+00
4.000000000000000000e+00 4.021000000000000000e+03 -1.000000000000000000e+00 -1.000000000000000000e+00 -1.000000000000000000e+00 -1.000000000000000000e+00 -1.000000000000000000e+00 1.989007000000000062e+03 1.043550999999999931e+03 1.959999999999999964e+00 1.520000000000000018e+00 6.726499999999999702e+00 2.115499999999999936e+00
4.000000000000000000e+00 4.025000000000000000e+03 -1.000000000000000000e+00 -1.000000000000000000e+00 -1.000000000000000000e+00 -1.000000000000000000e+00 -1.000000000000000000e+00 1.981622000000000071e+03 1.109530999999999949e+03 2.073999999999999844e+00 1.479000000000000092e+00 4.265500000000000291e+00 1.816000000000000059e+00
4.000000000000000000e+00 4.026000000000000000e+03 -1.000000000000000000e+00 -1.000000000000000000e+00 -1.000000000000000000e+00 -1.000000000000000000e+00 -1.000000000000000000e+00 1.986884999999999991e+03 1.040461000000000013e+03 2.024000000000000021e+00 1.440499999999999892e+00 6.512500000000000178e+00 2.129000000000000004e+00
5.000000000000000000e+00 4.006000000000000000e+03 -1.000000000000000000e+00 -1.000000000000000000e+00 -1.000000000000000000e+00 -1.000000000000000000e+00 -1.000000000000000000e+00 1.991107999999999947e+03 1.046990000000000009e+03 2.088999999999999968e+00 1.472499999999999920e+00 6.685500000000000220e+00 1.978499999999999925e+00
5.000000000000000000e+00 4.011000000000000000e+03 -1.000000000000000000e+00 -1.000000000000000000e+00 -1.000000000000000000e+00 -1.000000000000000000e+00 -1.000000000000000000e+00 1.983002999999999929e+03 1.038655999999999949e+03 1.959000000000000075e+00 1.715000000000000080e+00 7.684999999999999609e+00 2.214500000000000135e+00
5.000000000000000000e+00 4.019000000000000000e+03 -1.000000000000000000e+00 -1.000000000000000000e+00 -1.000000000000000000e+00 -1.000000000000000000e+00 -1.000000000000000000e+00 1.979928000000000111e+03 1.106834000000000060e+03 1.961999999999999966e+00 1.520000000000000018e+00 4.299999999999999822e+00 1.858500000000000041e+00
5.000000000000000000e+00 4.021000000000000000e+03 -1.000000000000000000e+00 -1.000000000000000000e+00 -1.000000000000000000e+00 -1.000000000000000000e+00 -1.000000000000000000e+00 1.989011999999999944e+03 1.043528999999999996e+03 1.953000000000000069e+00 1.520000000000000018e+00 6.726499999999999702e+00 2.115499999999999936e+00
5.000000000000000000e+00 4.025000000000000000e+03 -1.000000000000000000e+00 -1.000000000000000000e+00 -1.000000000000000000e+00 -1.000000000000000000e+00 -1.000000000000000000e+00 1.981642000000000053e+03 1.109519000000000005e+03 2.104000000000000092e+00 1.479000000000000092e+00 4.265500000000000291e+00 1.816000000000000059e+00
5.000000000000000000e+00 4.026000000000000000e+03 -1.000000000000000000e+00 -1.000000000000000000e+00 -1.000000000000000000e+00 -1.000000000000000000e+00 -1.000000000000000000e+00 1.986897999999999911e+03 1.040452999999999975e+03 2.008000000000000007e+00 1.440499999999999892e+00 6.512500000000000178e+00 2.129000000000000004e+00
6.000000000000000000e+00 4.006000000000000000e+03 -1.000000000000000000e+00 -1.000000000000000000e+00 -1.000000000000000000e+00 -1.000000000000000000e+00 -1.000000000000000000e+00 1.991076000000000022e+03 1.046901000000000067e+03 2.113999999999999879e+00 1.472499999999999920e+00 6.685500000000000220e+00 1.978499999999999925e+00
6.000000000000000000e+00 4.011000000000000000e+03 -1.000000000000000000e+00 -1.000000000000000000e+00 -1.000000000000000000e+00 -1.000000000000000000e+00 -1.000000000000000000e+00 1.982973999999999933e+03 1.038647999999999911e+03 1.959000000000000075e+00 1.715000000000000080e+00 7.684999999999999609e+00 2.214500000000000135e+00
6.000000000000000000e+00 4.019000000000000000e+03 -1.000000000000000000e+00 -1.000000000000000000e+00 -1.000000000000000000e+00 -1.000000000000000000e+00 -1.000000000000000000e+00 1.979928000000000111e+03 1.106834000000000060e+03 1.961999999999999966e+00 1.520000000000000018e+00 4.299999999999999822e+00 1.858500000000000041e+00
6.000000000000000000e+00 4.021000000000000000e+03 -1.000000000000000000e+00 -1.000000000000000000e+00 -1.000000000000000000e+00 -1.000000000000000000e+00 -1.000000000000000000e+00 1.989017000000000053e+03 1.043506000000000085e+03 1.945000000000000062e+00 1.520000000000000018e+00 6.726499999999999702e+00 2.115499999999999936e+00
6.000000000000000000e+00 4.025000000000000000e+03 -1.000000000000000000e+00 -1.000000000000000000e+00 -1.000000000000000000e+00 -1.000000000000000000e+00 -1.000000000000000000e+00 1.981662000000000035e+03 1.109507000000000062e+03 2.133999999999999897e+00 1.479000000000000092e+00 4.265500000000000291e+00 1.816000000000000059e+00
6.000000000000000000e+00 4.026000000000000000e+03 -1.000000000000000000e+00 -1.000000000000000000e+00 -1.000000000000000000e+00 -1.000000000000000000e+00 -1.000000000000000000e+00 1.986911000000000058e+03 1.040445999999999913e+03 1.991000000000000103e+00 1.440499999999999892e+00 6.512500000000000178e+00 2.129000000000000004e+00
7.000000000000000000e+00 4.006000000000000000e+03 -1.000000000000000000e+00 -1.000000000000000000e+00 -1.000000000000000000e+00 -1.000000000000000000e+00 -1.000000000000000000e+00 1.991045000000000073e+03 1.046811999999999898e+03 2.138999999999999790e+00 1.472499999999999920e+00 6.685500000000000220e+00 1.978499999999999925e+00
7.000000000000000000e+00 4.011000000000000000e+03 -1.000000000000000000e+00 -1.000000000000000000e+00 -1.000000000000000000e+00 -1.000000000000000000e+00 -1.000000000000000000e+00 1.982944999999999936e+03 1.038641000000000076e+03 1.959000000000000075e+00 1.715000000000000080e+00 7.684999999999999609e+00 2.214500000000000135e+00
7.000000000000000000e+00 4.021000000000000000e+03 -1.000000000000000000e+00 -1.000000000000000000e+00 -1.000000000000000000e+00 -1.000000000000000000e+00 -1.000000000000000000e+00 1.989116999999999962e+03 1.043676999999999907e+03 1.961000000000000076e+00 1.520000000000000018e+00 6.726499999999999702e+00 2.115499999999999936e+00
7.000000000000000000e+00 4.026000000000000000e+03 -1.000000000000000000e+00 -1.000000000000000000e+00 -1.000000000000000000e+00 -1.000000000000000000e+00 -1.000000000000000000e+00 1.986923999999999978e+03 1.040439000000000078e+03 1.973999999999999977e+00 1.440499999999999892e+00 6.512500000000000178e+00 2.129000000000000004e+00
8.000000000000000000e+00 4.006000000000000000e+03 -1.000000000000000000e+00 -1.000000000000000000e+00 -1.000000000000000000e+00 -1.000000000000000000e+00 -1.000000000000000000e+00 1.991061999999999898e+03 1.046896999999999935e+03 2.121999999999999886e+00 1.472499999999999920e+00 6.685500000000000220e+00 1.978499999999999925e+00
8.000000000000000000e+00 4.011000000000000000e+03 -1.000000000000000000e+00 -1.000000000000000000e+00 -1.000000000000000000e+00 -1.000000000000000000e+00 -1.000000000000000000e+00 1.982915999999999940e+03 1.038634000000000015e+03 1.959000000000000075e+00 1.715000000000000080e+00 7.684999999999999609e+00 2.214500000000000135e+00
8.000000000000000000e+00 4.021000000000000000e+03 -1.000000000000000000e+00 -1.000000000000000000e+00 -1.000000000000000000e+00 -1.000000000000000000e+00 -1.000000000000000000e+00 1.989107999999999947e+03 1.043667999999999893e+03 1.975999999999999979e+00 1.520000000000000018e+00 6.726499999999999702e+00 2.115499999999999936e+00
8.000000000000000000e+00 4.026000000000000000e+03 -1.000000000000000000e+00 -1.000000000000000000e+00 -1.000000000000000000e+00 -1.000000000000000000e+00 -1.000000000000000000e+00 1.986976000000000113e+03 1.040571999999999889e+03 1.973999999999999977e+00 1.440499999999999892e+00 6.512500000000000178e+00 2.129000000000000004e+00
9.000000000000000000e+00 4.006000000000000000e+03 -1.000000000000000000e+00 -1.000000000000000000e+00 -1.000000000000000000e+00 -1.000000000000000000e+00 -1.000000000000000000e+00 1.991076999999999998e+03 1.046972999999999956e+03 2.107000000000000206e+00 1.472499999999999920e+00 6.685500000000000220e+00 1.978499999999999925e+00
9.000000000000000000e+00 4.011000000000000000e+03 -1.000000000000000000e+00 -1.000000000000000000e+00 -1.000000000000000000e+00 -1.000000000000000000e+00 -1.000000000000000000e+00 1.982924999999999955e+03 1.038651000000000067e+03 1.967999999999999972e+00 1.715000000000000080e+00 7.684999999999999609e+00 2.214500000000000135e+00
9.000000000000000000e+00 4.021000000000000000e+03 -1.000000000000000000e+00 -1.000000000000000000e+00 -1.000000000000000000e+00 -1.000000000000000000e+00 -1.000000000000000000e+00 1.989099999999999909e+03 1.043659000000000106e+03 1.989999999999999991e+00 1.520000000000000018e+00 6.726499999999999702e+00 2.115499999999999936e+00
9.000000000000000000e+00 4.026000000000000000e+03 -1.000000000000000000e+00 -1.000000000000000000e+00 -1.000000000000000000e+00 -1.000000000000000000e+00 -1.000000000000000000e+00 1.987022999999999911e+03 1.040692000000000007e+03 1.973999999999999977e+00 1.440499999999999892e+00 6.512500000000000178e+00 2.129000000000000004e+00
1.000000000000000000e+01 4.006000000000000000e+03 -1.000000000000000000e+00 -1.000000000000000000e+00 -1.000000000000000000e+00 -1.000000000000000000e+00 -1.000000000000000000e+00 1.991096000000000004e+03 1.047067000000000007e+03 2.088999999999999968e+00 1.472499999999999920e+00 6.685500000000000220e+00 1.978499999999999925e+00
1.000000000000000000e+01 4.011000000000000000e+03 -1.000000000000000000e+00 -1.000000000000000000e+00 -1.000000000000000000e+00 -1.000000000000000000e+00 -1.000000000000000000e+00 1.982934999999999945e+03 1.038673000000000002e+03 1.979000000000000092e+00 1.715000000000000080e+00 7.684999999999999609e+00 2.214500000000000135e+00
1.000000000000000000e+01 4.021000000000000000e+03 -1.000000000000000000e+00 -1.000000000000000000e+00 -1.000000000000000000e+00 -1.000000000000000000e+00 -1.000000000000000000e+00 1.989089999999999918e+03 1.043648999999999887e+03 2.008000000000000007e+00 1.520000000000000018e+00 6.726499999999999702e+00 2.115499999999999936e+00
1.000000000000000000e+01 4.026000000000000000e+03 -1.000000000000000000e+00 -1.000000000000000000e+00 -1.000000000000000000e+00 -1.000000000000000000e+00 -1.000000000000000000e+00 1.986930000000000064e+03 1.040583000000000084e+03 1.973999999999999977e+00 1.440499999999999892e+00 6.512500000000000178e+00 2.129000000000000004e+00
1.100000000000000000e+01 4.006000000000000000e+03 -1.000000000000000000e+00 -1.000000000000000000e+00 -1.000000000000000000e+00 -1.000000000000000000e+00 -1.000000000000000000e+00 1.991067999999999984e+03 1.047008000000000038e+03 2.105999999999999872e+00 1.472499999999999920e+00 6.685500000000000220e+00 1.978499999999999925e+00
1.100000000000000000e+01 4.011000000000000000e+03 -1.000000000000000000e+00 -1.000000000000000000e+00 -1.000000000000000000e+00 -1.000000000000000000e+00 -1.000000000000000000e+00 1.982943999999999960e+03 1.038692000000000007e+03 1.989000000000000101e+00 1.715000000000000080e+00 7.684999999999999609e+00 2.214500000000000135e+00
1.100000000000000000e+01 4.021000000000000000e+03 -1.000000000000000000e+00 -1.000000000000000000e+00 -1.000000000000000000e+00 -1.000000000000000000e+00 -1.000000000000000000e+00 1.989080999999999904e+03 1.043638999999999896e+03 2.023000000000000131e+00 1.520000000000000018e+00 6.726499999999999702e+00 2.115499999999999936e+00
1.100000000000000000e+01 4.026000000000000000e+03 -1.000000000000000000e+00 -1.000000000000000000e+00 -1.000000000000000000e+00 -1.000000000000000000e+00 -1.000000000000000000e+00 1.986845000000000027e+03 1.040484999999999900e+03 1.973999999999999977e+00 1.440499999999999892e+00 6.512500000000000178e+00 2.129000000000000004e+00
1.200000000000000000e+01 4.006000000000000000e+03 -1.000000000000000000e+00 -1.000000000000000000e+00 -1.000000000000000000e+00 -1.000000000000000000e+00 -1.000000000000000000e+00 1.991041999999999916e+03 1.046954999999999927e+03 2.120999999999999996e+00 1.472499999999999920e+00 6.685500000000000220e+00 1.978499999999999925e+00
1.200000000000000000e+01 4.011000000000000000e+03 -1.000000000000000000e+00 -1.000000000000000000e+00 -1.000000000000000000e+00 -1.000000000000000000e+00 -1.000000000000000000e+00 1.982952999999999975e+03 1.038710000000000036e+03 1.999000000000000110e+00 1.715000000000000080e+00 7.684999999999999609e+00 2.214500000000000135e+00
1.200000000000000000e+01 4.021000000000000000e+03 -1.000000000000000000e+00 -1.000000000000000000e+00 -1.000000000000000000e+00 -1.000000000000000000e+00 -1.000000000000000000e+00 1.989073000000000093e+03 1.043630000000000109e+03 2.037999999999999812e+00 1.520000000000000018e+00 6.726499999999999702e+00 2.115499999999999936e+00
1.200000000000000000e+01 4.026000000000000000e+03 -1.000000000000000000e+00 -1.000000000000000000e+00 -1.000000000000000000e+00 -1.000000000000000000e+00 -1.000000000000000000e+00 1.986835000000000036e+03 1.040467000000000098e+03 1.973999999999999977e+00 1.440499999999999892e+00 6.512500000000000178e+00 2.129000000000000004e+00
1.300000000000000000e+01 4.006000000000000000e+03 -1.000000000000000000e+00 -1.000000000000000000e+00 -1.000000000000000000e+00 -1.000000000000000000e+00 -1.000000000000000000e+00 1.991013999999999896e+03 1.046895999999999958e+03 2.137000000000000011e+00 1.472499999999999920e+00 6.685500000000000220e+00 1.978499999999999925e+00
1.300000000000000000e+01 4.011000000000000000e+03 -1.000000000000000000e+00 -1.000000000000000000e+00 -1.000000000000000000e+00 -1.000000000000000000e+00 -1.000000000000000000e+00 1.982961999999999989e+03 1.038729000000000042e+03 2.008999999999999897e+00 1.715000000000000080e+00 7.684999999999999609e+00 2.214500000000000135e+00
1.300000000000000000e+01 4.021000000000000000e+03 -1.000000000000000000e+00 -1.000000000000000000e+00 -1.000000000000000000e+00 -1.000000000000000000e+00 -1.000000000000000000e+00 1.989064000000000078e+03 1.043621000000000095e+03 2.052999999999999936e+00 1.520000000000000018e+00 6.726499999999999702e+00 2.115499999999999936e+00
1.300000000000000000e+01 4.026000000000000000e+03 -1.000000000000000000e+00 -1.000000000000000000e+00 -1.000000000000000000e+00 -1.000000000000000000e+00 -1.000000000000000000e+00 1.986823000000000093e+03 1.040446999999999889e+03 1.973999999999999977e+00 1.440499999999999892e+00 6.512500000000000178e+00 2.129000000000000004e+00
1.400000000000000000e+01 4.006000000000000000e+03 -1.000000000000000000e+00 -1.000000000000000000e+00 -1.000000000000000000e+00 -1.000000000000000000e+00 -1.000000000000000000e+00 1.990983999999999924e+03 1.046905999999999949e+03 2.189000000000000057e+00 1.472499999999999920e+00 6.685500000000000220e+00 1.978499999999999925e+00
1.400000000000000000e+01 4.011000000000000000e+03 -1.000000000000000000e+00 -1.000000000000000000e+00 -1.000000000000000000e+00 -1.000000000000000000e+00 -1.000000000000000000e+00 1.982961999999999989e+03 1.038730999999999995e+03 2.008999999999999897e+00 1.715000000000000080e+00 7.684999999999999609e+00 2.214500000000000135e+00
1.400000000000000000e+01 4.021000000000000000e+03 -1.000000000000000000e+00 -1.000000000000000000e+00 -1.000000000000000000e+00 -1.000000000000000000e+00 -1.000000000000000000e+00 1.989055000000000064e+03 1.043611000000000104e+03 2.068999999999999950e+00 1.520000000000000018e+00 6.726499999999999702e+00 2.115499999999999936e+00
1.400000000000000000e+01 4.026000000000000000e+03 -1.000000000000000000e+00 -1.000000000000000000e+00 -1.000000000000000000e+00 -1.000000000000000000e+00 -1.000000000000000000e+00 1.986811999999999898e+03 1.040426999999999907e+03 1.973999999999999977e+00 1.440499999999999892e+00 6.512500000000000178e+00 2.129000000000000004e+00
1.500000000000000000e+01 4.006000000000000000e+03 -1.000000000000000000e+00 -1.000000000000000000e+00 -1.000000000000000000e+00 -1.000000000000000000e+00 -1.000000000000000000e+00 1.990954999999999927e+03 1.046915999999999940e+03 2.240000000000000213e+00 1.472499999999999920e+00 6.685500000000000220e+00 1.978499999999999925e+00
1.500000000000000000e+01 4.011000000000000000e+03 -1.000000000000000000e+00 -1.000000000000000000e+00 -1.000000000000000000e+00 -1.000000000000000000e+00 -1.000000000000000000e+00 1.982962999999999965e+03 1.038731999999999971e+03 2.008999999999999897e+00 1.715000000000000080e+00 7.684999999999999609e+00 2.214500000000000135e+00
1.500000000000000000e+01 4.021000000000000000e+03 -1.000000000000000000e+00 -1.000000000000000000e+00 -1.000000000000000000e+00 -1.000000000000000000e+00 -1.000000000000000000e+00 1.989009000000000015e+03 1.043638999999999896e+03 2.100999999999999979e+00 1.520000000000000018e+00 6.726499999999999702e+00 2.115499999999999936e+00
1.500000000000000000e+01 4.026000000000000000e+03 -1.000000000000000000e+00 -1.000000000000000000e+00 -1.000000000000000000e+00 -1.000000000000000000e+00 -1.000000000000000000e+00 1.986799999999999955e+03 1.040406999999999925e+03 1.973999999999999977e+00 1.440499999999999892e+00 6.512500000000000178e+00 2.129000000000000004e+00
1.600000000000000000e+01 4.006000000000000000e+03 -1.000000000000000000e+00 -1.000000000000000000e+00 -1.000000000000000000e+00 -1.000000000000000000e+00 -1.000000000000000000e+00 1.990924999999999955e+03 1.046925999999999931e+03 2.290999999999999925e+00 1.472499999999999920e+00 6.685500000000000220e+00 1.978499999999999925e+00
1.600000000000000000e+01 4.011000000000000000e+03 -1.000000000000000000e+00 -1.000000000000000000e+00 -1.000000000000000000e+00 -1.000000000000000000e+00 -1.000000000000000000e+00 1.982962999999999965e+03 1.038733999999999924e+03 2.008999999999999897e+00 1.715000000000000080e+00 7.684999999999999609e+00 2.214500000000000135e+00
1.600000000000000000e+01 4.021000000000000000e+03 -1.000000000000000000e+00 -1.000000000000000000e+00 -1.000000000000000000e+00 -1.000000000000000000e+00 -1.000000000000000000e+00 1.988962999999999965e+03 1.043667999999999893e+03 2.133000000000000007e+00 1.520000000000000018e+00 6.726499999999999702e+00 2.115499999999999936e+00
1.600000000000000000e+01 4.026000000000000000e+03 -1.000000000000000000e+00 -1.000000000000000000e+00 -1.000000000000000000e+00 -1.000000000000000000e+00 -1.000000000000000000e+00 1.986767000000000053e+03 1.040433999999999969e+03 1.987000000000000099e+00 1.440499999999999892e+00 6.512500000000000178e+00 2.129000000000000004e+00
1.700000000000000000e+01 4.006000000000000000e+03 -1.000000000000000000e+00 -1.000000000000000000e+00 -1.000000000000000000e+00 -1.000000000000000000e+00 -1.000000000000000000e+00 1.990954999999999927e+03 1.046971999999999980e+03 2.293000000000000149e+00 1.472499999999999920e+00 6.685500000000000220e+00 1.978499999999999925e+00
1.700000000000000000e+01 4.011000000000000000e+03 -1.000000000000000000e+00 -1.000000000000000000e+00 -1.000000000000000000e+00 -1.000000000000000000e+00 -1.000000000000000000e+00 1.982962999999999965e+03 1.038736000000000104e+03 2.008999999999999897e+00 1.715000000000000080e+00 7.684999999999999609e+00 2.214500000000000135e+00
1.700000000000000000e+01 4.021000000000000000e+03 -1.000000000000000000e+00 -1.000000000000000000e+00 -1.000000000000000000e+00 -1.000000000000000000e+00 -1.000000000000000000e+00 1.988912000000000035e+03 1.043699000000000069e+03 2.169000000000000039e+00 1.520000000000000018e+00 6.726499999999999702e+00 2.115499999999999936e+00
1.700000000000000000e+01 4.026000000000000000e+03 -1.000000000000000000e+00 -1.000000000000000000e+00 -1.000000000000000000e+00 -1.000000000000000000e+00 -1.000000000000000000e+00 1.986730000000000018e+03 1.040462999999999965e+03 2.000999999999999890e+00 1.440499999999999892e+00 6.512500000000000178e+00 2.129000000000000004e+00
1.800000000000000000e+01 4.006000000000000000e+03 -1.000000000000000000e+00 -1.000000000000000000e+00 -1.000000000000000000e+00 -1.000000000000000000e+00 -1.000000000000000000e+00 1.990981999999999971e+03 1.047013999999999896e+03 2.294999999999999929e+00 1.472499999999999920e+00 6.685500000000000220e+00 1.978499999999999925e+00
1.800000000000000000e+01 4.011000000000000000e+03 -1.000000000000000000e+00 -1.000000000000000000e+00 -1.000000000000000000e+00 -1.000000000000000000e+00 -1.000000000000000000e+00 1.982968000000000075e+03 1.038799999999999955e+03 2.008999999999999897e+00 1.715000000000000080e+00 7.684999999999999609e+00 2.214500000000000135e+00
1.800000000000000000e+01 4.021000000000000000e+03 -1.000000000000000000e+00 -1.000000000000000000e+00 -1.000000000000000000e+00 -1.000000000000000000e+00 -1.000000000000000000e+00 1.988955999999999904e+03 1.043743999999999915e+03 2.156000000000000139e+00 1.520000000000000018e+00 6.726499999999999702e+00 2.115499999999999936e+00
1.800000000000000000e+01 4.026000000000000000e+03 -1.000000000000000000e+00 -1.000000000000000000e+00 -1.000000000000000000e+00 -1.000000000000000000e+00 -1.000000000000000000e+00 1.986695999999999913e+03 1.040490000000000009e+03 2.013999999999999790e+00 1.440499999999999892e+00 6.512500000000000178e+00 2.129000000000000004e+00
1.900000000000000000e+01 4.006000000000000000e+03 -1.000000000000000000e+00 -1.000000000000000000e+00 -1.000000000000000000e+00 -1.000000000000000000e+00 -1.000000000000000000e+00 1.991009999999999991e+03 1.047056000000000040e+03 2.297000000000000153e+00 1.472499999999999920e+00 6.685500000000000220e+00 1.978499999999999925e+00
1.900000000000000000e+01 4.011000000000000000e+03 -1.000000000000000000e+00 -1.000000000000000000e+00 -1.000000000000000000e+00 -1.000000000000000000e+00 -1.000000000000000000e+00 1.982972999999999956e+03 1.038864000000000033e+03 2.008999999999999897e+00 1.715000000000000080e+00 7.684999999999999609e+00 2.214500000000000135e+00
1.900000000000000000e+01 4.021000000000000000e+03 -1.000000000000000000e+00 -1.000000000000000000e+00 -1.000000000000000000e+00 -1.000000000000000000e+00 -1.000000000000000000e+00 1.989000000000000000e+03 1.043788999999999987e+03 2.144000000000000128e+00 1.520000000000000018e+00 6.726499999999999702e+00 2.115499999999999936e+00
1.900000000000000000e+01 4.026000000000000000e+03 -1.000000000000000000e+00 -1.000000000000000000e+00 -1.000000000000000000e+00 -1.000000000000000000e+00 -1.000000000000000000e+00 1.986663000000000011e+03 1.040517000000000053e+03 2.025999999999999801e+00 1.440499999999999892e+00 6.512500000000000178e+00 2.129000000000000004e+00
2.000000000000000000e+01 4.006000000000000000e+03 -1.000000000000000000e+00 -1.000000000000000000e+00 -1.000000000000000000e+00 -1.000000000000000000e+00 -1.000000000000000000e+00 1.991037000000000035e+03 1.047097999999999956e+03 2.298999999999999932e+00 1.472499999999999920e+00 6.685500000000000220e+00 1.978499999999999925e+00
2.000000000000000000e+01 4.011000000000000000e+03 -1.000000000000000000e+00 -1.000000000000000000e+00 -1.000000000000000000e+00 -1.000000000000000000e+00 -1.000000000000000000e+00 1.982978000000000065e+03 1.038928000000000111e+03 2.008999999999999897e+00 1.715000000000000080e+00 7.684999999999999609e+00 2.214500000000000135e+00
2.000000000000000000e+01 4.021000000000000000e+03 -1.000000000000000000e+00 -1.000000000000000000e+00 -1.000000000000000000e+00 -1.000000000000000000e+00 -1.000000000000000000e+00 1.989044000000000096e+03 1.043834000000000060e+03 2.130999999999999783e+00 1.520000000000000018e+00 6.726499999999999702e+00 2.115499999999999936e+00
2.000000000000000000e+01 4.026000000000000000e+03 -1.000000000000000000e+00 -1.000000000000000000e+00 -1.000000000000000000e+00 -1.000000000000000000e+00 -1.000000000000000000e+00 1.986702999999999975e+03 1.040579999999999927e+03 2.052000000000000046e+00 1.440499999999999892e+00 6.512500000000000178e+00 2.129000000000000004e+00
2.100000000000000000e+01 4.006000000000000000e+03 -1.000000000000000000e+00 -1.000000000000000000e+00 -1.000000000000000000e+00 -1.000000000000000000e+00 -1.000000000000000000e+00 1.991065000000000055e+03 1.047140000000000100e+03 2.301000000000000156e+00 1.472499999999999920e+00 6.685500000000000220e+00 1.978499999999999925e+00
2.100000000000000000e+01 4.011000000000000000e+03 -1.000000000000000000e+00 -1.000000000000000000e+00 -1.000000000000000000e+00 -1.000000000000000000e+00 -1.000000000000000000e+00 1.982982999999999947e+03 1.038991999999999962e+03 2.008999999999999897e+00 1.715000000000000080e+00 7.684999999999999609e+00 2.214500000000000135e+00
2.100000000000000000e+01 4.021000000000000000e+03 -1.000000000000000000e+00 -1.000000000000000000e+00 -1.000000000000000000e+00 -1.000000000000000000e+00 -1.000000000000000000e+00 1.989087999999999965e+03 1.043878999999999905e+03 2.119000000000000217e+00 1.520000000000000018e+00 6.726499999999999702e+00 2.115499999999999936e+00
2.100000000000000000e+01 4.026000000000000000e+03 -1.000000000000000000e+00 -1.000000000000000000e+00 -1.000000000000000000e+00 -1.000000000000000000e+00 -1.000000000000000000e+00 1.986742999999999938e+03 1.040642000000000053e+03 2.076999999999999957e+00 1.440499999999999892e+00 6.512500000000000178e+00 2.129000000000000004e+00
2.200000000000000000e+01 4.006000000000000000e+03 -1.000000000000000000e+00 -1.000000000000000000e+00 -1.000000000000000000e+00 -1.000000000000000000e+00 -1.000000000000000000e+00 1.991092000000000098e+03 1.047182000000000016e+03 2.302999999999999936e+00 1.472499999999999920e+00 6.685500000000000220e+00 1.978499999999999925e+00
2.200000000000000000e+01 4.011000000000000000e+03 -1.000000000000000000e+00 -1.000000000000000000e+00 -1.000000000000000000e+00 -1.000000000000000000e+00 -1.000000000000000000e+00 1.982962999999999965e+03 1.038959000000000060e+03 2.125999999999999890e+00 1.715000000000000080e+00 7.684999999999999609e+00 2.214500000000000135e+00
2.200000000000000000e+01 4.021000000000000000e+03 -1.000000000000000000e+00 -1.000000000000000000e+00 -1.000000000000000000e+00 -1.000000000000000000e+00 -1.000000000000000000e+00 1.989032999999999902e+03 1.043849999999999909e+03 2.201999999999999957e+00 1.520000000000000018e+00 6.726499999999999702e+00 2.115499999999999936e+00
2.200000000000000000e+01 4.026000000000000000e+03 -1.000000000000000000e+00 -1.000000000000000000e+00 -1.000000000000000000e+00 -1.000000000000000000e+00 -1.000000000000000000e+00 1.986784000000000106e+03 1.040704999999999927e+03 2.101999999999999869e+00 1.440499999999999892e+00 6.512500000000000178e+00 2.129000000000000004e+00
2.300000000000000000e+01 4.006000000000000000e+03 -1.000000000000000000e+00 -1.000000000000000000e+00 -1.000000000000000000e+00 -1.000000000000000000e+00 -1.000000000000000000e+00 1.991039999999999964e+03 1.047090999999999894e+03 2.375999999999999890e+00 1.472499999999999920e+00 6.685500000000000220e+00 1.978499999999999925e+00
2.300000000000000000e+01 4.011000000000000000e+03 -1.000000000000000000e+00 -1.000000000000000000e+00 -1.000000000000000000e+00 -1.000000000000000000e+00 -1.000000000000000000e+00 1.982942999999999984e+03 1.038925999999999931e+03 2.241999999999999993e+00 1.715000000000000080e+00 7.684999999999999609e+00 2.214500000000000135e+00
2.300000000000000000e+01 4.021000000000000000e+03 -1.000000000000000000e+00 -1.000000000000000000e+00 -1.000000000000000000e+00 -1.000000000000000000e+00 -1.000000000000000000e+00 1.988977000000000089e+03 1.043820999999999913e+03 2.286000000000000032e+00 1.520000000000000018e+00 6.726499999999999702e+00 2.115499999999999936e+00
2.300000000000000000e+01 4.026000000000000000e+03 -1.000000000000000000e+00 -1.000000000000000000e+00 -1.000000000000000000e+00 -1.000000000000000000e+00 -1.000000000000000000e+00 1.986824000000000069e+03 1.040767000000000053e+03 2.128000000000000114e+00 1.440499999999999892e+00 6.512500000000000178e+00 2.129000000000000004e+00
2.400000000000000000e+01 4.006000000000000000e+03 -1.000000000000000000e+00 -1.000000000000000000e+00 -1.000000000000000000e+00 -1.000000000000000000e+00 -1.000000000000000000e+00 1.990987000000000080e+03 1.047000999999999976e+03 2.447999999999999954e+00 1.472499999999999920e+00 6.685500000000000220e+00 1.978499999999999925e+00
2.400000000000000000e+01 4.011000000000000000e+03 -1.000000000000000000e+00 -1.000000000000000000e+00 -1.000000000000000000e+00 -1.000000000000000000e+00 -1.000000000000000000e+00 1.982923000000000002e+03 1.038893000000000029e+03 2.358999999999999986e+00 1.715000000000000080e+00 7.684999999999999609e+00 2.214500000000000135e+00
2.400000000000000000e+01 4.021000000000000000e+03 -1.000000000000000000e+00 -1.000000000000000000e+00 -1.000000000000000000e+00 -1.000000000000000000e+00 -1.000000000000000000e+00 1.988921000000000049e+03 1.043792999999999893e+03 2.369000000000000217e+00 1.520000000000000018e+00 6.726499999999999702e+00 2.115499999999999936e+00
2.400000000000000000e+01 4.026000000000000000e+03 -1.000000000000000000e+00 -1.000000000000000000e+00 -1.000000000000000000e+00 -1.000000000000000000e+00 -1.000000000000000000e+00 1.986800999999999931e+03 1.040729000000000042e+03 1.977999999999999980e+00 1.440499999999999892e+00 6.512500000000000178e+00 2.129000000000000004e+00
2.500000000000000000e+01 4.006000000000000000e+03 -1.000000000000000000e+00 -1.000000000000000000e+00 -1.000000000000000000e+00 -1.000000000000000000e+00 -1.000000000000000000e+00 1.990934999999999945e+03 1.046910000000000082e+03 2.520999999999999908e+00 1.472499999999999920e+00 6.685500000000000220e+00 1.978499999999999925e+00
2.500000000000000000e+01 4.011000000000000000e+03 -1.000000000000000000e+00 -1.000000000000000000e+00 -1.000000000000000000e+00 -1.000000000000000000e+00 -1.000000000000000000e+00 1.982871000000000095e+03 1.038880000000000109e+03 2.369000000000000217e+00 1.715000000000000080e+00 7.684999999999999609e+00 2.214500000000000135e+00
2.500000000000000000e+01 4.021000000000000000e+03 -1.000000000000000000e+00 -1.000000000000000000e+00 -1.000000000000000000e+00 -1.000000000000000000e+00 -1.000000000000000000e+00 1.988887999999999920e+03 1.043661000000000058e+03 2.394000000000000128e+00 1.520000000000000018e+00 6.726499999999999702e+00 2.115499999999999936e+00
2.500000000000000000e+01 4.026000000000000000e+03 -1.000000000000000000e+00 -1.000000000000000000e+00 -1.000000000000000000e+00 -1.000000000000000000e+00 -1.000000000000000000e+00 1.986730999999999995e+03 1.040614000000000033e+03 2.327999999999999847e+00 1.440499999999999892e+00 6.512500000000000178e+00 2.129000000000000004e+00
2.600000000000000000e+01 4.006000000000000000e+03 -1.000000000000000000e+00 -1.000000000000000000e+00 -1.000000000000000000e+00 -1.000000000000000000e+00 -1.000000000000000000e+00 1.990883000000000038e+03 1.046819999999999936e+03 2.593999999999999861e+00 1.472499999999999920e+00 6.685500000000000220e+00 1.978499999999999925e+00
2.600000000000000000e+01 4.011000000000000000e+03 -1.000000000000000000e+00 -1.000000000000000000e+00 -1.000000000000000000e+00 -1.000000000000000000e+00 -1.000000000000000000e+00 1.982818999999999960e+03 1.038866999999999962e+03 2.378000000000000114e+00 1.715000000000000080e+00 7.684999999999999609e+00 2.214500000000000135e+00
2.600000000000000000e+01 4.021000000000000000e+03 -1.000000000000000000e+00 -1.000000000000000000e+00 -1.000000000000000000e+00 -1.000000000000000000e+00 -1.000000000000000000e+00 1.988855000000000018e+03 1.043528999999999996e+03 2.419000000000000039e+00 1.520000000000000018e+00 6.726499999999999702e+00 2.115499999999999936e+00
2.600000000000000000e+01 4.026000000000000000e+03 -1.000000000000000000e+00 -1.000000000000000000e+00 -1.000000000000000000e+00 -1.000000000000000000e+00 -1.000000000000000000e+00 1.986616025919623098e+03 1.040423209678215244e+03 2.682919987250239391e+00 1.440499999999999892e+00 6.512500000000000178e+00 2.129000000000000004e+00
2.700000000000000000e+01 4.006000000000000000e+03 -1.000000000000000000e+00 -1.000000000000000000e+00 -1.000000000000000000e+00 -1.000000000000000000e+00 -1.000000000000000000e+00 1.990945999999999913e+03 1.046748000000000047e+03 2.686999999999999833e+00 1.472499999999999920e+00 6.685500000000000220e+00 1.978499999999999925e+00
2.700000000000000000e+01 4.011000000000000000e+03 -1.000000000000000000e+00 -1.000000000000000000e+00 -1.000000000000000000e+00 -1.000000000000000000e+00 -1.000000000000000000e+00 1.982766000000000076e+03 1.038854000000000042e+03 2.387999999999999901e+00 1.715000000000000080e+00 7.684999999999999609e+00 2.214500000000000135e+00
2.700000000000000000e+01 4.021000000000000000e+03 -1.000000000000000000e+00 -1.000000000000000000e+00 -1.000000000000000000e+00 -1.000000000000000000e+00 -1.000000000000000000e+00 1.989057000000000016e+03 1.043510999999999967e+03 2.468999999999999861e+00 1.520000000000000018e+00 6.726499999999999702e+00 2.115499999999999936e+00
2.700000000000000000e+01 4.026000000000000000e+03 -1.000000000000000000e+00 -1.000000000000000000e+00 -1.000000000000000000e+00 -1.000000000000000000e+00 -1.000000000000000000e+00 1.986639050780989464e+03 1.040461417600337654e+03 2.611843241293220430e+00 1.440499999999999892e+00 6.512500000000001066e+00 2.129000000000000004e+00
2.800000000000000000e+01 4.006000000000000000e+03 -1.000000000000000000e+00 -1.000000000000000000e+00 -1.000000000000000000e+00 -1.000000000000000000e+00 -1.000000000000000000e+00 1.991009999999999991e+03 1.046675999999999931e+03 2.781000000000000139e+00 1.472499999999999920e+00 6.685500000000000220e+00 1.978499999999999925e+00
2.800000000000000000e+01 4.011000000000000000e+03 -1.000000000000000000e+00 -1.000000000000000000e+00 -1.000000000000000000e+00 -1.000000000000000000e+00 -1.000000000000000000e+00 1.982713999999999942e+03 1.038839999999999918e+03 2.398000000000000131e+00 1.715000000000000080e+00 7.684999999999999609e+00 2.214500000000000135e+00
2.800000000000000000e+01 4.021000000000000000e+03 -1.000000000000000000e+00 -1.000000000000000000e+00 -1.000000000000000000e+00 -1.000000000000000000e+00 -1.000000000000000000e+00 1.989084000000000060e+03 1.043548000000000002e+03 2.593999999999999861e+00 1.520000000000000018e+00 6.726499999999999702e+00 2.115499999999999936e+00
2.800000000000000000e+01 4.026000000000000000e+03 -1.000000000000000000e+00 -1.000000000000000000e+00 -1.000000000000000000e+00 -1.000000000000000000e+00 -1.000000000000000000e+00 1.986662051532505302e+03 1.040499585514084856e+03 2.540840921396926078e+00 1.440500000000000114e+00 6.512500000000001066e+00 2.129000000000000448e+00
2.900000000000000000e+01 4.006000000000000000e+03 -1.000000000000000000e+00 -1.000000000000000000e+00 -1.000000000000000000e+00 -1.000000000000000000e+00 -1.000000000000000000e+00 1.991073000000000093e+03 1.046604000000000042e+03 2.874000000000000110e+00 1.472499999999999920e+00 6.685500000000000220e+00 1.978499999999999925e+00
2.900000000000000000e+01 4.011000000000000000e+03 -1.000000000000000000e+00 -1.000000000000000000e+00 -1.000000000000000000e+00 -1.000000000000000000e+00 -1.000000000000000000e+00 1.982661000000000058e+03 1.038826999999999998e+03 2.407000000000000028e+00 1.715000000000000080e+00 7.684999999999999609e+00 2.214500000000000135e+00
2.900000000000000000e+01 4.021000000000000000e+03 -1.000000000000000000e+00 -1.000000000000000000e+00 -1.000000000000000000e+00 -1.000000000000000000e+00 -1.000000000000000000e+00 1.989111000000000104e+03 1.043585000000000036e+03 2.718999999999999861e+00 1.520000000000000018e+00 6.726499999999999702e+00 2.115499999999999936e+00
2.900000000000000000e+01 4.026000000000000000e+03 -1.000000000000000000e+00 -1.000000000000000000e+00 -1.000000000000000000e+00 -1.000000000000000000e+00 -1.000000000000000000e+00 1.986685051271775365e+03 1.040537751748090841e+03 2.469841726258905190e+00 1.440499999999999892e+00 6.512500000000000178e+00 2.129000000000000004e+00
3.000000000000000000e+01 4.006000000000000000e+03 -1.000000000000000000e+00 -1.000000000000000000e+00 -1.000000000000000000e+00 -1.000000000000000000e+00 -1.000000000000000000e+00 1.991030999999999949e+03 1.046656999999999925e+03 2.951000000000000068e+00 1.472499999999999920e+00 6.685500000000000220e+00 1.978499999999999925e+00
3.000000000000000000e+01 4.011000000000000000e+03 -1.000000000000000000e+00 -1.000000000000000000e+00 -1.000000000000000000e+00 -1.000000000000000000e+00 -1.000000000000000000e+00 1.982608999999999924e+03 1.038814000000000078e+03 2.416999999999999815e+00 1.715000000000000080e+00 7.684999999999999609e+00 2.214500000000000135e+00
3.000000000000000000e+01 4.021000000000000000e+03 -1.000000000000000000e+00 -1.000000000000000000e+00 -1.000000000000000000e+00 -1.000000000000000000e+00 -1.000000000000000000e+00 1.989074000000000069e+03 1.043605999999999995e+03 2.744000000000000217e+00 1.520000000000000018e+00 6.726499999999999702e+00 2.115499999999999936e+00
3.000000000000000000e+01 4.026000000000000000e+03 -1.000000000000000000e+00 -1.000000000000000000e+00 -1.000000000000000000e+00 -1.000000000000000000e+00 -1.000000000000000000e+00 1.986708051011045427e+03 1.040575917982097053e+03 2.398842531120885191e+00 1.440499999999999892e+00 6.512500000000001066e+00 2.129000000000000004e+00
3.100000000000000000e+01 4.006000000000000000e+03 -1.000000000000000000e+00 -1.000000000000000000e+00 -1.000000000000000000e+00 -1.000000000000000000e+00 -1.000000000000000000e+00 1.990989000000000033e+03 1.046710000000000036e+03 3.028000000000000025e+00 1.472499999999999920e+00 6.685500000000000220e+00 1.978499999999999925e+00
3.100000000000000000e+01 4.011000000000000000e+03 -1.000000000000000000e+00 -1.000000000000000000e+00 -1.000000000000000000e+00 -1.000000000000000000e+00 -1.000000000000000000e+00 1.982557000000000016e+03 1.038799999999999955e+03 2.427000000000000046e+00 1.715000000000000080e+00 7.684999999999999609e+00 2.214500000000000135e+00
3.100000000000000000e+01 4.021000000000000000e+03 -1.000000000000000000e+00 -1.000000000000000000e+00 -1.000000000000000000e+00 -1.000000000000000000e+00 -1.000000000000000000e+00 1.989038000000000011e+03 1.043626999999999953e+03 2.769000000000000128e+00 1.520000000000000018e+00 6.726499999999999702e+00 2.115499999999999936e+00
3.100000000000000000e+01 4.026000000000000000e+03 -1.000000000000000000e+00 -1.000000000000000000e+00 -1.000000000000000000e+00 -1.000000000000000000e+00 -1.000000000000000000e+00 1.986593000000000075e+03 1.040384999999999991e+03 2.754000000000000004e+00 1.440499999999999892e+00 6.512500000000000178e+00 2.129000000000000004e+00
3.200000000000000000e+01 4.006000000000000000e+03 -1.000000000000000000e+00 -1.000000000000000000e+00 -1.000000000000000000e+00 -1.000000000000000000e+00 -1.000000000000000000e+00 1.990948000000000093e+03 1.046763999999999896e+03 3.104000000000000092e+00 1.472499999999999920e+00 6.685500000000000220e+00 1.978499999999999925e+00
3.200000000000000000e+01 4.011000000000000000e+03 -1.000000000000000000e+00 -1.000000000000000000e+00 -1.000000000000000000e+00 -1.000000000000000000e+00 -1.000000000000000000e+00 1.982505000000000109e+03 1.038787000000000035e+03 2.436999999999999833e+00 1.715000000000000080e+00 7.684999999999999609e+00 2.214500000000000135e+00
3.200000000000000000e+01 4.021000000000000000e+03 -1.000000000000000000e+00 -1.000000000000000000e+00 -1.000000000000000000e+00 -1.000000000000000000e+00 -1.000000000000000000e+00 1.989001999999999953e+03 1.043647999999999911e+03 2.794000000000000039e+00 1.520000000000000018e+00 6.726499999999999702e+00 2.115499999999999936e+00
3.200000000000000000e+01 4.026000000000000000e+03 -1.000000000000000000e+00 -1.000000000000000000e+00 -1.000000000000000000e+00 -1.000000000000000000e+00 -1.000000000000000000e+00 1.986569999999999936e+03 1.040346000000000004e+03 2.825000000000000178e+00 1.440499999999999892e+00 6.512500000000000178e+00 2.129000000000000004e+00
3.300000000000000000e+01 4.011000000000000000e+03 -1.000000000000000000e+00 -1.000000000000000000e+00 -1.000000000000000000e+00 -1.000000000000000000e+00 -1.000000000000000000e+00 1.982451999999999998e+03 1.038773999999999887e+03 2.446000000000000174e+00 1.715000000000000080e+00 7.684999999999999609e+00 2.214500000000000135e+00
3.300000000000000000e+01 4.021000000000000000e+03 -1.000000000000000000e+00 -1.000000000000000000e+00 -1.000000000000000000e+00 -1.000000000000000000e+00 -1.000000000000000000e+00 1.988964999999999918e+03 1.043669000000000096e+03 2.818999999999999950e+00 1.520000000000000018e+00 6.726499999999999702e+00 2.115499999999999936e+00
3.300000000000000000e+01 4.026000000000000000e+03 -1.000000000000000000e+00 -1.000000000000000000e+00 -1.000000000000000000e+00 -1.000000000000000000e+00 -1.000000000000000000e+00 1.986615999999999985e+03 1.040423000000000002e+03 2.825000000000000178e+00 1.440499999999999892e+00 6.512500000000000178e+00 2.129000000000000004e+00
3.400000000000000000e+01 4.011000000000000000e+03 -1.000000000000000000e+00 -1.000000000000000000e+00 -1.000000000000000000e+00 -1.000000000000000000e+00 -1.000000000000000000e+00 1.982400000000000091e+03 1.038760999999999967e+03 2.455999999999999961e+00 1.715000000000000080e+00 7.684999999999999609e+00 2.214500000000000135e+00
