1.700000000000000000e+01 5.560000000000000000e+03 -1.000000000000000000e+00 -1.000000000000000000e+00 -1.000000000000000000e+00 -1.000000000000000000e+00 -1.000000000000000000e+00 1.270377999999999929e+03 1.348910000000000082e+03 3.119999999999999996e-01 3.900000000000000133e-01 4.879999999999999893e-01 8.970000000000000195e-01
1.800000000000000000e+01 5.561000000000000000e+03 -1.000000000000000000e+00 -1.000000000000000000e+00 -1.000000000000000000e+00 -1.000000000000000000e+00 -1.000000000000000000e+00 1.271298000000000002e+03 1.347586999999999989e+03 6.059999999999999831e-01 4.084999999999999742e-01 4.319999999999999951e-01 8.954999999999999627e-01
1.800000000000000000e+01 5.560000000000000000e+03 -1.000000000000000000e+00 -1.000000000000000000e+00 -1.000000000000000000e+00 -1.000000000000000000e+00 -1.000000000000000000e+00 1.270053000000000111e+03 1.349574000000000069e+03 6.189999999999999947e-01 3.900000000000000133e-01 4.879999999999999893e-01 8.970000000000000195e-01
1.900000000000000000e+01 5.561000000000000000e+03 -1.000000000000000000e+00 -1.000000000000000000e+00 -1.000000000000000000e+00 -1.000000000000000000e+00 -1.000000000000000000e+00 1.271056000000000040e+03 1.348148999999999887e+03 8.830000000000000071e-01 4.084999999999999742e-01 4.319999999999999951e-01 8.954999999999999627e-01
1.900000000000000000e+01 5.560000000000000000e+03 -1.000000000000000000e+00 -1.000000000000000000e+00 -1.000000000000000000e+00 -1.000000000000000000e+00 -1.000000000000000000e+00 1.269829999999999927e+03 1.350119999999999891e+03 8.639999999999999902e-01 3.900000000000000133e-01 4.879999999999999893e-01 8.970000000000000195e-01
2.000000000000000000e+01 5.561000000000000000e+03 -1.000000000000000000e+00 -1.000000000000000000e+00 -1.000000000000000000e+00 -1.000000000000000000e+00 -1.000000000000000000e+00 1.270721999999999980e+03 1.348837999999999965e+03 1.229999999999999982e+00 4.084999999999999742e-01 4.319999999999999951e-01 8.954999999999999627e-01
2.000000000000000000e+01 5.560000000000000000e+03 -1.000000000000000000e+00 -1.000000000000000000e+00 -1.000000000000000000e+00 -1.000000000000000000e+00 -1.000000000000000000e+00 1.269596999999999980e+03 1.350821999999999889e+03 1.171999999999999931e+00 3.900000000000000133e-01 4.879999999999999893e-01 8.970000000000000195e-01
2.100000000000000000e+01 5.561000000000000000e+03 -1.000000000000000000e+00 -1.000000000000000000e+00 -1.000000000000000000e+00 -1.000000000000000000e+00 -1.000000000000000000e+00 1.270354000000000042e+03 1.349509000000000015e+03 1.576999999999999957e+00 4.084999999999999742e-01 4.319999999999999951e-01 8.954999999999999627e-01
2.100000000000000000e+01 5.560000000000000000e+03 -1.000000000000000000e+00 -1.000000000000000000e+00 -1.000000000000000000e+00 -1.000000000000000000e+00 -1.000000000000000000e+00 1.269452999999999975e+03 1.351470000000000027e+03 1.461000000000000076e+00 3.900000000000000133e-01 4.879999999999999893e-01 8.970000000000000195e-01
2.200000000000000000e+01 5.561000000000000000e+03 -1.000000000000000000e+00 -1.000000000000000000e+00 -1.000000000000000000e+00 -1.000000000000000000e+00 -1.000000000000000000e+00 1.270031999999999925e+03 1.350015000000000100e+03 1.745000000000000107e+00 4.084999999999999742e-01 4.319999999999999951e-01 8.954999999999999627e-01
2.200000000000000000e+01 5.560000000000000000e+03 -1.000000000000000000e+00 -1.000000000000000000e+00 -1.000000000000000000e+00 -1.000000000000000000e+00 -1.000000000000000000e+00 1.269355999999999995e+03 1.351904999999999973e+03 1.598000000000000087e+00 3.900000000000000133e-01 4.879999999999999893e-01 8.970000000000000195e-01
2.300000000000000000e+01 5.561000000000000000e+03 -1.000000000000000000e+00 -1.000000000000000000e+00 -1.000000000000000000e+00 -1.000000000000000000e+00 -1.000000000000000000e+00 1.269769000000000005e+03 1.350486000000000104e+03 1.895999999999999908e+00 4.084999999999999742e-01 4.319999999999999951e-01 8.954999999999999627e-01
2.300000000000000000e+01 5.560000000000000000e+03 -1.000000000000000000e+00 -1.000000000000000000e+00 -1.000000000000000000e+00 -1.000000000000000000e+00 -1.000000000000000000e+00 1.269201000000000022e+03 1.352595000000000027e+03 1.719999999999999973e+00 3.900000000000000133e-01 4.879999999999999893e-01 8.970000000000000195e-01
2.400000000000000000e+01 5.561000000000000000e+03 -1.000000000000000000e+00 -1.000000000000000000e+00 -1.000000000000000000e+00 -1.000000000000000000e+00 -1.000000000000000000e+00 1.269507000000000062e+03 1.351026000000000067e+03 1.987999999999999989e+00 4.084999999999999742e-01 4.319999999999999951e-01 8.954999999999999627e-01
2.400000000000000000e+01 5.560000000000000000e+03 -1.000000000000000000e+00 -1.000000000000000000e+00 -1.000000000000000000e+00 -1.000000000000000000e+00 -1.000000000000000000e+00 1.269035000000000082e+03 1.353477000000000089e+03 1.754000000000000004e+00 3.900000000000000133e-01 4.879999999999999893e-01 8.970000000000000195e-01
2.500000000000000000e+01 5.561000000000000000e+03 -1.000000000000000000e+00 -1.000000000000000000e+00 -1.000000000000000000e+00 -1.000000000000000000e+00 -1.000000000000000000e+00 1.269226000000000113e+03 1.351721000000000004e+03 1.635000000000000009e+00 4.084999999999999742e-01 4.319999999999999951e-01 8.954999999999999627e-01
2.500000000000000000e+01 5.560000000000000000e+03 -1.000000000000000000e+00 -1.000000000000000000e+00 -1.000000000000000000e+00 -1.000000000000000000e+00 -1.000000000000000000e+00 1.269054000000000087e+03 1.354057000000000016e+03 1.512999999999999901e+00 3.900000000000000133e-01 4.879999999999999893e-01 8.970000000000000195e-01
2.600000000000000000e+01 5.562000000000000000e+03 -1.000000000000000000e+00 -1.000000000000000000e+00 -1.000000000000000000e+00 -1.000000000000000000e+00 -1.000000000000000000e+00 1.277569999999999936e+03 1.369909000000000106e+03 2.595000000000000195e+00 3.215000000000000080e-01 4.209999999999999853e-01 9.585000000000000187e-01
2.600000000000000000e+01 5.563000000000000000e+03 -1.000000000000000000e+00 -1.000000000000000000e+00 -1.000000000000000000e+00 -1.000000000000000000e+00 -1.000000000000000000e+00 1.275885999999999967e+03 1.369626999999999953e+03 2.474000000000000199e+00 3.280000000000000138e-01 4.164999999999999813e-01 9.565000000000000169e-01
2.600000000000000000e+01 5.561000000000000000e+03 -1.000000000000000000e+00 -1.000000000000000000e+00 -1.000000000000000000e+00 -1.000000000000000000e+00 -1.000000000000000000e+00 1.269075000000000045e+03 1.352454999999999927e+03 1.580999999999999961e+00 4.084999999999999742e-01 4.319999999999999951e-01 8.954999999999999627e-01
2.600000000000000000e+01 5.560000000000000000e+03 -1.000000000000000000e+00 -1.000000000000000000e+00 -1.000000000000000000e+00 -1.000000000000000000e+00 -1.000000000000000000e+00 1.269144000000000005e+03 1.354761999999999944e+03 1.556000000000000050e+00 3.900000000000000133e-01 4.879999999999999893e-01 8.970000000000000195e-01
2.700000000000000000e+01 5.565000000000000000e+03 -1.000000000000000000e+00 -1.000000000000000000e+00 -1.000000000000000000e+00 -1.000000000000000000e+00 -1.000000000000000000e+00 1.277363000000000056e+03 1.371373000000000047e+03 2.418000000000000149e+00 3.415000000000000258e-01 3.995000000000000218e-01 9.519999999999999574e-01
2.700000000000000000e+01 5.562000000000000000e+03 -1.000000000000000000e+00 -1.000000000000000000e+00 -1.000000000000000000e+00 -1.000000000000000000e+00 -1.000000000000000000e+00 1.277537000000000035e+03 1.369932999999999993e+03 2.560999999999999943e+00 3.215000000000000080e-01 4.209999999999999853e-01 9.585000000000000187e-01
2.700000000000000000e+01 5.563000000000000000e+03 -1.000000000000000000e+00 -1.000000000000000000e+00 -1.000000000000000000e+00 -1.000000000000000000e+00 -1.000000000000000000e+00 1.275885999999999967e+03 1.369626999999999953e+03 2.423999999999999932e+00 3.280000000000000138e-01 4.164999999999999813e-01 9.565000000000000169e-01
2.700000000000000000e+01 5.561000000000000000e+03 -1.000000000000000000e+00 -1.000000000000000000e+00 -1.000000000000000000e+00 -1.000000000000000000e+00 -1.000000000000000000e+00 1.269010999999999967e+03 1.353192000000000007e+03 1.528000000000000025e+00 4.084999999999999742e-01 4.319999999999999951e-01 8.954999999999999627e-01
2.700000000000000000e+01 5.566000000000000000e+03 -1.000000000000000000e+00 -1.000000000000000000e+00 -1.000000000000000000e+00 -1.000000000000000000e+00 -1.000000000000000000e+00 1.277959000000000060e+03 1.372452999999999975e+03 2.436999999999999833e+00 3.559999999999999831e-01 4.109999999999999765e-01 9.174999999999999822e-01
2.700000000000000000e+01 5.560000000000000000e+03 -1.000000000000000000e+00 -1.000000000000000000e+00 -1.000000000000000000e+00 -1.000000000000000000e+00 -1.000000000000000000e+00 1.269378999999999905e+03 1.355544000000000096e+03 1.598000000000000087e+00 3.900000000000000133e-01 4.879999999999999893e-01 8.970000000000000195e-01
2.800000000000000000e+01 5.565000000000000000e+03 -1.000000000000000000e+00 -1.000000000000000000e+00 -1.000000000000000000e+00 -1.000000000000000000e+00 -1.000000000000000000e+00 1.277328999999999951e+03 1.371413999999999987e+03 2.407999999999999918e+00 3.415000000000000258e-01 3.995000000000000218e-01 9.519999999999999574e-01
2.800000000000000000e+01 5.562000000000000000e+03 -1.000000000000000000e+00 -1.000000000000000000e+00 -1.000000000000000000e+00 -1.000000000000000000e+00 -1.000000000000000000e+00 1.277505000000000109e+03 1.369957000000000107e+03 2.527000000000000135e+00 3.215000000000000080e-01 4.209999999999999853e-01 9.585000000000000187e-01
2.800000000000000000e+01 5.563000000000000000e+03 -1.000000000000000000e+00 -1.000000000000000000e+00 -1.000000000000000000e+00 -1.000000000000000000e+00 -1.000000000000000000e+00 1.275866999999999962e+03 1.369621000000000095e+03 2.435999999999999943e+00 3.280000000000000138e-01 4.164999999999999813e-01 9.565000000000000169e-01
2.800000000000000000e+01 5.561000000000000000e+03 -1.000000000000000000e+00 -1.000000000000000000e+00 -1.000000000000000000e+00 -1.000000000000000000e+00 -1.000000000000000000e+00 1.269132000000000062e+03 1.353914999999999964e+03 1.508000000000000007e+00 4.084999999999999742e-01 4.319999999999999951e-01 8.954999999999999627e-01
2.800000000000000000e+01 5.566000000000000000e+03 -1.000000000000000000e+00 -1.000000000000000000e+00 -1.000000000000000000e+00 -1.000000000000000000e+00 -1.000000000000000000e+00 1.277959000000000060e+03 1.372452999999999975e+03 2.483999999999999986e+00 3.559999999999999831e-01 4.109999999999999765e-01 9.174999999999999822e-01
2.800000000000000000e+01 5.567000000000000000e+03 -1.000000000000000000e+00 -1.000000000000000000e+00 -1.000000000000000000e+00 -1.000000000000000000e+00 -1.000000000000000000e+00 1.279915999999999940e+03 1.371278999999999996e+03 2.629999999999999893e+00 2.949999999999999845e-01 3.840000000000000080e-01 1.000000000000000000e+00
2.800000000000000000e+01 5.560000000000000000e+03 -1.000000000000000000e+00 -1.000000000000000000e+00 -1.000000000000000000e+00 -1.000000000000000000e+00 -1.000000000000000000e+00 1.269650000000000091e+03 1.356196999999999889e+03 1.639999999999999902e+00 3.900000000000000133e-01 4.879999999999999893e-01 8.970000000000000195e-01
2.900000000000000000e+01 5.565000000000000000e+03 -1.000000000000000000e+00 -1.000000000000000000e+00 -1.000000000000000000e+00 -1.000000000000000000e+00 -1.000000000000000000e+00 1.277346000000000004e+03 1.371394000000000005e+03 2.149000000000000021e+00 3.415000000000000258e-01 3.995000000000000218e-01 9.519999999999999574e-01
2.900000000000000000e+01 5.562000000000000000e+03 -1.000000000000000000e+00 -1.000000000000000000e+00 -1.000000000000000000e+00 -1.000000000000000000e+00 -1.000000000000000000e+00 1.277472999999999956e+03 1.369980999999999995e+03 2.218999999999999861e+00 3.215000000000000080e-01 4.209999999999999853e-01 9.585000000000000187e-01
2.900000000000000000e+01 5.563000000000000000e+03 -1.000000000000000000e+00 -1.000000000000000000e+00 -1.000000000000000000e+00 -1.000000000000000000e+00 -1.000000000000000000e+00 1.275847999999999956e+03 1.369614000000000033e+03 2.229000000000000092e+00 3.280000000000000138e-01 4.164999999999999813e-01 9.565000000000000169e-01
2.900000000000000000e+01 5.561000000000000000e+03 -1.000000000000000000e+00 -1.000000000000000000e+00 -1.000000000000000000e+00 -1.000000000000000000e+00 -1.000000000000000000e+00 1.269401000000000067e+03 1.354588999999999942e+03 1.266000000000000014e+00 4.084999999999999742e-01 4.319999999999999951e-01 8.954999999999999627e-01
2.900000000000000000e+01 5.566000000000000000e+03 -1.000000000000000000e+00 -1.000000000000000000e+00 -1.000000000000000000e+00 -1.000000000000000000e+00 -1.000000000000000000e+00 1.277959000000000060e+03 1.372452999999999975e+03 2.181999999999999940e+00 3.559999999999999831e-01 4.109999999999999765e-01 9.174999999999999822e-01
2.900000000000000000e+01 5.567000000000000000e+03 -1.000000000000000000e+00 -1.000000000000000000e+00 -1.000000000000000000e+00 -1.000000000000000000e+00 -1.000000000000000000e+00 1.279915999999999940e+03 1.371278999999999996e+03 2.330000000000000071e+00 2.949999999999999845e-01 3.840000000000000080e-01 1.000000000000000000e+00
2.900000000000000000e+01 5.560000000000000000e+03 -1.000000000000000000e+00 -1.000000000000000000e+00 -1.000000000000000000e+00 -1.000000000000000000e+00 -1.000000000000000000e+00 1.269973999999999933e+03 1.357012999999999920e+03 1.413999999999999924e+00 3.900000000000000133e-01 4.879999999999999893e-01 8.970000000000000195e-01
3.000000000000000000e+01 5.565000000000000000e+03 -1.000000000000000000e+00 -1.000000000000000000e+00 -1.000000000000000000e+00 -1.000000000000000000e+00 -1.000000000000000000e+00 1.277256000000000085e+03 1.371500000000000000e+03 1.808000000000000052e+00 3.415000000000000258e-01 3.995000000000000218e-01 9.519999999999999574e-01
3.000000000000000000e+01 5.562000000000000000e+03 -1.000000000000000000e+00 -1.000000000000000000e+00 -1.000000000000000000e+00 -1.000000000000000000e+00 -1.000000000000000000e+00 1.277436999999999898e+03 1.370008000000000038e+03 2.097999999999999865e+00 3.215000000000000080e-01 4.209999999999999853e-01 9.585000000000000187e-01
3.000000000000000000e+01 5.563000000000000000e+03 -1.000000000000000000e+00 -1.000000000000000000e+00 -1.000000000000000000e+00 -1.000000000000000000e+00 -1.000000000000000000e+00 1.275826999999999998e+03 1.369606999999999971e+03 1.836999999999999966e+00 3.280000000000000138e-01 4.164999999999999813e-01 9.565000000000000169e-01
3.000000000000000000e+01 5.561000000000000000e+03 -1.000000000000000000e+00 -1.000000000000000000e+00 -1.000000000000000000e+00 -1.000000000000000000e+00 -1.000000000000000000e+00 1.269695999999999913e+03 1.355330999999999904e+03 1.000999999999999890e+00 4.084999999999999742e-01 4.319999999999999951e-01 8.954999999999999627e-01
3.000000000000000000e+01 5.566000000000000000e+03 -1.000000000000000000e+00 -1.000000000000000000e+00 -1.000000000000000000e+00 -1.000000000000000000e+00 -1.000000000000000000e+00 1.277959000000000060e+03 1.372452999999999975e+03 1.848999999999999977e+00 3.559999999999999831e-01 4.109999999999999765e-01 9.174999999999999822e-01
3.000000000000000000e+01 5.560000000000000000e+03 -1.000000000000000000e+00 -1.000000000000000000e+00 -1.000000000000000000e+00 -1.000000000000000000e+00 -1.000000000000000000e+00 1.270280999999999949e+03 1.357734999999999900e+03 1.165999999999999925e+00 3.900000000000000133e-01 4.879999999999999893e-01 8.970000000000000195e-01
3.000000000000000000e+01 5.567000000000000000e+03 -1.000000000000000000e+00 -1.000000000000000000e+00 -1.000000000000000000e+00 -1.000000000000000000e+00 -1.000000000000000000e+00 1.279896641569859639e+03 1.371293841463107583e+03 1.946057802214682386e+00 2.949999999999999845e-01 3.840000000000000080e-01 1.000000000000000000e+00
3.100000000000000000e+01 5.561000000000000000e+03 -1.000000000000000000e+00 -1.000000000000000000e+00 -1.000000000000000000e+00 -1.000000000000000000e+00 -1.000000000000000000e+00 1.269943999999999960e+03 1.355834000000000060e+03 9.919999999999999929e-01 4.084999999999999742e-01 4.319999999999999951e-01 8.954999999999999627e-01
3.100000000000000000e+01 5.560000000000000000e+03 -1.000000000000000000e+00 -1.000000000000000000e+00 -1.000000000000000000e+00 -1.000000000000000000e+00 -1.000000000000000000e+00 1.270618999999999915e+03 1.358474999999999909e+03 1.169000000000000039e+00 3.900000000000000133e-01 4.879999999999999893e-01 8.970000000000000195e-01
3.100000000000000000e+01 5.562000000000000000e+03 -1.000000000000000000e+00 -1.000000000000000000e+00 -1.000000000000000000e+00 -1.000000000000000000e+00 -1.000000000000000000e+00 1.277404500195041010e+03 1.370031999855969843e+03 1.987500663139259327e+00 3.215000000000000080e-01 4.210000000000000409e-01 9.585000000000001297e-01
3.100000000000000000e+01 5.563000000000000000e+03 -1.000000000000000000e+00 -1.000000000000000000e+00 -1.000000000000000000e+00 -1.000000000000000000e+00 -1.000000000000000000e+00 1.275808500111023477e+03 1.369601000036007463e+03 1.853999897978575451e+00 3.280000000000000693e-01 4.164999999999999813e-01 9.565000000000001279e-01
3.100000000000000000e+01 5.565000000000000000e+03 -1.000000000000000000e+00 -1.000000000000000000e+00 -1.000000000000000000e+00 -1.000000000000000000e+00 -1.000000000000000000e+00 1.277256000000000313e+03 1.371500000000000000e+03 1.845499774952740424e+00 3.415000000000000258e-01 3.995000000000000773e-01 9.519999999999999574e-01
3.100000000000000000e+01 5.566000000000000000e+03 -1.000000000000000000e+00 -1.000000000000000000e+00 -1.000000000000000000e+00 -1.000000000000000000e+00 -1.000000000000000000e+00 1.277947500069014495e+03 1.372454999987997553e+03 1.874499846967863315e+00 3.559999999999999831e-01 4.110000000000000320e-01 9.174999999999999822e-01
3.100000000000000000e+01 5.567000000000000000e+03 -1.000000000000000000e+00 -1.000000000000000000e+00 -1.000000000000000000e+00 -1.000000000000000000e+00 -1.000000000000000000e+00 1.279906320843017284e+03 1.371286420687019927e+03 2.138030053175869138e+00 2.949999999999999845e-01 3.840000000000000080e-01 1.000000000000000000e+00
3.200000000000000000e+01 5.565000000000000000e+03 -1.000000000000000000e+00 -1.000000000000000000e+00 -1.000000000000000000e+00 -1.000000000000000000e+00 -1.000000000000000000e+00 1.277256000000000085e+03 1.371500000000000000e+03 1.883000000000000007e+00 3.415000000000000258e-01 3.995000000000000218e-01 9.519999999999999574e-01
3.200000000000000000e+01 5.562000000000000000e+03 -1.000000000000000000e+00 -1.000000000000000000e+00 -1.000000000000000000e+00 -1.000000000000000000e+00 -1.000000000000000000e+00 1.277372000000000071e+03 1.370056000000000040e+03 1.877000000000000002e+00 3.215000000000000080e-01 4.209999999999999853e-01 9.585000000000000187e-01
3.200000000000000000e+01 5.563000000000000000e+03 -1.000000000000000000e+00 -1.000000000000000000e+00 -1.000000000000000000e+00 -1.000000000000000000e+00 -1.000000000000000000e+00 1.275789999999999964e+03 1.369595000000000027e+03 1.870999999999999996e+00 3.280000000000000138e-01 4.164999999999999813e-01 9.565000000000000169e-01
3.200000000000000000e+01 5.561000000000000000e+03 -1.000000000000000000e+00 -1.000000000000000000e+00 -1.000000000000000000e+00 -1.000000000000000000e+00 -1.000000000000000000e+00 1.270191000000000031e+03 1.356337999999999965e+03 9.829999999999999849e-01 4.084999999999999742e-01 4.319999999999999951e-01 8.954999999999999627e-01
3.200000000000000000e+01 5.569000000000000000e+03 -1.000000000000000000e+00 -1.000000000000000000e+00 -1.000000000000000000e+00 -1.000000000000000000e+00 -1.000000000000000000e+00 1.288686999999999898e+03 1.377835000000000036e+03 1.816000000000000059e+00 4.239999999999999880e-01 5.084999999999999520e-01 9.310000000000000497e-01
3.200000000000000000e+01 5.566000000000000000e+03 -1.000000000000000000e+00 -1.000000000000000000e+00 -1.000000000000000000e+00 -1.000000000000000000e+00 -1.000000000000000000e+00 1.277935999999999922e+03 1.372457000000000107e+03 1.899999999999999911e+00 3.559999999999999831e-01 4.109999999999999765e-01 9.174999999999999822e-01
3.200000000000000000e+01 5.570000000000000000e+03 -1.000000000000000000e+00 -1.000000000000000000e+00 -1.000000000000000000e+00 -1.000000000000000000e+00 -1.000000000000000000e+00 1.283883000000000038e+03 1.374840999999999894e+03 1.631999999999999895e+00 4.410000000000000031e-01 4.759999999999999787e-01 7.730000000000000204e-01
3.200000000000000000e+01 5.567000000000000000e+03 -1.000000000000000000e+00 -1.000000000000000000e+00 -1.000000000000000000e+00 -1.000000000000000000e+00 -1.000000000000000000e+00 1.279885999999999967e+03 1.371301999999999907e+03 1.735000000000000098e+00 2.949999999999999845e-01 3.840000000000000080e-01 1.000000000000000000e+00
3.200000000000000000e+01 5.560000000000000000e+03 -1.000000000000000000e+00 -1.000000000000000000e+00 -1.000000000000000000e+00 -1.000000000000000000e+00 -1.000000000000000000e+00 1.270986000000000104e+03 1.359201000000000022e+03 1.171999999999999931e+00 3.900000000000000133e-01 4.879999999999999893e-01 8.970000000000000195e-01
3.300000000000000000e+01 5.565000000000000000e+03 -1.000000000000000000e+00 -1.000000000000000000e+00 -1.000000000000000000e+00 -1.000000000000000000e+00 -1.000000000000000000e+00 1.277256000000000085e+03 1.371500000000000000e+03 1.921000000000000041e+00 3.415000000000000258e-01 3.995000000000000218e-01 9.519999999999999574e-01
3.300000000000000000e+01 5.562000000000000000e+03 -1.000000000000000000e+00 -1.000000000000000000e+00 -1.000000000000000000e+00 -1.000000000000000000e+00 -1.000000000000000000e+00 1.277372000000000071e+03 1.370056000000000040e+03 1.901999999999999913e+00 3.215000000000000080e-01 4.209999999999999853e-01 9.585000000000000187e-01
3.300000000000000000e+01 5.563000000000000000e+03 -1.000000000000000000e+00 -1.000000000000000000e+00 -1.000000000000000000e+00 -1.000000000000000000e+00 -1.000000000000000000e+00 1.275770999999999958e+03 1.369588999999999942e+03 1.887999999999999901e+00 3.280000000000000138e-01 4.164999999999999813e-01 9.565000000000000169e-01
3.300000000000000000e+01 5.561000000000000000e+03 -1.000000000000000000e+00 -1.000000000000000000e+00 -1.000000000000000000e+00 -1.000000000000000000e+00 -1.000000000000000000e+00 1.270439000000000078e+03 1.356840999999999894e+03 9.729999999999999760e-01 4.084999999999999742e-01 4.319999999999999951e-01 8.954999999999999627e-01
3.300000000000000000e+01 5.569000000000000000e+03 -1.000000000000000000e+00 -1.000000000000000000e+00 -1.000000000000000000e+00 -1.000000000000000000e+00 -1.000000000000000000e+00 1.288363000000000056e+03 1.377406999999999925e+03 1.840999999999999970e+00 4.239999999999999880e-01 5.084999999999999520e-01 9.310000000000000497e-01
3.300000000000000000e+01 5.566000000000000000e+03 -1.000000000000000000e+00 -1.000000000000000000e+00 -1.000000000000000000e+00 -1.000000000000000000e+00 -1.000000000000000000e+00 1.277924999999999955e+03 1.372459000000000060e+03 1.925000000000000044e+00 3.559999999999999831e-01 4.109999999999999765e-01 9.174999999999999822e-01
3.300000000000000000e+01 5.570000000000000000e+03 -1.000000000000000000e+00 -1.000000000000000000e+00 -1.000000000000000000e+00 -1.000000000000000000e+00 -1.000000000000000000e+00 1.283883000000000038e+03 1.374840999999999894e+03 1.631999999999999895e+00 4.410000000000000031e-01 4.759999999999999787e-01 7.730000000000000204e-01
3.300000000000000000e+01 5.567000000000000000e+03 -1.000000000000000000e+00 -1.000000000000000000e+00 -1.000000000000000000e+00 -1.000000000000000000e+00 -1.000000000000000000e+00 1.279976000000000113e+03 1.371231999999999971e+03 1.784999999999999920e+00 2.949999999999999845e-01 3.840000000000000080e-01 1.000000000000000000e+00
3.300000000000000000e+01 5.560000000000000000e+03 -1.000000000000000000e+00 -1.000000000000000000e+00 -1.000000000000000000e+00 -1.000000000000000000e+00 -1.000000000000000000e+00 1.271358999999999924e+03 1.359875000000000000e+03 1.225999999999999979e+00 3.900000000000000133e-01 4.879999999999999893e-01 8.970000000000000195e-01
3.400000000000000000e+01 5.565000000000000000e+03 -1.000000000000000000e+00 -1.000000000000000000e+00 -1.000000000000000000e+00 -1.000000000000000000e+00 -1.000000000000000000e+00 1.277256000000000085e+03 1.371500000000000000e+03 1.957999999999999963e+00 3.415000000000000258e-01 3.995000000000000218e-01 9.519999999999999574e-01
3.400000000000000000e+01 5.562000000000000000e+03 -1.000000000000000000e+00 -1.000000000000000000e+00 -1.000000000000000000e+00 -1.000000000000000000e+00 -1.000000000000000000e+00 1.277372000000000071e+03 1.370056000000000040e+03 1.927000000000000046e+00 3.215000000000000080e-01 4.209999999999999853e-01 9.585000000000000187e-01
3.400000000000000000e+01 5.563000000000000000e+03 -1.000000000000000000e+00 -1.000000000000000000e+00 -1.000000000000000000e+00 -1.000000000000000000e+00 -1.000000000000000000e+00 1.275756000000000085e+03 1.369594000000000051e+03 1.955999999999999961e+00 3.280000000000000138e-01 4.164999999999999813e-01 9.565000000000000169e-01
3.400000000000000000e+01 5.561000000000000000e+03 -1.000000000000000000e+00 -1.000000000000000000e+00 -1.000000000000000000e+00 -1.000000000000000000e+00 -1.000000000000000000e+00 1.270686999999999898e+03 1.357345000000000027e+03 1.030999999999999917e+00 4.084999999999999742e-01 4.319999999999999951e-01 8.954999999999999627e-01
3.400000000000000000e+01 5.571000000000000000e+03 -1.000000000000000000e+00 -1.000000000000000000e+00 -1.000000000000000000e+00 -1.000000000000000000e+00 -1.000000000000000000e+00 1.285482999999999947e+03 1.366751999999999953e+03 1.693999999999999950e+00 3.514999999999999791e-01 4.249999999999999889e-01 8.625000000000000444e-01
3.400000000000000000e+01 5.569000000000000000e+03 -1.000000000000000000e+00 -1.000000000000000000e+00 -1.000000000000000000e+00 -1.000000000000000000e+00 -1.000000000000000000e+00 1.288038999999999987e+03 1.376980000000000018e+03 1.866000000000000103e+00 4.239999999999999880e-01 5.084999999999999520e-01 9.310000000000000497e-01
3.400000000000000000e+01 5.566000000000000000e+03 -1.000000000000000000e+00 -1.000000000000000000e+00 -1.000000000000000000e+00 -1.000000000000000000e+00 -1.000000000000000000e+00 1.277913999999999987e+03 1.372461000000000013e+03 1.951000000000000068e+00 3.559999999999999831e-01 4.109999999999999765e-01 9.174999999999999822e-01
3.400000000000000000e+01 5.570000000000000000e+03 -1.000000000000000000e+00 -1.000000000000000000e+00 -1.000000000000000000e+00 -1.000000000000000000e+00 -1.000000000000000000e+00 1.283833000000000084e+03 1.374902000000000044e+03 1.582000000000000073e+00 4.410000000000000031e-01 4.759999999999999787e-01 7.730000000000000204e-01
3.400000000000000000e+01 5.567000000000000000e+03 -1.000000000000000000e+00 -1.000000000000000000e+00 -1.000000000000000000e+00 -1.000000000000000000e+00 -1.000000000000000000e+00 1.279950000000000045e+03 1.371251999999999953e+03 1.838000000000000078e+00 2.949999999999999845e-01 3.840000000000000080e-01 1.000000000000000000e+00
3.400000000000000000e+01 5.560000000000000000e+03 -1.000000000000000000e+00 -1.000000000000000000e+00 -1.000000000000000000e+00 -1.000000000000000000e+00 -1.000000000000000000e+00 1.271757000000000062e+03 1.360535000000000082e+03 1.278999999999999915e+00 3.900000000000000133e-01 4.879999999999999893e-01 8.970000000000000195e-01
3.500000000000000000e+01 5.562000000000000000e+03 -1.000000000000000000e+00 -1.000000000000000000e+00 -1.000000000000000000e+00 -1.000000000000000000e+00 -1.000000000000000000e+00 1.277372000000000071e+03 1.370056000000000040e+03 1.993999999999999995e+00 3.215000000000000080e-01 4.209999999999999853e-01 9.585000000000000187e-01
3.500000000000000000e+01 5.563000000000000000e+03 -1.000000000000000000e+00 -1.000000000000000000e+00 -1.000000000000000000e+00 -1.000000000000000000e+00 -1.000000000000000000e+00 1.275740999999999985e+03 1.369598999999999933e+03 2.024000000000000021e+00 3.280000000000000138e-01 4.164999999999999813e-01 9.565000000000000169e-01
3.500000000000000000e+01 5.561000000000000000e+03 -1.000000000000000000e+00 -1.000000000000000000e+00 -1.000000000000000000e+00 -1.000000000000000000e+00 -1.000000000000000000e+00 1.270999000000000024e+03 1.358035000000000082e+03 1.100999999999999979e+00 4.084999999999999742e-01 4.319999999999999951e-01 8.954999999999999627e-01
3.500000000000000000e+01 5.573000000000000000e+03 -1.000000000000000000e+00 -1.000000000000000000e+00 -1.000000000000000000e+00 -1.000000000000000000e+00 -1.000000000000000000e+00 1.282761999999999944e+03 1.375198000000000093e+03 1.802000000000000046e+00 4.259999999999999898e-01 4.219999999999999862e-01 7.385000000000000453e-01
3.500000000000000000e+01 5.566000000000000000e+03 -1.000000000000000000e+00 -1.000000000000000000e+00 -1.000000000000000000e+00 -1.000000000000000000e+00 -1.000000000000000000e+00 1.277903000000000020e+03 1.372462999999999965e+03 2.004999999999999893e+00 3.559999999999999831e-01 4.109999999999999765e-01 9.174999999999999822e-01
3.500000000000000000e+01 5.574000000000000000e+03 -1.000000000000000000e+00 -1.000000000000000000e+00 -1.000000000000000000e+00 -1.000000000000000000e+00 -1.000000000000000000e+00 1.283549999999999955e+03 1.365392000000000053e+03 1.681999999999999940e+00 3.165000000000000036e-01 3.370000000000000218e-01 7.379999999999999893e-01
3.500000000000000000e+01 5.567000000000000000e+03 -1.000000000000000000e+00 -1.000000000000000000e+00 -1.000000000000000000e+00 -1.000000000000000000e+00 -1.000000000000000000e+00 1.279924999999999955e+03 1.371271999999999935e+03 1.891000000000000014e+00 2.949999999999999845e-01 3.840000000000000080e-01 1.000000000000000000e+00
3.500000000000000000e+01 5.560000000000000000e+03 -1.000000000000000000e+00 -1.000000000000000000e+00 -1.000000000000000000e+00 -1.000000000000000000e+00 -1.000000000000000000e+00 1.272195999999999913e+03 1.361140000000000100e+03 1.415999999999999925e+00 3.900000000000000133e-01 4.879999999999999893e-01 8.970000000000000195e-01
3.500000000000000000e+01 5.565000000000000000e+03 -1.000000000000000000e+00 -1.000000000000000000e+00 -1.000000000000000000e+00 -1.000000000000000000e+00 -1.000000000000000000e+00 1.277256000000000085e+03 1.371500000000000000e+03 1.995500975239909103e+00 3.415000000000000258e-01 3.995000000000000218e-01 9.519999999999999574e-01
3.500000000000000000e+01 5.570000000000000000e+03 -1.000000000000000000e+00 -1.000000000000000000e+00 -1.000000000000000000e+00 -1.000000000000000000e+00 -1.000000000000000000e+00 1.283833000000000084e+03 1.374902000000000044e+03 1.757004551119575542e+00 4.410000000000000031e-01 4.759999999999999787e-01 7.730000000000000204e-01
3.600000000000000000e+01 5.565000000000000000e+03 -1.000000000000000000e+00 -1.000000000000000000e+00 -1.000000000000000000e+00 -1.000000000000000000e+00 -1.000000000000000000e+00 1.277256000000000085e+03 1.371500000000000000e+03 2.032999999999999918e+00 3.415000000000000258e-01 3.995000000000000218e-01 9.519999999999999574e-01
3.600000000000000000e+01 5.562000000000000000e+03 -1.000000000000000000e+00 -1.000000000000000000e+00 -1.000000000000000000e+00 -1.000000000000000000e+00 -1.000000000000000000e+00 1.277372000000000071e+03 1.370056000000000040e+03 2.060999999999999943e+00 3.215000000000000080e-01 4.209999999999999853e-01 9.585000000000000187e-01
3.600000000000000000e+01 5.563000000000000000e+03 -1.000000000000000000e+00 -1.000000000000000000e+00 -1.000000000000000000e+00 -1.000000000000000000e+00 -1.000000000000000000e+00 1.275727000000000089e+03 1.369604000000000042e+03 2.092000000000000082e+00 3.280000000000000138e-01 4.164999999999999813e-01 9.565000000000000169e-01
3.600000000000000000e+01 5.561000000000000000e+03 -1.000000000000000000e+00 -1.000000000000000000e+00 -1.000000000000000000e+00 -1.000000000000000000e+00 -1.000000000000000000e+00 1.271305000000000064e+03 1.358640000000000100e+03 1.237999999999999989e+00 4.084999999999999742e-01 4.319999999999999951e-01 8.954999999999999627e-01
3.600000000000000000e+01 5.573000000000000000e+03 -1.000000000000000000e+00 -1.000000000000000000e+00 -1.000000000000000000e+00 -1.000000000000000000e+00 -1.000000000000000000e+00 1.282761999999999944e+03 1.375198000000000093e+03 1.852000000000000091e+00 4.259999999999999898e-01 4.219999999999999862e-01 7.385000000000000453e-01
3.600000000000000000e+01 5.566000000000000000e+03 -1.000000000000000000e+00 -1.000000000000000000e+00 -1.000000000000000000e+00 -1.000000000000000000e+00 -1.000000000000000000e+00 1.277891000000000076e+03 1.372464999999999918e+03 2.060000000000000053e+00 3.559999999999999831e-01 4.109999999999999765e-01 9.174999999999999822e-01
3.600000000000000000e+01 5.570000000000000000e+03 -1.000000000000000000e+00 -1.000000000000000000e+00 -1.000000000000000000e+00 -1.000000000000000000e+00 -1.000000000000000000e+00 1.283833000000000084e+03 1.374902000000000044e+03 1.931999999999999940e+00 4.410000000000000031e-01 4.759999999999999787e-01 7.730000000000000204e-01
3.600000000000000000e+01 5.574000000000000000e+03 -1.000000000000000000e+00 -1.000000000000000000e+00 -1.000000000000000000e+00 -1.000000000000000000e+00 -1.000000000000000000e+00 1.283549999999999955e+03 1.365392000000000053e+03 1.782000000000000028e+00 3.165000000000000036e-01 3.370000000000000218e-01 7.379999999999999893e-01
3.600000000000000000e+01 5.567000000000000000e+03 -1.000000000000000000e+00 -1.000000000000000000e+00 -1.000000000000000000e+00 -1.000000000000000000e+00 -1.000000000000000000e+00 1.279898999999999887e+03 1.371291999999999916e+03 1.945000000000000062e+00 2.949999999999999845e-01 3.840000000000000080e-01 1.000000000000000000e+00
3.600000000000000000e+01 5.560000000000000000e+03 -1.000000000000000000e+00 -1.000000000000000000e+00 -1.000000000000000000e+00 -1.000000000000000000e+00 -1.000000000000000000e+00 1.272634000000000015e+03 1.361743999999999915e+03 1.554000000000000048e+00 3.900000000000000133e-01 4.879999999999999893e-01 8.970000000000000195e-01
3.700000000000000000e+01 5.565000000000000000e+03 -1.000000000000000000e+00 -1.000000000000000000e+00 -1.000000000000000000e+00 -1.000000000000000000e+00 -1.000000000000000000e+00 1.277256000000000085e+03 1.371500000000000000e+03 2.157999999999999918e+00 3.415000000000000258e-01 3.995000000000000218e-01 9.519999999999999574e-01
3.700000000000000000e+01 5.562000000000000000e+03 -1.000000000000000000e+00 -1.000000000000000000e+00 -1.000000000000000000e+00 -1.000000000000000000e+00 -1.000000000000000000e+00 1.277372000000000071e+03 1.370056000000000040e+03 2.126999999999999780e+00 3.215000000000000080e-01 4.209999999999999853e-01 9.585000000000000187e-01
3.700000000000000000e+01 5.563000000000000000e+03 -1.000000000000000000e+00 -1.000000000000000000e+00 -1.000000000000000000e+00 -1.000000000000000000e+00 -1.000000000000000000e+00 1.275711999999999989e+03 1.369608999999999924e+03 2.160000000000000142e+00 3.280000000000000138e-01 4.164999999999999813e-01 9.565000000000000169e-01
3.700000000000000000e+01 5.561000000000000000e+03 -1.000000000000000000e+00 -1.000000000000000000e+00 -1.000000000000000000e+00 -1.000000000000000000e+00 -1.000000000000000000e+00 1.271611000000000104e+03 1.359244999999999891e+03 1.374000000000000110e+00 4.084999999999999742e-01 4.319999999999999951e-01 8.954999999999999627e-01
3.700000000000000000e+01 5.566000000000000000e+03 -1.000000000000000000e+00 -1.000000000000000000e+00 -1.000000000000000000e+00 -1.000000000000000000e+00 -1.000000000000000000e+00 1.277880000000000109e+03 1.372467000000000098e+03 2.113999999999999879e+00 3.559999999999999831e-01 4.109999999999999765e-01 9.174999999999999822e-01
3.700000000000000000e+01 5.567000000000000000e+03 -1.000000000000000000e+00 -1.000000000000000000e+00 -1.000000000000000000e+00 -1.000000000000000000e+00 -1.000000000000000000e+00 1.279874000000000024e+03 1.371311999999999898e+03 2.040000000000000036e+00 2.949999999999999845e-01 3.840000000000000080e-01 1.000000000000000000e+00
3.700000000000000000e+01 5.560000000000000000e+03 -1.000000000000000000e+00 -1.000000000000000000e+00 -1.000000000000000000e+00 -1.000000000000000000e+00 -1.000000000000000000e+00 1.273071999999999889e+03 1.362347999999999956e+03 1.691000000000000059e+00 3.900000000000000133e-01 4.879999999999999893e-01 8.970000000000000195e-01
3.800000000000000000e+01 5.565000000000000000e+03 -1.000000000000000000e+00 -1.000000000000000000e+00 -1.000000000000000000e+00 -1.000000000000000000e+00 -1.000000000000000000e+00 1.277256000000000085e+03 1.371500000000000000e+03 2.282999999999999918e+00 3.415000000000000258e-01 3.995000000000000218e-01 9.519999999999999574e-01
3.800000000000000000e+01 5.562000000000000000e+03 -1.000000000000000000e+00 -1.000000000000000000e+00 -1.000000000000000000e+00 -1.000000000000000000e+00 -1.000000000000000000e+00 1.277372000000000071e+03 1.370056000000000040e+03 2.202999999999999847e+00 3.215000000000000080e-01 4.209999999999999853e-01 9.585000000000000187e-01
3.800000000000000000e+01 5.563000000000000000e+03 -1.000000000000000000e+00 -1.000000000000000000e+00 -1.000000000000000000e+00 -1.000000000000000000e+00 -1.000000000000000000e+00 1.275696999999999889e+03 1.369614000000000033e+03 2.228000000000000203e+00 3.280000000000000138e-01 4.164999999999999813e-01 9.565000000000000169e-01
3.800000000000000000e+01 5.561000000000000000e+03 -1.000000000000000000e+00 -1.000000000000000000e+00 -1.000000000000000000e+00 -1.000000000000000000e+00 -1.000000000000000000e+00 1.271916999999999916e+03 1.359851000000000113e+03 1.510999999999999899e+00 4.084999999999999742e-01 4.319999999999999951e-01 8.954999999999999627e-01
3.800000000000000000e+01 5.566000000000000000e+03 -1.000000000000000000e+00 -1.000000000000000000e+00 -1.000000000000000000e+00 -1.000000000000000000e+00 -1.000000000000000000e+00 1.277849999999999909e+03 1.372474999999999909e+03 2.318999999999999950e+00 3.559999999999999831e-01 4.109999999999999765e-01 9.174999999999999822e-01
3.800000000000000000e+01 5.567000000000000000e+03 -1.000000000000000000e+00 -1.000000000000000000e+00 -1.000000000000000000e+00 -1.000000000000000000e+00 -1.000000000000000000e+00 1.279847999999999956e+03 1.371332000000000107e+03 2.134999999999999787e+00 2.949999999999999845e-01 3.840000000000000080e-01 1.000000000000000000e+00
3.800000000000000000e+01 5.560000000000000000e+03 -1.000000000000000000e+00 -1.000000000000000000e+00 -1.000000000000000000e+00 -1.000000000000000000e+00 -1.000000000000000000e+00 1.273510999999999967e+03 1.362951999999999998e+03 1.828999999999999959e+00 3.900000000000000133e-01 4.879999999999999893e-01 8.970000000000000195e-01
3.900000000000000000e+01 5.565000000000000000e+03 -1.000000000000000000e+00 -1.000000000000000000e+00 -1.000000000000000000e+00 -1.000000000000000000e+00 -1.000000000000000000e+00 1.277282999999999902e+03 1.371500999999999976e+03 2.290999999999999925e+00 3.415000000000000258e-01 3.995000000000000218e-01 9.519999999999999574e-01
3.900000000000000000e+01 5.562000000000000000e+03 -1.000000000000000000e+00 -1.000000000000000000e+00 -1.000000000000000000e+00 -1.000000000000000000e+00 -1.000000000000000000e+00 1.277372000000000071e+03 1.370056000000000040e+03 2.277000000000000135e+00 3.215000000000000080e-01 4.209999999999999853e-01 9.585000000000000187e-01
3.900000000000000000e+01 5.563000000000000000e+03 -1.000000000000000000e+00 -1.000000000000000000e+00 -1.000000000000000000e+00 -1.000000000000000000e+00 -1.000000000000000000e+00 1.275682000000000016e+03 1.369619999999999891e+03 2.295999999999999819e+00 3.280000000000000138e-01 4.164999999999999813e-01 9.565000000000000169e-01
3.900000000000000000e+01 5.561000000000000000e+03 -1.000000000000000000e+00 -1.000000000000000000e+00 -1.000000000000000000e+00 -1.000000000000000000e+00 -1.000000000000000000e+00 1.272248000000000047e+03 1.360443999999999960e+03 1.572999999999999954e+00 4.084999999999999742e-01 4.319999999999999951e-01 8.954999999999999627e-01
3.900000000000000000e+01 5.566000000000000000e+03 -1.000000000000000000e+00 -1.000000000000000000e+00 -1.000000000000000000e+00 -1.000000000000000000e+00 -1.000000000000000000e+00 1.277818999999999960e+03 1.372482999999999947e+03 2.322999999999999954e+00 3.559999999999999831e-01 4.109999999999999765e-01 9.174999999999999822e-01
3.900000000000000000e+01 5.560000000000000000e+03 -1.000000000000000000e+00 -1.000000000000000000e+00 -1.000000000000000000e+00 -1.000000000000000000e+00 -1.000000000000000000e+00 1.273953999999999951e+03 1.363564000000000078e+03 1.929000000000000048e+00 3.900000000000000133e-01 4.879999999999999893e-01 8.970000000000000195e-01
4.000000000000000000e+01 5.562000000000000000e+03 -1.000000000000000000e+00 -1.000000000000000000e+00 -1.000000000000000000e+00 -1.000000000000000000e+00 -1.000000000000000000e+00 1.277372000000000071e+03 1.370056000000000040e+03 2.277000000000000135e+00 3.215000000000000080e-01 4.209999999999999853e-01 9.585000000000000187e-01
4.000000000000000000e+01 5.563000000000000000e+03 -1.000000000000000000e+00 -1.000000000000000000e+00 -1.000000000000000000e+00 -1.000000000000000000e+00 -1.000000000000000000e+00 1.275666999999999916e+03 1.369625000000000000e+03 2.363999999999999879e+00 3.280000000000000138e-01 4.164999999999999813e-01 9.565000000000000169e-01
4.000000000000000000e+01 5.561000000000000000e+03 -1.000000000000000000e+00 -1.000000000000000000e+00 -1.000000000000000000e+00 -1.000000000000000000e+00 -1.000000000000000000e+00 1.272577999999999975e+03 1.361037000000000035e+03 1.633999999999999897e+00 4.084999999999999742e-01 4.319999999999999951e-01 8.954999999999999627e-01
4.000000000000000000e+01 5.560000000000000000e+03 -1.000000000000000000e+00 -1.000000000000000000e+00 -1.000000000000000000e+00 -1.000000000000000000e+00 -1.000000000000000000e+00 1.274396999999999935e+03 1.364175999999999931e+03 2.028999999999999915e+00 3.900000000000000133e-01 4.879999999999999893e-01 8.970000000000000195e-01
4.100000000000000000e+01 5.561000000000000000e+03 -1.000000000000000000e+00 -1.000000000000000000e+00 -1.000000000000000000e+00 -1.000000000000000000e+00 -1.000000000000000000e+00 1.272901000000000067e+03 1.361634999999999991e+03 1.796000000000000041e+00 4.084999999999999742e-01 4.319999999999999951e-01 8.954999999999999627e-01
