1.000000000000000000e+00 4.232000000000000000e+03 -1.000000000000000000e+00 -1.000000000000000000e+00 -1.000000000000000000e+00 -1.000000000000000000e+00 -1.000000000000000000e+00 1.299968000000000075e+03 8.961960000000000264e+02 7.980000000000000426e-01 3.104999999999999982e-01 2.944999999999999840e-01 8.760000000000000009e-01
1.000000000000000000e+00 4.237000000000000000e+03 -1.000000000000000000e+00 -1.000000000000000000e+00 -1.000000000000000000e+00 -1.000000000000000000e+00 -1.000000000000000000e+00 1.302394999999999982e+03 8.964610000000000127e+02 9.340000000000000524e-01 3.435000000000000275e-01 3.459999999999999742e-01 1.000000000000000000e+00
2.000000000000000000e+00 4.232000000000000000e+03 -1.000000000000000000e+00 -1.000000000000000000e+00 -1.000000000000000000e+00 -1.000000000000000000e+00 -1.000000000000000000e+00 1.300126999999999953e+03 8.958039999999999736e+02 7.980000000000000426e-01 3.104999999999999982e-01 2.944999999999999840e-01 8.760000000000000009e-01
2.000000000000000000e+00 4.237000000000000000e+03 -1.000000000000000000e+00 -1.000000000000000000e+00 -1.000000000000000000e+00 -1.000000000000000000e+00 -1.000000000000000000e+00 1.302565000000000055e+03 8.963360000000000127e+02 9.140000000000000346e-01 3.435000000000000275e-01 3.459999999999999742e-01 1.000000000000000000e+00
3.000000000000000000e+00 4.232000000000000000e+03 -1.000000000000000000e+00 -1.000000000000000000e+00 -1.000000000000000000e+00 -1.000000000000000000e+00 -1.000000000000000000e+00 1.300363000000000056e+03 8.954519999999999982e+02 7.980000000000000426e-01 3.104999999999999982e-01 2.944999999999999840e-01 8.760000000000000009e-01
3.000000000000000000e+00 4.237000000000000000e+03 -1.000000000000000000e+00 -1.000000000000000000e+00 -1.000000000000000000e+00 -1.000000000000000000e+00 -1.000000000000000000e+00 1.302671000000000049e+03 8.962630000000000337e+02 8.940000000000000169e-01 3.435000000000000275e-01 3.459999999999999742e-01 1.000000000000000000e+00
4.000000000000000000e+00 4.232000000000000000e+03 -1.000000000000000000e+00 -1.000000000000000000e+00 -1.000000000000000000e+00 -1.000000000000000000e+00 -1.000000000000000000e+00 1.300664999999999964e+03 8.951539999999999964e+02 7.980000000000000426e-01 3.104999999999999982e-01 2.944999999999999840e-01 8.760000000000000009e-01
4.000000000000000000e+00 4.237000000000000000e+03 -1.000000000000000000e+00 -1.000000000000000000e+00 -1.000000000000000000e+00 -1.000000000000000000e+00 -1.000000000000000000e+00 1.302618999999999915e+03 8.962010000000000218e+02 8.739999999999999991e-01 3.435000000000000275e-01 3.459999999999999742e-01 1.000000000000000000e+00
5.000000000000000000e+00 4.232000000000000000e+03 -1.000000000000000000e+00 -1.000000000000000000e+00 -1.000000000000000000e+00 -1.000000000000000000e+00 -1.000000000000000000e+00 1.300840999999999894e+03 8.948540000000000418e+02 7.600000000000000089e-01 3.104999999999999982e-01 2.944999999999999840e-01 8.760000000000000009e-01
5.000000000000000000e+00 4.237000000000000000e+03 -1.000000000000000000e+00 -1.000000000000000000e+00 -1.000000000000000000e+00 -1.000000000000000000e+00 -1.000000000000000000e+00 1.302686999999999898e+03 8.961900000000000546e+02 8.539999999999999813e-01 3.435000000000000275e-01 3.459999999999999742e-01 1.000000000000000000e+00
6.000000000000000000e+00 4.232000000000000000e+03 -1.000000000000000000e+00 -1.000000000000000000e+00 -1.000000000000000000e+00 -1.000000000000000000e+00 -1.000000000000000000e+00 1.301113000000000056e+03 8.946369999999999436e+02 7.219999999999999751e-01 3.104999999999999982e-01 2.944999999999999840e-01 8.760000000000000009e-01
6.000000000000000000e+00 4.237000000000000000e+03 -1.000000000000000000e+00 -1.000000000000000000e+00 -1.000000000000000000e+00 -1.000000000000000000e+00 -1.000000000000000000e+00 1.302722999999999956e+03 8.960349999999999682e+02 8.339999999999999636e-01 3.435000000000000275e-01 3.459999999999999742e-01 1.000000000000000000e+00
7.000000000000000000e+00 4.232000000000000000e+03 -1.000000000000000000e+00 -1.000000000000000000e+00 -1.000000000000000000e+00 -1.000000000000000000e+00 -1.000000000000000000e+00 1.301192000000000007e+03 8.947300000000000182e+02 7.359999999999999876e-01 3.104999999999999982e-01 2.944999999999999840e-01 8.760000000000000009e-01
7.000000000000000000e+00 4.237000000000000000e+03 -1.000000000000000000e+00 -1.000000000000000000e+00 -1.000000000000000000e+00 -1.000000000000000000e+00 -1.000000000000000000e+00 1.302778999999999996e+03 8.959690000000000509e+02 8.409999999999999698e-01 3.435000000000000275e-01 3.459999999999999742e-01 1.000000000000000000e+00
8.000000000000000000e+00 4.232000000000000000e+03 -1.000000000000000000e+00 -1.000000000000000000e+00 -1.000000000000000000e+00 -1.000000000000000000e+00 -1.000000000000000000e+00 1.301400000000000091e+03 8.946950000000000500e+02 7.479999999999999982e-01 3.104999999999999982e-01 2.944999999999999840e-01 8.760000000000000009e-01
8.000000000000000000e+00 4.237000000000000000e+03 -1.000000000000000000e+00 -1.000000000000000000e+00 -1.000000000000000000e+00 -1.000000000000000000e+00 -1.000000000000000000e+00 1.302823000000000093e+03 8.959139999999999873e+02 8.459999999999999742e-01 3.435000000000000275e-01 3.459999999999999742e-01 1.000000000000000000e+00
9.000000000000000000e+00 4.232000000000000000e+03 -1.000000000000000000e+00 -1.000000000000000000e+00 -1.000000000000000000e+00 -1.000000000000000000e+00 -1.000000000000000000e+00 1.301454999999999927e+03 8.944289999999999736e+02 7.399999999999999911e-01 3.104999999999999982e-01 2.944999999999999840e-01 8.760000000000000009e-01
9.000000000000000000e+00 4.237000000000000000e+03 -1.000000000000000000e+00 -1.000000000000000000e+00 -1.000000000000000000e+00 -1.000000000000000000e+00 -1.000000000000000000e+00 1.302876999999999953e+03 8.958460000000000036e+02 8.519999999999999796e-01 3.435000000000000275e-01 3.459999999999999742e-01 1.000000000000000000e+00
1.000000000000000000e+01 4.232000000000000000e+03 -1.000000000000000000e+00 -1.000000000000000000e+00 -1.000000000000000000e+00 -1.000000000000000000e+00 -1.000000000000000000e+00 1.301509999999999991e+03 8.943899999999999864e+02 7.309999999999999831e-01 3.104999999999999982e-01 2.944999999999999840e-01 8.760000000000000009e-01
1.000000000000000000e+01 4.237000000000000000e+03 -1.000000000000000000e+00 -1.000000000000000000e+00 -1.000000000000000000e+00 -1.000000000000000000e+00 -1.000000000000000000e+00 1.302930000000000064e+03 8.957770000000000437e+02 8.589999999999999858e-01 3.435000000000000275e-01 3.459999999999999742e-01 1.000000000000000000e+00
1.100000000000000000e+01 4.232000000000000000e+03 -1.000000000000000000e+00 -1.000000000000000000e+00 -1.000000000000000000e+00 -1.000000000000000000e+00 -1.000000000000000000e+00 1.301828999999999951e+03 8.943179999999999836e+02 6.480000000000000204e-01 3.104999999999999982e-01 2.944999999999999840e-01 8.760000000000000009e-01
1.100000000000000000e+01 4.237000000000000000e+03 -1.000000000000000000e+00 -1.000000000000000000e+00 -1.000000000000000000e+00 -1.000000000000000000e+00 -1.000000000000000000e+00 1.302942000000000007e+03 8.960879999999999654e+02 8.679999999999999938e-01 3.435000000000000275e-01 3.459999999999999742e-01 1.000000000000000000e+00
1.200000000000000000e+01 4.237000000000000000e+03 -1.000000000000000000e+00 -1.000000000000000000e+00 -1.000000000000000000e+00 -1.000000000000000000e+00 -1.000000000000000000e+00 1.302943999999999960e+03 8.960890000000000555e+02 8.770000000000000018e-01 3.435000000000000275e-01 3.459999999999999742e-01 1.000000000000000000e+00
1.300000000000000000e+01 4.237000000000000000e+03 -1.000000000000000000e+00 -1.000000000000000000e+00 -1.000000000000000000e+00 -1.000000000000000000e+00 -1.000000000000000000e+00 1.302990000000000009e+03 8.960259999999999536e+02 8.860000000000000098e-01 3.435000000000000275e-01 3.459999999999999742e-01 1.000000000000000000e+00
1.400000000000000000e+01 4.237000000000000000e+03 -1.000000000000000000e+00 -1.000000000000000000e+00 -1.000000000000000000e+00 -1.000000000000000000e+00 -1.000000000000000000e+00 1.302989000000000033e+03 8.960349999999999682e+02 9.449999999999999512e-01 3.435000000000000275e-01 3.459999999999999742e-01 1.000000000000000000e+00
1.500000000000000000e+01 4.237000000000000000e+03 -1.000000000000000000e+00 -1.000000000000000000e+00 -1.000000000000000000e+00 -1.000000000000000000e+00 -1.000000000000000000e+00 1.303064000000000078e+03 8.960650000000000546e+02 9.040000000000000258e-01 3.435000000000000275e-01 3.459999999999999742e-01 1.000000000000000000e+00
1.600000000000000000e+01 4.237000000000000000e+03 -1.000000000000000000e+00 -1.000000000000000000e+00 -1.000000000000000000e+00 -1.000000000000000000e+00 -1.000000000000000000e+00 1.303032999999999902e+03 8.960789999999999509e+02 8.629999999999999893e-01 3.435000000000000275e-01 3.459999999999999742e-01 1.000000000000000000e+00
1.700000000000000000e+01 4.237000000000000000e+03 -1.000000000000000000e+00 -1.000000000000000000e+00 -1.000000000000000000e+00 -1.000000000000000000e+00 -1.000000000000000000e+00 1.303000999999999976e+03 8.960929999999999609e+02 8.719999999999999973e-01 3.435000000000000275e-01 3.459999999999999742e-01 1.000000000000000000e+00
1.800000000000000000e+01 4.237000000000000000e+03 -1.000000000000000000e+00 -1.000000000000000000e+00 -1.000000000000000000e+00 -1.000000000000000000e+00 -1.000000000000000000e+00 1.302969000000000051e+03 8.961079999999999472e+02 8.810000000000000053e-01 3.435000000000000275e-01 3.459999999999999742e-01 1.000000000000000000e+00
1.900000000000000000e+01 4.237000000000000000e+03 -1.000000000000000000e+00 -1.000000000000000000e+00 -1.000000000000000000e+00 -1.000000000000000000e+00 -1.000000000000000000e+00 1.302938000000000102e+03 8.961240000000000236e+02 8.900000000000000133e-01 3.435000000000000275e-01 3.459999999999999742e-01 1.000000000000000000e+00
2.000000000000000000e+01 4.237000000000000000e+03 -1.000000000000000000e+00 -1.000000000000000000e+00 -1.000000000000000000e+00 -1.000000000000000000e+00 -1.000000000000000000e+00 1.302910000000000082e+03 8.961380000000000337e+02 8.990000000000000213e-01 3.435000000000000275e-01 3.459999999999999742e-01 1.000000000000000000e+00
2.100000000000000000e+01 4.237000000000000000e+03 -1.000000000000000000e+00 -1.000000000000000000e+00 -1.000000000000000000e+00 -1.000000000000000000e+00 -1.000000000000000000e+00 1.302907999999999902e+03 8.961240000000000236e+02 8.990000000000000213e-01 3.435000000000000275e-01 3.459999999999999742e-01 1.000000000000000000e+00
2.200000000000000000e+01 4.237000000000000000e+03 -1.000000000000000000e+00 -1.000000000000000000e+00 -1.000000000000000000e+00 -1.000000000000000000e+00 -1.000000000000000000e+00 1.302905999999999949e+03 8.961100000000000136e+02 8.990000000000000213e-01 3.435000000000000275e-01 3.459999999999999742e-01 1.000000000000000000e+00
2.300000000000000000e+01 4.237000000000000000e+03 -1.000000000000000000e+00 -1.000000000000000000e+00 -1.000000000000000000e+00 -1.000000000000000000e+00 -1.000000000000000000e+00 1.302903000000000020e+03 8.960960000000000036e+02 8.990000000000000213e-01 3.435000000000000275e-01 3.459999999999999742e-01 1.000000000000000000e+00
2.400000000000000000e+01 4.237000000000000000e+03 -1.000000000000000000e+00 -1.000000000000000000e+00 -1.000000000000000000e+00 -1.000000000000000000e+00 -1.000000000000000000e+00 1.302900000000000091e+03 8.960819999999999936e+02 8.990000000000000213e-01 3.435000000000000275e-01 3.459999999999999742e-01 1.000000000000000000e+00
2.500000000000000000e+01 4.237000000000000000e+03 -1.000000000000000000e+00 -1.000000000000000000e+00 -1.000000000000000000e+00 -1.000000000000000000e+00 -1.000000000000000000e+00 1.302896999999999935e+03 8.960679999999999836e+02 8.990000000000000213e-01 3.435000000000000275e-01 3.459999999999999742e-01 1.000000000000000000e+00
2.600000000000000000e+01 4.237000000000000000e+03 -1.000000000000000000e+00 -1.000000000000000000e+00 -1.000000000000000000e+00 -1.000000000000000000e+00 -1.000000000000000000e+00 1.302990999999999985e+03 8.958970000000000482e+02 8.990000000000000213e-01 3.435000000000000275e-01 3.459999999999999742e-01 1.000000000000000000e+00
2.700000000000000000e+01 4.237000000000000000e+03 -1.000000000000000000e+00 -1.000000000000000000e+00 -1.000000000000000000e+00 -1.000000000000000000e+00 -1.000000000000000000e+00 1.302900000000000091e+03 8.958170000000000073e+02 7.489999999999999991e-01 3.435000000000000275e-01 3.459999999999999742e-01 1.000000000000000000e+00
