1.000000000000000000e+00 3.033000000000000000e+03 -1.000000000000000000e+00 -1.000000000000000000e+00 -1.000000000000000000e+00 -1.000000000000000000e+00 -1.000000000000000000e+00 1.795501999999999953e+03 1.162211999999999989e+03 2.456999999999999851e+00 1.693500000000000005e+00 8.212999999999999190e+00 2.116000000000000103e+00
1.000000000000000000e+00 3.039000000000000000e+03 -1.000000000000000000e+00 -1.000000000000000000e+00 -1.000000000000000000e+00 -1.000000000000000000e+00 -1.000000000000000000e+00 1.816346999999999980e+03 1.109231999999999971e+03 2.612000000000000099e+00 1.594999999999999973e+00 8.113500000000000156e+00 1.951999999999999957e+00
2.000000000000000000e+00 3.033000000000000000e+03 -1.000000000000000000e+00 -1.000000000000000000e+00 -1.000000000000000000e+00 -1.000000000000000000e+00 -1.000000000000000000e+00 1.795615999999999985e+03 1.162321999999999889e+03 2.496999999999999886e+00 1.693500000000000005e+00 8.212999999999999190e+00 2.116000000000000103e+00
2.000000000000000000e+00 3.039000000000000000e+03 -1.000000000000000000e+00 -1.000000000000000000e+00 -1.000000000000000000e+00 -1.000000000000000000e+00 -1.000000000000000000e+00 1.816378999999999905e+03 1.109189000000000078e+03 2.529999999999999805e+00 1.594999999999999973e+00 8.113500000000000156e+00 1.951999999999999957e+00
3.000000000000000000e+00 3.033000000000000000e+03 -1.000000000000000000e+00 -1.000000000000000000e+00 -1.000000000000000000e+00 -1.000000000000000000e+00 -1.000000000000000000e+00 1.795567000000000007e+03 1.162273999999999887e+03 2.537999999999999812e+00 1.693500000000000005e+00 8.212999999999999190e+00 2.116000000000000103e+00
3.000000000000000000e+00 3.039000000000000000e+03 -1.000000000000000000e+00 -1.000000000000000000e+00 -1.000000000000000000e+00 -1.000000000000000000e+00 -1.000000000000000000e+00 1.816411000000000058e+03 1.109144999999999982e+03 2.447000000000000064e+00 1.594999999999999973e+00 8.113500000000000156e+00 1.951999999999999957e+00
4.000000000000000000e+00 3.033000000000000000e+03 -1.000000000000000000e+00 -1.000000000000000000e+00 -1.000000000000000000e+00 -1.000000000000000000e+00 -1.000000000000000000e+00 1.795845000000000027e+03 1.162539999999999964e+03 2.579000000000000181e+00 1.693500000000000005e+00 8.212999999999999190e+00 2.116000000000000103e+00
4.000000000000000000e+00 3.039000000000000000e+03 -1.000000000000000000e+00 -1.000000000000000000e+00 -1.000000000000000000e+00 -1.000000000000000000e+00 -1.000000000000000000e+00 1.816470000000000027e+03 1.109054000000000087e+03 2.680000000000000160e+00 1.594999999999999973e+00 8.113500000000000156e+00 1.951999999999999957e+00
5.000000000000000000e+00 3.039000000000000000e+03 -1.000000000000000000e+00 -1.000000000000000000e+00 -1.000000000000000000e+00 -1.000000000000000000e+00 -1.000000000000000000e+00 1.816528999999999996e+03 1.108961999999999989e+03 2.914000000000000146e+00 1.594999999999999973e+00 8.113500000000000156e+00 1.951999999999999957e+00
6.000000000000000000e+00 3.039000000000000000e+03 -1.000000000000000000e+00 -1.000000000000000000e+00 -1.000000000000000000e+00 -1.000000000000000000e+00 -1.000000000000000000e+00 1.816605000000000018e+03 1.109000000000000000e+03 2.855999999999999872e+00 1.594999999999999973e+00 8.113500000000000156e+00 1.951999999999999957e+00
7.000000000000000000e+00 3.039000000000000000e+03 -1.000000000000000000e+00 -1.000000000000000000e+00 -1.000000000000000000e+00 -1.000000000000000000e+00 -1.000000000000000000e+00 1.816682000000000016e+03 1.109037000000000035e+03 2.798000000000000043e+00 1.594999999999999973e+00 8.113500000000000156e+00 1.951999999999999957e+00
8.000000000000000000e+00 3.039000000000000000e+03 -1.000000000000000000e+00 -1.000000000000000000e+00 -1.000000000000000000e+00 -1.000000000000000000e+00 -1.000000000000000000e+00 1.816758000000000038e+03 1.109075000000000045e+03 2.740000000000000213e+00 1.594999999999999973e+00 8.113500000000000156e+00 1.951999999999999957e+00
9.000000000000000000e+00 3.039000000000000000e+03 -1.000000000000000000e+00 -1.000000000000000000e+00 -1.000000000000000000e+00 -1.000000000000000000e+00 -1.000000000000000000e+00 1.816901000000000067e+03 1.108939000000000078e+03 2.774999999999999911e+00 1.594999999999999973e+00 8.113500000000000156e+00 1.951999999999999957e+00
1.000000000000000000e+01 3.039000000000000000e+03 -1.000000000000000000e+00 -1.000000000000000000e+00 -1.000000000000000000e+00 -1.000000000000000000e+00 -1.000000000000000000e+00 1.817020999999999958e+03 1.108825000000000045e+03 2.803999999999999826e+00 1.594999999999999973e+00 8.113500000000000156e+00 1.951999999999999957e+00
1.100000000000000000e+01 3.039000000000000000e+03 -1.000000000000000000e+00 -1.000000000000000000e+00 -1.000000000000000000e+00 -1.000000000000000000e+00 -1.000000000000000000e+00 1.817138999999999896e+03 1.108711000000000013e+03 2.833000000000000185e+00 1.594999999999999973e+00 8.113500000000000156e+00 1.951999999999999957e+00
1.200000000000000000e+01 3.039000000000000000e+03 -1.000000000000000000e+00 -1.000000000000000000e+00 -1.000000000000000000e+00 -1.000000000000000000e+00 -1.000000000000000000e+00 1.817258000000000038e+03 1.108597999999999956e+03 2.861000000000000210e+00 1.594999999999999973e+00 8.113500000000000156e+00 1.951999999999999957e+00
3.900000000000000000e+01 3.107000000000000000e+03 -1.000000000000000000e+00 -1.000000000000000000e+00 -1.000000000000000000e+00 -1.000000000000000000e+00 -1.000000000000000000e+00 1.982375000000000000e+03 1.039112000000000080e+03 2.634999999999999787e+00 1.239999999999999991e+00 6.565000000000000391e+00 1.445500000000000007e+00
4.000000000000000000e+01 3.107000000000000000e+03 -1.000000000000000000e+00 -1.000000000000000000e+00 -1.000000000000000000e+00 -1.000000000000000000e+00 -1.000000000000000000e+00 1.982528999999999996e+03 1.039016000000000076e+03 2.335999999999999854e+00 1.239999999999999991e+00 6.565000000000000391e+00 1.445500000000000007e+00
4.100000000000000000e+01 3.108000000000000000e+03 -1.000000000000000000e+00 -1.000000000000000000e+00 -1.000000000000000000e+00 -1.000000000000000000e+00 -1.000000000000000000e+00 1.985654999999999973e+03 1.041423999999999978e+03 2.031000000000000139e+00 1.104000000000000092e+00 5.111500000000000377e+00 1.654500000000000082e+00
4.100000000000000000e+01 3.107000000000000000e+03 -1.000000000000000000e+00 -1.000000000000000000e+00 -1.000000000000000000e+00 -1.000000000000000000e+00 -1.000000000000000000e+00 1.982499000000000024e+03 1.039140000000000100e+03 1.985999999999999988e+00 1.239999999999999991e+00 6.565000000000000391e+00 1.445500000000000007e+00
