1.000000000000000000e+00 4.108000000000000000e+03 -1.000000000000000000e+00 -1.000000000000000000e+00 -1.000000000000000000e+00 -1.000000000000000000e+00 -1.000000000000000000e+00 1.563471000000000004e+03 1.325262999999999920e+03 1.530999999999999917e+00 1.348000000000000087e+00 2.838499999999999801e+00 1.729000000000000092e+00
1.000000000000000000e+00 4.110000000000000000e+03 -1.000000000000000000e+00 -1.000000000000000000e+00 -1.000000000000000000e+00 -1.000000000000000000e+00 -1.000000000000000000e+00 1.495647999999999911e+03 1.368250000000000000e+03 1.483000000000000096e+00 1.299500000000000099e+00 3.839500000000000135e+00 2.023499999999999854e+00
1.000000000000000000e+00 4.112000000000000000e+03 -1.000000000000000000e+00 -1.000000000000000000e+00 -1.000000000000000000e+00 -1.000000000000000000e+00 -1.000000000000000000e+00 1.503515000000000100e+03 1.387997000000000071e+03 1.411999999999999922e+00 1.127499999999999947e+00 3.293499999999999872e+00 1.072500000000000009e+00
1.000000000000000000e+00 4.118000000000000000e+03 -1.000000000000000000e+00 -1.000000000000000000e+00 -1.000000000000000000e+00 -1.000000000000000000e+00 -1.000000000000000000e+00 1.509973999999999933e+03 1.392483999999999924e+03 1.092999999999999972e+00 9.775000000000000355e-01 2.841499999999999915e+00 9.479999999999999538e-01
1.000000000000000000e+00 4.121000000000000000e+03 -1.000000000000000000e+00 -1.000000000000000000e+00 -1.000000000000000000e+00 -1.000000000000000000e+00 -1.000000000000000000e+00 1.542375999999999976e+03 1.382278999999999996e+03 1.481999999999999984e+00 1.057500000000000107e+00 2.588000000000000078e+00 9.499999999999999556e-01
1.000000000000000000e+00 4.126000000000000000e+03 -1.000000000000000000e+00 -1.000000000000000000e+00 -1.000000000000000000e+00 -1.000000000000000000e+00 -1.000000000000000000e+00 1.529846000000000004e+03 1.382750000000000000e+03 1.092000000000000082e+00 9.899999999999999911e-01 2.882000000000000117e+00 9.409999999999999476e-01
2.000000000000000000e+00 4.110000000000000000e+03 -1.000000000000000000e+00 -1.000000000000000000e+00 -1.000000000000000000e+00 -1.000000000000000000e+00 -1.000000000000000000e+00 1.500670000000000073e+03 1.365675999999999931e+03 1.487000000000000099e+00 1.299500000000000099e+00 3.839500000000000135e+00 2.023499999999999854e+00
2.000000000000000000e+00 4.112000000000000000e+03 -1.000000000000000000e+00 -1.000000000000000000e+00 -1.000000000000000000e+00 -1.000000000000000000e+00 -1.000000000000000000e+00 1.503515000000000100e+03 1.387997000000000071e+03 1.411999999999999922e+00 1.127499999999999947e+00 3.293499999999999872e+00 1.072500000000000009e+00
2.000000000000000000e+00 4.121000000000000000e+03 -1.000000000000000000e+00 -1.000000000000000000e+00 -1.000000000000000000e+00 -1.000000000000000000e+00 -1.000000000000000000e+00 1.542375999999999976e+03 1.382278999999999996e+03 1.483999999999999986e+00 1.057500000000000107e+00 2.588000000000000078e+00 9.499999999999999556e-01
2.000000000000000000e+00 4.126000000000000000e+03 -1.000000000000000000e+00 -1.000000000000000000e+00 -1.000000000000000000e+00 -1.000000000000000000e+00 -1.000000000000000000e+00 1.529853000000000065e+03 1.382746000000000095e+03 1.127999999999999892e+00 9.899999999999999911e-01 2.882000000000000117e+00 9.409999999999999476e-01
2.000000000000000000e+00 4.118000000000000000e+03 -1.000000000000000000e+00 -1.000000000000000000e+00 -1.000000000000000000e+00 -1.000000000000000000e+00 -1.000000000000000000e+00 1.509973999999999933e+03 1.392483999999999924e+03 1.092999999999999972e+00 9.775000000000000355e-01 2.841499999999999915e+00 9.479999999999999538e-01
3.000000000000000000e+00 4.110000000000000000e+03 -1.000000000000000000e+00 -1.000000000000000000e+00 -1.000000000000000000e+00 -1.000000000000000000e+00 -1.000000000000000000e+00 1.506191000000000031e+03 1.362845000000000027e+03 1.489999999999999991e+00 1.299500000000000099e+00 3.839500000000000135e+00 2.023499999999999854e+00
3.000000000000000000e+00 4.112000000000000000e+03 -1.000000000000000000e+00 -1.000000000000000000e+00 -1.000000000000000000e+00 -1.000000000000000000e+00 -1.000000000000000000e+00 1.503515000000000100e+03 1.387997000000000071e+03 1.411999999999999922e+00 1.127499999999999947e+00 3.293499999999999872e+00 1.072500000000000009e+00
3.000000000000000000e+00 4.121000000000000000e+03 -1.000000000000000000e+00 -1.000000000000000000e+00 -1.000000000000000000e+00 -1.000000000000000000e+00 -1.000000000000000000e+00 1.542375999999999976e+03 1.382278999999999996e+03 1.485999999999999988e+00 1.057500000000000107e+00 2.588000000000000078e+00 9.499999999999999556e-01
3.000000000000000000e+00 4.126000000000000000e+03 -1.000000000000000000e+00 -1.000000000000000000e+00 -1.000000000000000000e+00 -1.000000000000000000e+00 -1.000000000000000000e+00 1.529861000000000104e+03 1.382741999999999962e+03 1.167000000000000037e+00 9.899999999999999911e-01 2.882000000000000117e+00 9.409999999999999476e-01
3.000000000000000000e+00 4.118000000000000000e+03 -1.000000000000000000e+00 -1.000000000000000000e+00 -1.000000000000000000e+00 -1.000000000000000000e+00 -1.000000000000000000e+00 1.509973999999999933e+03 1.392483999999999924e+03 1.092999999999999972e+00 9.775000000000000355e-01 2.841499999999999915e+00 9.479999999999999538e-01
4.000000000000000000e+00 4.110000000000000000e+03 -1.000000000000000000e+00 -1.000000000000000000e+00 -1.000000000000000000e+00 -1.000000000000000000e+00 -1.000000000000000000e+00 1.510708000000000084e+03 1.360528999999999996e+03 1.493000000000000105e+00 1.299500000000000099e+00 3.839500000000000135e+00 2.023499999999999854e+00
4.000000000000000000e+00 4.112000000000000000e+03 -1.000000000000000000e+00 -1.000000000000000000e+00 -1.000000000000000000e+00 -1.000000000000000000e+00 -1.000000000000000000e+00 1.503515000000000100e+03 1.387997000000000071e+03 1.411999999999999922e+00 1.127499999999999947e+00 3.293499999999999872e+00 1.072500000000000009e+00
4.000000000000000000e+00 4.126000000000000000e+03 -1.000000000000000000e+00 -1.000000000000000000e+00 -1.000000000000000000e+00 -1.000000000000000000e+00 -1.000000000000000000e+00 1.529867999999999938e+03 1.382739000000000033e+03 1.199000000000000066e+00 9.899999999999999911e-01 2.882000000000000117e+00 9.409999999999999476e-01
4.000000000000000000e+00 4.118000000000000000e+03 -1.000000000000000000e+00 -1.000000000000000000e+00 -1.000000000000000000e+00 -1.000000000000000000e+00 -1.000000000000000000e+00 1.509973999999999933e+03 1.392483999999999924e+03 1.092999999999999972e+00 9.775000000000000355e-01 2.841499999999999915e+00 9.479999999999999538e-01
4.000000000000000000e+00 4.121000000000000000e+03 -1.000000000000000000e+00 -1.000000000000000000e+00 -1.000000000000000000e+00 -1.000000000000000000e+00 -1.000000000000000000e+00 1.542375999999999976e+03 1.382278999999999996e+03 1.489783971579473398e+00 1.057500000000000107e+00 2.588000000000000078e+00 9.499999999999999556e-01
5.000000000000000000e+00 4.110000000000000000e+03 -1.000000000000000000e+00 -1.000000000000000000e+00 -1.000000000000000000e+00 -1.000000000000000000e+00 -1.000000000000000000e+00 1.514724999999999909e+03 1.358470000000000027e+03 1.495000000000000107e+00 1.299500000000000099e+00 3.839500000000000135e+00 2.023499999999999854e+00
5.000000000000000000e+00 4.112000000000000000e+03 -1.000000000000000000e+00 -1.000000000000000000e+00 -1.000000000000000000e+00 -1.000000000000000000e+00 -1.000000000000000000e+00 1.503529999999999973e+03 1.387996000000000095e+03 1.387999999999999901e+00 1.127499999999999947e+00 3.293499999999999872e+00 1.072500000000000009e+00
5.000000000000000000e+00 4.118000000000000000e+03 -1.000000000000000000e+00 -1.000000000000000000e+00 -1.000000000000000000e+00 -1.000000000000000000e+00 -1.000000000000000000e+00 1.509973999999999933e+03 1.392483999999999924e+03 1.092999999999999972e+00 9.775000000000000355e-01 2.841499999999999915e+00 9.479999999999999538e-01
5.000000000000000000e+00 4.126000000000000000e+03 -1.000000000000000000e+00 -1.000000000000000000e+00 -1.000000000000000000e+00 -1.000000000000000000e+00 -1.000000000000000000e+00 1.529873000000000047e+03 1.382736000000000104e+03 1.227999999999999980e+00 9.899999999999999911e-01 2.882000000000000117e+00 9.409999999999999476e-01
5.000000000000000000e+00 4.121000000000000000e+03 -1.000000000000000000e+00 -1.000000000000000000e+00 -1.000000000000000000e+00 -1.000000000000000000e+00 -1.000000000000000000e+00 1.542375999999999976e+03 1.382278999999999996e+03 1.488702416555226948e+00 1.057500000000000107e+00 2.588000000000000078e+00 9.499999999999999556e-01
6.000000000000000000e+00 4.110000000000000000e+03 -1.000000000000000000e+00 -1.000000000000000000e+00 -1.000000000000000000e+00 -1.000000000000000000e+00 -1.000000000000000000e+00 1.519747000000000071e+03 1.355894999999999982e+03 1.497999999999999998e+00 1.299500000000000099e+00 3.839500000000000135e+00 2.023499999999999854e+00
6.000000000000000000e+00 4.112000000000000000e+03 -1.000000000000000000e+00 -1.000000000000000000e+00 -1.000000000000000000e+00 -1.000000000000000000e+00 -1.000000000000000000e+00 1.503548000000000002e+03 1.387993999999999915e+03 1.358000000000000096e+00 1.127499999999999947e+00 3.293499999999999872e+00 1.072500000000000009e+00
6.000000000000000000e+00 4.118000000000000000e+03 -1.000000000000000000e+00 -1.000000000000000000e+00 -1.000000000000000000e+00 -1.000000000000000000e+00 -1.000000000000000000e+00 1.509973999999999933e+03 1.392483999999999924e+03 1.092999999999999972e+00 9.775000000000000355e-01 2.841499999999999915e+00 9.479999999999999538e-01
6.000000000000000000e+00 4.126000000000000000e+03 -1.000000000000000000e+00 -1.000000000000000000e+00 -1.000000000000000000e+00 -1.000000000000000000e+00 -1.000000000000000000e+00 1.529881000000000085e+03 1.382731999999999971e+03 1.262999999999999901e+00 9.899999999999999911e-01 2.882000000000000117e+00 9.409999999999999476e-01
6.000000000000000000e+00 4.121000000000000000e+03 -1.000000000000000000e+00 -1.000000000000000000e+00 -1.000000000000000000e+00 -1.000000000000000000e+00 -1.000000000000000000e+00 1.542375999999999976e+03 1.382278999999999996e+03 1.487350447785387164e+00 1.057500000000000107e+00 2.588000000000000078e+00 9.499999999999999556e-01
7.000000000000000000e+00 4.110000000000000000e+03 -1.000000000000000000e+00 -1.000000000000000000e+00 -1.000000000000000000e+00 -1.000000000000000000e+00 -1.000000000000000000e+00 1.524763999999999896e+03 1.353323000000000093e+03 1.758000000000000007e+00 1.299500000000000099e+00 3.839500000000000135e+00 2.023499999999999854e+00
7.000000000000000000e+00 4.112000000000000000e+03 -1.000000000000000000e+00 -1.000000000000000000e+00 -1.000000000000000000e+00 -1.000000000000000000e+00 -1.000000000000000000e+00 1.503565000000000055e+03 1.387992999999999938e+03 1.326999999999999957e+00 1.127499999999999947e+00 3.293499999999999872e+00 1.072500000000000009e+00
7.000000000000000000e+00 4.134000000000000000e+03 -1.000000000000000000e+00 -1.000000000000000000e+00 -1.000000000000000000e+00 -1.000000000000000000e+00 -1.000000000000000000e+00 1.503554000000000087e+03 1.405134999999999991e+03 1.110000000000000098e+00 9.659999999999999698e-01 2.310500000000000220e+00 9.699999999999999734e-01
7.000000000000000000e+00 4.118000000000000000e+03 -1.000000000000000000e+00 -1.000000000000000000e+00 -1.000000000000000000e+00 -1.000000000000000000e+00 -1.000000000000000000e+00 1.509973999999999933e+03 1.392483999999999924e+03 1.092999999999999972e+00 9.775000000000000355e-01 2.841499999999999915e+00 9.479999999999999538e-01
7.000000000000000000e+00 4.121000000000000000e+03 -1.000000000000000000e+00 -1.000000000000000000e+00 -1.000000000000000000e+00 -1.000000000000000000e+00 -1.000000000000000000e+00 1.542375999999999976e+03 1.382278999999999996e+03 1.491000000000000103e+00 1.057500000000000107e+00 2.588000000000000078e+00 9.499999999999999556e-01
7.000000000000000000e+00 4.126000000000000000e+03 -1.000000000000000000e+00 -1.000000000000000000e+00 -1.000000000000000000e+00 -1.000000000000000000e+00 -1.000000000000000000e+00 1.529887999999999920e+03 1.382729000000000042e+03 1.298999999999999932e+00 9.899999999999999911e-01 2.882000000000000117e+00 9.409999999999999476e-01
8.000000000000000000e+00 4.110000000000000000e+03 -1.000000000000000000e+00 -1.000000000000000000e+00 -1.000000000000000000e+00 -1.000000000000000000e+00 -1.000000000000000000e+00 1.529785000000000082e+03 1.350749000000000024e+03 2.017999999999999794e+00 1.299500000000000099e+00 3.839500000000000135e+00 2.023499999999999854e+00
8.000000000000000000e+00 4.112000000000000000e+03 -1.000000000000000000e+00 -1.000000000000000000e+00 -1.000000000000000000e+00 -1.000000000000000000e+00 -1.000000000000000000e+00 1.503583000000000084e+03 1.387991999999999962e+03 1.296999999999999931e+00 1.127499999999999947e+00 3.293499999999999872e+00 1.072500000000000009e+00
8.000000000000000000e+00 4.134000000000000000e+03 -1.000000000000000000e+00 -1.000000000000000000e+00 -1.000000000000000000e+00 -1.000000000000000000e+00 -1.000000000000000000e+00 1.503554000000000087e+03 1.405134999999999991e+03 1.110000000000000098e+00 9.659999999999999698e-01 2.310500000000000220e+00 9.699999999999999734e-01
8.000000000000000000e+00 4.118000000000000000e+03 -1.000000000000000000e+00 -1.000000000000000000e+00 -1.000000000000000000e+00 -1.000000000000000000e+00 -1.000000000000000000e+00 1.509973999999999933e+03 1.392483999999999924e+03 1.092999999999999972e+00 9.775000000000000355e-01 2.841499999999999915e+00 9.479999999999999538e-01
8.000000000000000000e+00 4.121000000000000000e+03 -1.000000000000000000e+00 -1.000000000000000000e+00 -1.000000000000000000e+00 -1.000000000000000000e+00 -1.000000000000000000e+00 1.542375999999999976e+03 1.382278999999999996e+03 1.493000000000000105e+00 1.057500000000000107e+00 2.588000000000000078e+00 9.499999999999999556e-01
8.000000000000000000e+00 4.126000000000000000e+03 -1.000000000000000000e+00 -1.000000000000000000e+00 -1.000000000000000000e+00 -1.000000000000000000e+00 -1.000000000000000000e+00 1.529894999999999982e+03 1.382724999999999909e+03 1.334999999999999964e+00 9.899999999999999911e-01 2.882000000000000117e+00 9.409999999999999476e-01
9.000000000000000000e+00 4.110000000000000000e+03 -1.000000000000000000e+00 -1.000000000000000000e+00 -1.000000000000000000e+00 -1.000000000000000000e+00 -1.000000000000000000e+00 1.534726000000000113e+03 1.348037000000000035e+03 2.278000000000000025e+00 1.299500000000000099e+00 3.839500000000000135e+00 2.023499999999999854e+00
9.000000000000000000e+00 4.112000000000000000e+03 -1.000000000000000000e+00 -1.000000000000000000e+00 -1.000000000000000000e+00 -1.000000000000000000e+00 -1.000000000000000000e+00 1.503601000000000113e+03 1.387990000000000009e+03 1.266999999999999904e+00 1.127499999999999947e+00 3.293499999999999872e+00 1.072500000000000009e+00
9.000000000000000000e+00 4.134000000000000000e+03 -1.000000000000000000e+00 -1.000000000000000000e+00 -1.000000000000000000e+00 -1.000000000000000000e+00 -1.000000000000000000e+00 1.503554000000000087e+03 1.405134999999999991e+03 1.110000000000000098e+00 9.659999999999999698e-01 2.310500000000000220e+00 9.699999999999999734e-01
9.000000000000000000e+00 4.118000000000000000e+03 -1.000000000000000000e+00 -1.000000000000000000e+00 -1.000000000000000000e+00 -1.000000000000000000e+00 -1.000000000000000000e+00 1.509973999999999933e+03 1.392483999999999924e+03 1.092999999999999972e+00 9.775000000000000355e-01 2.841499999999999915e+00 9.479999999999999538e-01
9.000000000000000000e+00 4.121000000000000000e+03 -1.000000000000000000e+00 -1.000000000000000000e+00 -1.000000000000000000e+00 -1.000000000000000000e+00 -1.000000000000000000e+00 1.542375999999999976e+03 1.382278999999999996e+03 1.493999999999999995e+00 1.057500000000000107e+00 2.588000000000000078e+00 9.499999999999999556e-01
9.000000000000000000e+00 4.126000000000000000e+03 -1.000000000000000000e+00 -1.000000000000000000e+00 -1.000000000000000000e+00 -1.000000000000000000e+00 -1.000000000000000000e+00 1.529902000000000044e+03 1.382721000000000004e+03 1.370000000000000107e+00 9.899999999999999911e-01 2.882000000000000117e+00 9.409999999999999476e-01
1.000000000000000000e+01 4.110000000000000000e+03 -1.000000000000000000e+00 -1.000000000000000000e+00 -1.000000000000000000e+00 -1.000000000000000000e+00 -1.000000000000000000e+00 1.539673000000000002e+03 1.345323000000000093e+03 2.539000000000000146e+00 1.299500000000000099e+00 3.839500000000000135e+00 2.023499999999999854e+00
1.000000000000000000e+01 4.112000000000000000e+03 -1.000000000000000000e+00 -1.000000000000000000e+00 -1.000000000000000000e+00 -1.000000000000000000e+00 -1.000000000000000000e+00 1.503618999999999915e+03 1.387989000000000033e+03 1.237000000000000099e+00 1.127499999999999947e+00 3.293499999999999872e+00 1.072500000000000009e+00
1.000000000000000000e+01 4.134000000000000000e+03 -1.000000000000000000e+00 -1.000000000000000000e+00 -1.000000000000000000e+00 -1.000000000000000000e+00 -1.000000000000000000e+00 1.503554000000000087e+03 1.405134999999999991e+03 1.110000000000000098e+00 9.659999999999999698e-01 2.310500000000000220e+00 9.699999999999999734e-01
1.000000000000000000e+01 4.118000000000000000e+03 -1.000000000000000000e+00 -1.000000000000000000e+00 -1.000000000000000000e+00 -1.000000000000000000e+00 -1.000000000000000000e+00 1.509973999999999933e+03 1.392483999999999924e+03 1.092999999999999972e+00 9.775000000000000355e-01 2.841499999999999915e+00 9.479999999999999538e-01
1.000000000000000000e+01 4.121000000000000000e+03 -1.000000000000000000e+00 -1.000000000000000000e+00 -1.000000000000000000e+00 -1.000000000000000000e+00 -1.000000000000000000e+00 1.542377999999999929e+03 1.382269999999999982e+03 1.493999999999999995e+00 1.057500000000000107e+00 2.588000000000000078e+00 9.499999999999999556e-01
1.000000000000000000e+01 4.126000000000000000e+03 -1.000000000000000000e+00 -1.000000000000000000e+00 -1.000000000000000000e+00 -1.000000000000000000e+00 -1.000000000000000000e+00 1.529910000000000082e+03 1.382718000000000075e+03 1.405999999999999917e+00 9.899999999999999911e-01 2.882000000000000117e+00 9.409999999999999476e-01
1.100000000000000000e+01 4.110000000000000000e+03 -1.000000000000000000e+00 -1.000000000000000000e+00 -1.000000000000000000e+00 -1.000000000000000000e+00 -1.000000000000000000e+00 1.544614000000000033e+03 1.342612000000000080e+03 2.798999999999999932e+00 1.299500000000000099e+00 3.839500000000000135e+00 2.023499999999999854e+00
1.100000000000000000e+01 4.112000000000000000e+03 -1.000000000000000000e+00 -1.000000000000000000e+00 -1.000000000000000000e+00 -1.000000000000000000e+00 -1.000000000000000000e+00 1.503613000000000056e+03 1.387981999999999971e+03 1.169999999999999929e+00 1.127499999999999947e+00 3.293499999999999872e+00 1.072500000000000009e+00
1.100000000000000000e+01 4.134000000000000000e+03 -1.000000000000000000e+00 -1.000000000000000000e+00 -1.000000000000000000e+00 -1.000000000000000000e+00 -1.000000000000000000e+00 1.503554000000000087e+03 1.405134999999999991e+03 1.110000000000000098e+00 9.659999999999999698e-01 2.310500000000000220e+00 9.699999999999999734e-01
1.100000000000000000e+01 4.118000000000000000e+03 -1.000000000000000000e+00 -1.000000000000000000e+00 -1.000000000000000000e+00 -1.000000000000000000e+00 -1.000000000000000000e+00 1.509962999999999965e+03 1.392497000000000071e+03 1.173999999999999932e+00 9.775000000000000355e-01 2.841499999999999915e+00 9.479999999999999538e-01
1.100000000000000000e+01 4.121000000000000000e+03 -1.000000000000000000e+00 -1.000000000000000000e+00 -1.000000000000000000e+00 -1.000000000000000000e+00 -1.000000000000000000e+00 1.542378999999999905e+03 1.382261999999999944e+03 1.493999999999999995e+00 1.057500000000000107e+00 2.588000000000000078e+00 9.499999999999999556e-01
1.100000000000000000e+01 4.126000000000000000e+03 -1.000000000000000000e+00 -1.000000000000000000e+00 -1.000000000000000000e+00 -1.000000000000000000e+00 -1.000000000000000000e+00 1.529916999999999916e+03 1.382713999999999942e+03 1.441999999999999948e+00 9.899999999999999911e-01 2.882000000000000117e+00 9.409999999999999476e-01
1.200000000000000000e+01 4.110000000000000000e+03 -1.000000000000000000e+00 -1.000000000000000000e+00 -1.000000000000000000e+00 -1.000000000000000000e+00 -1.000000000000000000e+00 1.549556000000000040e+03 1.339900000000000091e+03 3.059000000000000163e+00 1.299500000000000099e+00 3.839500000000000135e+00 2.023499999999999854e+00
1.200000000000000000e+01 4.112000000000000000e+03 -1.000000000000000000e+00 -1.000000000000000000e+00 -1.000000000000000000e+00 -1.000000000000000000e+00 -1.000000000000000000e+00 1.503606999999999971e+03 1.387973999999999933e+03 1.104000000000000092e+00 1.127499999999999947e+00 3.293499999999999872e+00 1.072500000000000009e+00
1.200000000000000000e+01 4.134000000000000000e+03 -1.000000000000000000e+00 -1.000000000000000000e+00 -1.000000000000000000e+00 -1.000000000000000000e+00 -1.000000000000000000e+00 1.503554000000000087e+03 1.405134999999999991e+03 1.110000000000000098e+00 9.659999999999999698e-01 2.310500000000000220e+00 9.699999999999999734e-01
1.200000000000000000e+01 4.118000000000000000e+03 -1.000000000000000000e+00 -1.000000000000000000e+00 -1.000000000000000000e+00 -1.000000000000000000e+00 -1.000000000000000000e+00 1.509952999999999975e+03 1.392510999999999967e+03 1.254999999999999893e+00 9.775000000000000355e-01 2.841499999999999915e+00 9.479999999999999538e-01
1.200000000000000000e+01 4.121000000000000000e+03 -1.000000000000000000e+00 -1.000000000000000000e+00 -1.000000000000000000e+00 -1.000000000000000000e+00 -1.000000000000000000e+00 1.542381000000000085e+03 1.382253999999999905e+03 1.493999999999999995e+00 1.057500000000000107e+00 2.588000000000000078e+00 9.499999999999999556e-01
1.200000000000000000e+01 4.126000000000000000e+03 -1.000000000000000000e+00 -1.000000000000000000e+00 -1.000000000000000000e+00 -1.000000000000000000e+00 -1.000000000000000000e+00 1.529912000000000035e+03 1.382717000000000098e+03 1.415999999999999925e+00 9.899999999999999911e-01 2.882000000000000117e+00 9.409999999999999476e-01
1.300000000000000000e+01 4.112000000000000000e+03 -1.000000000000000000e+00 -1.000000000000000000e+00 -1.000000000000000000e+00 -1.000000000000000000e+00 -1.000000000000000000e+00 1.503602000000000089e+03 1.387967000000000098e+03 1.495000000000000107e+00 1.127499999999999947e+00 3.293499999999999872e+00 1.072500000000000009e+00
1.300000000000000000e+01 4.134000000000000000e+03 -1.000000000000000000e+00 -1.000000000000000000e+00 -1.000000000000000000e+00 -1.000000000000000000e+00 -1.000000000000000000e+00 1.503554000000000087e+03 1.405134999999999991e+03 1.110000000000000098e+00 9.659999999999999698e-01 2.310500000000000220e+00 9.699999999999999734e-01
1.300000000000000000e+01 4.118000000000000000e+03 -1.000000000000000000e+00 -1.000000000000000000e+00 -1.000000000000000000e+00 -1.000000000000000000e+00 -1.000000000000000000e+00 1.509942000000000007e+03 1.392525000000000091e+03 1.336000000000000076e+00 9.775000000000000355e-01 2.841499999999999915e+00 9.479999999999999538e-01
1.300000000000000000e+01 4.121000000000000000e+03 -1.000000000000000000e+00 -1.000000000000000000e+00 -1.000000000000000000e+00 -1.000000000000000000e+00 -1.000000000000000000e+00 1.542382000000000062e+03 1.382246000000000095e+03 1.493999999999999995e+00 1.057500000000000107e+00 2.588000000000000078e+00 9.499999999999999556e-01
1.300000000000000000e+01 4.126000000000000000e+03 -1.000000000000000000e+00 -1.000000000000000000e+00 -1.000000000000000000e+00 -1.000000000000000000e+00 -1.000000000000000000e+00 1.529905999999999949e+03 1.382719000000000051e+03 1.391000000000000014e+00 9.899999999999999911e-01 2.882000000000000117e+00 9.409999999999999476e-01
1.400000000000000000e+01 4.112000000000000000e+03 -1.000000000000000000e+00 -1.000000000000000000e+00 -1.000000000000000000e+00 -1.000000000000000000e+00 -1.000000000000000000e+00 1.503596999999999980e+03 1.387961000000000013e+03 1.558999999999999941e+00 1.127499999999999947e+00 3.293499999999999872e+00 1.072500000000000009e+00
1.400000000000000000e+01 4.118000000000000000e+03 -1.000000000000000000e+00 -1.000000000000000000e+00 -1.000000000000000000e+00 -1.000000000000000000e+00 -1.000000000000000000e+00 1.509933999999999969e+03 1.392536000000000058e+03 1.401000000000000023e+00 9.775000000000000355e-01 2.841499999999999915e+00 9.479999999999999538e-01
1.400000000000000000e+01 4.126000000000000000e+03 -1.000000000000000000e+00 -1.000000000000000000e+00 -1.000000000000000000e+00 -1.000000000000000000e+00 -1.000000000000000000e+00 1.529902000000000044e+03 1.382721000000000004e+03 1.370000000000000107e+00 9.899999999999999911e-01 2.882000000000000117e+00 9.409999999999999476e-01
1.400000000000000000e+01 4.121000000000000000e+03 -1.000000000000000000e+00 -1.000000000000000000e+00 -1.000000000000000000e+00 -1.000000000000000000e+00 -1.000000000000000000e+00 1.542388667411170218e+03 1.382212662944149542e+03 1.493999999999999995e+00 1.057500000000000107e+00 2.588000000000000078e+00 9.499999999999999556e-01
1.500000000000000000e+01 4.112000000000000000e+03 -1.000000000000000000e+00 -1.000000000000000000e+00 -1.000000000000000000e+00 -1.000000000000000000e+00 -1.000000000000000000e+00 1.503590999999999894e+03 1.387953999999999951e+03 1.639000000000000012e+00 1.127499999999999947e+00 3.293499999999999872e+00 1.072500000000000009e+00
1.500000000000000000e+01 4.118000000000000000e+03 -1.000000000000000000e+00 -1.000000000000000000e+00 -1.000000000000000000e+00 -1.000000000000000000e+00 -1.000000000000000000e+00 1.509935999999999922e+03 1.392531999999999925e+03 1.379999999999999893e+00 9.775000000000000355e-01 2.841499999999999915e+00 9.479999999999999538e-01
1.500000000000000000e+01 4.126000000000000000e+03 -1.000000000000000000e+00 -1.000000000000000000e+00 -1.000000000000000000e+00 -1.000000000000000000e+00 -1.000000000000000000e+00 1.529896999999999935e+03 1.382723999999999933e+03 1.344999999999999973e+00 9.899999999999999911e-01 2.882000000000000117e+00 9.409999999999999476e-01
1.500000000000000000e+01 4.121000000000000000e+03 -1.000000000000000000e+00 -1.000000000000000000e+00 -1.000000000000000000e+00 -1.000000000000000000e+00 -1.000000000000000000e+00 1.542387002862726604e+03 1.382220985686366930e+03 1.493999999999999995e+00 1.057500000000000107e+00 2.588000000000000078e+00 9.499999999999999556e-01
1.600000000000000000e+01 4.112000000000000000e+03 -1.000000000000000000e+00 -1.000000000000000000e+00 -1.000000000000000000e+00 -1.000000000000000000e+00 -1.000000000000000000e+00 1.503597999999999956e+03 1.387950000000000045e+03 1.645000000000000018e+00 1.127499999999999947e+00 3.293499999999999872e+00 1.072500000000000009e+00
1.600000000000000000e+01 4.118000000000000000e+03 -1.000000000000000000e+00 -1.000000000000000000e+00 -1.000000000000000000e+00 -1.000000000000000000e+00 -1.000000000000000000e+00 1.509939000000000078e+03 1.392528999999999996e+03 1.360000000000000098e+00 9.775000000000000355e-01 2.841499999999999915e+00 9.479999999999999538e-01
1.600000000000000000e+01 4.126000000000000000e+03 -1.000000000000000000e+00 -1.000000000000000000e+00 -1.000000000000000000e+00 -1.000000000000000000e+00 -1.000000000000000000e+00 1.529892000000000053e+03 1.382727000000000089e+03 1.318999999999999950e+00 9.899999999999999911e-01 2.882000000000000117e+00 9.409999999999999476e-01
1.600000000000000000e+01 4.121000000000000000e+03 -1.000000000000000000e+00 -1.000000000000000000e+00 -1.000000000000000000e+00 -1.000000000000000000e+00 -1.000000000000000000e+00 1.542385336440801666e+03 1.382229317795992301e+03 1.493999999999999995e+00 1.057500000000000107e+00 2.588000000000000078e+00 9.499999999999999556e-01
1.700000000000000000e+01 4.112000000000000000e+03 -1.000000000000000000e+00 -1.000000000000000000e+00 -1.000000000000000000e+00 -1.000000000000000000e+00 -1.000000000000000000e+00 1.503605999999999995e+03 1.387945999999999913e+03 1.651000000000000023e+00 1.127499999999999947e+00 3.293499999999999872e+00 1.072500000000000009e+00
1.700000000000000000e+01 4.148000000000000000e+03 -1.000000000000000000e+00 -1.000000000000000000e+00 -1.000000000000000000e+00 -1.000000000000000000e+00 -1.000000000000000000e+00 1.479365999999999985e+03 1.315606999999999971e+03 8.329999999999999627e-01 9.104999999999999760e-01 2.770500000000000185e+00 9.070000000000000284e-01
1.700000000000000000e+01 4.118000000000000000e+03 -1.000000000000000000e+00 -1.000000000000000000e+00 -1.000000000000000000e+00 -1.000000000000000000e+00 -1.000000000000000000e+00 1.509942000000000007e+03 1.392525000000000091e+03 1.338999999999999968e+00 9.775000000000000355e-01 2.841499999999999915e+00 9.479999999999999538e-01
1.700000000000000000e+01 4.126000000000000000e+03 -1.000000000000000000e+00 -1.000000000000000000e+00 -1.000000000000000000e+00 -1.000000000000000000e+00 -1.000000000000000000e+00 1.529886999999999944e+03 1.382729000000000042e+03 1.294000000000000039e+00 9.899999999999999911e-01 2.882000000000000117e+00 9.409999999999999476e-01
1.700000000000000000e+01 4.121000000000000000e+03 -1.000000000000000000e+00 -1.000000000000000000e+00 -1.000000000000000000e+00 -1.000000000000000000e+00 -1.000000000000000000e+00 1.542383668222067627e+03 1.382237658889662043e+03 1.493999999999999995e+00 1.057500000000000107e+00 2.588000000000000078e+00 9.499999999999999556e-01
1.800000000000000000e+01 4.112000000000000000e+03 -1.000000000000000000e+00 -1.000000000000000000e+00 -1.000000000000000000e+00 -1.000000000000000000e+00 -1.000000000000000000e+00 1.503613000000000056e+03 1.387942000000000007e+03 1.657999999999999918e+00 1.127499999999999947e+00 3.293499999999999872e+00 1.072500000000000009e+00
1.800000000000000000e+01 4.148000000000000000e+03 -1.000000000000000000e+00 -1.000000000000000000e+00 -1.000000000000000000e+00 -1.000000000000000000e+00 -1.000000000000000000e+00 1.479365999999999985e+03 1.315606999999999971e+03 8.329999999999999627e-01 9.104999999999999760e-01 2.770500000000000185e+00 9.070000000000000284e-01
1.800000000000000000e+01 4.118000000000000000e+03 -1.000000000000000000e+00 -1.000000000000000000e+00 -1.000000000000000000e+00 -1.000000000000000000e+00 -1.000000000000000000e+00 1.509943999999999960e+03 1.392521999999999935e+03 1.318999999999999950e+00 9.775000000000000355e-01 2.841499999999999915e+00 9.479999999999999538e-01
1.800000000000000000e+01 4.121000000000000000e+03 -1.000000000000000000e+00 -1.000000000000000000e+00 -1.000000000000000000e+00 -1.000000000000000000e+00 -1.000000000000000000e+00 1.542390000000000100e+03 1.382205999999999904e+03 1.493999999999999995e+00 1.057500000000000107e+00 2.588000000000000078e+00 9.499999999999999556e-01
1.800000000000000000e+01 4.126000000000000000e+03 -1.000000000000000000e+00 -1.000000000000000000e+00 -1.000000000000000000e+00 -1.000000000000000000e+00 -1.000000000000000000e+00 1.529882000000000062e+03 1.382731999999999971e+03 1.268000000000000016e+00 9.899999999999999911e-01 2.882000000000000117e+00 9.409999999999999476e-01
1.900000000000000000e+01 4.112000000000000000e+03 -1.000000000000000000e+00 -1.000000000000000000e+00 -1.000000000000000000e+00 -1.000000000000000000e+00 -1.000000000000000000e+00 1.503618999999999915e+03 1.387938000000000102e+03 1.663000000000000034e+00 1.127499999999999947e+00 3.293499999999999872e+00 1.072500000000000009e+00
1.900000000000000000e+01 4.148000000000000000e+03 -1.000000000000000000e+00 -1.000000000000000000e+00 -1.000000000000000000e+00 -1.000000000000000000e+00 -1.000000000000000000e+00 1.479365999999999985e+03 1.315606999999999971e+03 8.329999999999999627e-01 9.104999999999999760e-01 2.770500000000000185e+00 9.070000000000000284e-01
1.900000000000000000e+01 4.118000000000000000e+03 -1.000000000000000000e+00 -1.000000000000000000e+00 -1.000000000000000000e+00 -1.000000000000000000e+00 -1.000000000000000000e+00 1.509946999999999889e+03 1.392519000000000005e+03 1.300000000000000044e+00 9.775000000000000355e-01 2.841499999999999915e+00 9.479999999999999538e-01
1.900000000000000000e+01 4.126000000000000000e+03 -1.000000000000000000e+00 -1.000000000000000000e+00 -1.000000000000000000e+00 -1.000000000000000000e+00 -1.000000000000000000e+00 1.529876999999999953e+03 1.382733999999999924e+03 1.245000000000000107e+00 9.899999999999999911e-01 2.882000000000000117e+00 9.409999999999999476e-01
2.000000000000000000e+01 4.112000000000000000e+03 -1.000000000000000000e+00 -1.000000000000000000e+00 -1.000000000000000000e+00 -1.000000000000000000e+00 -1.000000000000000000e+00 1.503626999999999953e+03 1.387933999999999969e+03 1.669999999999999929e+00 1.127499999999999947e+00 3.293499999999999872e+00 1.072500000000000009e+00
2.000000000000000000e+01 4.148000000000000000e+03 -1.000000000000000000e+00 -1.000000000000000000e+00 -1.000000000000000000e+00 -1.000000000000000000e+00 -1.000000000000000000e+00 1.479365999999999985e+03 1.315606999999999971e+03 8.329999999999999627e-01 9.104999999999999760e-01 2.770500000000000185e+00 9.070000000000000284e-01
2.000000000000000000e+01 4.118000000000000000e+03 -1.000000000000000000e+00 -1.000000000000000000e+00 -1.000000000000000000e+00 -1.000000000000000000e+00 -1.000000000000000000e+00 1.509950000000000045e+03 1.392515000000000100e+03 1.278000000000000025e+00 9.775000000000000355e-01 2.841499999999999915e+00 9.479999999999999538e-01
2.000000000000000000e+01 4.126000000000000000e+03 -1.000000000000000000e+00 -1.000000000000000000e+00 -1.000000000000000000e+00 -1.000000000000000000e+00 -1.000000000000000000e+00 1.529871000000000095e+03 1.382737000000000080e+03 1.217000000000000082e+00 9.899999999999999911e-01 2.882000000000000117e+00 9.409999999999999476e-01
2.100000000000000000e+01 4.112000000000000000e+03 -1.000000000000000000e+00 -1.000000000000000000e+00 -1.000000000000000000e+00 -1.000000000000000000e+00 -1.000000000000000000e+00 1.503633000000000038e+03 1.387930000000000064e+03 1.675000000000000044e+00 1.127499999999999947e+00 3.293499999999999872e+00 1.072500000000000009e+00
2.100000000000000000e+01 4.148000000000000000e+03 -1.000000000000000000e+00 -1.000000000000000000e+00 -1.000000000000000000e+00 -1.000000000000000000e+00 -1.000000000000000000e+00 1.479365999999999985e+03 1.315606999999999971e+03 8.329999999999999627e-01 9.104999999999999760e-01 2.770500000000000185e+00 9.070000000000000284e-01
2.100000000000000000e+01 4.118000000000000000e+03 -1.000000000000000000e+00 -1.000000000000000000e+00 -1.000000000000000000e+00 -1.000000000000000000e+00 -1.000000000000000000e+00 1.509951999999999998e+03 1.392511999999999944e+03 1.258999999999999897e+00 9.775000000000000355e-01 2.841499999999999915e+00 9.479999999999999538e-01
2.100000000000000000e+01 4.126000000000000000e+03 -1.000000000000000000e+00 -1.000000000000000000e+00 -1.000000000000000000e+00 -1.000000000000000000e+00 -1.000000000000000000e+00 1.529866999999999962e+03 1.382739000000000033e+03 1.193999999999999950e+00 9.899999999999999911e-01 2.882000000000000117e+00 9.409999999999999476e-01
2.200000000000000000e+01 4.112000000000000000e+03 -1.000000000000000000e+00 -1.000000000000000000e+00 -1.000000000000000000e+00 -1.000000000000000000e+00 -1.000000000000000000e+00 1.503641000000000076e+03 1.387925999999999931e+03 1.681000000000000050e+00 1.127499999999999947e+00 3.293499999999999872e+00 1.072500000000000009e+00
2.200000000000000000e+01 4.148000000000000000e+03 -1.000000000000000000e+00 -1.000000000000000000e+00 -1.000000000000000000e+00 -1.000000000000000000e+00 -1.000000000000000000e+00 1.479365999999999985e+03 1.315606999999999971e+03 8.329999999999999627e-01 9.104999999999999760e-01 2.770500000000000185e+00 9.070000000000000284e-01
2.200000000000000000e+01 4.118000000000000000e+03 -1.000000000000000000e+00 -1.000000000000000000e+00 -1.000000000000000000e+00 -1.000000000000000000e+00 -1.000000000000000000e+00 1.509954999999999927e+03 1.392508000000000038e+03 1.239000000000000101e+00 9.775000000000000355e-01 2.841499999999999915e+00 9.479999999999999538e-01
2.200000000000000000e+01 4.126000000000000000e+03 -1.000000000000000000e+00 -1.000000000000000000e+00 -1.000000000000000000e+00 -1.000000000000000000e+00 -1.000000000000000000e+00 1.529861000000000104e+03 1.382741999999999962e+03 1.169000000000000039e+00 9.899999999999999911e-01 2.882000000000000117e+00 9.409999999999999476e-01
2.300000000000000000e+01 4.112000000000000000e+03 -1.000000000000000000e+00 -1.000000000000000000e+00 -1.000000000000000000e+00 -1.000000000000000000e+00 -1.000000000000000000e+00 1.503647999999999911e+03 1.387922000000000025e+03 1.687000000000000055e+00 1.127499999999999947e+00 3.293499999999999872e+00 1.072500000000000009e+00
2.300000000000000000e+01 4.148000000000000000e+03 -1.000000000000000000e+00 -1.000000000000000000e+00 -1.000000000000000000e+00 -1.000000000000000000e+00 -1.000000000000000000e+00 1.479365999999999985e+03 1.315606999999999971e+03 8.329999999999999627e-01 9.104999999999999760e-01 2.770500000000000185e+00 9.070000000000000284e-01
2.400000000000000000e+01 4.112000000000000000e+03 -1.000000000000000000e+00 -1.000000000000000000e+00 -1.000000000000000000e+00 -1.000000000000000000e+00 -1.000000000000000000e+00 1.503655999999999949e+03 1.387917999999999893e+03 1.693999999999999950e+00 1.127499999999999947e+00 3.293499999999999872e+00 1.072500000000000009e+00
2.400000000000000000e+01 4.148000000000000000e+03 -1.000000000000000000e+00 -1.000000000000000000e+00 -1.000000000000000000e+00 -1.000000000000000000e+00 -1.000000000000000000e+00 1.479365999999999985e+03 1.315606999999999971e+03 8.329999999999999627e-01 9.104999999999999760e-01 2.770500000000000185e+00 9.070000000000000284e-01
2.500000000000000000e+01 4.112000000000000000e+03 -1.000000000000000000e+00 -1.000000000000000000e+00 -1.000000000000000000e+00 -1.000000000000000000e+00 -1.000000000000000000e+00 1.503662000000000035e+03 1.387913999999999987e+03 1.699999999999999956e+00 1.127499999999999947e+00 3.293499999999999872e+00 1.072500000000000009e+00
2.500000000000000000e+01 4.148000000000000000e+03 -1.000000000000000000e+00 -1.000000000000000000e+00 -1.000000000000000000e+00 -1.000000000000000000e+00 -1.000000000000000000e+00 1.479365999999999985e+03 1.315606999999999971e+03 8.329999999999999627e-01 9.104999999999999760e-01 2.770500000000000185e+00 9.070000000000000284e-01
2.600000000000000000e+01 4.148000000000000000e+03 -1.000000000000000000e+00 -1.000000000000000000e+00 -1.000000000000000000e+00 -1.000000000000000000e+00 -1.000000000000000000e+00 1.479365999999999985e+03 1.315606999999999971e+03 8.329999999999999627e-01 9.104999999999999760e-01 2.770500000000000185e+00 9.070000000000000284e-01
2.700000000000000000e+01 4.148000000000000000e+03 -1.000000000000000000e+00 -1.000000000000000000e+00 -1.000000000000000000e+00 -1.000000000000000000e+00 -1.000000000000000000e+00 1.479365999999999985e+03 1.315606999999999971e+03 8.329999999999999627e-01 9.104999999999999760e-01 2.770500000000000185e+00 9.070000000000000284e-01
2.800000000000000000e+01 4.148000000000000000e+03 -1.000000000000000000e+00 -1.000000000000000000e+00 -1.000000000000000000e+00 -1.000000000000000000e+00 -1.000000000000000000e+00 1.479365999999999985e+03 1.315606999999999971e+03 8.329999999999999627e-01 9.104999999999999760e-01 2.770500000000000185e+00 9.070000000000000284e-01
2.900000000000000000e+01 4.148000000000000000e+03 -1.000000000000000000e+00 -1.000000000000000000e+00 -1.000000000000000000e+00 -1.000000000000000000e+00 -1.000000000000000000e+00 1.479365999999999985e+03 1.315606999999999971e+03 8.329999999999999627e-01 9.104999999999999760e-01 2.770500000000000185e+00 9.070000000000000284e-01
3.000000000000000000e+01 4.148000000000000000e+03 -1.000000000000000000e+00 -1.000000000000000000e+00 -1.000000000000000000e+00 -1.000000000000000000e+00 -1.000000000000000000e+00 1.479365999999999985e+03 1.315606999999999971e+03 8.329999999999999627e-01 9.104999999999999760e-01 2.770500000000000185e+00 9.070000000000000284e-01
3.100000000000000000e+01 4.148000000000000000e+03 -1.000000000000000000e+00 -1.000000000000000000e+00 -1.000000000000000000e+00 -1.000000000000000000e+00 -1.000000000000000000e+00 1.479365999999999985e+03 1.315606999999999971e+03 8.329999999999999627e-01 9.104999999999999760e-01 2.770500000000000185e+00 9.070000000000000284e-01
3.200000000000000000e+01 4.148000000000000000e+03 -1.000000000000000000e+00 -1.000000000000000000e+00 -1.000000000000000000e+00 -1.000000000000000000e+00 -1.000000000000000000e+00 1.479365999999999985e+03 1.315606999999999971e+03 8.329999999999999627e-01 9.104999999999999760e-01 2.770500000000000185e+00 9.070000000000000284e-01
3.300000000000000000e+01 4.148000000000000000e+03 -1.000000000000000000e+00 -1.000000000000000000e+00 -1.000000000000000000e+00 -1.000000000000000000e+00 -1.000000000000000000e+00 1.479365999999999985e+03 1.315606999999999971e+03 8.329999999999999627e-01 9.104999999999999760e-01 2.770500000000000185e+00 9.070000000000000284e-01
3.400000000000000000e+01 4.148000000000000000e+03 -1.000000000000000000e+00 -1.000000000000000000e+00 -1.000000000000000000e+00 -1.000000000000000000e+00 -1.000000000000000000e+00 1.479365999999999985e+03 1.315606999999999971e+03 8.329999999999999627e-01 9.104999999999999760e-01 2.770500000000000185e+00 9.070000000000000284e-01
3.500000000000000000e+01 4.148000000000000000e+03 -1.000000000000000000e+00 -1.000000000000000000e+00 -1.000000000000000000e+00 -1.000000000000000000e+00 -1.000000000000000000e+00 1.479365999999999985e+03 1.315606999999999971e+03 8.329999999999999627e-01 9.104999999999999760e-01 2.770500000000000185e+00 9.070000000000000284e-01
3.600000000000000000e+01 4.148000000000000000e+03 -1.000000000000000000e+00 -1.000000000000000000e+00 -1.000000000000000000e+00 -1.000000000000000000e+00 -1.000000000000000000e+00 1.479365999999999985e+03 1.315606999999999971e+03 8.329999999999999627e-01 9.104999999999999760e-01 2.770500000000000185e+00 9.070000000000000284e-01
3.700000000000000000e+01 4.148000000000000000e+03 -1.000000000000000000e+00 -1.000000000000000000e+00 -1.000000000000000000e+00 -1.000000000000000000e+00 -1.000000000000000000e+00 1.479365999999999985e+03 1.315606999999999971e+03 8.329999999999999627e-01 9.104999999999999760e-01 2.770500000000000185e+00 9.070000000000000284e-01
3.800000000000000000e+01 4.148000000000000000e+03 -1.000000000000000000e+00 -1.000000000000000000e+00 -1.000000000000000000e+00 -1.000000000000000000e+00 -1.000000000000000000e+00 1.479365999999999985e+03 1.315606999999999971e+03 8.329999999999999627e-01 9.104999999999999760e-01 2.770500000000000185e+00 9.070000000000000284e-01
3.900000000000000000e+01 4.148000000000000000e+03 -1.000000000000000000e+00 -1.000000000000000000e+00 -1.000000000000000000e+00 -1.000000000000000000e+00 -1.000000000000000000e+00 1.479365999999999985e+03 1.315606999999999971e+03 8.329999999999999627e-01 9.104999999999999760e-01 2.770500000000000185e+00 9.070000000000000284e-01
4.000000000000000000e+01 4.148000000000000000e+03 -1.000000000000000000e+00 -1.000000000000000000e+00 -1.000000000000000000e+00 -1.000000000000000000e+00 -1.000000000000000000e+00 1.479365999999999985e+03 1.315606999999999971e+03 8.329999999999999627e-01 9.104999999999999760e-01 2.770500000000000185e+00 9.070000000000000284e-01
4.100000000000000000e+01 4.148000000000000000e+03 -1.000000000000000000e+00 -1.000000000000000000e+00 -1.000000000000000000e+00 -1.000000000000000000e+00 -1.000000000000000000e+00 1.479365999999999985e+03 1.315606999999999971e+03 8.329999999999999627e-01 9.104999999999999760e-01 2.770500000000000185e+00 9.070000000000000284e-01
