1.200000000000000000e+01 4.668000000000000000e+03 -1.000000000000000000e+00 -1.000000000000000000e+00 -1.000000000000000000e+00 -1.000000000000000000e+00 -1.000000000000000000e+00 1.640601000000000113e+03 2.797327000000000226e+03 1.552999999999999936e+00 1.162500000000000089e+00 3.259500000000000064e+00 1.556999999999999940e+00
1.300000000000000000e+01 4.668000000000000000e+03 -1.000000000000000000e+00 -1.000000000000000000e+00 -1.000000000000000000e+00 -1.000000000000000000e+00 -1.000000000000000000e+00 1.642146999999999935e+03 2.795081000000000131e+03 1.552999999999999936e+00 1.162500000000000089e+00 3.259500000000000064e+00 1.556999999999999940e+00
1.400000000000000000e+01 4.668000000000000000e+03 -1.000000000000000000e+00 -1.000000000000000000e+00 -1.000000000000000000e+00 -1.000000000000000000e+00 -1.000000000000000000e+00 1.643691000000000031e+03 2.792836999999999989e+03 1.552999999999999936e+00 1.162500000000000089e+00 3.259500000000000064e+00 1.556999999999999940e+00
1.500000000000000000e+01 4.668000000000000000e+03 -1.000000000000000000e+00 -1.000000000000000000e+00 -1.000000000000000000e+00 -1.000000000000000000e+00 -1.000000000000000000e+00 1.645520999999999958e+03 2.790137000000000171e+03 1.552999999999999936e+00 1.162500000000000089e+00 3.259500000000000064e+00 1.556999999999999940e+00
1.600000000000000000e+01 4.668000000000000000e+03 -1.000000000000000000e+00 -1.000000000000000000e+00 -1.000000000000000000e+00 -1.000000000000000000e+00 -1.000000000000000000e+00 1.647534000000000106e+03 2.787164000000000215e+03 1.552999999999999936e+00 1.162500000000000089e+00 3.259500000000000064e+00 1.556999999999999940e+00
1.700000000000000000e+01 4.668000000000000000e+03 -1.000000000000000000e+00 -1.000000000000000000e+00 -1.000000000000000000e+00 -1.000000000000000000e+00 -1.000000000000000000e+00 1.649359999999999900e+03 2.784469999999999800e+03 1.552999999999999936e+00 1.162500000000000089e+00 3.259500000000000064e+00 1.556999999999999940e+00
1.800000000000000000e+01 4.668000000000000000e+03 -1.000000000000000000e+00 -1.000000000000000000e+00 -1.000000000000000000e+00 -1.000000000000000000e+00 -1.000000000000000000e+00 1.651190000000000055e+03 2.781768999999999778e+03 1.552999999999999936e+00 1.162500000000000089e+00 3.259500000000000064e+00 1.556999999999999940e+00
1.900000000000000000e+01 4.668000000000000000e+03 -1.000000000000000000e+00 -1.000000000000000000e+00 -1.000000000000000000e+00 -1.000000000000000000e+00 -1.000000000000000000e+00 1.653019000000000005e+03 2.779068999999999960e+03 1.552999999999999936e+00 1.162500000000000089e+00 3.259500000000000064e+00 1.556999999999999940e+00
2.000000000000000000e+01 4.668000000000000000e+03 -1.000000000000000000e+00 -1.000000000000000000e+00 -1.000000000000000000e+00 -1.000000000000000000e+00 -1.000000000000000000e+00 1.654943999999999960e+03 2.776284000000000106e+03 1.570000000000000062e+00 1.162500000000000089e+00 3.259500000000000064e+00 1.556999999999999940e+00
2.100000000000000000e+01 4.668000000000000000e+03 -1.000000000000000000e+00 -1.000000000000000000e+00 -1.000000000000000000e+00 -1.000000000000000000e+00 -1.000000000000000000e+00 1.656868999999999915e+03 2.773498999999999796e+03 1.588000000000000078e+00 1.162500000000000089e+00 3.259500000000000064e+00 1.556999999999999940e+00
2.200000000000000000e+01 4.668000000000000000e+03 -1.000000000000000000e+00 -1.000000000000000000e+00 -1.000000000000000000e+00 -1.000000000000000000e+00 -1.000000000000000000e+00 1.658601000000000113e+03 2.770994000000000142e+03 1.602999999999999980e+00 1.162500000000000089e+00 3.259500000000000064e+00 1.556999999999999940e+00
2.300000000000000000e+01 4.668000000000000000e+03 -1.000000000000000000e+00 -1.000000000000000000e+00 -1.000000000000000000e+00 -1.000000000000000000e+00 -1.000000000000000000e+00 1.660759999999999991e+03 2.767798999999999978e+03 1.669999999999999929e+00 1.162500000000000089e+00 3.259500000000000064e+00 1.556999999999999940e+00
2.400000000000000000e+01 4.668000000000000000e+03 -1.000000000000000000e+00 -1.000000000000000000e+00 -1.000000000000000000e+00 -1.000000000000000000e+00 -1.000000000000000000e+00 1.662919000000000096e+03 2.764603999999999814e+03 1.737999999999999989e+00 1.162500000000000089e+00 3.259500000000000064e+00 1.556999999999999940e+00
2.500000000000000000e+01 4.668000000000000000e+03 -1.000000000000000000e+00 -1.000000000000000000e+00 -1.000000000000000000e+00 -1.000000000000000000e+00 -1.000000000000000000e+00 1.665262999999999920e+03 2.761128000000000156e+03 1.804999999999999938e+00 1.162500000000000089e+00 3.259500000000000064e+00 1.556999999999999940e+00
