1.000000000000000000e+00 4.250000000000000000e+03 -1.000000000000000000e+00 -1.000000000000000000e+00 -1.000000000000000000e+00 -1.000000000000000000e+00 -1.000000000000000000e+00 1.284519999999999982e+03 8.703329999999999700e+02 1.552999999999999936e+00 1.072999999999999954e+00 2.519000000000000128e+00 1.010499999999999954e+00
1.000000000000000000e+00 4.252000000000000000e+03 -1.000000000000000000e+00 -1.000000000000000000e+00 -1.000000000000000000e+00 -1.000000000000000000e+00 -1.000000000000000000e+00 1.309605000000000018e+03 8.801159999999999854e+02 1.006000000000000005e+00 9.455000000000000071e-01 2.471499999999999808e+00 1.010499999999999954e+00
2.000000000000000000e+00 4.250000000000000000e+03 -1.000000000000000000e+00 -1.000000000000000000e+00 -1.000000000000000000e+00 -1.000000000000000000e+00 -1.000000000000000000e+00 1.284519999999999982e+03 8.703329999999999700e+02 1.552999999999999936e+00 1.072999999999999954e+00 2.519000000000000128e+00 1.010499999999999954e+00
2.000000000000000000e+00 4.252000000000000000e+03 -1.000000000000000000e+00 -1.000000000000000000e+00 -1.000000000000000000e+00 -1.000000000000000000e+00 -1.000000000000000000e+00 1.309633000000000038e+03 8.801409999999999627e+02 9.809999999999999831e-01 9.455000000000000071e-01 2.471499999999999808e+00 1.010499999999999954e+00
3.000000000000000000e+00 4.250000000000000000e+03 -1.000000000000000000e+00 -1.000000000000000000e+00 -1.000000000000000000e+00 -1.000000000000000000e+00 -1.000000000000000000e+00 1.284519999999999982e+03 8.703329999999999700e+02 1.552999999999999936e+00 1.072999999999999954e+00 2.519000000000000128e+00 1.010499999999999954e+00
3.000000000000000000e+00 4.252000000000000000e+03 -1.000000000000000000e+00 -1.000000000000000000e+00 -1.000000000000000000e+00 -1.000000000000000000e+00 -1.000000000000000000e+00 1.309661000000000058e+03 8.801670000000000300e+02 9.559999999999999609e-01 9.455000000000000071e-01 2.471499999999999808e+00 1.010499999999999954e+00
4.000000000000000000e+00 4.250000000000000000e+03 -1.000000000000000000e+00 -1.000000000000000000e+00 -1.000000000000000000e+00 -1.000000000000000000e+00 -1.000000000000000000e+00 1.284519999999999982e+03 8.703329999999999700e+02 1.538000000000000034e+00 1.072999999999999954e+00 2.519000000000000128e+00 1.010499999999999954e+00
4.000000000000000000e+00 4.252000000000000000e+03 -1.000000000000000000e+00 -1.000000000000000000e+00 -1.000000000000000000e+00 -1.000000000000000000e+00 -1.000000000000000000e+00 1.309597999999999956e+03 8.801770000000000209e+02 9.579999999999999627e-01 9.455000000000000071e-01 2.471499999999999808e+00 1.010499999999999954e+00
5.000000000000000000e+00 4.250000000000000000e+03 -1.000000000000000000e+00 -1.000000000000000000e+00 -1.000000000000000000e+00 -1.000000000000000000e+00 -1.000000000000000000e+00 1.284519999999999982e+03 8.703329999999999700e+02 1.522000000000000020e+00 1.072999999999999954e+00 2.519000000000000128e+00 1.010499999999999954e+00
5.000000000000000000e+00 4.252000000000000000e+03 -1.000000000000000000e+00 -1.000000000000000000e+00 -1.000000000000000000e+00 -1.000000000000000000e+00 -1.000000000000000000e+00 1.309534000000000106e+03 8.801879999999999882e+02 9.589999999999999636e-01 9.455000000000000071e-01 2.471499999999999808e+00 1.010499999999999954e+00
6.000000000000000000e+00 4.250000000000000000e+03 -1.000000000000000000e+00 -1.000000000000000000e+00 -1.000000000000000000e+00 -1.000000000000000000e+00 -1.000000000000000000e+00 1.284519999999999982e+03 8.703329999999999700e+02 1.502999999999999892e+00 1.072999999999999954e+00 2.519000000000000128e+00 1.010499999999999954e+00
6.000000000000000000e+00 4.252000000000000000e+03 -1.000000000000000000e+00 -1.000000000000000000e+00 -1.000000000000000000e+00 -1.000000000000000000e+00 -1.000000000000000000e+00 1.309458000000000084e+03 8.802000000000000455e+02 9.609999999999999654e-01 9.455000000000000071e-01 2.471499999999999808e+00 1.010499999999999954e+00
7.000000000000000000e+00 4.250000000000000000e+03 -1.000000000000000000e+00 -1.000000000000000000e+00 -1.000000000000000000e+00 -1.000000000000000000e+00 -1.000000000000000000e+00 1.284519999999999982e+03 8.703329999999999700e+02 1.546000000000000041e+00 1.072999999999999954e+00 2.519000000000000128e+00 1.010499999999999954e+00
7.000000000000000000e+00 4.252000000000000000e+03 -1.000000000000000000e+00 -1.000000000000000000e+00 -1.000000000000000000e+00 -1.000000000000000000e+00 -1.000000000000000000e+00 1.309388999999999896e+03 8.802110000000000127e+02 9.629999999999999671e-01 9.455000000000000071e-01 2.471499999999999808e+00 1.010499999999999954e+00
8.000000000000000000e+00 4.250000000000000000e+03 -1.000000000000000000e+00 -1.000000000000000000e+00 -1.000000000000000000e+00 -1.000000000000000000e+00 -1.000000000000000000e+00 1.284519999999999982e+03 8.703329999999999700e+02 1.586000000000000076e+00 1.072999999999999954e+00 2.519000000000000128e+00 1.010499999999999954e+00
8.000000000000000000e+00 4.252000000000000000e+03 -1.000000000000000000e+00 -1.000000000000000000e+00 -1.000000000000000000e+00 -1.000000000000000000e+00 -1.000000000000000000e+00 1.309339999999999918e+03 8.802169999999999845e+02 9.879999999999999893e-01 9.455000000000000071e-01 2.471499999999999808e+00 1.010499999999999954e+00
9.000000000000000000e+00 4.250000000000000000e+03 -1.000000000000000000e+00 -1.000000000000000000e+00 -1.000000000000000000e+00 -1.000000000000000000e+00 -1.000000000000000000e+00 1.284519999999999982e+03 8.703329999999999700e+02 1.625000000000000000e+00 1.072999999999999954e+00 2.519000000000000128e+00 1.010499999999999954e+00
9.000000000000000000e+00 4.252000000000000000e+03 -1.000000000000000000e+00 -1.000000000000000000e+00 -1.000000000000000000e+00 -1.000000000000000000e+00 -1.000000000000000000e+00 1.309291999999999916e+03 8.802219999999999800e+02 1.012999999999999901e+00 9.455000000000000071e-01 2.471499999999999808e+00 1.010499999999999954e+00
1.000000000000000000e+01 4.250000000000000000e+03 -1.000000000000000000e+00 -1.000000000000000000e+00 -1.000000000000000000e+00 -1.000000000000000000e+00 -1.000000000000000000e+00 1.284519999999999982e+03 8.703329999999999700e+02 1.663999999999999924e+00 1.072999999999999954e+00 2.519000000000000128e+00 1.010499999999999954e+00
1.000000000000000000e+01 4.252000000000000000e+03 -1.000000000000000000e+00 -1.000000000000000000e+00 -1.000000000000000000e+00 -1.000000000000000000e+00 -1.000000000000000000e+00 1.309320999999999913e+03 8.802759999999999536e+02 1.028999999999999915e+00 9.455000000000000071e-01 2.471499999999999808e+00 1.010499999999999954e+00
1.100000000000000000e+01 4.250000000000000000e+03 -1.000000000000000000e+00 -1.000000000000000000e+00 -1.000000000000000000e+00 -1.000000000000000000e+00 -1.000000000000000000e+00 1.284519999999999982e+03 8.703329999999999700e+02 1.703000000000000069e+00 1.072999999999999954e+00 2.519000000000000128e+00 1.010499999999999954e+00
1.100000000000000000e+01 4.252000000000000000e+03 -1.000000000000000000e+00 -1.000000000000000000e+00 -1.000000000000000000e+00 -1.000000000000000000e+00 -1.000000000000000000e+00 1.309349999999999909e+03 8.803300000000000409e+02 1.044999999999999929e+00 9.455000000000000071e-01 2.471499999999999808e+00 1.010499999999999954e+00
1.200000000000000000e+01 4.250000000000000000e+03 -1.000000000000000000e+00 -1.000000000000000000e+00 -1.000000000000000000e+00 -1.000000000000000000e+00 -1.000000000000000000e+00 1.284477000000000089e+03 8.705720000000000027e+02 1.752999999999999892e+00 1.072999999999999954e+00 2.519000000000000128e+00 1.010499999999999954e+00
1.200000000000000000e+01 4.252000000000000000e+03 -1.000000000000000000e+00 -1.000000000000000000e+00 -1.000000000000000000e+00 -1.000000000000000000e+00 -1.000000000000000000e+00 1.309384999999999991e+03 8.803940000000000055e+02 1.062999999999999945e+00 9.455000000000000071e-01 2.471499999999999808e+00 1.010499999999999954e+00
1.300000000000000000e+01 4.252000000000000000e+03 -1.000000000000000000e+00 -1.000000000000000000e+00 -1.000000000000000000e+00 -1.000000000000000000e+00 -1.000000000000000000e+00 1.309391000000000076e+03 8.804189999999999827e+02 1.096000000000000085e+00 9.455000000000000071e-01 2.471499999999999808e+00 1.010499999999999954e+00
1.300000000000000000e+01 4.250000000000000000e+03 -1.000000000000000000e+00 -1.000000000000000000e+00 -1.000000000000000000e+00 -1.000000000000000000e+00 -1.000000000000000000e+00 1.284402302963181228e+03 8.706295977151373791e+02 1.022228989194557069e+00 1.072999999999999954e+00 2.519000000000000128e+00 1.010499999999999954e+00
1.400000000000000000e+01 4.252000000000000000e+03 -1.000000000000000000e+00 -1.000000000000000000e+00 -1.000000000000000000e+00 -1.000000000000000000e+00 -1.000000000000000000e+00 1.309396999999999935e+03 8.804439999999999600e+02 1.127999999999999892e+00 9.455000000000000071e-01 2.471499999999999808e+00 1.010499999999999954e+00
1.400000000000000000e+01 4.250000000000000000e+03 -1.000000000000000000e+00 -1.000000000000000000e+00 -1.000000000000000000e+00 -1.000000000000000000e+00 -1.000000000000000000e+00 1.284410614520583295e+03 8.706231888034055828e+02 1.103542056792141013e+00 1.072999999999999954e+00 2.519000000000000128e+00 1.010499999999999954e+00
1.500000000000000000e+01 4.252000000000000000e+03 -1.000000000000000000e+00 -1.000000000000000000e+00 -1.000000000000000000e+00 -1.000000000000000000e+00 -1.000000000000000000e+00 1.309403000000000020e+03 8.804679999999999609e+02 1.159999999999999920e+00 9.455000000000000071e-01 2.471499999999999808e+00 1.010499999999999954e+00
1.500000000000000000e+01 4.250000000000000000e+03 -1.000000000000000000e+00 -1.000000000000000000e+00 -1.000000000000000000e+00 -1.000000000000000000e+00 -1.000000000000000000e+00 1.284418917699449594e+03 8.706167863522314292e+02 1.184773156062449928e+00 1.072999999999999954e+00 2.519000000000000128e+00 1.010499999999999954e+00
1.600000000000000000e+01 4.252000000000000000e+03 -1.000000000000000000e+00 -1.000000000000000000e+00 -1.000000000000000000e+00 -1.000000000000000000e+00 -1.000000000000000000e+00 1.309393000000000029e+03 8.804900000000000091e+02 1.185000000000000053e+00 9.455000000000000071e-01 2.471499999999999808e+00 1.010499999999999954e+00
1.600000000000000000e+01 4.250000000000000000e+03 -1.000000000000000000e+00 -1.000000000000000000e+00 -1.000000000000000000e+00 -1.000000000000000000e+00 -1.000000000000000000e+00 1.284427220463537196e+03 8.706103842208871129e+02 1.266000197494774770e+00 1.072999999999999954e+00 2.519000000000000128e+00 1.010499999999999954e+00
1.700000000000000000e+01 4.252000000000000000e+03 -1.000000000000000000e+00 -1.000000000000000000e+00 -1.000000000000000000e+00 -1.000000000000000000e+00 -1.000000000000000000e+00 1.309383000000000038e+03 8.805119999999999436e+02 1.209999999999999964e+00 9.455000000000000071e-01 2.471499999999999808e+00 1.010499999999999954e+00
1.700000000000000000e+01 4.250000000000000000e+03 -1.000000000000000000e+00 -1.000000000000000000e+00 -1.000000000000000000e+00 -1.000000000000000000e+00 -1.000000000000000000e+00 1.284435522846027652e+03 8.706039823837859331e+02 1.347223505716154346e+00 1.072999999999999954e+00 2.519000000000000128e+00 1.010499999999999954e+00
1.800000000000000000e+01 4.252000000000000000e+03 -1.000000000000000000e+00 -1.000000000000000000e+00 -1.000000000000000000e+00 -1.000000000000000000e+00 -1.000000000000000000e+00 1.308980999999999995e+03 8.805370000000000346e+02 1.209999999999999964e+00 9.455000000000000071e-01 2.471499999999999808e+00 1.010499999999999954e+00
1.800000000000000000e+01 4.250000000000000000e+03 -1.000000000000000000e+00 -1.000000000000000000e+00 -1.000000000000000000e+00 -1.000000000000000000e+00 -1.000000000000000000e+00 1.284443835000711715e+03 8.705975730114994349e+02 1.428542416600435239e+00 1.072999999999999954e+00 2.519000000000000128e+00 1.010499999999999954e+00
1.900000000000000000e+01 4.252000000000000000e+03 -1.000000000000000000e+00 -1.000000000000000000e+00 -1.000000000000000000e+00 -1.000000000000000000e+00 -1.000000000000000000e+00 1.308984999999999900e+03 8.803899999999999864e+02 1.209999999999999964e+00 9.455000000000000071e-01 2.471499999999999808e+00 1.010499999999999954e+00
1.900000000000000000e+01 4.250000000000000000e+03 -1.000000000000000000e+00 -1.000000000000000000e+00 -1.000000000000000000e+00 -1.000000000000000000e+00 -1.000000000000000000e+00 1.284452137980483940e+03 8.705911707138436668e+02 1.509771568108511541e+00 1.072999999999999954e+00 2.519000000000000128e+00 1.010499999999999954e+00
2.000000000000000000e+01 4.252000000000000000e+03 -1.000000000000000000e+00 -1.000000000000000000e+00 -1.000000000000000000e+00 -1.000000000000000000e+00 -1.000000000000000000e+00 1.308990000000000009e+03 8.802419999999999618e+02 1.209999999999999964e+00 9.455000000000000071e-01 2.471499999999999808e+00 1.010499999999999954e+00
2.000000000000000000e+01 4.250000000000000000e+03 -1.000000000000000000e+00 -1.000000000000000000e+00 -1.000000000000000000e+00 -1.000000000000000000e+00 -1.000000000000000000e+00 1.284460430756692858e+03 8.705847762839958932e+02 1.590900896802183606e+00 1.072999999999999954e+00 2.519000000000000128e+00 1.010499999999999954e+00
2.100000000000000000e+01 4.252000000000000000e+03 -1.000000000000000000e+00 -1.000000000000000000e+00 -1.000000000000000000e+00 -1.000000000000000000e+00 -1.000000000000000000e+00 1.309049999999999955e+03 8.803350000000000364e+02 1.209999999999999964e+00 9.455000000000000071e-01 2.471499999999999808e+00 1.010499999999999954e+00
2.100000000000000000e+01 4.250000000000000000e+03 -1.000000000000000000e+00 -1.000000000000000000e+00 -1.000000000000000000e+00 -1.000000000000000000e+00 -1.000000000000000000e+00 1.284468706278094942e+03 8.705783951590592551e+02 1.671861419435724416e+00 1.072999999999999954e+00 2.519000000000000128e+00 1.010499999999999954e+00
2.200000000000000000e+01 4.250000000000000000e+03 -1.000000000000000000e+00 -1.000000000000000000e+00 -1.000000000000000000e+00 -1.000000000000000000e+00 -1.000000000000000000e+00 1.284394000000000005e+03 8.706359999999999673e+02 9.409999999999999476e-01 1.072999999999999954e+00 2.519000000000000128e+00 1.010499999999999954e+00
2.200000000000000000e+01 4.252000000000000000e+03 -1.000000000000000000e+00 -1.000000000000000000e+00 -1.000000000000000000e+00 -1.000000000000000000e+00 -1.000000000000000000e+00 1.309108999999999924e+03 8.804279999999999973e+02 1.209999999999999964e+00 9.455000000000000071e-01 2.471499999999999808e+00 1.010499999999999954e+00
2.300000000000000000e+01 4.250000000000000000e+03 -1.000000000000000000e+00 -1.000000000000000000e+00 -1.000000000000000000e+00 -1.000000000000000000e+00 -1.000000000000000000e+00 1.284385999999999967e+03 8.706420000000000528e+02 9.170000000000000373e-01 1.072999999999999954e+00 2.519000000000000128e+00 1.010499999999999954e+00
2.300000000000000000e+01 4.252000000000000000e+03 -1.000000000000000000e+00 -1.000000000000000000e+00 -1.000000000000000000e+00 -1.000000000000000000e+00 -1.000000000000000000e+00 1.309169000000000096e+03 8.805209999999999582e+02 1.209999999999999964e+00 9.455000000000000071e-01 2.471499999999999808e+00 1.010499999999999954e+00
2.400000000000000000e+01 4.252000000000000000e+03 -1.000000000000000000e+00 -1.000000000000000000e+00 -1.000000000000000000e+00 -1.000000000000000000e+00 -1.000000000000000000e+00 1.309200000000000045e+03 8.807989999999999782e+02 1.219999999999999973e+00 9.455000000000000071e-01 2.471499999999999808e+00 1.010499999999999954e+00
2.400000000000000000e+01 4.250000000000000000e+03 -1.000000000000000000e+00 -1.000000000000000000e+00 -1.000000000000000000e+00 -1.000000000000000000e+00 -1.000000000000000000e+00 1.284354348616583138e+03 8.706665298221482772e+02 8.734793478016060764e-01 1.072999999999999954e+00 2.519000000000000128e+00 1.010499999999999954e+00
2.500000000000000000e+01 4.252000000000000000e+03 -1.000000000000000000e+00 -1.000000000000000000e+00 -1.000000000000000000e+00 -1.000000000000000000e+00 -1.000000000000000000e+00 1.309257000000000062e+03 8.811399999999999864e+02 1.181000000000000050e+00 9.455000000000000071e-01 2.471499999999999808e+00 1.010499999999999954e+00
2.500000000000000000e+01 4.250000000000000000e+03 -1.000000000000000000e+00 -1.000000000000000000e+00 -1.000000000000000000e+00 -1.000000000000000000e+00 -1.000000000000000000e+00 1.284362678664705754e+03 8.706600740348530962e+02 8.849331639705140251e-01 1.072999999999999954e+00 2.519000000000000128e+00 1.010499999999999954e+00
2.600000000000000000e+01 4.252000000000000000e+03 -1.000000000000000000e+00 -1.000000000000000000e+00 -1.000000000000000000e+00 -1.000000000000000000e+00 -1.000000000000000000e+00 1.309174999999999955e+03 8.811180000000000518e+02 1.141999999999999904e+00 9.455000000000000071e-01 2.471499999999999808e+00 1.010499999999999954e+00
2.600000000000000000e+01 4.250000000000000000e+03 -1.000000000000000000e+00 -1.000000000000000000e+00 -1.000000000000000000e+00 -1.000000000000000000e+00 -1.000000000000000000e+00 1.284371009463575092e+03 8.706536176657293709e+02 8.963880124156766716e-01 1.072999999999999954e+00 2.519000000000000128e+00 1.010499999999999954e+00
2.700000000000000000e+01 4.252000000000000000e+03 -1.000000000000000000e+00 -1.000000000000000000e+00 -1.000000000000000000e+00 -1.000000000000000000e+00 -1.000000000000000000e+00 1.308965999999999894e+03 8.807390000000000327e+02 1.110000000000000098e+00 9.455000000000000071e-01 2.471499999999999808e+00 1.010499999999999954e+00
2.700000000000000000e+01 4.250000000000000000e+03 -1.000000000000000000e+00 -1.000000000000000000e+00 -1.000000000000000000e+00 -1.000000000000000000e+00 -1.000000000000000000e+00 1.284377669601528851e+03 8.706484560588152135e+02 9.055457021021733333e-01 1.072999999999999954e+00 2.519000000000000128e+00 1.010499999999999954e+00
2.800000000000000000e+01 4.250000000000000000e+03 -1.000000000000000000e+00 -1.000000000000000000e+00 -1.000000000000000000e+00 -1.000000000000000000e+00 -1.000000000000000000e+00 1.284346000000000004e+03 8.706730000000000018e+02 8.619999999999999885e-01 1.072999999999999954e+00 2.519000000000000128e+00 1.010499999999999954e+00
2.800000000000000000e+01 4.252000000000000000e+03 -1.000000000000000000e+00 -1.000000000000000000e+00 -1.000000000000000000e+00 -1.000000000000000000e+00 -1.000000000000000000e+00 1.309097999999999956e+03 8.808630000000000564e+02 1.120000000000000107e+00 9.455000000000000071e-01 2.471499999999999808e+00 1.010499999999999954e+00
2.900000000000000000e+01 4.252000000000000000e+03 -1.000000000000000000e+00 -1.000000000000000000e+00 -1.000000000000000000e+00 -1.000000000000000000e+00 -1.000000000000000000e+00 1.309230000000000018e+03 8.809880000000000564e+02 1.131000000000000005e+00 9.455000000000000071e-01 2.471499999999999808e+00 1.010499999999999954e+00
2.900000000000000000e+01 4.250000000000000000e+03 -1.000000000000000000e+00 -1.000000000000000000e+00 -1.000000000000000000e+00 -1.000000000000000000e+00 -1.000000000000000000e+00 1.284337490727793920e+03 8.706795070905104694e+02 8.725114539014524606e-01 1.072999999999999954e+00 2.519000000000000128e+00 1.010499999999999954e+00
3.000000000000000000e+01 4.250000000000000000e+03 -1.000000000000000000e+00 -1.000000000000000000e+00 -1.000000000000000000e+00 -1.000000000000000000e+00 -1.000000000000000000e+00 1.284328999999999951e+03 8.706860000000000355e+02 8.830000000000000071e-01 1.072999999999999954e+00 2.519000000000000128e+00 1.010499999999999954e+00
3.000000000000000000e+01 4.252000000000000000e+03 -1.000000000000000000e+00 -1.000000000000000000e+00 -1.000000000000000000e+00 -1.000000000000000000e+00 -1.000000000000000000e+00 1.309147999999999911e+03 8.805739999999999554e+02 1.141000000000000014e+00 9.455000000000000071e-01 2.471499999999999808e+00 1.010499999999999954e+00
3.100000000000000000e+01 4.252000000000000000e+03 -1.000000000000000000e+00 -1.000000000000000000e+00 -1.000000000000000000e+00 -1.000000000000000000e+00 -1.000000000000000000e+00 1.309134999999999991e+03 8.804959999999999809e+02 1.127000000000000002e+00 9.455000000000000071e-01 2.471499999999999808e+00 1.010499999999999954e+00
3.100000000000000000e+01 4.250000000000000000e+03 -1.000000000000000000e+00 -1.000000000000000000e+00 -1.000000000000000000e+00 -1.000000000000000000e+00 -1.000000000000000000e+00 1.284320996029570324e+03 8.706925032259739510e+02 8.930049630368592783e-01 1.072999999999999954e+00 2.519000000000000128e+00 1.010499999999999954e+00
3.200000000000000000e+01 4.250000000000000000e+03 -1.000000000000000000e+00 -1.000000000000000000e+00 -1.000000000000000000e+00 -1.000000000000000000e+00 -1.000000000000000000e+00 1.284313000000000102e+03 8.706989999999999554e+02 9.030000000000000249e-01 1.072999999999999954e+00 2.519000000000000128e+00 1.010499999999999954e+00
3.200000000000000000e+01 4.252000000000000000e+03 -1.000000000000000000e+00 -1.000000000000000000e+00 -1.000000000000000000e+00 -1.000000000000000000e+00 -1.000000000000000000e+00 1.309122000000000071e+03 8.804180000000000064e+02 1.112000000000000099e+00 9.455000000000000071e-01 2.471499999999999808e+00 1.010499999999999954e+00
3.200000000000000000e+01 4.264000000000000000e+03 -1.000000000000000000e+00 -1.000000000000000000e+00 -1.000000000000000000e+00 -1.000000000000000000e+00 -1.000000000000000000e+00 1.263288999999999987e+03 9.328909999999999627e+02 8.800000000000000044e-01 9.405000000000000027e-01 2.843500000000000139e+00 1.042499999999999982e+00
3.300000000000000000e+01 4.252000000000000000e+03 -1.000000000000000000e+00 -1.000000000000000000e+00 -1.000000000000000000e+00 -1.000000000000000000e+00 -1.000000000000000000e+00 1.309109999999999900e+03 8.803400000000000318e+02 1.098000000000000087e+00 9.455000000000000071e-01 2.471499999999999808e+00 1.010499999999999954e+00
3.300000000000000000e+01 4.264000000000000000e+03 -1.000000000000000000e+00 -1.000000000000000000e+00 -1.000000000000000000e+00 -1.000000000000000000e+00 -1.000000000000000000e+00 1.266829999999999927e+03 9.298980000000000246e+02 9.459999999999999520e-01 9.405000000000000027e-01 2.843500000000000139e+00 1.042499999999999982e+00
3.300000000000000000e+01 4.250000000000000000e+03 -1.000000000000000000e+00 -1.000000000000000000e+00 -1.000000000000000000e+00 -1.000000000000000000e+00 -1.000000000000000000e+00 1.284233497696557151e+03 8.707405012024262305e+02 8.929997102587390323e-01 1.072999999999999954e+00 2.519000000000000128e+00 1.010499999999999954e+00
3.400000000000000000e+01 4.250000000000000000e+03 -1.000000000000000000e+00 -1.000000000000000000e+00 -1.000000000000000000e+00 -1.000000000000000000e+00 -1.000000000000000000e+00 1.284153999999999996e+03 8.707820000000000391e+02 8.830000000000000071e-01 1.072999999999999954e+00 2.519000000000000128e+00 1.010499999999999954e+00
3.400000000000000000e+01 4.252000000000000000e+03 -1.000000000000000000e+00 -1.000000000000000000e+00 -1.000000000000000000e+00 -1.000000000000000000e+00 -1.000000000000000000e+00 1.309096999999999980e+03 8.802619999999999436e+02 1.082999999999999963e+00 9.455000000000000071e-01 2.471499999999999808e+00 1.010499999999999954e+00
3.400000000000000000e+01 4.264000000000000000e+03 -1.000000000000000000e+00 -1.000000000000000000e+00 -1.000000000000000000e+00 -1.000000000000000000e+00 -1.000000000000000000e+00 1.270371000000000095e+03 9.269039999999999964e+02 1.012000000000000011e+00 9.405000000000000027e-01 2.843500000000000139e+00 1.042499999999999982e+00
3.500000000000000000e+01 4.250000000000000000e+03 -1.000000000000000000e+00 -1.000000000000000000e+00 -1.000000000000000000e+00 -1.000000000000000000e+00 -1.000000000000000000e+00 1.284075000000000045e+03 8.708239999999999554e+02 8.729999999999999982e-01 1.072999999999999954e+00 2.519000000000000128e+00 1.010499999999999954e+00
3.500000000000000000e+01 4.252000000000000000e+03 -1.000000000000000000e+00 -1.000000000000000000e+00 -1.000000000000000000e+00 -1.000000000000000000e+00 -1.000000000000000000e+00 1.309093000000000075e+03 8.802509999999999764e+02 9.799999999999999822e-01 9.455000000000000071e-01 2.471499999999999808e+00 1.010499999999999954e+00
3.500000000000000000e+01 4.264000000000000000e+03 -1.000000000000000000e+00 -1.000000000000000000e+00 -1.000000000000000000e+00 -1.000000000000000000e+00 -1.000000000000000000e+00 1.273698000000000093e+03 9.239719999999999800e+02 1.086999999999999966e+00 9.405000000000000027e-01 2.843500000000000139e+00 1.042499999999999982e+00
3.600000000000000000e+01 4.250000000000000000e+03 -1.000000000000000000e+00 -1.000000000000000000e+00 -1.000000000000000000e+00 -1.000000000000000000e+00 -1.000000000000000000e+00 1.283994999999999891e+03 8.708650000000000091e+02 8.619999999999999885e-01 1.072999999999999954e+00 2.519000000000000128e+00 1.010499999999999954e+00
3.600000000000000000e+01 4.252000000000000000e+03 -1.000000000000000000e+00 -1.000000000000000000e+00 -1.000000000000000000e+00 -1.000000000000000000e+00 -1.000000000000000000e+00 1.309087999999999965e+03 8.802409999999999854e+02 8.760000000000000009e-01 9.455000000000000071e-01 2.471499999999999808e+00 1.010499999999999954e+00
3.600000000000000000e+01 4.264000000000000000e+03 -1.000000000000000000e+00 -1.000000000000000000e+00 -1.000000000000000000e+00 -1.000000000000000000e+00 -1.000000000000000000e+00 1.277023999999999887e+03 9.210389999999999873e+02 1.161999999999999922e+00 9.405000000000000027e-01 2.843500000000000139e+00 1.042499999999999982e+00
3.700000000000000000e+01 4.250000000000000000e+03 -1.000000000000000000e+00 -1.000000000000000000e+00 -1.000000000000000000e+00 -1.000000000000000000e+00 -1.000000000000000000e+00 1.283923999999999978e+03 8.709030000000000200e+02 8.529999999999999805e-01 1.072999999999999954e+00 2.519000000000000128e+00 1.010499999999999954e+00
3.700000000000000000e+01 4.252000000000000000e+03 -1.000000000000000000e+00 -1.000000000000000000e+00 -1.000000000000000000e+00 -1.000000000000000000e+00 -1.000000000000000000e+00 1.309084000000000060e+03 8.802309999999999945e+02 7.830000000000000293e-01 9.455000000000000071e-01 2.471499999999999808e+00 1.010499999999999954e+00
3.700000000000000000e+01 4.264000000000000000e+03 -1.000000000000000000e+00 -1.000000000000000000e+00 -1.000000000000000000e+00 -1.000000000000000000e+00 -1.000000000000000000e+00 1.280031999999999925e+03 9.183410000000000082e+02 1.088999999999999968e+00 9.405000000000000027e-01 2.843500000000000139e+00 1.042499999999999982e+00
3.800000000000000000e+01 4.250000000000000000e+03 -1.000000000000000000e+00 -1.000000000000000000e+00 -1.000000000000000000e+00 -1.000000000000000000e+00 -1.000000000000000000e+00 1.283909000000000106e+03 8.708179999999999836e+02 8.419999999999999707e-01 1.072999999999999954e+00 2.519000000000000128e+00 1.010499999999999954e+00
3.800000000000000000e+01 4.252000000000000000e+03 -1.000000000000000000e+00 -1.000000000000000000e+00 -1.000000000000000000e+00 -1.000000000000000000e+00 -1.000000000000000000e+00 1.309084000000000060e+03 8.802309999999999945e+02 8.329999999999999627e-01 9.455000000000000071e-01 2.471499999999999808e+00 1.010499999999999954e+00
3.800000000000000000e+01 4.264000000000000000e+03 -1.000000000000000000e+00 -1.000000000000000000e+00 -1.000000000000000000e+00 -1.000000000000000000e+00 -1.000000000000000000e+00 1.283473999999999933e+03 9.153060000000000400e+02 9.120000000000000329e-01 9.405000000000000027e-01 2.843500000000000139e+00 1.042499999999999982e+00
3.900000000000000000e+01 4.273000000000000000e+03 -1.000000000000000000e+00 -1.000000000000000000e+00 -1.000000000000000000e+00 -1.000000000000000000e+00 -1.000000000000000000e+00 1.250330999999999904e+03 9.410549999999999500e+02 1.743999999999999995e+00 1.544000000000000039e+00 3.573999999999999844e+00 1.655499999999999972e+00
3.900000000000000000e+01 4.250000000000000000e+03 -1.000000000000000000e+00 -1.000000000000000000e+00 -1.000000000000000000e+00 -1.000000000000000000e+00 -1.000000000000000000e+00 1.283895999999999958e+03 8.707400000000000091e+02 8.319999999999999618e-01 1.072999999999999954e+00 2.519000000000000128e+00 1.010499999999999954e+00
3.900000000000000000e+01 4.264000000000000000e+03 -1.000000000000000000e+00 -1.000000000000000000e+00 -1.000000000000000000e+00 -1.000000000000000000e+00 -1.000000000000000000e+00 1.286664999999999964e+03 9.126009999999999991e+02 9.120000000000000329e-01 9.405000000000000027e-01 2.843500000000000139e+00 1.042499999999999982e+00
4.000000000000000000e+01 4.273000000000000000e+03 -1.000000000000000000e+00 -1.000000000000000000e+00 -1.000000000000000000e+00 -1.000000000000000000e+00 -1.000000000000000000e+00 1.250259000000000015e+03 9.411140000000000327e+02 1.719999999999999973e+00 1.544000000000000039e+00 3.573999999999999844e+00 1.655499999999999972e+00
4.000000000000000000e+01 4.250000000000000000e+03 -1.000000000000000000e+00 -1.000000000000000000e+00 -1.000000000000000000e+00 -1.000000000000000000e+00 -1.000000000000000000e+00 1.283884000000000015e+03 8.706699999999999591e+02 8.229999999999999538e-01 1.072999999999999954e+00 2.519000000000000128e+00 1.010499999999999954e+00
4.000000000000000000e+01 4.264000000000000000e+03 -1.000000000000000000e+00 -1.000000000000000000e+00 -1.000000000000000000e+00 -1.000000000000000000e+00 -1.000000000000000000e+00 1.289330999999999904e+03 9.102939999999999827e+02 8.619999999999999885e-01 9.405000000000000027e-01 2.843500000000000139e+00 1.042499999999999982e+00
