1.000000000000000000e+00 5.586000000000000000e+03 -1.000000000000000000e+00 -1.000000000000000000e+00 -1.000000000000000000e+00 -1.000000000000000000e+00 -1.000000000000000000e+00 1.767411000000000058e+03 9.441929999999999836e+02 2.271999999999999797e+00 1.106500000000000039e+00 3.503000000000000114e+00 1.598999999999999977e+00
2.000000000000000000e+00 5.586000000000000000e+03 -1.000000000000000000e+00 -1.000000000000000000e+00 -1.000000000000000000e+00 -1.000000000000000000e+00 -1.000000000000000000e+00 1.767411000000000058e+03 9.441929999999999836e+02 2.267999999999999794e+00 1.106500000000000039e+00 3.503000000000000114e+00 1.598999999999999977e+00
2.000000000000000000e+00 5.591000000000000000e+03 -1.000000000000000000e+00 -1.000000000000000000e+00 -1.000000000000000000e+00 -1.000000000000000000e+00 -1.000000000000000000e+00 1.773433999999999969e+03 9.518010000000000446e+02 2.282000000000000028e+00 1.017500000000000071e+00 3.525999999999999801e+00 1.449999999999999956e+00
3.000000000000000000e+00 5.586000000000000000e+03 -1.000000000000000000e+00 -1.000000000000000000e+00 -1.000000000000000000e+00 -1.000000000000000000e+00 -1.000000000000000000e+00 1.767411000000000058e+03 9.441929999999999836e+02 2.262999999999999901e+00 1.106500000000000039e+00 3.503000000000000114e+00 1.598999999999999977e+00
3.000000000000000000e+00 5.591000000000000000e+03 -1.000000000000000000e+00 -1.000000000000000000e+00 -1.000000000000000000e+00 -1.000000000000000000e+00 -1.000000000000000000e+00 1.773464999999999918e+03 9.517759999999999536e+02 2.311999999999999833e+00 1.017500000000000071e+00 3.525999999999999801e+00 1.449999999999999956e+00
4.000000000000000000e+00 5.586000000000000000e+03 -1.000000000000000000e+00 -1.000000000000000000e+00 -1.000000000000000000e+00 -1.000000000000000000e+00 -1.000000000000000000e+00 1.767411000000000058e+03 9.441929999999999836e+02 2.258999999999999897e+00 1.106500000000000039e+00 3.503000000000000114e+00 1.598999999999999977e+00
4.000000000000000000e+00 5.591000000000000000e+03 -1.000000000000000000e+00 -1.000000000000000000e+00 -1.000000000000000000e+00 -1.000000000000000000e+00 -1.000000000000000000e+00 1.773497000000000071e+03 9.517509999999999764e+02 2.342000000000000082e+00 1.017500000000000071e+00 3.525999999999999801e+00 1.449999999999999956e+00
4.000000000000000000e+00 5.596000000000000000e+03 -1.000000000000000000e+00 -1.000000000000000000e+00 -1.000000000000000000e+00 -1.000000000000000000e+00 -1.000000000000000000e+00 1.779980999999999995e+03 9.609880000000000564e+02 2.595000000000000195e+00 9.240000000000000435e-01 3.602500000000000036e+00 1.379000000000000004e+00
5.000000000000000000e+00 5.586000000000000000e+03 -1.000000000000000000e+00 -1.000000000000000000e+00 -1.000000000000000000e+00 -1.000000000000000000e+00 -1.000000000000000000e+00 1.767411000000000058e+03 9.441929999999999836e+02 2.254999999999999893e+00 1.106500000000000039e+00 3.503000000000000114e+00 1.598999999999999977e+00
5.000000000000000000e+00 5.591000000000000000e+03 -1.000000000000000000e+00 -1.000000000000000000e+00 -1.000000000000000000e+00 -1.000000000000000000e+00 -1.000000000000000000e+00 1.773528000000000020e+03 9.517259999999999991e+02 2.371999999999999886e+00 1.017500000000000071e+00 3.525999999999999801e+00 1.449999999999999956e+00
5.000000000000000000e+00 5.596000000000000000e+03 -1.000000000000000000e+00 -1.000000000000000000e+00 -1.000000000000000000e+00 -1.000000000000000000e+00 -1.000000000000000000e+00 1.779980999999999995e+03 9.609880000000000564e+02 2.595000000000000195e+00 9.240000000000000435e-01 3.602500000000000036e+00 1.379000000000000004e+00
6.000000000000000000e+00 5.586000000000000000e+03 -1.000000000000000000e+00 -1.000000000000000000e+00 -1.000000000000000000e+00 -1.000000000000000000e+00 -1.000000000000000000e+00 1.767411000000000058e+03 9.441929999999999836e+02 2.225999999999999979e+00 1.106500000000000039e+00 3.503000000000000114e+00 1.598999999999999977e+00
6.000000000000000000e+00 5.591000000000000000e+03 -1.000000000000000000e+00 -1.000000000000000000e+00 -1.000000000000000000e+00 -1.000000000000000000e+00 -1.000000000000000000e+00 1.773559999999999945e+03 9.517010000000000218e+02 2.402000000000000135e+00 1.017500000000000071e+00 3.525999999999999801e+00 1.449999999999999956e+00
6.000000000000000000e+00 5.596000000000000000e+03 -1.000000000000000000e+00 -1.000000000000000000e+00 -1.000000000000000000e+00 -1.000000000000000000e+00 -1.000000000000000000e+00 1.779980999999999995e+03 9.609880000000000564e+02 2.595000000000000195e+00 9.240000000000000435e-01 3.602500000000000036e+00 1.379000000000000004e+00
7.000000000000000000e+00 5.586000000000000000e+03 -1.000000000000000000e+00 -1.000000000000000000e+00 -1.000000000000000000e+00 -1.000000000000000000e+00 -1.000000000000000000e+00 1.767411000000000058e+03 9.441929999999999836e+02 2.197000000000000064e+00 1.106500000000000039e+00 3.503000000000000114e+00 1.598999999999999977e+00
7.000000000000000000e+00 5.591000000000000000e+03 -1.000000000000000000e+00 -1.000000000000000000e+00 -1.000000000000000000e+00 -1.000000000000000000e+00 -1.000000000000000000e+00 1.773671000000000049e+03 9.516119999999999663e+02 2.326999999999999957e+00 1.017500000000000071e+00 3.525999999999999801e+00 1.449999999999999956e+00
7.000000000000000000e+00 5.596000000000000000e+03 -1.000000000000000000e+00 -1.000000000000000000e+00 -1.000000000000000000e+00 -1.000000000000000000e+00 -1.000000000000000000e+00 1.779980999999999995e+03 9.609880000000000564e+02 2.595000000000000195e+00 9.240000000000000435e-01 3.602500000000000036e+00 1.379000000000000004e+00
8.000000000000000000e+00 5.586000000000000000e+03 -1.000000000000000000e+00 -1.000000000000000000e+00 -1.000000000000000000e+00 -1.000000000000000000e+00 -1.000000000000000000e+00 1.767411000000000058e+03 9.441929999999999836e+02 2.168000000000000149e+00 1.106500000000000039e+00 3.503000000000000114e+00 1.598999999999999977e+00
8.000000000000000000e+00 5.591000000000000000e+03 -1.000000000000000000e+00 -1.000000000000000000e+00 -1.000000000000000000e+00 -1.000000000000000000e+00 -1.000000000000000000e+00 1.773781999999999925e+03 9.515240000000000009e+02 2.251999999999999780e+00 1.017500000000000071e+00 3.525999999999999801e+00 1.449999999999999956e+00
8.000000000000000000e+00 5.596000000000000000e+03 -1.000000000000000000e+00 -1.000000000000000000e+00 -1.000000000000000000e+00 -1.000000000000000000e+00 -1.000000000000000000e+00 1.779980999999999995e+03 9.609880000000000564e+02 2.595000000000000195e+00 9.240000000000000435e-01 3.602500000000000036e+00 1.379000000000000004e+00
9.000000000000000000e+00 5.586000000000000000e+03 -1.000000000000000000e+00 -1.000000000000000000e+00 -1.000000000000000000e+00 -1.000000000000000000e+00 -1.000000000000000000e+00 1.767411000000000058e+03 9.441929999999999836e+02 2.137999999999999901e+00 1.106500000000000039e+00 3.503000000000000114e+00 1.598999999999999977e+00
9.000000000000000000e+00 5.591000000000000000e+03 -1.000000000000000000e+00 -1.000000000000000000e+00 -1.000000000000000000e+00 -1.000000000000000000e+00 -1.000000000000000000e+00 1.773781999999999925e+03 9.515240000000000009e+02 2.241999999999999993e+00 1.017500000000000071e+00 3.525999999999999801e+00 1.449999999999999956e+00
9.000000000000000000e+00 5.596000000000000000e+03 -1.000000000000000000e+00 -1.000000000000000000e+00 -1.000000000000000000e+00 -1.000000000000000000e+00 -1.000000000000000000e+00 1.779980999999999995e+03 9.609880000000000564e+02 2.294999999999999929e+00 9.240000000000000435e-01 3.602500000000000036e+00 1.379000000000000004e+00
1.000000000000000000e+01 5.586000000000000000e+03 -1.000000000000000000e+00 -1.000000000000000000e+00 -1.000000000000000000e+00 -1.000000000000000000e+00 -1.000000000000000000e+00 1.767411000000000058e+03 9.441929999999999836e+02 2.108999999999999986e+00 1.106500000000000039e+00 3.503000000000000114e+00 1.598999999999999977e+00
1.000000000000000000e+01 5.591000000000000000e+03 -1.000000000000000000e+00 -1.000000000000000000e+00 -1.000000000000000000e+00 -1.000000000000000000e+00 -1.000000000000000000e+00 1.773781999999999698e+03 9.515240000000000009e+02 2.222007285578686986e+00 1.017500000000000071e+00 3.525999999999999801e+00 1.449999999999999956e+00
1.000000000000000000e+01 5.596000000000000000e+03 -1.000000000000000000e+00 -1.000000000000000000e+00 -1.000000000000000000e+00 -1.000000000000000000e+00 -1.000000000000000000e+00 1.780211892143699060e+03 9.608013371955161119e+02 2.236527314258042853e+00 9.240000000000000435e-01 3.602500000000000036e+00 1.379000000000000004e+00
1.100000000000000000e+01 5.586000000000000000e+03 -1.000000000000000000e+00 -1.000000000000000000e+00 -1.000000000000000000e+00 -1.000000000000000000e+00 -1.000000000000000000e+00 1.767411000000000058e+03 9.441929999999999836e+02 2.080000000000000071e+00 1.106500000000000039e+00 3.503000000000000114e+00 1.598999999999999977e+00
1.100000000000000000e+01 5.591000000000000000e+03 -1.000000000000000000e+00 -1.000000000000000000e+00 -1.000000000000000000e+00 -1.000000000000000000e+00 -1.000000000000000000e+00 1.773782000000000153e+03 9.515240000000000009e+02 2.232003672784864001e+00 1.017500000000000071e+00 3.525999999999999801e+00 1.449999999999999956e+00
1.100000000000000000e+01 5.596000000000000000e+03 -1.000000000000000000e+00 -1.000000000000000000e+00 -1.000000000000000000e+00 -1.000000000000000000e+00 -1.000000000000000000e+00 1.780134868261232214e+03 9.608636065030946156e+02 2.256033362415180488e+00 9.240000000000000435e-01 3.602500000000000036e+00 1.379000000000000004e+00
1.200000000000000000e+01 5.586000000000000000e+03 -1.000000000000000000e+00 -1.000000000000000000e+00 -1.000000000000000000e+00 -1.000000000000000000e+00 -1.000000000000000000e+00 1.767411000000000058e+03 9.441929999999999836e+02 2.150999999999999801e+00 1.106500000000000039e+00 3.503000000000000114e+00 1.598999999999999977e+00
1.200000000000000000e+01 5.601000000000000000e+03 -1.000000000000000000e+00 -1.000000000000000000e+00 -1.000000000000000000e+00 -1.000000000000000000e+00 -1.000000000000000000e+00 1.798576000000000022e+03 9.018640000000000327e+02 2.244000000000000217e+00 1.334500000000000020e+00 6.299500000000000099e+00 2.567000000000000171e+00
1.200000000000000000e+01 5.591000000000000000e+03 -1.000000000000000000e+00 -1.000000000000000000e+00 -1.000000000000000000e+00 -1.000000000000000000e+00 -1.000000000000000000e+00 1.773781999999999925e+03 9.515240000000000009e+02 2.212000000000000188e+00 1.017500000000000071e+00 3.525999999999999801e+00 1.449999999999999956e+00
1.200000000000000000e+01 5.596000000000000000e+03 -1.000000000000000000e+00 -1.000000000000000000e+00 -1.000000000000000000e+00 -1.000000000000000000e+00 -1.000000000000000000e+00 1.780057844841006954e+03 9.609258754369782309e+02 2.275539293511212868e+00 9.240000000000000435e-01 3.602500000000000036e+00 1.379000000000000004e+00
1.300000000000000000e+01 5.586000000000000000e+03 -1.000000000000000000e+00 -1.000000000000000000e+00 -1.000000000000000000e+00 -1.000000000000000000e+00 -1.000000000000000000e+00 1.767411000000000058e+03 9.441929999999999836e+02 2.221999999999999975e+00 1.106500000000000039e+00 3.503000000000000114e+00 1.598999999999999977e+00
1.300000000000000000e+01 5.601000000000000000e+03 -1.000000000000000000e+00 -1.000000000000000000e+00 -1.000000000000000000e+00 -1.000000000000000000e+00 -1.000000000000000000e+00 1.798578999999999951e+03 9.018690000000000282e+02 2.244000000000000217e+00 1.334500000000000020e+00 6.299500000000000099e+00 2.567000000000000171e+00
1.300000000000000000e+01 5.591000000000000000e+03 -1.000000000000000000e+00 -1.000000000000000000e+00 -1.000000000000000000e+00 -1.000000000000000000e+00 -1.000000000000000000e+00 1.773781999999999925e+03 9.515240000000000009e+02 2.201999999999999957e+00 1.017500000000000071e+00 3.525999999999999801e+00 1.449999999999999956e+00
1.300000000000000000e+01 5.596000000000000000e+03 -1.000000000000000000e+00 -1.000000000000000000e+00 -1.000000000000000000e+00 -1.000000000000000000e+00 -1.000000000000000000e+00 1.780288999999999987e+03 9.607390000000000327e+02 2.217000000000000082e+00 9.240000000000000435e-01 3.602500000000000036e+00 1.379000000000000004e+00
1.400000000000000000e+01 5.586000000000000000e+03 -1.000000000000000000e+00 -1.000000000000000000e+00 -1.000000000000000000e+00 -1.000000000000000000e+00 -1.000000000000000000e+00 1.767411000000000058e+03 9.441929999999999836e+02 2.222999999999999865e+00 1.106500000000000039e+00 3.503000000000000114e+00 1.598999999999999977e+00
1.400000000000000000e+01 5.601000000000000000e+03 -1.000000000000000000e+00 -1.000000000000000000e+00 -1.000000000000000000e+00 -1.000000000000000000e+00 -1.000000000000000000e+00 1.798583000000000084e+03 9.018730000000000473e+02 2.244000000000000217e+00 1.334500000000000020e+00 6.299500000000000099e+00 2.567000000000000171e+00
1.400000000000000000e+01 5.591000000000000000e+03 -1.000000000000000000e+00 -1.000000000000000000e+00 -1.000000000000000000e+00 -1.000000000000000000e+00 -1.000000000000000000e+00 1.773781999999999925e+03 9.515240000000000009e+02 2.212000000000000188e+00 1.017500000000000071e+00 3.525999999999999801e+00 1.449999999999999956e+00
1.400000000000000000e+01 5.596000000000000000e+03 -1.000000000000000000e+00 -1.000000000000000000e+00 -1.000000000000000000e+00 -1.000000000000000000e+00 -1.000000000000000000e+00 1.780365999999999985e+03 9.606760000000000446e+02 2.197999999999999954e+00 9.240000000000000435e-01 3.602500000000000036e+00 1.379000000000000004e+00
1.500000000000000000e+01 5.586000000000000000e+03 -1.000000000000000000e+00 -1.000000000000000000e+00 -1.000000000000000000e+00 -1.000000000000000000e+00 -1.000000000000000000e+00 1.767411000000000058e+03 9.441929999999999836e+02 2.224000000000000199e+00 1.106500000000000039e+00 3.503000000000000114e+00 1.598999999999999977e+00
1.500000000000000000e+01 5.601000000000000000e+03 -1.000000000000000000e+00 -1.000000000000000000e+00 -1.000000000000000000e+00 -1.000000000000000000e+00 -1.000000000000000000e+00 1.798586000000000013e+03 9.018780000000000427e+02 2.244000000000000217e+00 1.334500000000000020e+00 6.299500000000000099e+00 2.567000000000000171e+00
1.500000000000000000e+01 5.591000000000000000e+03 -1.000000000000000000e+00 -1.000000000000000000e+00 -1.000000000000000000e+00 -1.000000000000000000e+00 -1.000000000000000000e+00 1.773781999999999925e+03 9.515240000000000009e+02 2.221999999999999975e+00 1.017500000000000071e+00 3.525999999999999801e+00 1.449999999999999956e+00
1.500000000000000000e+01 5.596000000000000000e+03 -1.000000000000000000e+00 -1.000000000000000000e+00 -1.000000000000000000e+00 -1.000000000000000000e+00 -1.000000000000000000e+00 1.780328999852131574e+03 9.607090001318827035e+02 2.254000223800817437e+00 9.240000000000000435e-01 3.602500000000000036e+00 1.379000000000000004e+00
1.600000000000000000e+01 5.586000000000000000e+03 -1.000000000000000000e+00 -1.000000000000000000e+00 -1.000000000000000000e+00 -1.000000000000000000e+00 -1.000000000000000000e+00 1.767411000000000058e+03 9.441929999999999836e+02 2.225000000000000089e+00 1.106500000000000039e+00 3.503000000000000114e+00 1.598999999999999977e+00
1.600000000000000000e+01 5.601000000000000000e+03 -1.000000000000000000e+00 -1.000000000000000000e+00 -1.000000000000000000e+00 -1.000000000000000000e+00 -1.000000000000000000e+00 1.798588999999999942e+03 9.018819999999999482e+02 2.244000000000000217e+00 1.334500000000000020e+00 6.299500000000000099e+00 2.567000000000000171e+00
1.600000000000000000e+01 5.591000000000000000e+03 -1.000000000000000000e+00 -1.000000000000000000e+00 -1.000000000000000000e+00 -1.000000000000000000e+00 -1.000000000000000000e+00 1.773781999999999925e+03 9.515240000000000009e+02 2.232000000000000206e+00 1.017500000000000071e+00 3.525999999999999801e+00 1.449999999999999956e+00
1.600000000000000000e+01 5.596000000000000000e+03 -1.000000000000000000e+00 -1.000000000000000000e+00 -1.000000000000000000e+00 -1.000000000000000000e+00 -1.000000000000000000e+00 1.780291999999999916e+03 9.607419999999999618e+02 2.310000000000000053e+00 9.240000000000000435e-01 3.602500000000000036e+00 1.379000000000000004e+00
1.700000000000000000e+01 5.586000000000000000e+03 -1.000000000000000000e+00 -1.000000000000000000e+00 -1.000000000000000000e+00 -1.000000000000000000e+00 -1.000000000000000000e+00 1.767411000000000058e+03 9.441929999999999836e+02 2.225999999999999979e+00 1.106500000000000039e+00 3.503000000000000114e+00 1.598999999999999977e+00
1.700000000000000000e+01 5.601000000000000000e+03 -1.000000000000000000e+00 -1.000000000000000000e+00 -1.000000000000000000e+00 -1.000000000000000000e+00 -1.000000000000000000e+00 1.798592000000000098e+03 9.018869999999999436e+02 2.244000000000000217e+00 1.334500000000000020e+00 6.299500000000000099e+00 2.567000000000000171e+00
1.700000000000000000e+01 5.591000000000000000e+03 -1.000000000000000000e+00 -1.000000000000000000e+00 -1.000000000000000000e+00 -1.000000000000000000e+00 -1.000000000000000000e+00 1.773781999999999925e+03 9.515240000000000009e+02 2.241999999999999993e+00 1.017500000000000071e+00 3.525999999999999801e+00 1.449999999999999956e+00
1.700000000000000000e+01 5.596000000000000000e+03 -1.000000000000000000e+00 -1.000000000000000000e+00 -1.000000000000000000e+00 -1.000000000000000000e+00 -1.000000000000000000e+00 1.780291999999999916e+03 9.607419999999999618e+02 2.359999999999999876e+00 9.240000000000000435e-01 3.602500000000000036e+00 1.379000000000000004e+00
1.800000000000000000e+01 5.586000000000000000e+03 -1.000000000000000000e+00 -1.000000000000000000e+00 -1.000000000000000000e+00 -1.000000000000000000e+00 -1.000000000000000000e+00 1.767411000000000058e+03 9.441929999999999836e+02 2.226999999999999869e+00 1.106500000000000039e+00 3.503000000000000114e+00 1.598999999999999977e+00
1.800000000000000000e+01 5.601000000000000000e+03 -1.000000000000000000e+00 -1.000000000000000000e+00 -1.000000000000000000e+00 -1.000000000000000000e+00 -1.000000000000000000e+00 1.798595000000000027e+03 9.018909999999999627e+02 2.244000000000000217e+00 1.334500000000000020e+00 6.299500000000000099e+00 2.567000000000000171e+00
1.800000000000000000e+01 5.591000000000000000e+03 -1.000000000000000000e+00 -1.000000000000000000e+00 -1.000000000000000000e+00 -1.000000000000000000e+00 -1.000000000000000000e+00 1.773781999999999925e+03 9.515240000000000009e+02 2.251999999999999780e+00 1.017500000000000071e+00 3.525999999999999801e+00 1.449999999999999956e+00
1.900000000000000000e+01 5.586000000000000000e+03 -1.000000000000000000e+00 -1.000000000000000000e+00 -1.000000000000000000e+00 -1.000000000000000000e+00 -1.000000000000000000e+00 1.767411000000000058e+03 9.441929999999999836e+02 2.217999999999999972e+00 1.106500000000000039e+00 3.503000000000000114e+00 1.598999999999999977e+00
1.900000000000000000e+01 5.601000000000000000e+03 -1.000000000000000000e+00 -1.000000000000000000e+00 -1.000000000000000000e+00 -1.000000000000000000e+00 -1.000000000000000000e+00 1.798598999999999933e+03 9.018959999999999582e+02 2.244000000000000217e+00 1.334500000000000020e+00 6.299500000000000099e+00 2.567000000000000171e+00
2.000000000000000000e+01 5.586000000000000000e+03 -1.000000000000000000e+00 -1.000000000000000000e+00 -1.000000000000000000e+00 -1.000000000000000000e+00 -1.000000000000000000e+00 1.767411000000000058e+03 9.441929999999999836e+02 2.209000000000000075e+00 1.106500000000000039e+00 3.503000000000000114e+00 1.598999999999999977e+00
2.000000000000000000e+01 5.601000000000000000e+03 -1.000000000000000000e+00 -1.000000000000000000e+00 -1.000000000000000000e+00 -1.000000000000000000e+00 -1.000000000000000000e+00 1.798602000000000089e+03 9.018999999999999773e+02 2.244000000000000217e+00 1.334500000000000020e+00 6.299500000000000099e+00 2.567000000000000171e+00
2.100000000000000000e+01 5.586000000000000000e+03 -1.000000000000000000e+00 -1.000000000000000000e+00 -1.000000000000000000e+00 -1.000000000000000000e+00 -1.000000000000000000e+00 1.767411000000000058e+03 9.441929999999999836e+02 2.201000000000000068e+00 1.106500000000000039e+00 3.503000000000000114e+00 1.598999999999999977e+00
2.100000000000000000e+01 5.601000000000000000e+03 -1.000000000000000000e+00 -1.000000000000000000e+00 -1.000000000000000000e+00 -1.000000000000000000e+00 -1.000000000000000000e+00 1.798605000000000018e+03 9.019049999999999727e+02 2.244000000000000217e+00 1.334500000000000020e+00 6.299500000000000099e+00 2.567000000000000171e+00
2.200000000000000000e+01 5.586000000000000000e+03 -1.000000000000000000e+00 -1.000000000000000000e+00 -1.000000000000000000e+00 -1.000000000000000000e+00 -1.000000000000000000e+00 1.767411000000000058e+03 9.441929999999999836e+02 2.192000000000000171e+00 1.106500000000000039e+00 3.503000000000000114e+00 1.598999999999999977e+00
2.200000000000000000e+01 5.601000000000000000e+03 -1.000000000000000000e+00 -1.000000000000000000e+00 -1.000000000000000000e+00 -1.000000000000000000e+00 -1.000000000000000000e+00 1.798607999999999947e+03 9.019089999999999918e+02 2.244000000000000217e+00 1.334500000000000020e+00 6.299500000000000099e+00 2.567000000000000171e+00
2.300000000000000000e+01 5.586000000000000000e+03 -1.000000000000000000e+00 -1.000000000000000000e+00 -1.000000000000000000e+00 -1.000000000000000000e+00 -1.000000000000000000e+00 1.767411000000000058e+03 9.441929999999999836e+02 2.184000000000000163e+00 1.106500000000000039e+00 3.503000000000000114e+00 1.598999999999999977e+00
2.300000000000000000e+01 5.601000000000000000e+03 -1.000000000000000000e+00 -1.000000000000000000e+00 -1.000000000000000000e+00 -1.000000000000000000e+00 -1.000000000000000000e+00 1.798611000000000104e+03 9.019130000000000109e+02 2.244000000000000217e+00 1.334500000000000020e+00 6.299500000000000099e+00 2.567000000000000171e+00
2.400000000000000000e+01 5.586000000000000000e+03 -1.000000000000000000e+00 -1.000000000000000000e+00 -1.000000000000000000e+00 -1.000000000000000000e+00 -1.000000000000000000e+00 1.767411000000000058e+03 9.441929999999999836e+02 2.177000000000000046e+00 1.106500000000000039e+00 3.503000000000000114e+00 1.598999999999999977e+00
2.400000000000000000e+01 5.601000000000000000e+03 -1.000000000000000000e+00 -1.000000000000000000e+00 -1.000000000000000000e+00 -1.000000000000000000e+00 -1.000000000000000000e+00 1.798614000000000033e+03 9.019170000000000300e+02 2.244000000000000217e+00 1.334500000000000020e+00 6.299500000000000099e+00 2.567000000000000171e+00
2.500000000000000000e+01 5.601000000000000000e+03 -1.000000000000000000e+00 -1.000000000000000000e+00 -1.000000000000000000e+00 -1.000000000000000000e+00 -1.000000000000000000e+00 1.798616999999999962e+03 9.019220000000000255e+02 2.244000000000000217e+00 1.334500000000000020e+00 6.299500000000000099e+00 2.567000000000000171e+00
2.600000000000000000e+01 5.601000000000000000e+03 -1.000000000000000000e+00 -1.000000000000000000e+00 -1.000000000000000000e+00 -1.000000000000000000e+00 -1.000000000000000000e+00 1.798619999999999891e+03 9.019260000000000446e+02 2.244000000000000217e+00 1.334500000000000020e+00 6.299500000000000099e+00 2.567000000000000171e+00
2.700000000000000000e+01 5.601000000000000000e+03 -1.000000000000000000e+00 -1.000000000000000000e+00 -1.000000000000000000e+00 -1.000000000000000000e+00 -1.000000000000000000e+00 1.798623000000000047e+03 9.019299999999999500e+02 2.244000000000000217e+00 1.334500000000000020e+00 6.299500000000000099e+00 2.567000000000000171e+00
2.800000000000000000e+01 5.601000000000000000e+03 -1.000000000000000000e+00 -1.000000000000000000e+00 -1.000000000000000000e+00 -1.000000000000000000e+00 -1.000000000000000000e+00 1.798606999999999971e+03 9.019070000000000391e+02 2.244000000000000217e+00 1.334500000000000020e+00 6.299500000000000099e+00 2.567000000000000171e+00
2.900000000000000000e+01 5.601000000000000000e+03 -1.000000000000000000e+00 -1.000000000000000000e+00 -1.000000000000000000e+00 -1.000000000000000000e+00 -1.000000000000000000e+00 1.798590999999999894e+03 9.018830000000000382e+02 2.244000000000000217e+00 1.334500000000000020e+00 6.299500000000000099e+00 2.567000000000000171e+00
3.000000000000000000e+01 5.601000000000000000e+03 -1.000000000000000000e+00 -1.000000000000000000e+00 -1.000000000000000000e+00 -1.000000000000000000e+00 -1.000000000000000000e+00 1.798574000000000069e+03 9.018590000000000373e+02 2.244000000000000217e+00 1.334500000000000020e+00 6.299500000000000099e+00 2.567000000000000171e+00
3.100000000000000000e+01 5.601000000000000000e+03 -1.000000000000000000e+00 -1.000000000000000000e+00 -1.000000000000000000e+00 -1.000000000000000000e+00 -1.000000000000000000e+00 1.799166999999999916e+03 9.014969999999999573e+02 2.217999999999999972e+00 1.334500000000000020e+00 6.299500000000000099e+00 2.567000000000000171e+00
3.200000000000000000e+01 5.601000000000000000e+03 -1.000000000000000000e+00 -1.000000000000000000e+00 -1.000000000000000000e+00 -1.000000000000000000e+00 -1.000000000000000000e+00 1.799758000000000038e+03 9.011340000000000146e+02 2.193999999999999950e+00 1.334500000000000020e+00 6.299500000000000099e+00 2.567000000000000171e+00
3.300000000000000000e+01 5.601000000000000000e+03 -1.000000000000000000e+00 -1.000000000000000000e+00 -1.000000000000000000e+00 -1.000000000000000000e+00 -1.000000000000000000e+00 1.800606999999999971e+03 9.004740000000000464e+02 2.168000000000000149e+00 1.334500000000000020e+00 6.299500000000000099e+00 2.567000000000000171e+00
3.400000000000000000e+01 5.601000000000000000e+03 -1.000000000000000000e+00 -1.000000000000000000e+00 -1.000000000000000000e+00 -1.000000000000000000e+00 -1.000000000000000000e+00 1.801371000000000095e+03 8.998799999999999955e+02 2.145999999999999908e+00 1.334500000000000020e+00 6.299500000000000099e+00 2.567000000000000171e+00
3.500000000000000000e+01 5.601000000000000000e+03 -1.000000000000000000e+00 -1.000000000000000000e+00 -1.000000000000000000e+00 -1.000000000000000000e+00 -1.000000000000000000e+00 1.802849999999999909e+03 8.987440000000000282e+02 2.119000000000000217e+00 1.334500000000000020e+00 6.299500000000000099e+00 2.567000000000000171e+00
3.600000000000000000e+01 5.601000000000000000e+03 -1.000000000000000000e+00 -1.000000000000000000e+00 -1.000000000000000000e+00 -1.000000000000000000e+00 -1.000000000000000000e+00 1.804067000000000007e+03 8.977970000000000255e+02 2.093999999999999861e+00 1.334500000000000020e+00 6.299500000000000099e+00 2.567000000000000171e+00
3.700000000000000000e+01 5.601000000000000000e+03 -1.000000000000000000e+00 -1.000000000000000000e+00 -1.000000000000000000e+00 -1.000000000000000000e+00 -1.000000000000000000e+00 1.805285000000000082e+03 8.968490000000000464e+02 2.068999999999999950e+00 1.334500000000000020e+00 6.299500000000000099e+00 2.567000000000000171e+00
3.800000000000000000e+01 5.601000000000000000e+03 -1.000000000000000000e+00 -1.000000000000000000e+00 -1.000000000000000000e+00 -1.000000000000000000e+00 -1.000000000000000000e+00 1.806846999999999980e+03 8.956409999999999627e+02 2.044000000000000039e+00 1.334500000000000020e+00 6.299500000000000099e+00 2.567000000000000171e+00
3.900000000000000000e+01 5.601000000000000000e+03 -1.000000000000000000e+00 -1.000000000000000000e+00 -1.000000000000000000e+00 -1.000000000000000000e+00 -1.000000000000000000e+00 1.808407999999999902e+03 8.944320000000000164e+02 2.019000000000000128e+00 1.334500000000000020e+00 6.299500000000000099e+00 2.567000000000000171e+00
4.000000000000000000e+01 5.601000000000000000e+03 -1.000000000000000000e+00 -1.000000000000000000e+00 -1.000000000000000000e+00 -1.000000000000000000e+00 -1.000000000000000000e+00 1.810150000000000091e+03 8.931069999999999709e+02 2.119000000000000217e+00 1.334500000000000020e+00 6.299500000000000099e+00 2.567000000000000171e+00
4.100000000000000000e+01 5.601000000000000000e+03 -1.000000000000000000e+00 -1.000000000000000000e+00 -1.000000000000000000e+00 -1.000000000000000000e+00 -1.000000000000000000e+00 1.811893000000000029e+03 8.917799999999999727e+02 2.218999999999999861e+00 1.334500000000000020e+00 6.299500000000000099e+00 2.567000000000000171e+00
