2.100000000000000000e+01 3.945000000000000000e+03 -1.000000000000000000e+00 -1.000000000000000000e+00 -1.000000000000000000e+00 -1.000000000000000000e+00 -1.000000000000000000e+00 2.014759000000000015e+03 1.186881000000000085e+03 1.820000000000000062e+00 1.079499999999999904e+00 3.564000000000000057e+00 1.637999999999999901e+00
2.100000000000000000e+01 3.946000000000000000e+03 -1.000000000000000000e+00 -1.000000000000000000e+00 -1.000000000000000000e+00 -1.000000000000000000e+00 -1.000000000000000000e+00 2.015968000000000075e+03 1.189851000000000113e+03 1.655000000000000027e+00 1.395000000000000018e+00 3.626500000000000057e+00 2.069500000000000117e+00
2.200000000000000000e+01 3.947000000000000000e+03 -1.000000000000000000e+00 -1.000000000000000000e+00 -1.000000000000000000e+00 -1.000000000000000000e+00 -1.000000000000000000e+00 2.002290999999999940e+03 1.148491999999999962e+03 1.322000000000000064e+00 1.429000000000000048e+00 7.403500000000000192e+00 2.120999999999999996e+00
2.200000000000000000e+01 3.945000000000000000e+03 -1.000000000000000000e+00 -1.000000000000000000e+00 -1.000000000000000000e+00 -1.000000000000000000e+00 -1.000000000000000000e+00 2.014759000000000015e+03 1.186881000000000085e+03 1.820000000000000062e+00 1.079499999999999904e+00 3.564000000000000057e+00 1.637999999999999901e+00
2.200000000000000000e+01 3.946000000000000000e+03 -1.000000000000000000e+00 -1.000000000000000000e+00 -1.000000000000000000e+00 -1.000000000000000000e+00 -1.000000000000000000e+00 2.015968000000000075e+03 1.189851000000000113e+03 1.604999999999999982e+00 1.395000000000000018e+00 3.626500000000000057e+00 2.069500000000000117e+00
2.300000000000000000e+01 3.947000000000000000e+03 -1.000000000000000000e+00 -1.000000000000000000e+00 -1.000000000000000000e+00 -1.000000000000000000e+00 -1.000000000000000000e+00 2.002232999999999947e+03 1.148407999999999902e+03 1.322000000000000064e+00 1.429000000000000048e+00 7.403500000000000192e+00 2.120999999999999996e+00
2.300000000000000000e+01 3.950000000000000000e+03 -1.000000000000000000e+00 -1.000000000000000000e+00 -1.000000000000000000e+00 -1.000000000000000000e+00 -1.000000000000000000e+00 2.001338999999999942e+03 1.143824000000000069e+03 1.183999999999999941e+00 1.379000000000000004e+00 6.486500000000000377e+00 2.402499999999999858e+00
2.300000000000000000e+01 3.945000000000000000e+03 -1.000000000000000000e+00 -1.000000000000000000e+00 -1.000000000000000000e+00 -1.000000000000000000e+00 -1.000000000000000000e+00 2.014759000000000015e+03 1.186881000000000085e+03 1.820000000000000062e+00 1.079499999999999904e+00 3.564000000000000057e+00 1.637999999999999901e+00
2.300000000000000000e+01 3.946000000000000000e+03 -1.000000000000000000e+00 -1.000000000000000000e+00 -1.000000000000000000e+00 -1.000000000000000000e+00 -1.000000000000000000e+00 2.015867999999999938e+03 1.189675999999999931e+03 1.604999999999999982e+00 1.395000000000000018e+00 3.626500000000000057e+00 2.069500000000000117e+00
2.400000000000000000e+01 3.947000000000000000e+03 -1.000000000000000000e+00 -1.000000000000000000e+00 -1.000000000000000000e+00 -1.000000000000000000e+00 -1.000000000000000000e+00 2.002232999999999947e+03 1.148407999999999902e+03 1.322000000000000064e+00 1.429000000000000048e+00 7.403500000000000192e+00 2.120999999999999996e+00
2.400000000000000000e+01 3.950000000000000000e+03 -1.000000000000000000e+00 -1.000000000000000000e+00 -1.000000000000000000e+00 -1.000000000000000000e+00 -1.000000000000000000e+00 2.001326999999999998e+03 1.143814000000000078e+03 1.183999999999999941e+00 1.379000000000000004e+00 6.486500000000000377e+00 2.402499999999999858e+00
2.400000000000000000e+01 3.954000000000000000e+03 -1.000000000000000000e+00 -1.000000000000000000e+00 -1.000000000000000000e+00 -1.000000000000000000e+00 -1.000000000000000000e+00 2.032086000000000013e+03 1.125680000000000064e+03 1.885999999999999899e+00 1.638500000000000068e+00 8.393000000000000682e+00 1.841499999999999915e+00
2.400000000000000000e+01 3.945000000000000000e+03 -1.000000000000000000e+00 -1.000000000000000000e+00 -1.000000000000000000e+00 -1.000000000000000000e+00 -1.000000000000000000e+00 2.014759000000000015e+03 1.186881000000000085e+03 1.820000000000000062e+00 1.079499999999999904e+00 3.564000000000000057e+00 1.637999999999999901e+00
2.400000000000000000e+01 3.946000000000000000e+03 -1.000000000000000000e+00 -1.000000000000000000e+00 -1.000000000000000000e+00 -1.000000000000000000e+00 -1.000000000000000000e+00 2.015867999999999938e+03 1.189675999999999931e+03 1.604999999999999982e+00 1.395000000000000018e+00 3.626500000000000057e+00 2.069500000000000117e+00
2.500000000000000000e+01 3.947000000000000000e+03 -1.000000000000000000e+00 -1.000000000000000000e+00 -1.000000000000000000e+00 -1.000000000000000000e+00 -1.000000000000000000e+00 2.002148999999999887e+03 1.148465999999999894e+03 1.322000000000000064e+00 1.429000000000000048e+00 7.403500000000000192e+00 2.120999999999999996e+00
2.500000000000000000e+01 3.950000000000000000e+03 -1.000000000000000000e+00 -1.000000000000000000e+00 -1.000000000000000000e+00 -1.000000000000000000e+00 -1.000000000000000000e+00 2.001315000000000055e+03 1.143803000000000111e+03 1.183999999999999941e+00 1.379000000000000004e+00 6.486500000000000377e+00 2.402499999999999858e+00
2.500000000000000000e+01 3.954000000000000000e+03 -1.000000000000000000e+00 -1.000000000000000000e+00 -1.000000000000000000e+00 -1.000000000000000000e+00 -1.000000000000000000e+00 2.032092000000000098e+03 1.125673000000000002e+03 1.891999999999999904e+00 1.638500000000000068e+00 8.393000000000000682e+00 1.841499999999999915e+00
2.500000000000000000e+01 3.945000000000000000e+03 -1.000000000000000000e+00 -1.000000000000000000e+00 -1.000000000000000000e+00 -1.000000000000000000e+00 -1.000000000000000000e+00 2.014759000000000015e+03 1.186881000000000085e+03 1.820000000000000062e+00 1.079499999999999904e+00 3.564000000000000057e+00 1.637999999999999901e+00
2.500000000000000000e+01 3.946000000000000000e+03 -1.000000000000000000e+00 -1.000000000000000000e+00 -1.000000000000000000e+00 -1.000000000000000000e+00 -1.000000000000000000e+00 2.015867999999999938e+03 1.189675999999999931e+03 1.604999999999999982e+00 1.395000000000000018e+00 3.626500000000000057e+00 2.069500000000000117e+00
2.600000000000000000e+01 3.947000000000000000e+03 -1.000000000000000000e+00 -1.000000000000000000e+00 -1.000000000000000000e+00 -1.000000000000000000e+00 -1.000000000000000000e+00 2.002148999999999887e+03 1.148465999999999894e+03 1.322000000000000064e+00 1.429000000000000048e+00 7.403500000000000192e+00 2.120999999999999996e+00
2.600000000000000000e+01 3.950000000000000000e+03 -1.000000000000000000e+00 -1.000000000000000000e+00 -1.000000000000000000e+00 -1.000000000000000000e+00 -1.000000000000000000e+00 2.001304000000000087e+03 1.143792999999999893e+03 1.183999999999999941e+00 1.379000000000000004e+00 6.486500000000000377e+00 2.402499999999999858e+00
2.600000000000000000e+01 3.954000000000000000e+03 -1.000000000000000000e+00 -1.000000000000000000e+00 -1.000000000000000000e+00 -1.000000000000000000e+00 -1.000000000000000000e+00 2.032097999999999956e+03 1.125665999999999940e+03 1.899000000000000021e+00 1.638500000000000068e+00 8.393000000000000682e+00 1.841499999999999915e+00
2.600000000000000000e+01 3.945000000000000000e+03 -1.000000000000000000e+00 -1.000000000000000000e+00 -1.000000000000000000e+00 -1.000000000000000000e+00 -1.000000000000000000e+00 2.014759000000000015e+03 1.186881000000000085e+03 1.820000000000000062e+00 1.079499999999999904e+00 3.564000000000000057e+00 1.637999999999999901e+00
2.600000000000000000e+01 3.946000000000000000e+03 -1.000000000000000000e+00 -1.000000000000000000e+00 -1.000000000000000000e+00 -1.000000000000000000e+00 -1.000000000000000000e+00 2.015867999999999938e+03 1.189675999999999931e+03 1.590000000000000080e+00 1.395000000000000018e+00 3.626500000000000057e+00 2.069500000000000117e+00
2.700000000000000000e+01 3.947000000000000000e+03 -1.000000000000000000e+00 -1.000000000000000000e+00 -1.000000000000000000e+00 -1.000000000000000000e+00 -1.000000000000000000e+00 2.002145999999999958e+03 1.148463999999999942e+03 1.322000000000000064e+00 1.429000000000000048e+00 7.403500000000000192e+00 2.120999999999999996e+00
2.700000000000000000e+01 3.950000000000000000e+03 -1.000000000000000000e+00 -1.000000000000000000e+00 -1.000000000000000000e+00 -1.000000000000000000e+00 -1.000000000000000000e+00 2.001291999999999916e+03 1.143782999999999902e+03 1.183999999999999941e+00 1.379000000000000004e+00 6.486500000000000377e+00 2.402499999999999858e+00
2.700000000000000000e+01 3.954000000000000000e+03 -1.000000000000000000e+00 -1.000000000000000000e+00 -1.000000000000000000e+00 -1.000000000000000000e+00 -1.000000000000000000e+00 2.032103000000000065e+03 1.125659000000000106e+03 1.905000000000000027e+00 1.638500000000000068e+00 8.393000000000000682e+00 1.841499999999999915e+00
2.700000000000000000e+01 3.945000000000000000e+03 -1.000000000000000000e+00 -1.000000000000000000e+00 -1.000000000000000000e+00 -1.000000000000000000e+00 -1.000000000000000000e+00 2.014759000000000015e+03 1.186881000000000085e+03 1.969999999999999973e+00 1.079499999999999904e+00 3.564000000000000057e+00 1.637999999999999901e+00
2.700000000000000000e+01 3.946000000000000000e+03 -1.000000000000000000e+00 -1.000000000000000000e+00 -1.000000000000000000e+00 -1.000000000000000000e+00 -1.000000000000000000e+00 2.015867999999999938e+03 1.189675999999999931e+03 1.604999999999999982e+00 1.395000000000000018e+00 3.626500000000000057e+00 2.069500000000000117e+00
2.800000000000000000e+01 3.947000000000000000e+03 -1.000000000000000000e+00 -1.000000000000000000e+00 -1.000000000000000000e+00 -1.000000000000000000e+00 -1.000000000000000000e+00 2.002092000000000098e+03 1.148382000000000062e+03 1.322000000000000064e+00 1.429000000000000048e+00 7.403500000000000192e+00 2.120999999999999996e+00
2.800000000000000000e+01 3.950000000000000000e+03 -1.000000000000000000e+00 -1.000000000000000000e+00 -1.000000000000000000e+00 -1.000000000000000000e+00 -1.000000000000000000e+00 2.001279999999999973e+03 1.143772999999999911e+03 1.183999999999999941e+00 1.379000000000000004e+00 6.486500000000000377e+00 2.402499999999999858e+00
2.800000000000000000e+01 3.954000000000000000e+03 -1.000000000000000000e+00 -1.000000000000000000e+00 -1.000000000000000000e+00 -1.000000000000000000e+00 -1.000000000000000000e+00 2.032108999999999924e+03 1.125652000000000044e+03 1.911999999999999922e+00 1.638500000000000068e+00 8.393000000000000682e+00 1.841499999999999915e+00
2.800000000000000000e+01 3.945000000000000000e+03 -1.000000000000000000e+00 -1.000000000000000000e+00 -1.000000000000000000e+00 -1.000000000000000000e+00 -1.000000000000000000e+00 2.014759000000000015e+03 1.186881000000000085e+03 1.820000000000000062e+00 1.079499999999999904e+00 3.564000000000000057e+00 1.637999999999999901e+00
2.800000000000000000e+01 3.956000000000000000e+03 -1.000000000000000000e+00 -1.000000000000000000e+00 -1.000000000000000000e+00 -1.000000000000000000e+00 -1.000000000000000000e+00 1.994666999999999916e+03 1.134403999999999996e+03 1.127999999999999892e+00 1.427499999999999991e+00 6.636999999999999567e+00 2.361000000000000210e+00
2.800000000000000000e+01 3.946000000000000000e+03 -1.000000000000000000e+00 -1.000000000000000000e+00 -1.000000000000000000e+00 -1.000000000000000000e+00 -1.000000000000000000e+00 2.015867999999999938e+03 1.189675999999999931e+03 1.604999999999999982e+00 1.395000000000000018e+00 3.626500000000000057e+00 2.069500000000000117e+00
2.900000000000000000e+01 3.947000000000000000e+03 -1.000000000000000000e+00 -1.000000000000000000e+00 -1.000000000000000000e+00 -1.000000000000000000e+00 -1.000000000000000000e+00 2.002175999999999931e+03 1.148324000000000069e+03 1.322000000000000064e+00 1.429000000000000048e+00 7.403500000000000192e+00 2.120999999999999996e+00
2.900000000000000000e+01 3.950000000000000000e+03 -1.000000000000000000e+00 -1.000000000000000000e+00 -1.000000000000000000e+00 -1.000000000000000000e+00 -1.000000000000000000e+00 2.001268000000000029e+03 1.143761999999999944e+03 1.183999999999999941e+00 1.379000000000000004e+00 6.486500000000000377e+00 2.402499999999999858e+00
2.900000000000000000e+01 3.954000000000000000e+03 -1.000000000000000000e+00 -1.000000000000000000e+00 -1.000000000000000000e+00 -1.000000000000000000e+00 -1.000000000000000000e+00 2.032115000000000009e+03 1.125644999999999982e+03 1.917999999999999927e+00 1.638500000000000068e+00 8.393000000000000682e+00 1.841499999999999915e+00
2.900000000000000000e+01 3.945000000000000000e+03 -1.000000000000000000e+00 -1.000000000000000000e+00 -1.000000000000000000e+00 -1.000000000000000000e+00 -1.000000000000000000e+00 2.014759000000000015e+03 1.186881000000000085e+03 2.020000000000000018e+00 1.079499999999999904e+00 3.564000000000000057e+00 1.637999999999999901e+00
2.900000000000000000e+01 3.956000000000000000e+03 -1.000000000000000000e+00 -1.000000000000000000e+00 -1.000000000000000000e+00 -1.000000000000000000e+00 -1.000000000000000000e+00 1.994666999999999916e+03 1.134403999999999996e+03 1.120000000000000107e+00 1.427499999999999991e+00 6.636999999999999567e+00 2.361000000000000210e+00
2.900000000000000000e+01 3.946000000000000000e+03 -1.000000000000000000e+00 -1.000000000000000000e+00 -1.000000000000000000e+00 -1.000000000000000000e+00 -1.000000000000000000e+00 2.015867999999999938e+03 1.189675999999999931e+03 1.596000000000000085e+00 1.395000000000000018e+00 3.626500000000000057e+00 2.069500000000000117e+00
3.000000000000000000e+01 3.947000000000000000e+03 -1.000000000000000000e+00 -1.000000000000000000e+00 -1.000000000000000000e+00 -1.000000000000000000e+00 -1.000000000000000000e+00 2.002175999999999931e+03 1.148324000000000069e+03 1.322000000000000064e+00 1.429000000000000048e+00 7.403500000000000192e+00 2.120999999999999996e+00
3.000000000000000000e+01 3.950000000000000000e+03 -1.000000000000000000e+00 -1.000000000000000000e+00 -1.000000000000000000e+00 -1.000000000000000000e+00 -1.000000000000000000e+00 2.001256000000000085e+03 1.143751999999999953e+03 1.183999999999999941e+00 1.379000000000000004e+00 6.486500000000000377e+00 2.402499999999999858e+00
3.000000000000000000e+01 3.954000000000000000e+03 -1.000000000000000000e+00 -1.000000000000000000e+00 -1.000000000000000000e+00 -1.000000000000000000e+00 -1.000000000000000000e+00 2.032121000000000095e+03 1.125637999999999920e+03 1.923999999999999932e+00 1.638500000000000068e+00 8.393000000000000682e+00 1.841499999999999915e+00
3.000000000000000000e+01 3.945000000000000000e+03 -1.000000000000000000e+00 -1.000000000000000000e+00 -1.000000000000000000e+00 -1.000000000000000000e+00 -1.000000000000000000e+00 2.014759000000000015e+03 1.186881000000000085e+03 1.919999999999999929e+00 1.079499999999999904e+00 3.564000000000000057e+00 1.637999999999999901e+00
3.000000000000000000e+01 3.956000000000000000e+03 -1.000000000000000000e+00 -1.000000000000000000e+00 -1.000000000000000000e+00 -1.000000000000000000e+00 -1.000000000000000000e+00 1.994666999999999916e+03 1.134403999999999996e+03 1.112000000000000099e+00 1.427499999999999991e+00 6.636999999999999567e+00 2.361000000000000210e+00
3.000000000000000000e+01 3.946000000000000000e+03 -1.000000000000000000e+00 -1.000000000000000000e+00 -1.000000000000000000e+00 -1.000000000000000000e+00 -1.000000000000000000e+00 2.015867999999999938e+03 1.189675999999999931e+03 1.604999999999999982e+00 1.395000000000000018e+00 3.626500000000000057e+00 2.069500000000000117e+00
3.100000000000000000e+01 3.947000000000000000e+03 -1.000000000000000000e+00 -1.000000000000000000e+00 -1.000000000000000000e+00 -1.000000000000000000e+00 -1.000000000000000000e+00 2.002175999999999931e+03 1.148324000000000069e+03 1.322000000000000064e+00 1.429000000000000048e+00 7.403500000000000192e+00 2.120999999999999996e+00
3.100000000000000000e+01 3.950000000000000000e+03 -1.000000000000000000e+00 -1.000000000000000000e+00 -1.000000000000000000e+00 -1.000000000000000000e+00 -1.000000000000000000e+00 2.001243999999999915e+03 1.143741999999999962e+03 1.183999999999999941e+00 1.379000000000000004e+00 6.486500000000000377e+00 2.402499999999999858e+00
3.100000000000000000e+01 3.954000000000000000e+03 -1.000000000000000000e+00 -1.000000000000000000e+00 -1.000000000000000000e+00 -1.000000000000000000e+00 -1.000000000000000000e+00 2.032126999999999953e+03 1.125631000000000085e+03 1.931000000000000050e+00 1.638500000000000068e+00 8.393000000000000682e+00 1.841499999999999915e+00
3.100000000000000000e+01 3.945000000000000000e+03 -1.000000000000000000e+00 -1.000000000000000000e+00 -1.000000000000000000e+00 -1.000000000000000000e+00 -1.000000000000000000e+00 2.014759000000000015e+03 1.186881000000000085e+03 1.969999999999999973e+00 1.079499999999999904e+00 3.564000000000000057e+00 1.637999999999999901e+00
3.100000000000000000e+01 3.956000000000000000e+03 -1.000000000000000000e+00 -1.000000000000000000e+00 -1.000000000000000000e+00 -1.000000000000000000e+00 -1.000000000000000000e+00 1.994666999999999916e+03 1.134403999999999996e+03 1.102999999999999980e+00 1.427499999999999991e+00 6.636999999999999567e+00 2.361000000000000210e+00
3.100000000000000000e+01 3.946000000000000000e+03 -1.000000000000000000e+00 -1.000000000000000000e+00 -1.000000000000000000e+00 -1.000000000000000000e+00 -1.000000000000000000e+00 2.015867999999999938e+03 1.189675999999999931e+03 1.604999999999999982e+00 1.395000000000000018e+00 3.626500000000000057e+00 2.069500000000000117e+00
3.200000000000000000e+01 3.947000000000000000e+03 -1.000000000000000000e+00 -1.000000000000000000e+00 -1.000000000000000000e+00 -1.000000000000000000e+00 -1.000000000000000000e+00 2.002175999999999931e+03 1.148324000000000069e+03 1.221999999999999975e+00 1.429000000000000048e+00 7.403500000000000192e+00 2.120999999999999996e+00
3.200000000000000000e+01 3.950000000000000000e+03 -1.000000000000000000e+00 -1.000000000000000000e+00 -1.000000000000000000e+00 -1.000000000000000000e+00 -1.000000000000000000e+00 2.001231999999999971e+03 1.143730999999999995e+03 1.183999999999999941e+00 1.379000000000000004e+00 6.486500000000000377e+00 2.402499999999999858e+00
3.200000000000000000e+01 3.954000000000000000e+03 -1.000000000000000000e+00 -1.000000000000000000e+00 -1.000000000000000000e+00 -1.000000000000000000e+00 -1.000000000000000000e+00 2.032133000000000038e+03 1.125624000000000024e+03 1.937000000000000055e+00 1.638500000000000068e+00 8.393000000000000682e+00 1.841499999999999915e+00
3.200000000000000000e+01 3.945000000000000000e+03 -1.000000000000000000e+00 -1.000000000000000000e+00 -1.000000000000000000e+00 -1.000000000000000000e+00 -1.000000000000000000e+00 2.014770999999999958e+03 1.186778999999999996e+03 2.037999999999999812e+00 1.079499999999999904e+00 3.564000000000000057e+00 1.637999999999999901e+00
3.200000000000000000e+01 3.956000000000000000e+03 -1.000000000000000000e+00 -1.000000000000000000e+00 -1.000000000000000000e+00 -1.000000000000000000e+00 -1.000000000000000000e+00 1.994666999999999916e+03 1.134403999999999996e+03 1.094999999999999973e+00 1.427499999999999991e+00 6.636999999999999567e+00 2.361000000000000210e+00
3.200000000000000000e+01 3.946000000000000000e+03 -1.000000000000000000e+00 -1.000000000000000000e+00 -1.000000000000000000e+00 -1.000000000000000000e+00 -1.000000000000000000e+00 2.015843000000000075e+03 1.189633000000000038e+03 1.554999999999999938e+00 1.395000000000000018e+00 3.626500000000000057e+00 2.069500000000000117e+00
3.300000000000000000e+01 3.947000000000000000e+03 -1.000000000000000000e+00 -1.000000000000000000e+00 -1.000000000000000000e+00 -1.000000000000000000e+00 -1.000000000000000000e+00 2.002201999999999998e+03 1.148182999999999993e+03 1.322000000000000064e+00 1.429000000000000048e+00 7.403500000000000192e+00 2.120999999999999996e+00
3.300000000000000000e+01 3.950000000000000000e+03 -1.000000000000000000e+00 -1.000000000000000000e+00 -1.000000000000000000e+00 -1.000000000000000000e+00 -1.000000000000000000e+00 2.001221000000000004e+03 1.143721000000000004e+03 1.183999999999999941e+00 1.379000000000000004e+00 6.486500000000000377e+00 2.402499999999999858e+00
3.300000000000000000e+01 3.954000000000000000e+03 -1.000000000000000000e+00 -1.000000000000000000e+00 -1.000000000000000000e+00 -1.000000000000000000e+00 -1.000000000000000000e+00 2.032138999999999896e+03 1.125616999999999962e+03 1.943000000000000060e+00 1.638500000000000068e+00 8.393000000000000682e+00 1.841499999999999915e+00
3.300000000000000000e+01 3.945000000000000000e+03 -1.000000000000000000e+00 -1.000000000000000000e+00 -1.000000000000000000e+00 -1.000000000000000000e+00 -1.000000000000000000e+00 2.014784000000000106e+03 1.186676999999999907e+03 1.820000000000000062e+00 1.079499999999999904e+00 3.564000000000000057e+00 1.637999999999999901e+00
3.300000000000000000e+01 3.956000000000000000e+03 -1.000000000000000000e+00 -1.000000000000000000e+00 -1.000000000000000000e+00 -1.000000000000000000e+00 -1.000000000000000000e+00 1.994666999999999916e+03 1.134403999999999996e+03 1.086999999999999966e+00 1.427499999999999991e+00 6.636999999999999567e+00 2.361000000000000210e+00
3.300000000000000000e+01 3.958000000000000000e+03 -1.000000000000000000e+00 -1.000000000000000000e+00 -1.000000000000000000e+00 -1.000000000000000000e+00 -1.000000000000000000e+00 2.004070999999999913e+03 1.115134000000000015e+03 1.673999999999999932e+00 1.568000000000000060e+00 8.302500000000000213e+00 2.076999999999999957e+00
3.300000000000000000e+01 3.946000000000000000e+03 -1.000000000000000000e+00 -1.000000000000000000e+00 -1.000000000000000000e+00 -1.000000000000000000e+00 -1.000000000000000000e+00 2.015817999999999984e+03 1.189589999999999918e+03 1.604999999999999982e+00 1.395000000000000018e+00 3.626500000000000057e+00 2.069500000000000117e+00
3.400000000000000000e+01 3.947000000000000000e+03 -1.000000000000000000e+00 -1.000000000000000000e+00 -1.000000000000000000e+00 -1.000000000000000000e+00 -1.000000000000000000e+00 2.002117999999999938e+03 1.148240000000000009e+03 1.322000000000000064e+00 1.429000000000000048e+00 7.403500000000000192e+00 2.120999999999999996e+00
3.400000000000000000e+01 3.950000000000000000e+03 -1.000000000000000000e+00 -1.000000000000000000e+00 -1.000000000000000000e+00 -1.000000000000000000e+00 -1.000000000000000000e+00 2.001209000000000060e+03 1.143711000000000013e+03 1.183999999999999941e+00 1.379000000000000004e+00 6.486500000000000377e+00 2.402499999999999858e+00
3.400000000000000000e+01 3.954000000000000000e+03 -1.000000000000000000e+00 -1.000000000000000000e+00 -1.000000000000000000e+00 -1.000000000000000000e+00 -1.000000000000000000e+00 2.032144999999999982e+03 1.125609999999999900e+03 1.949999999999999956e+00 1.638500000000000068e+00 8.393000000000000682e+00 1.841499999999999915e+00
3.400000000000000000e+01 3.945000000000000000e+03 -1.000000000000000000e+00 -1.000000000000000000e+00 -1.000000000000000000e+00 -1.000000000000000000e+00 -1.000000000000000000e+00 2.014784000000000106e+03 1.186676999999999907e+03 1.820000000000000062e+00 1.079499999999999904e+00 3.564000000000000057e+00 1.637999999999999901e+00
3.400000000000000000e+01 3.956000000000000000e+03 -1.000000000000000000e+00 -1.000000000000000000e+00 -1.000000000000000000e+00 -1.000000000000000000e+00 -1.000000000000000000e+00 1.994666999999999916e+03 1.134403999999999996e+03 1.078000000000000069e+00 1.427499999999999991e+00 6.636999999999999567e+00 2.361000000000000210e+00
3.400000000000000000e+01 3.958000000000000000e+03 -1.000000000000000000e+00 -1.000000000000000000e+00 -1.000000000000000000e+00 -1.000000000000000000e+00 -1.000000000000000000e+00 2.004480000000000018e+03 1.115413000000000011e+03 1.711000000000000076e+00 1.568000000000000060e+00 8.302500000000000213e+00 2.076999999999999957e+00
3.400000000000000000e+01 3.946000000000000000e+03 -1.000000000000000000e+00 -1.000000000000000000e+00 -1.000000000000000000e+00 -1.000000000000000000e+00 -1.000000000000000000e+00 2.015768000000000029e+03 1.189502999999999929e+03 1.604999999999999982e+00 1.395000000000000018e+00 3.626500000000000057e+00 2.069500000000000117e+00
3.500000000000000000e+01 3.947000000000000000e+03 -1.000000000000000000e+00 -1.000000000000000000e+00 -1.000000000000000000e+00 -1.000000000000000000e+00 -1.000000000000000000e+00 2.002117999999999938e+03 1.148240000000000009e+03 1.322000000000000064e+00 1.429000000000000048e+00 7.403500000000000192e+00 2.120999999999999996e+00
3.500000000000000000e+01 3.950000000000000000e+03 -1.000000000000000000e+00 -1.000000000000000000e+00 -1.000000000000000000e+00 -1.000000000000000000e+00 -1.000000000000000000e+00 2.001196999999999889e+03 1.143701000000000022e+03 1.183999999999999941e+00 1.379000000000000004e+00 6.486500000000000377e+00 2.402499999999999858e+00
3.500000000000000000e+01 3.954000000000000000e+03 -1.000000000000000000e+00 -1.000000000000000000e+00 -1.000000000000000000e+00 -1.000000000000000000e+00 -1.000000000000000000e+00 2.032151000000000067e+03 1.125603000000000065e+03 1.955999999999999961e+00 1.638500000000000068e+00 8.393000000000000682e+00 1.841499999999999915e+00
3.500000000000000000e+01 3.945000000000000000e+03 -1.000000000000000000e+00 -1.000000000000000000e+00 -1.000000000000000000e+00 -1.000000000000000000e+00 -1.000000000000000000e+00 2.014784000000000106e+03 1.186676999999999907e+03 1.820000000000000062e+00 1.079499999999999904e+00 3.564000000000000057e+00 1.637999999999999901e+00
3.500000000000000000e+01 3.956000000000000000e+03 -1.000000000000000000e+00 -1.000000000000000000e+00 -1.000000000000000000e+00 -1.000000000000000000e+00 -1.000000000000000000e+00 1.994666999999999916e+03 1.134403999999999996e+03 1.070000000000000062e+00 1.427499999999999991e+00 6.636999999999999567e+00 2.361000000000000210e+00
3.500000000000000000e+01 3.958000000000000000e+03 -1.000000000000000000e+00 -1.000000000000000000e+00 -1.000000000000000000e+00 -1.000000000000000000e+00 -1.000000000000000000e+00 2.004859999999999900e+03 1.115760999999999967e+03 1.747999999999999998e+00 1.568000000000000060e+00 8.302500000000000213e+00 2.076999999999999957e+00
3.500000000000000000e+01 3.946000000000000000e+03 -1.000000000000000000e+00 -1.000000000000000000e+00 -1.000000000000000000e+00 -1.000000000000000000e+00 -1.000000000000000000e+00 2.015855000000000018e+03 1.189453999999999951e+03 1.604999999999999982e+00 1.395000000000000018e+00 3.626500000000000057e+00 2.069500000000000117e+00
3.600000000000000000e+01 3.947000000000000000e+03 -1.000000000000000000e+00 -1.000000000000000000e+00 -1.000000000000000000e+00 -1.000000000000000000e+00 -1.000000000000000000e+00 2.002175999999999931e+03 1.148324000000000069e+03 1.322000000000000064e+00 1.429000000000000048e+00 7.403500000000000192e+00 2.120999999999999996e+00
3.600000000000000000e+01 3.950000000000000000e+03 -1.000000000000000000e+00 -1.000000000000000000e+00 -1.000000000000000000e+00 -1.000000000000000000e+00 -1.000000000000000000e+00 2.001184999999999945e+03 1.143690000000000055e+03 1.183999999999999941e+00 1.379000000000000004e+00 6.486500000000000377e+00 2.402499999999999858e+00
3.600000000000000000e+01 3.954000000000000000e+03 -1.000000000000000000e+00 -1.000000000000000000e+00 -1.000000000000000000e+00 -1.000000000000000000e+00 -1.000000000000000000e+00 2.032155999999999949e+03 1.125596000000000004e+03 1.963000000000000078e+00 1.638500000000000068e+00 8.393000000000000682e+00 1.841499999999999915e+00
3.600000000000000000e+01 3.945000000000000000e+03 -1.000000000000000000e+00 -1.000000000000000000e+00 -1.000000000000000000e+00 -1.000000000000000000e+00 -1.000000000000000000e+00 2.014784000000000106e+03 1.186676999999999907e+03 1.820000000000000062e+00 1.079499999999999904e+00 3.564000000000000057e+00 1.637999999999999901e+00
3.600000000000000000e+01 3.956000000000000000e+03 -1.000000000000000000e+00 -1.000000000000000000e+00 -1.000000000000000000e+00 -1.000000000000000000e+00 -1.000000000000000000e+00 1.994666999999999916e+03 1.134403999999999996e+03 1.062000000000000055e+00 1.427499999999999991e+00 6.636999999999999567e+00 2.361000000000000210e+00
3.600000000000000000e+01 3.958000000000000000e+03 -1.000000000000000000e+00 -1.000000000000000000e+00 -1.000000000000000000e+00 -1.000000000000000000e+00 -1.000000000000000000e+00 2.005249000000000024e+03 1.116097999999999956e+03 1.786000000000000032e+00 1.568000000000000060e+00 8.302500000000000213e+00 2.076999999999999957e+00
3.600000000000000000e+01 3.946000000000000000e+03 -1.000000000000000000e+00 -1.000000000000000000e+00 -1.000000000000000000e+00 -1.000000000000000000e+00 -1.000000000000000000e+00 2.015867999999999938e+03 1.189675999999999931e+03 1.604999999999999982e+00 1.395000000000000018e+00 3.626500000000000057e+00 2.069500000000000117e+00
3.700000000000000000e+01 3.947000000000000000e+03 -1.000000000000000000e+00 -1.000000000000000000e+00 -1.000000000000000000e+00 -1.000000000000000000e+00 -1.000000000000000000e+00 2.002117999999999938e+03 1.148240000000000009e+03 1.322000000000000064e+00 1.429000000000000048e+00 7.403500000000000192e+00 2.120999999999999996e+00
3.700000000000000000e+01 3.950000000000000000e+03 -1.000000000000000000e+00 -1.000000000000000000e+00 -1.000000000000000000e+00 -1.000000000000000000e+00 -1.000000000000000000e+00 2.001173000000000002e+03 1.143680000000000064e+03 1.183999999999999941e+00 1.379000000000000004e+00 6.486500000000000377e+00 2.402499999999999858e+00
3.700000000000000000e+01 3.954000000000000000e+03 -1.000000000000000000e+00 -1.000000000000000000e+00 -1.000000000000000000e+00 -1.000000000000000000e+00 -1.000000000000000000e+00 2.032162000000000035e+03 1.125588999999999942e+03 1.969000000000000083e+00 1.638500000000000068e+00 8.393000000000000682e+00 1.841499999999999915e+00
3.700000000000000000e+01 3.945000000000000000e+03 -1.000000000000000000e+00 -1.000000000000000000e+00 -1.000000000000000000e+00 -1.000000000000000000e+00 -1.000000000000000000e+00 2.014784000000000106e+03 1.186676999999999907e+03 1.820000000000000062e+00 1.079499999999999904e+00 3.564000000000000057e+00 1.637999999999999901e+00
3.700000000000000000e+01 3.956000000000000000e+03 -1.000000000000000000e+00 -1.000000000000000000e+00 -1.000000000000000000e+00 -1.000000000000000000e+00 -1.000000000000000000e+00 1.994666999999999916e+03 1.134403999999999996e+03 1.052999999999999936e+00 1.427499999999999991e+00 6.636999999999999567e+00 2.361000000000000210e+00
3.700000000000000000e+01 3.958000000000000000e+03 -1.000000000000000000e+00 -1.000000000000000000e+00 -1.000000000000000000e+00 -1.000000000000000000e+00 -1.000000000000000000e+00 2.005647999999999911e+03 1.116424999999999955e+03 1.822999999999999954e+00 1.568000000000000060e+00 8.302500000000000213e+00 2.076999999999999957e+00
3.700000000000000000e+01 3.946000000000000000e+03 -1.000000000000000000e+00 -1.000000000000000000e+00 -1.000000000000000000e+00 -1.000000000000000000e+00 -1.000000000000000000e+00 2.015792999999999893e+03 1.189547000000000025e+03 1.554999999999999938e+00 1.395000000000000018e+00 3.626500000000000057e+00 2.069500000000000117e+00
3.800000000000000000e+01 3.947000000000000000e+03 -1.000000000000000000e+00 -1.000000000000000000e+00 -1.000000000000000000e+00 -1.000000000000000000e+00 -1.000000000000000000e+00 2.002123000000000047e+03 1.148242999999999938e+03 1.322000000000000064e+00 1.429000000000000048e+00 7.403500000000000192e+00 2.120999999999999996e+00
3.800000000000000000e+01 3.950000000000000000e+03 -1.000000000000000000e+00 -1.000000000000000000e+00 -1.000000000000000000e+00 -1.000000000000000000e+00 -1.000000000000000000e+00 2.001161000000000058e+03 1.143670000000000073e+03 1.183999999999999941e+00 1.379000000000000004e+00 6.486500000000000377e+00 2.402499999999999858e+00
3.800000000000000000e+01 3.954000000000000000e+03 -1.000000000000000000e+00 -1.000000000000000000e+00 -1.000000000000000000e+00 -1.000000000000000000e+00 -1.000000000000000000e+00 2.032167999999999893e+03 1.125582000000000107e+03 1.975000000000000089e+00 1.638500000000000068e+00 8.393000000000000682e+00 1.841499999999999915e+00
3.800000000000000000e+01 3.945000000000000000e+03 -1.000000000000000000e+00 -1.000000000000000000e+00 -1.000000000000000000e+00 -1.000000000000000000e+00 -1.000000000000000000e+00 2.014784000000000106e+03 1.186676999999999907e+03 1.820000000000000062e+00 1.079499999999999904e+00 3.564000000000000057e+00 1.637999999999999901e+00
3.800000000000000000e+01 3.956000000000000000e+03 -1.000000000000000000e+00 -1.000000000000000000e+00 -1.000000000000000000e+00 -1.000000000000000000e+00 -1.000000000000000000e+00 1.994666999999999916e+03 1.134403999999999996e+03 1.044999999999999929e+00 1.427499999999999991e+00 6.636999999999999567e+00 2.361000000000000210e+00
3.800000000000000000e+01 3.958000000000000000e+03 -1.000000000000000000e+00 -1.000000000000000000e+00 -1.000000000000000000e+00 -1.000000000000000000e+00 -1.000000000000000000e+00 2.006055000000000064e+03 1.116740999999999985e+03 1.860000000000000098e+00 1.568000000000000060e+00 8.302500000000000213e+00 2.076999999999999957e+00
3.800000000000000000e+01 3.946000000000000000e+03 -1.000000000000000000e+00 -1.000000000000000000e+00 -1.000000000000000000e+00 -1.000000000000000000e+00 -1.000000000000000000e+00 2.015817999999999984e+03 1.189589999999999918e+03 1.554999999999999938e+00 1.395000000000000018e+00 3.626500000000000057e+00 2.069500000000000117e+00
3.900000000000000000e+01 3.947000000000000000e+03 -1.000000000000000000e+00 -1.000000000000000000e+00 -1.000000000000000000e+00 -1.000000000000000000e+00 -1.000000000000000000e+00 2.001958000000000084e+03 1.148355000000000018e+03 1.372000000000000108e+00 1.429000000000000048e+00 7.403500000000000192e+00 2.120999999999999996e+00
3.900000000000000000e+01 3.950000000000000000e+03 -1.000000000000000000e+00 -1.000000000000000000e+00 -1.000000000000000000e+00 -1.000000000000000000e+00 -1.000000000000000000e+00 2.001150000000000091e+03 1.143659000000000106e+03 1.183999999999999941e+00 1.379000000000000004e+00 6.486500000000000377e+00 2.402499999999999858e+00
3.900000000000000000e+01 3.954000000000000000e+03 -1.000000000000000000e+00 -1.000000000000000000e+00 -1.000000000000000000e+00 -1.000000000000000000e+00 -1.000000000000000000e+00 2.032173999999999978e+03 1.125575000000000045e+03 1.981999999999999984e+00 1.638500000000000068e+00 8.393000000000000682e+00 1.841499999999999915e+00
3.900000000000000000e+01 3.945000000000000000e+03 -1.000000000000000000e+00 -1.000000000000000000e+00 -1.000000000000000000e+00 -1.000000000000000000e+00 -1.000000000000000000e+00 2.014784000000000106e+03 1.186676999999999907e+03 1.820000000000000062e+00 1.079499999999999904e+00 3.564000000000000057e+00 1.637999999999999901e+00
3.900000000000000000e+01 3.956000000000000000e+03 -1.000000000000000000e+00 -1.000000000000000000e+00 -1.000000000000000000e+00 -1.000000000000000000e+00 -1.000000000000000000e+00 1.994666999999999916e+03 1.134403999999999996e+03 1.036999999999999922e+00 1.427499999999999991e+00 6.636999999999999567e+00 2.361000000000000210e+00
3.900000000000000000e+01 3.958000000000000000e+03 -1.000000000000000000e+00 -1.000000000000000000e+00 -1.000000000000000000e+00 -1.000000000000000000e+00 -1.000000000000000000e+00 2.006470000000000027e+03 1.117046000000000049e+03 1.897000000000000020e+00 1.568000000000000060e+00 8.302500000000000213e+00 2.076999999999999957e+00
3.900000000000000000e+01 3.946000000000000000e+03 -1.000000000000000000e+00 -1.000000000000000000e+00 -1.000000000000000000e+00 -1.000000000000000000e+00 -1.000000000000000000e+00 2.015817999999999984e+03 1.189589999999999918e+03 1.554999999999999938e+00 1.395000000000000018e+00 3.626500000000000057e+00 2.069500000000000117e+00
4.000000000000000000e+01 3.947000000000000000e+03 -1.000000000000000000e+00 -1.000000000000000000e+00 -1.000000000000000000e+00 -1.000000000000000000e+00 -1.000000000000000000e+00 2.002039999999999964e+03 1.148298999999999978e+03 1.322000000000000064e+00 1.429000000000000048e+00 7.403500000000000192e+00 2.120999999999999996e+00
4.000000000000000000e+01 3.950000000000000000e+03 -1.000000000000000000e+00 -1.000000000000000000e+00 -1.000000000000000000e+00 -1.000000000000000000e+00 -1.000000000000000000e+00 2.001137999999999920e+03 1.143648999999999887e+03 1.183999999999999941e+00 1.379000000000000004e+00 6.486500000000000377e+00 2.402499999999999858e+00
4.000000000000000000e+01 3.954000000000000000e+03 -1.000000000000000000e+00 -1.000000000000000000e+00 -1.000000000000000000e+00 -1.000000000000000000e+00 -1.000000000000000000e+00 2.032180000000000064e+03 1.125567999999999984e+03 1.987999999999999989e+00 1.638500000000000068e+00 8.393000000000000682e+00 1.841499999999999915e+00
4.000000000000000000e+01 3.945000000000000000e+03 -1.000000000000000000e+00 -1.000000000000000000e+00 -1.000000000000000000e+00 -1.000000000000000000e+00 -1.000000000000000000e+00 2.014784000000000106e+03 1.186676999999999907e+03 1.820000000000000062e+00 1.079499999999999904e+00 3.564000000000000057e+00 1.637999999999999901e+00
4.000000000000000000e+01 3.956000000000000000e+03 -1.000000000000000000e+00 -1.000000000000000000e+00 -1.000000000000000000e+00 -1.000000000000000000e+00 -1.000000000000000000e+00 1.994666999999999916e+03 1.134403999999999996e+03 1.028000000000000025e+00 1.427499999999999991e+00 6.636999999999999567e+00 2.361000000000000210e+00
4.000000000000000000e+01 3.958000000000000000e+03 -1.000000000000000000e+00 -1.000000000000000000e+00 -1.000000000000000000e+00 -1.000000000000000000e+00 -1.000000000000000000e+00 2.006894000000000005e+03 1.117339999999999918e+03 1.933999999999999941e+00 1.568000000000000060e+00 8.302500000000000213e+00 2.076999999999999957e+00
4.000000000000000000e+01 3.946000000000000000e+03 -1.000000000000000000e+00 -1.000000000000000000e+00 -1.000000000000000000e+00 -1.000000000000000000e+00 -1.000000000000000000e+00 2.015768000000000029e+03 1.189502999999999929e+03 1.554999999999999938e+00 1.395000000000000018e+00 3.626500000000000057e+00 2.069500000000000117e+00
