1.000000000000000000e+00 3.592000000000000000e+03 -1.000000000000000000e+00 -1.000000000000000000e+00 -1.000000000000000000e+00 -1.000000000000000000e+00 -1.000000000000000000e+00 1.225348999999999933e+03 1.354566000000000031e+03 1.687000000000000055e+00 1.344000000000000083e+00 5.004500000000000171e+00 1.618500000000000050e+00
1.000000000000000000e+00 3.601000000000000000e+03 -1.000000000000000000e+00 -1.000000000000000000e+00 -1.000000000000000000e+00 -1.000000000000000000e+00 -1.000000000000000000e+00 1.232753999999999905e+03 1.349318999999999960e+03 1.713000000000000078e+00 1.352000000000000091e+00 5.014999999999999680e+00 1.618500000000000050e+00
2.000000000000000000e+00 3.592000000000000000e+03 -1.000000000000000000e+00 -1.000000000000000000e+00 -1.000000000000000000e+00 -1.000000000000000000e+00 -1.000000000000000000e+00 1.225346000000000004e+03 1.354564000000000078e+03 1.671999999999999931e+00 1.344000000000000083e+00 5.004500000000000171e+00 1.618500000000000050e+00
2.000000000000000000e+00 3.601000000000000000e+03 -1.000000000000000000e+00 -1.000000000000000000e+00 -1.000000000000000000e+00 -1.000000000000000000e+00 -1.000000000000000000e+00 1.232743999999999915e+03 1.349325000000000045e+03 1.701999999999999957e+00 1.352000000000000091e+00 5.014999999999999680e+00 1.618500000000000050e+00
3.000000000000000000e+00 3.592000000000000000e+03 -1.000000000000000000e+00 -1.000000000000000000e+00 -1.000000000000000000e+00 -1.000000000000000000e+00 -1.000000000000000000e+00 1.225344000000000051e+03 1.354561999999999898e+03 1.659999999999999920e+00 1.344000000000000083e+00 5.004500000000000171e+00 1.618500000000000050e+00
3.000000000000000000e+00 3.601000000000000000e+03 -1.000000000000000000e+00 -1.000000000000000000e+00 -1.000000000000000000e+00 -1.000000000000000000e+00 -1.000000000000000000e+00 1.232737000000000080e+03 1.349330999999999904e+03 1.691999999999999948e+00 1.352000000000000091e+00 5.014999999999999680e+00 1.618500000000000050e+00
4.000000000000000000e+00 3.592000000000000000e+03 -1.000000000000000000e+00 -1.000000000000000000e+00 -1.000000000000000000e+00 -1.000000000000000000e+00 -1.000000000000000000e+00 1.225342000000000098e+03 1.354559999999999945e+03 1.647999999999999909e+00 1.344000000000000083e+00 5.004500000000000171e+00 1.618500000000000050e+00
4.000000000000000000e+00 3.601000000000000000e+03 -1.000000000000000000e+00 -1.000000000000000000e+00 -1.000000000000000000e+00 -1.000000000000000000e+00 -1.000000000000000000e+00 1.232729000000000042e+03 1.349336000000000013e+03 1.681999999999999940e+00 1.352000000000000091e+00 5.014999999999999680e+00 1.618500000000000050e+00
5.000000000000000000e+00 3.592000000000000000e+03 -1.000000000000000000e+00 -1.000000000000000000e+00 -1.000000000000000000e+00 -1.000000000000000000e+00 -1.000000000000000000e+00 1.225338999999999942e+03 1.354557999999999993e+03 1.635000000000000009e+00 1.344000000000000083e+00 5.004500000000000171e+00 1.618500000000000050e+00
5.000000000000000000e+00 3.601000000000000000e+03 -1.000000000000000000e+00 -1.000000000000000000e+00 -1.000000000000000000e+00 -1.000000000000000000e+00 -1.000000000000000000e+00 1.232721000000000004e+03 1.349340999999999894e+03 1.671999999999999931e+00 1.352000000000000091e+00 5.014999999999999680e+00 1.618500000000000050e+00
6.000000000000000000e+00 3.592000000000000000e+03 -1.000000000000000000e+00 -1.000000000000000000e+00 -1.000000000000000000e+00 -1.000000000000000000e+00 -1.000000000000000000e+00 1.225336999999999989e+03 1.354557000000000016e+03 1.622999999999999998e+00 1.344000000000000083e+00 5.004500000000000171e+00 1.618500000000000050e+00
6.000000000000000000e+00 3.601000000000000000e+03 -1.000000000000000000e+00 -1.000000000000000000e+00 -1.000000000000000000e+00 -1.000000000000000000e+00 -1.000000000000000000e+00 1.232713999999999942e+03 1.349346000000000004e+03 1.663000000000000034e+00 1.352000000000000091e+00 5.014999999999999680e+00 1.618500000000000050e+00
7.000000000000000000e+00 3.592000000000000000e+03 -1.000000000000000000e+00 -1.000000000000000000e+00 -1.000000000000000000e+00 -1.000000000000000000e+00 -1.000000000000000000e+00 1.225335000000000036e+03 1.354555000000000064e+03 1.610999999999999988e+00 1.344000000000000083e+00 5.004500000000000171e+00 1.618500000000000050e+00
7.000000000000000000e+00 3.601000000000000000e+03 -1.000000000000000000e+00 -1.000000000000000000e+00 -1.000000000000000000e+00 -1.000000000000000000e+00 -1.000000000000000000e+00 1.232705999999999904e+03 1.349351000000000113e+03 1.653000000000000025e+00 1.352000000000000091e+00 5.014999999999999680e+00 1.618500000000000050e+00
8.000000000000000000e+00 3.592000000000000000e+03 -1.000000000000000000e+00 -1.000000000000000000e+00 -1.000000000000000000e+00 -1.000000000000000000e+00 -1.000000000000000000e+00 1.225333000000000084e+03 1.354553000000000111e+03 1.598999999999999977e+00 1.344000000000000083e+00 5.004500000000000171e+00 1.618500000000000050e+00
8.000000000000000000e+00 3.601000000000000000e+03 -1.000000000000000000e+00 -1.000000000000000000e+00 -1.000000000000000000e+00 -1.000000000000000000e+00 -1.000000000000000000e+00 1.232698000000000093e+03 1.349356999999999971e+03 1.643000000000000016e+00 1.352000000000000091e+00 5.014999999999999680e+00 1.618500000000000050e+00
9.000000000000000000e+00 3.592000000000000000e+03 -1.000000000000000000e+00 -1.000000000000000000e+00 -1.000000000000000000e+00 -1.000000000000000000e+00 -1.000000000000000000e+00 1.225330999999999904e+03 1.354550999999999931e+03 1.586999999999999966e+00 1.344000000000000083e+00 5.004500000000000171e+00 1.618500000000000050e+00
9.000000000000000000e+00 3.601000000000000000e+03 -1.000000000000000000e+00 -1.000000000000000000e+00 -1.000000000000000000e+00 -1.000000000000000000e+00 -1.000000000000000000e+00 1.232691000000000031e+03 1.349362000000000080e+03 1.633000000000000007e+00 1.352000000000000091e+00 5.014999999999999680e+00 1.618500000000000050e+00
1.000000000000000000e+01 3.592000000000000000e+03 -1.000000000000000000e+00 -1.000000000000000000e+00 -1.000000000000000000e+00 -1.000000000000000000e+00 -1.000000000000000000e+00 1.225349999999999909e+03 1.354553000000000111e+03 1.576000000000000068e+00 1.344000000000000083e+00 5.004500000000000171e+00 1.618500000000000050e+00
1.000000000000000000e+01 3.601000000000000000e+03 -1.000000000000000000e+00 -1.000000000000000000e+00 -1.000000000000000000e+00 -1.000000000000000000e+00 -1.000000000000000000e+00 1.232682999999999993e+03 1.349366999999999962e+03 1.624000000000000110e+00 1.352000000000000091e+00 5.014999999999999680e+00 1.618500000000000050e+00
1.100000000000000000e+01 3.592000000000000000e+03 -1.000000000000000000e+00 -1.000000000000000000e+00 -1.000000000000000000e+00 -1.000000000000000000e+00 -1.000000000000000000e+00 1.225368999999999915e+03 1.354554000000000087e+03 1.564999999999999947e+00 1.344000000000000083e+00 5.004500000000000171e+00 1.618500000000000050e+00
1.100000000000000000e+01 3.601000000000000000e+03 -1.000000000000000000e+00 -1.000000000000000000e+00 -1.000000000000000000e+00 -1.000000000000000000e+00 -1.000000000000000000e+00 1.232674999999999955e+03 1.349372000000000071e+03 1.614000000000000101e+00 1.352000000000000091e+00 5.014999999999999680e+00 1.618500000000000050e+00
1.200000000000000000e+01 3.592000000000000000e+03 -1.000000000000000000e+00 -1.000000000000000000e+00 -1.000000000000000000e+00 -1.000000000000000000e+00 -1.000000000000000000e+00 1.225384999999999991e+03 1.354555000000000064e+03 1.556999999999999940e+00 1.344000000000000083e+00 5.004500000000000171e+00 1.618500000000000050e+00
1.200000000000000000e+01 3.601000000000000000e+03 -1.000000000000000000e+00 -1.000000000000000000e+00 -1.000000000000000000e+00 -1.000000000000000000e+00 -1.000000000000000000e+00 1.232669000000000096e+03 1.349376999999999953e+03 1.606000000000000094e+00 1.352000000000000091e+00 5.014999999999999680e+00 1.618500000000000050e+00
1.300000000000000000e+01 3.592000000000000000e+03 -1.000000000000000000e+00 -1.000000000000000000e+00 -1.000000000000000000e+00 -1.000000000000000000e+00 -1.000000000000000000e+00 1.225403999999999996e+03 1.354556000000000040e+03 1.546000000000000041e+00 1.344000000000000083e+00 5.004500000000000171e+00 1.618500000000000050e+00
1.300000000000000000e+01 3.601000000000000000e+03 -1.000000000000000000e+00 -1.000000000000000000e+00 -1.000000000000000000e+00 -1.000000000000000000e+00 -1.000000000000000000e+00 1.232661000000000058e+03 1.349382000000000062e+03 1.596000000000000085e+00 1.352000000000000091e+00 5.014999999999999680e+00 1.618500000000000050e+00
1.400000000000000000e+01 3.592000000000000000e+03 -1.000000000000000000e+00 -1.000000000000000000e+00 -1.000000000000000000e+00 -1.000000000000000000e+00 -1.000000000000000000e+00 1.225423999999999978e+03 1.354557000000000016e+03 1.536000000000000032e+00 1.344000000000000083e+00 5.004500000000000171e+00 1.618500000000000050e+00
1.400000000000000000e+01 3.601000000000000000e+03 -1.000000000000000000e+00 -1.000000000000000000e+00 -1.000000000000000000e+00 -1.000000000000000000e+00 -1.000000000000000000e+00 1.232653000000000020e+03 1.349386999999999944e+03 1.586000000000000076e+00 1.352000000000000091e+00 5.014999999999999680e+00 1.618500000000000050e+00
1.500000000000000000e+01 3.592000000000000000e+03 -1.000000000000000000e+00 -1.000000000000000000e+00 -1.000000000000000000e+00 -1.000000000000000000e+00 -1.000000000000000000e+00 1.225442999999999984e+03 1.354558999999999969e+03 1.546000000000000041e+00 1.344000000000000083e+00 5.004500000000000171e+00 1.618500000000000050e+00
1.500000000000000000e+01 3.601000000000000000e+03 -1.000000000000000000e+00 -1.000000000000000000e+00 -1.000000000000000000e+00 -1.000000000000000000e+00 -1.000000000000000000e+00 1.232645999999999958e+03 1.349392000000000053e+03 1.576999999999999957e+00 1.352000000000000091e+00 5.014999999999999680e+00 1.618500000000000050e+00
1.600000000000000000e+01 3.592000000000000000e+03 -1.000000000000000000e+00 -1.000000000000000000e+00 -1.000000000000000000e+00 -1.000000000000000000e+00 -1.000000000000000000e+00 1.225462999999999965e+03 1.354559999999999945e+03 1.556000000000000050e+00 1.344000000000000083e+00 5.004500000000000171e+00 1.618500000000000050e+00
1.600000000000000000e+01 3.601000000000000000e+03 -1.000000000000000000e+00 -1.000000000000000000e+00 -1.000000000000000000e+00 -1.000000000000000000e+00 -1.000000000000000000e+00 1.232637999999999920e+03 1.349396999999999935e+03 1.566999999999999948e+00 1.352000000000000091e+00 5.014999999999999680e+00 1.618500000000000050e+00
1.700000000000000000e+01 3.592000000000000000e+03 -1.000000000000000000e+00 -1.000000000000000000e+00 -1.000000000000000000e+00 -1.000000000000000000e+00 -1.000000000000000000e+00 1.225481999999999971e+03 1.354560999999999922e+03 1.566000000000000059e+00 1.344000000000000083e+00 5.004500000000000171e+00 1.618500000000000050e+00
1.700000000000000000e+01 3.601000000000000000e+03 -1.000000000000000000e+00 -1.000000000000000000e+00 -1.000000000000000000e+00 -1.000000000000000000e+00 -1.000000000000000000e+00 1.232630000000000109e+03 1.349403000000000020e+03 1.556999999999999940e+00 1.352000000000000091e+00 5.014999999999999680e+00 1.618500000000000050e+00
1.800000000000000000e+01 3.592000000000000000e+03 -1.000000000000000000e+00 -1.000000000000000000e+00 -1.000000000000000000e+00 -1.000000000000000000e+00 -1.000000000000000000e+00 1.225500999999999976e+03 1.354561999999999898e+03 1.576000000000000068e+00 1.344000000000000083e+00 5.004500000000000171e+00 1.618500000000000050e+00
1.800000000000000000e+01 3.601000000000000000e+03 -1.000000000000000000e+00 -1.000000000000000000e+00 -1.000000000000000000e+00 -1.000000000000000000e+00 -1.000000000000000000e+00 1.232623000000000047e+03 1.349407999999999902e+03 1.546999999999999931e+00 1.352000000000000091e+00 5.014999999999999680e+00 1.618500000000000050e+00
1.900000000000000000e+01 3.592000000000000000e+03 -1.000000000000000000e+00 -1.000000000000000000e+00 -1.000000000000000000e+00 -1.000000000000000000e+00 -1.000000000000000000e+00 1.225520999999999958e+03 1.354564000000000078e+03 1.586999999999999966e+00 1.344000000000000083e+00 5.004500000000000171e+00 1.618500000000000050e+00
1.900000000000000000e+01 3.601000000000000000e+03 -1.000000000000000000e+00 -1.000000000000000000e+00 -1.000000000000000000e+00 -1.000000000000000000e+00 -1.000000000000000000e+00 1.232615000000000009e+03 1.349413000000000011e+03 1.538000000000000034e+00 1.352000000000000091e+00 5.014999999999999680e+00 1.618500000000000050e+00
2.000000000000000000e+01 3.592000000000000000e+03 -1.000000000000000000e+00 -1.000000000000000000e+00 -1.000000000000000000e+00 -1.000000000000000000e+00 -1.000000000000000000e+00 1.225569999999999936e+03 1.354508000000000038e+03 1.572000000000000064e+00 1.344000000000000083e+00 5.004500000000000171e+00 1.618500000000000050e+00
2.000000000000000000e+01 3.601000000000000000e+03 -1.000000000000000000e+00 -1.000000000000000000e+00 -1.000000000000000000e+00 -1.000000000000000000e+00 -1.000000000000000000e+00 1.232606999999999971e+03 1.349417999999999893e+03 1.528000000000000025e+00 1.352000000000000091e+00 5.014999999999999680e+00 1.618500000000000050e+00
2.100000000000000000e+01 3.592000000000000000e+03 -1.000000000000000000e+00 -1.000000000000000000e+00 -1.000000000000000000e+00 -1.000000000000000000e+00 -1.000000000000000000e+00 1.225614000000000033e+03 1.354458000000000084e+03 1.558999999999999941e+00 1.344000000000000083e+00 5.004500000000000171e+00 1.618500000000000050e+00
2.100000000000000000e+01 3.601000000000000000e+03 -1.000000000000000000e+00 -1.000000000000000000e+00 -1.000000000000000000e+00 -1.000000000000000000e+00 -1.000000000000000000e+00 1.232623000000000047e+03 1.349417999999999893e+03 1.524000000000000021e+00 1.352000000000000091e+00 5.014999999999999680e+00 1.618500000000000050e+00
2.200000000000000000e+01 3.592000000000000000e+03 -1.000000000000000000e+00 -1.000000000000000000e+00 -1.000000000000000000e+00 -1.000000000000000000e+00 -1.000000000000000000e+00 1.225666999999999916e+03 1.354396999999999935e+03 1.542999999999999927e+00 1.344000000000000083e+00 5.004500000000000171e+00 1.618500000000000050e+00
2.200000000000000000e+01 3.601000000000000000e+03 -1.000000000000000000e+00 -1.000000000000000000e+00 -1.000000000000000000e+00 -1.000000000000000000e+00 -1.000000000000000000e+00 1.232642000000000053e+03 1.349416999999999916e+03 1.520000000000000018e+00 1.352000000000000091e+00 5.014999999999999680e+00 1.618500000000000050e+00
2.300000000000000000e+01 3.592000000000000000e+03 -1.000000000000000000e+00 -1.000000000000000000e+00 -1.000000000000000000e+00 -1.000000000000000000e+00 -1.000000000000000000e+00 1.225726000000000113e+03 1.354329999999999927e+03 1.524999999999999911e+00 1.344000000000000083e+00 5.004500000000000171e+00 1.618500000000000050e+00
2.300000000000000000e+01 3.601000000000000000e+03 -1.000000000000000000e+00 -1.000000000000000000e+00 -1.000000000000000000e+00 -1.000000000000000000e+00 -1.000000000000000000e+00 1.232663000000000011e+03 1.349416999999999916e+03 1.514999999999999902e+00 1.352000000000000091e+00 5.014999999999999680e+00 1.618500000000000050e+00
2.400000000000000000e+01 3.592000000000000000e+03 -1.000000000000000000e+00 -1.000000000000000000e+00 -1.000000000000000000e+00 -1.000000000000000000e+00 -1.000000000000000000e+00 1.225775000000000091e+03 1.354275000000000091e+03 1.510000000000000009e+00 1.344000000000000083e+00 5.004500000000000171e+00 1.618500000000000050e+00
2.400000000000000000e+01 3.601000000000000000e+03 -1.000000000000000000e+00 -1.000000000000000000e+00 -1.000000000000000000e+00 -1.000000000000000000e+00 -1.000000000000000000e+00 1.232680000000000064e+03 1.349415999999999940e+03 1.510999999999999899e+00 1.352000000000000091e+00 5.014999999999999680e+00 1.618500000000000050e+00
2.500000000000000000e+01 3.592000000000000000e+03 -1.000000000000000000e+00 -1.000000000000000000e+00 -1.000000000000000000e+00 -1.000000000000000000e+00 -1.000000000000000000e+00 1.225711000000000013e+03 1.354337999999999965e+03 1.495999999999999996e+00 1.344000000000000083e+00 5.004500000000000171e+00 1.618500000000000050e+00
2.500000000000000000e+01 3.601000000000000000e+03 -1.000000000000000000e+00 -1.000000000000000000e+00 -1.000000000000000000e+00 -1.000000000000000000e+00 -1.000000000000000000e+00 1.232698000000000093e+03 1.349415999999999940e+03 1.506999999999999895e+00 1.352000000000000091e+00 5.014999999999999680e+00 1.618500000000000050e+00
2.600000000000000000e+01 3.592000000000000000e+03 -1.000000000000000000e+00 -1.000000000000000000e+00 -1.000000000000000000e+00 -1.000000000000000000e+00 -1.000000000000000000e+00 1.225645999999999958e+03 1.354402000000000044e+03 1.481000000000000094e+00 1.344000000000000083e+00 5.004500000000000171e+00 1.618500000000000050e+00
2.600000000000000000e+01 3.601000000000000000e+03 -1.000000000000000000e+00 -1.000000000000000000e+00 -1.000000000000000000e+00 -1.000000000000000000e+00 -1.000000000000000000e+00 1.232714999999999918e+03 1.349415999999999940e+03 1.502999999999999892e+00 1.352000000000000091e+00 5.014999999999999680e+00 1.618500000000000050e+00
2.700000000000000000e+01 3.592000000000000000e+03 -1.000000000000000000e+00 -1.000000000000000000e+00 -1.000000000000000000e+00 -1.000000000000000000e+00 -1.000000000000000000e+00 1.225582000000000107e+03 1.354465999999999894e+03 1.465999999999999970e+00 1.344000000000000083e+00 5.004500000000000171e+00 1.618500000000000050e+00
2.700000000000000000e+01 3.601000000000000000e+03 -1.000000000000000000e+00 -1.000000000000000000e+00 -1.000000000000000000e+00 -1.000000000000000000e+00 -1.000000000000000000e+00 1.232732999999999947e+03 1.349414999999999964e+03 1.499000000000000110e+00 1.352000000000000091e+00 5.014999999999999680e+00 1.618500000000000050e+00
2.800000000000000000e+01 3.592000000000000000e+03 -1.000000000000000000e+00 -1.000000000000000000e+00 -1.000000000000000000e+00 -1.000000000000000000e+00 -1.000000000000000000e+00 1.225518000000000029e+03 1.354529999999999973e+03 1.451000000000000068e+00 1.344000000000000083e+00 5.004500000000000171e+00 1.618500000000000050e+00
2.800000000000000000e+01 3.601000000000000000e+03 -1.000000000000000000e+00 -1.000000000000000000e+00 -1.000000000000000000e+00 -1.000000000000000000e+00 -1.000000000000000000e+00 1.232750000000000000e+03 1.349414999999999964e+03 1.493999999999999995e+00 1.352000000000000091e+00 5.014999999999999680e+00 1.618500000000000050e+00
2.900000000000000000e+01 3.592000000000000000e+03 -1.000000000000000000e+00 -1.000000000000000000e+00 -1.000000000000000000e+00 -1.000000000000000000e+00 -1.000000000000000000e+00 1.225453999999999951e+03 1.354594000000000051e+03 1.437000000000000055e+00 1.344000000000000083e+00 5.004500000000000171e+00 1.618500000000000050e+00
2.900000000000000000e+01 3.601000000000000000e+03 -1.000000000000000000e+00 -1.000000000000000000e+00 -1.000000000000000000e+00 -1.000000000000000000e+00 -1.000000000000000000e+00 1.232768000000000029e+03 1.349413999999999987e+03 1.489999999999999991e+00 1.352000000000000091e+00 5.014999999999999680e+00 1.618500000000000050e+00
3.000000000000000000e+01 3.592000000000000000e+03 -1.000000000000000000e+00 -1.000000000000000000e+00 -1.000000000000000000e+00 -1.000000000000000000e+00 -1.000000000000000000e+00 1.225512999999999920e+03 1.354548000000000002e+03 1.423999999999999932e+00 1.344000000000000083e+00 5.004500000000000171e+00 1.618500000000000050e+00
3.100000000000000000e+01 3.592000000000000000e+03 -1.000000000000000000e+00 -1.000000000000000000e+00 -1.000000000000000000e+00 -1.000000000000000000e+00 -1.000000000000000000e+00 1.225586000000000013e+03 1.354490000000000009e+03 1.407999999999999918e+00 1.344000000000000083e+00 5.004500000000000171e+00 1.618500000000000050e+00
3.200000000000000000e+01 3.592000000000000000e+03 -1.000000000000000000e+00 -1.000000000000000000e+00 -1.000000000000000000e+00 -1.000000000000000000e+00 -1.000000000000000000e+00 1.225660000000000082e+03 1.354432000000000016e+03 1.391999999999999904e+00 1.344000000000000083e+00 5.004500000000000171e+00 1.618500000000000050e+00
3.300000000000000000e+01 3.592000000000000000e+03 -1.000000000000000000e+00 -1.000000000000000000e+00 -1.000000000000000000e+00 -1.000000000000000000e+00 -1.000000000000000000e+00 1.225732999999999947e+03 1.354375000000000000e+03 1.375999999999999890e+00 1.344000000000000083e+00 5.004500000000000171e+00 1.618500000000000050e+00
3.400000000000000000e+01 3.592000000000000000e+03 -1.000000000000000000e+00 -1.000000000000000000e+00 -1.000000000000000000e+00 -1.000000000000000000e+00 -1.000000000000000000e+00 1.225807000000000016e+03 1.354317000000000007e+03 1.360000000000000098e+00 1.344000000000000083e+00 5.004500000000000171e+00 1.618500000000000050e+00
3.500000000000000000e+01 3.592000000000000000e+03 -1.000000000000000000e+00 -1.000000000000000000e+00 -1.000000000000000000e+00 -1.000000000000000000e+00 -1.000000000000000000e+00 1.225704999999999927e+03 1.354392000000000053e+03 1.379000000000000004e+00 1.344000000000000083e+00 5.004500000000000171e+00 1.618500000000000050e+00
3.600000000000000000e+01 3.592000000000000000e+03 -1.000000000000000000e+00 -1.000000000000000000e+00 -1.000000000000000000e+00 -1.000000000000000000e+00 -1.000000000000000000e+00 1.225619999999999891e+03 1.354453999999999951e+03 1.395000000000000018e+00 1.344000000000000083e+00 5.004500000000000171e+00 1.618500000000000050e+00
