1.000000000000000000e+00 6.252000000000000000e+03 -1.000000000000000000e+00 -1.000000000000000000e+00 -1.000000000000000000e+00 -1.000000000000000000e+00 -1.000000000000000000e+00 2.305434999999999945e+03 2.387634000000000015e+03 1.772999999999999909e+00 1.002000000000000002e+00 2.241000000000000103e+00 1.000000000000000000e+00
1.000000000000000000e+00 6.253000000000000000e+03 -1.000000000000000000e+00 -1.000000000000000000e+00 -1.000000000000000000e+00 -1.000000000000000000e+00 -1.000000000000000000e+00 2.254891000000000076e+03 2.386378999999999905e+03 7.319999999999999840e-01 9.174999999999999822e-01 2.138500000000000068e+00 7.345000000000000417e-01
1.000000000000000000e+00 6.254000000000000000e+03 -1.000000000000000000e+00 -1.000000000000000000e+00 -1.000000000000000000e+00 -1.000000000000000000e+00 -1.000000000000000000e+00 2.245400000000000091e+03 2.388702000000000226e+03 7.820000000000000284e-01 9.545000000000000151e-01 2.442000000000000171e+00 8.030000000000000471e-01
2.000000000000000000e+00 6.252000000000000000e+03 -1.000000000000000000e+00 -1.000000000000000000e+00 -1.000000000000000000e+00 -1.000000000000000000e+00 -1.000000000000000000e+00 2.302547999999999774e+03 2.387101999999999862e+03 1.723000000000000087e+00 1.002000000000000002e+00 2.241000000000000103e+00 1.000000000000000000e+00
2.000000000000000000e+00 6.253000000000000000e+03 -1.000000000000000000e+00 -1.000000000000000000e+00 -1.000000000000000000e+00 -1.000000000000000000e+00 -1.000000000000000000e+00 2.256728999999999814e+03 2.385934999999999945e+03 6.820000000000000506e-01 9.174999999999999822e-01 2.138500000000000068e+00 7.345000000000000417e-01
2.000000000000000000e+00 6.254000000000000000e+03 -1.000000000000000000e+00 -1.000000000000000000e+00 -1.000000000000000000e+00 -1.000000000000000000e+00 -1.000000000000000000e+00 2.247487000000000080e+03 2.388157999999999902e+03 7.820000000000000284e-01 9.545000000000000151e-01 2.442000000000000171e+00 8.030000000000000471e-01
3.000000000000000000e+00 6.252000000000000000e+03 -1.000000000000000000e+00 -1.000000000000000000e+00 -1.000000000000000000e+00 -1.000000000000000000e+00 -1.000000000000000000e+00 2.299405999999999949e+03 2.386425999999999931e+03 1.723000000000000087e+00 1.002000000000000002e+00 2.241000000000000103e+00 1.000000000000000000e+00
3.000000000000000000e+00 6.253000000000000000e+03 -1.000000000000000000e+00 -1.000000000000000000e+00 -1.000000000000000000e+00 -1.000000000000000000e+00 -1.000000000000000000e+00 2.259112999999999829e+03 2.385302999999999884e+03 6.320000000000000062e-01 9.174999999999999822e-01 2.138500000000000068e+00 7.345000000000000417e-01
3.000000000000000000e+00 6.254000000000000000e+03 -1.000000000000000000e+00 -1.000000000000000000e+00 -1.000000000000000000e+00 -1.000000000000000000e+00 -1.000000000000000000e+00 2.249958999999999833e+03 2.387586999999999989e+03 7.820000000000000284e-01 9.545000000000000151e-01 2.442000000000000171e+00 8.030000000000000471e-01
4.000000000000000000e+00 6.252000000000000000e+03 -1.000000000000000000e+00 -1.000000000000000000e+00 -1.000000000000000000e+00 -1.000000000000000000e+00 -1.000000000000000000e+00 2.295672000000000025e+03 2.385579000000000178e+03 1.723000000000000087e+00 1.002000000000000002e+00 2.241000000000000103e+00 1.000000000000000000e+00
4.000000000000000000e+00 6.253000000000000000e+03 -1.000000000000000000e+00 -1.000000000000000000e+00 -1.000000000000000000e+00 -1.000000000000000000e+00 -1.000000000000000000e+00 2.261110000000000127e+03 2.384842999999999847e+03 6.320000000000000062e-01 9.174999999999999822e-01 2.138500000000000068e+00 7.345000000000000417e-01
4.000000000000000000e+00 6.254000000000000000e+03 -1.000000000000000000e+00 -1.000000000000000000e+00 -1.000000000000000000e+00 -1.000000000000000000e+00 -1.000000000000000000e+00 2.252135000000000218e+03 2.386942000000000007e+03 7.820000000000000284e-01 9.545000000000000151e-01 2.442000000000000171e+00 8.030000000000000471e-01
5.000000000000000000e+00 6.252000000000000000e+03 -1.000000000000000000e+00 -1.000000000000000000e+00 -1.000000000000000000e+00 -1.000000000000000000e+00 -1.000000000000000000e+00 2.292577000000000226e+03 2.384882000000000062e+03 1.723000000000000087e+00 1.002000000000000002e+00 2.241000000000000103e+00 1.000000000000000000e+00
5.000000000000000000e+00 6.253000000000000000e+03 -1.000000000000000000e+00 -1.000000000000000000e+00 -1.000000000000000000e+00 -1.000000000000000000e+00 -1.000000000000000000e+00 2.263695000000000164e+03 2.384101999999999862e+03 8.319999999999999618e-01 9.174999999999999822e-01 2.138500000000000068e+00 7.345000000000000417e-01
5.000000000000000000e+00 6.254000000000000000e+03 -1.000000000000000000e+00 -1.000000000000000000e+00 -1.000000000000000000e+00 -1.000000000000000000e+00 -1.000000000000000000e+00 2.253653999999999996e+03 2.386574000000000069e+03 7.820000000000000284e-01 9.545000000000000151e-01 2.442000000000000171e+00 8.030000000000000471e-01
6.000000000000000000e+00 6.252000000000000000e+03 -1.000000000000000000e+00 -1.000000000000000000e+00 -1.000000000000000000e+00 -1.000000000000000000e+00 -1.000000000000000000e+00 2.288780999999999949e+03 2.384063999999999851e+03 1.622999999999999998e+00 1.002000000000000002e+00 2.241000000000000103e+00 1.000000000000000000e+00
6.000000000000000000e+00 6.253000000000000000e+03 -1.000000000000000000e+00 -1.000000000000000000e+00 -1.000000000000000000e+00 -1.000000000000000000e+00 -1.000000000000000000e+00 2.266248999999999796e+03 2.383764999999999873e+03 9.819999999999999840e-01 9.174999999999999822e-01 2.138500000000000068e+00 7.345000000000000417e-01
6.000000000000000000e+00 6.254000000000000000e+03 -1.000000000000000000e+00 -1.000000000000000000e+00 -1.000000000000000000e+00 -1.000000000000000000e+00 -1.000000000000000000e+00 2.254951000000000022e+03 2.386224999999999909e+03 7.820000000000000284e-01 9.545000000000000151e-01 2.442000000000000171e+00 8.030000000000000471e-01
7.000000000000000000e+00 6.252000000000000000e+03 -1.000000000000000000e+00 -1.000000000000000000e+00 -1.000000000000000000e+00 -1.000000000000000000e+00 -1.000000000000000000e+00 2.284650000000000091e+03 2.383173999999999978e+03 1.622999999999999998e+00 1.002000000000000002e+00 2.241000000000000103e+00 1.000000000000000000e+00
7.000000000000000000e+00 6.253000000000000000e+03 -1.000000000000000000e+00 -1.000000000000000000e+00 -1.000000000000000000e+00 -1.000000000000000000e+00 -1.000000000000000000e+00 2.268855000000000018e+03 2.383581000000000131e+03 1.032000000000000028e+00 9.174999999999999822e-01 2.138500000000000068e+00 7.345000000000000417e-01
7.000000000000000000e+00 6.254000000000000000e+03 -1.000000000000000000e+00 -1.000000000000000000e+00 -1.000000000000000000e+00 -1.000000000000000000e+00 -1.000000000000000000e+00 2.256547000000000025e+03 2.385800999999999931e+03 8.319999999999999618e-01 9.545000000000000151e-01 2.442000000000000171e+00 8.030000000000000471e-01
8.000000000000000000e+00 6.252000000000000000e+03 -1.000000000000000000e+00 -1.000000000000000000e+00 -1.000000000000000000e+00 -1.000000000000000000e+00 -1.000000000000000000e+00 2.280523000000000138e+03 2.382284000000000106e+03 1.723000000000000087e+00 1.002000000000000002e+00 2.241000000000000103e+00 1.000000000000000000e+00
8.000000000000000000e+00 6.253000000000000000e+03 -1.000000000000000000e+00 -1.000000000000000000e+00 -1.000000000000000000e+00 -1.000000000000000000e+00 -1.000000000000000000e+00 2.271579999999999927e+03 2.383666000000000167e+03 9.819999999999999840e-01 9.174999999999999822e-01 2.138500000000000068e+00 7.345000000000000417e-01
8.000000000000000000e+00 6.254000000000000000e+03 -1.000000000000000000e+00 -1.000000000000000000e+00 -1.000000000000000000e+00 -1.000000000000000000e+00 -1.000000000000000000e+00 2.258351999999999862e+03 2.385309000000000196e+03 8.820000000000000062e-01 9.545000000000000151e-01 2.442000000000000171e+00 8.030000000000000471e-01
9.000000000000000000e+00 6.253000000000000000e+03 -1.000000000000000000e+00 -1.000000000000000000e+00 -1.000000000000000000e+00 -1.000000000000000000e+00 -1.000000000000000000e+00 2.274409000000000106e+03 2.383701000000000022e+03 1.082000000000000073e+00 9.174999999999999822e-01 2.138500000000000068e+00 7.345000000000000417e-01
9.000000000000000000e+00 6.254000000000000000e+03 -1.000000000000000000e+00 -1.000000000000000000e+00 -1.000000000000000000e+00 -1.000000000000000000e+00 -1.000000000000000000e+00 2.260420999999999822e+03 2.384768999999999778e+03 8.319999999999999618e-01 9.545000000000000151e-01 2.442000000000000171e+00 8.030000000000000471e-01
9.000000000000000000e+00 6.252000000000000000e+03 -1.000000000000000000e+00 -1.000000000000000000e+00 -1.000000000000000000e+00 -1.000000000000000000e+00 -1.000000000000000000e+00 2.277414801282993267e+03 2.381676668076220267e+03 1.672972658667202683e+00 1.002000000000000002e+00 2.241000000000000103e+00 1.000000000000000000e+00
1.000000000000000000e+01 6.252000000000000000e+03 -1.000000000000000000e+00 -1.000000000000000000e+00 -1.000000000000000000e+00 -1.000000000000000000e+00 -1.000000000000000000e+00 2.274309999999999945e+03 2.381070000000000164e+03 1.622999999999999998e+00 1.002000000000000002e+00 2.241000000000000103e+00 1.000000000000000000e+00
1.000000000000000000e+01 6.253000000000000000e+03 -1.000000000000000000e+00 -1.000000000000000000e+00 -1.000000000000000000e+00 -1.000000000000000000e+00 -1.000000000000000000e+00 2.277485000000000127e+03 2.383704999999999927e+03 1.231999999999999984e+00 9.174999999999999822e-01 2.138500000000000068e+00 7.345000000000000417e-01
1.000000000000000000e+01 6.254000000000000000e+03 -1.000000000000000000e+00 -1.000000000000000000e+00 -1.000000000000000000e+00 -1.000000000000000000e+00 -1.000000000000000000e+00 2.262880999999999858e+03 2.384222000000000207e+03 1.106999999999999984e+00 9.545000000000000151e-01 2.442000000000000171e+00 8.030000000000000471e-01
1.100000000000000000e+01 6.252000000000000000e+03 -1.000000000000000000e+00 -1.000000000000000000e+00 -1.000000000000000000e+00 -1.000000000000000000e+00 -1.000000000000000000e+00 2.271476000000000113e+03 2.380704000000000178e+03 1.572999999999999954e+00 1.002000000000000002e+00 2.241000000000000103e+00 1.000000000000000000e+00
1.100000000000000000e+01 6.254000000000000000e+03 -1.000000000000000000e+00 -1.000000000000000000e+00 -1.000000000000000000e+00 -1.000000000000000000e+00 -1.000000000000000000e+00 2.265355000000000018e+03 2.383739000000000033e+03 1.082000000000000073e+00 9.545000000000000151e-01 2.442000000000000171e+00 8.030000000000000471e-01
1.200000000000000000e+01 6.252000000000000000e+03 -1.000000000000000000e+00 -1.000000000000000000e+00 -1.000000000000000000e+00 -1.000000000000000000e+00 -1.000000000000000000e+00 2.268047999999999774e+03 2.380634000000000015e+03 1.522999999999999909e+00 1.002000000000000002e+00 2.241000000000000103e+00 1.000000000000000000e+00
1.200000000000000000e+01 6.254000000000000000e+03 -1.000000000000000000e+00 -1.000000000000000000e+00 -1.000000000000000000e+00 -1.000000000000000000e+00 -1.000000000000000000e+00 2.267842000000000098e+03 2.383320999999999913e+03 1.282000000000000028e+00 9.545000000000000151e-01 2.442000000000000171e+00 8.030000000000000471e-01
1.300000000000000000e+01 6.252000000000000000e+03 -1.000000000000000000e+00 -1.000000000000000000e+00 -1.000000000000000000e+00 -1.000000000000000000e+00 -1.000000000000000000e+00 2.264547000000000025e+03 2.381030999999999949e+03 1.374000000000000110e+00 1.002000000000000002e+00 2.241000000000000103e+00 1.000000000000000000e+00
1.400000000000000000e+01 6.252000000000000000e+03 -1.000000000000000000e+00 -1.000000000000000000e+00 -1.000000000000000000e+00 -1.000000000000000000e+00 -1.000000000000000000e+00 2.261088000000000193e+03 2.381759000000000015e+03 1.423999999999999932e+00 1.002000000000000002e+00 2.241000000000000103e+00 1.000000000000000000e+00
1.500000000000000000e+01 6.252000000000000000e+03 -1.000000000000000000e+00 -1.000000000000000000e+00 -1.000000000000000000e+00 -1.000000000000000000e+00 -1.000000000000000000e+00 2.254101338169305563e+03 2.383711449797445312e+03 1.590762025746951691e+00 1.002000000000000002e+00 2.241000000000000103e+00 1.000000000000000000e+00
1.600000000000000000e+01 6.252000000000000000e+03 -1.000000000000000000e+00 -1.000000000000000000e+00 -1.000000000000000000e+00 -1.000000000000000000e+00 -1.000000000000000000e+00 2.257596820326821671e+03 2.382734623725739311e+03 1.507329665676399255e+00 1.002000000000000002e+00 2.241000000000000103e+00 1.000000000000000000e+00
1.700000000000000000e+01 6.252000000000000000e+03 -1.000000000000000000e+00 -1.000000000000000000e+00 -1.000000000000000000e+00 -1.000000000000000000e+00 -1.000000000000000000e+00 2.250614000000000033e+03 2.384686000000000149e+03 1.673999999999999932e+00 1.002000000000000002e+00 2.241000000000000103e+00 1.000000000000000000e+00
1.800000000000000000e+01 6.252000000000000000e+03 -1.000000000000000000e+00 -1.000000000000000000e+00 -1.000000000000000000e+00 -1.000000000000000000e+00 -1.000000000000000000e+00 2.246945000000000164e+03 2.385686000000000149e+03 1.723999999999999977e+00 1.002000000000000002e+00 2.241000000000000103e+00 1.000000000000000000e+00
1.900000000000000000e+01 6.252000000000000000e+03 -1.000000000000000000e+00 -1.000000000000000000e+00 -1.000000000000000000e+00 -1.000000000000000000e+00 -1.000000000000000000e+00 2.243281097243126169e+03 2.386737516180490275e+03 1.860791634267864758e+00 1.002000000000000002e+00 2.241000000000000103e+00 1.000000000000000000e+00
2.000000000000000000e+01 6.252000000000000000e+03 -1.000000000000000000e+00 -1.000000000000000000e+00 -1.000000000000000000e+00 -1.000000000000000000e+00 -1.000000000000000000e+00 2.240356000000000222e+03 2.387577000000000226e+03 1.969999999999999973e+00 1.002000000000000002e+00 2.241000000000000103e+00 1.000000000000000000e+00
2.100000000000000000e+01 6.255000000000000000e+03 -1.000000000000000000e+00 -1.000000000000000000e+00 -1.000000000000000000e+00 -1.000000000000000000e+00 -1.000000000000000000e+00 2.175304000000000087e+03 2.444873999999999796e+03 1.910000000000000031e-01 8.695000000000000506e-01 2.338000000000000078e+00 7.880000000000000338e-01
2.100000000000000000e+01 6.252000000000000000e+03 -1.000000000000000000e+00 -1.000000000000000000e+00 -1.000000000000000000e+00 -1.000000000000000000e+00 -1.000000000000000000e+00 2.236768999999999778e+03 2.388717000000000098e+03 1.844999999999999973e+00 1.002000000000000002e+00 2.241000000000000103e+00 1.000000000000000000e+00
2.200000000000000000e+01 6.255000000000000000e+03 -1.000000000000000000e+00 -1.000000000000000000e+00 -1.000000000000000000e+00 -1.000000000000000000e+00 -1.000000000000000000e+00 2.177847000000000207e+03 2.440751000000000204e+03 2.909999999999999809e-01 8.695000000000000506e-01 2.338000000000000078e+00 7.880000000000000338e-01
2.200000000000000000e+01 6.252000000000000000e+03 -1.000000000000000000e+00 -1.000000000000000000e+00 -1.000000000000000000e+00 -1.000000000000000000e+00 -1.000000000000000000e+00 2.233168000000000120e+03 2.389831000000000131e+03 1.800999999999999934e+00 1.002000000000000002e+00 2.241000000000000103e+00 1.000000000000000000e+00
2.300000000000000000e+01 6.255000000000000000e+03 -1.000000000000000000e+00 -1.000000000000000000e+00 -1.000000000000000000e+00 -1.000000000000000000e+00 -1.000000000000000000e+00 2.180452999999999975e+03 2.436280999999999949e+03 2.909999999999999809e-01 8.695000000000000506e-01 2.338000000000000078e+00 7.880000000000000338e-01
2.300000000000000000e+01 6.252000000000000000e+03 -1.000000000000000000e+00 -1.000000000000000000e+00 -1.000000000000000000e+00 -1.000000000000000000e+00 -1.000000000000000000e+00 2.229567007211707278e+03 2.390945997766994878e+03 1.644000314423213815e+00 1.002000000000000224e+00 2.241000000000000547e+00 1.000000000000000000e+00
2.400000000000000000e+01 6.255000000000000000e+03 -1.000000000000000000e+00 -1.000000000000000000e+00 -1.000000000000000000e+00 -1.000000000000000000e+00 -1.000000000000000000e+00 2.182494999999999891e+03 2.432173999999999978e+03 4.410000000000000031e-01 8.695000000000000506e-01 2.338000000000000078e+00 7.880000000000000338e-01
2.400000000000000000e+01 6.252000000000000000e+03 -1.000000000000000000e+00 -1.000000000000000000e+00 -1.000000000000000000e+00 -1.000000000000000000e+00 -1.000000000000000000e+00 2.225965999999999894e+03 2.392061000000000149e+03 1.487000000000000099e+00 1.002000000000000002e+00 2.241000000000000103e+00 1.000000000000000000e+00
2.500000000000000000e+01 6.255000000000000000e+03 -1.000000000000000000e+00 -1.000000000000000000e+00 -1.000000000000000000e+00 -1.000000000000000000e+00 -1.000000000000000000e+00 2.184710000000000036e+03 2.428150999999999840e+03 5.909999999999999698e-01 8.695000000000000506e-01 2.338000000000000078e+00 7.880000000000000338e-01
2.500000000000000000e+01 6.252000000000000000e+03 -1.000000000000000000e+00 -1.000000000000000000e+00 -1.000000000000000000e+00 -1.000000000000000000e+00 -1.000000000000000000e+00 2.222356999999999971e+03 2.393177999999999884e+03 1.379999999999999893e+00 1.002000000000000002e+00 2.241000000000000103e+00 1.000000000000000000e+00
2.600000000000000000e+01 6.255000000000000000e+03 -1.000000000000000000e+00 -1.000000000000000000e+00 -1.000000000000000000e+00 -1.000000000000000000e+00 -1.000000000000000000e+00 2.186981000000000222e+03 2.424327000000000226e+03 6.410000000000000142e-01 8.695000000000000506e-01 2.338000000000000078e+00 7.880000000000000338e-01
2.600000000000000000e+01 6.252000000000000000e+03 -1.000000000000000000e+00 -1.000000000000000000e+00 -1.000000000000000000e+00 -1.000000000000000000e+00 -1.000000000000000000e+00 2.218748000000000047e+03 2.394295000000000073e+03 1.372999999999999998e+00 1.002000000000000002e+00 2.241000000000000103e+00 1.000000000000000000e+00
2.700000000000000000e+01 6.255000000000000000e+03 -1.000000000000000000e+00 -1.000000000000000000e+00 -1.000000000000000000e+00 -1.000000000000000000e+00 -1.000000000000000000e+00 2.188954000000000178e+03 2.420918999999999869e+03 6.860000000000000542e-01 8.695000000000000506e-01 2.338000000000000078e+00 7.880000000000000338e-01
2.700000000000000000e+01 6.252000000000000000e+03 -1.000000000000000000e+00 -1.000000000000000000e+00 -1.000000000000000000e+00 -1.000000000000000000e+00 -1.000000000000000000e+00 2.211337036785263990e+03 2.396201996391171178e+03 1.340796683555842250e+00 1.002000000000000002e+00 2.241000000000000103e+00 1.000000000000000000e+00
2.800000000000000000e+01 6.255000000000000000e+03 -1.000000000000000000e+00 -1.000000000000000000e+00 -1.000000000000000000e+00 -1.000000000000000000e+00 -1.000000000000000000e+00 2.191077999999999975e+03 2.417018000000000029e+03 7.409999999999999920e-01 8.695000000000000506e-01 2.338000000000000078e+00 7.880000000000000338e-01
2.800000000000000000e+01 6.252000000000000000e+03 -1.000000000000000000e+00 -1.000000000000000000e+00 -1.000000000000000000e+00 -1.000000000000000000e+00 -1.000000000000000000e+00 2.215222215962003247e+03 2.395202258239136881e+03 1.357679192731168882e+00 1.002000000000000002e+00 2.241000000000000103e+00 1.000000000000000000e+00
2.900000000000000000e+01 6.255000000000000000e+03 -1.000000000000000000e+00 -1.000000000000000000e+00 -1.000000000000000000e+00 -1.000000000000000000e+00 -1.000000000000000000e+00 2.192842999999999847e+03 2.413449000000000069e+03 8.409999999999999698e-01 8.695000000000000506e-01 2.338000000000000078e+00 7.880000000000000338e-01
2.900000000000000000e+01 6.252000000000000000e+03 -1.000000000000000000e+00 -1.000000000000000000e+00 -1.000000000000000000e+00 -1.000000000000000000e+00 -1.000000000000000000e+00 2.208161999999999807e+03 2.397018999999999778e+03 1.326999999999999957e+00 1.002000000000000002e+00 2.241000000000000103e+00 1.000000000000000000e+00
3.000000000000000000e+01 6.255000000000000000e+03 -1.000000000000000000e+00 -1.000000000000000000e+00 -1.000000000000000000e+00 -1.000000000000000000e+00 -1.000000000000000000e+00 2.194594000000000051e+03 2.410666999999999916e+03 9.409999999999999476e-01 8.695000000000000506e-01 2.338000000000000078e+00 7.880000000000000338e-01
3.000000000000000000e+01 6.252000000000000000e+03 -1.000000000000000000e+00 -1.000000000000000000e+00 -1.000000000000000000e+00 -1.000000000000000000e+00 -1.000000000000000000e+00 2.204731999999999971e+03 2.398150000000000091e+03 1.304000000000000048e+00 1.002000000000000002e+00 2.241000000000000103e+00 1.000000000000000000e+00
3.100000000000000000e+01 6.255000000000000000e+03 -1.000000000000000000e+00 -1.000000000000000000e+00 -1.000000000000000000e+00 -1.000000000000000000e+00 -1.000000000000000000e+00 2.196092999999999847e+03 2.408086999999999989e+03 9.909999999999999920e-01 8.695000000000000506e-01 2.338000000000000078e+00 7.880000000000000338e-01
3.100000000000000000e+01 6.252000000000000000e+03 -1.000000000000000000e+00 -1.000000000000000000e+00 -1.000000000000000000e+00 -1.000000000000000000e+00 -1.000000000000000000e+00 2.201487000000000080e+03 2.399746999999999844e+03 1.280999999999999917e+00 1.002000000000000002e+00 2.241000000000000103e+00 1.000000000000000000e+00
3.200000000000000000e+01 6.255000000000000000e+03 -1.000000000000000000e+00 -1.000000000000000000e+00 -1.000000000000000000e+00 -1.000000000000000000e+00 -1.000000000000000000e+00 2.197943000000000211e+03 2.405782999999999902e+03 1.090999999999999970e+00 8.695000000000000506e-01 2.338000000000000078e+00 7.880000000000000338e-01
3.200000000000000000e+01 6.252000000000000000e+03 -1.000000000000000000e+00 -1.000000000000000000e+00 -1.000000000000000000e+00 -1.000000000000000000e+00 -1.000000000000000000e+00 2.198494999999999891e+03 2.401778999999999996e+03 1.258000000000000007e+00 1.002000000000000002e+00 2.241000000000000103e+00 1.000000000000000000e+00
3.300000000000000000e+01 6.255000000000000000e+03 -1.000000000000000000e+00 -1.000000000000000000e+00 -1.000000000000000000e+00 -1.000000000000000000e+00 -1.000000000000000000e+00 2.199902999999999793e+03 2.403818999999999960e+03 1.141000000000000014e+00 8.695000000000000506e-01 2.338000000000000078e+00 7.880000000000000338e-01
3.300000000000000000e+01 6.252000000000000000e+03 -1.000000000000000000e+00 -1.000000000000000000e+00 -1.000000000000000000e+00 -1.000000000000000000e+00 -1.000000000000000000e+00 2.195813999999999851e+03 2.404204999999999927e+03 1.318000000000000060e+00 1.002000000000000002e+00 2.241000000000000103e+00 1.000000000000000000e+00
3.400000000000000000e+01 6.252000000000000000e+03 -1.000000000000000000e+00 -1.000000000000000000e+00 -1.000000000000000000e+00 -1.000000000000000000e+00 -1.000000000000000000e+00 2.193494000000000142e+03 2.406980000000000018e+03 1.377999999999999892e+00 1.002000000000000002e+00 2.241000000000000103e+00 1.000000000000000000e+00
