1.000000000000000000e+00 3.950000000000000000e+02 -1.000000000000000000e+00 -1.000000000000000000e+00 -1.000000000000000000e+00 -1.000000000000000000e+00 -1.000000000000000000e+00 4.178799999999999955e+02 1.074355999999999995e+03 1.000999999999999890e+00 1.010499999999999954e+00 2.581999999999999851e+00 8.549999999999999822e-01
1.000000000000000000e+00 3.970000000000000000e+02 -1.000000000000000000e+00 -1.000000000000000000e+00 -1.000000000000000000e+00 -1.000000000000000000e+00 -1.000000000000000000e+00 3.989399999999999977e+02 1.097664999999999964e+03 1.122999999999999998e+00 9.815000000000000391e-01 2.326499999999999790e+00 8.074999999999999956e-01
1.000000000000000000e+00 4.020000000000000000e+02 -1.000000000000000000e+00 -1.000000000000000000e+00 -1.000000000000000000e+00 -1.000000000000000000e+00 -1.000000000000000000e+00 4.072169999999999845e+02 1.078605999999999995e+03 8.579999999999999849e-01 1.052499999999999991e+00 2.386000000000000121e+00 7.790000000000000258e-01
1.000000000000000000e+00 4.030000000000000000e+02 -1.000000000000000000e+00 -1.000000000000000000e+00 -1.000000000000000000e+00 -1.000000000000000000e+00 -1.000000000000000000e+00 3.889119999999999777e+02 1.131621000000000095e+03 1.842999999999999972e+00 1.001500000000000057e+00 2.484500000000000153e+00 8.245000000000000107e-01
1.000000000000000000e+00 4.050000000000000000e+02 -1.000000000000000000e+00 -1.000000000000000000e+00 -1.000000000000000000e+00 -1.000000000000000000e+00 -1.000000000000000000e+00 3.916419999999999959e+02 1.138298000000000002e+03 2.378000000000000114e+00 9.969999999999999973e-01 2.458499999999999908e+00 1.000000000000000000e+00
1.000000000000000000e+00 4.060000000000000000e+02 -1.000000000000000000e+00 -1.000000000000000000e+00 -1.000000000000000000e+00 -1.000000000000000000e+00 -1.000000000000000000e+00 4.056419999999999959e+02 1.094580999999999904e+03 9.649999999999999689e-01 9.919999999999999929e-01 2.537500000000000089e+00 7.365000000000000435e-01
1.000000000000000000e+00 4.070000000000000000e+02 -1.000000000000000000e+00 -1.000000000000000000e+00 -1.000000000000000000e+00 -1.000000000000000000e+00 -1.000000000000000000e+00 3.929340000000000259e+02 1.100211999999999989e+03 1.237999999999999989e+00 9.695000000000000284e-01 2.338499999999999801e+00 9.084999999999999742e-01
1.000000000000000000e+00 4.100000000000000000e+02 -1.000000000000000000e+00 -1.000000000000000000e+00 -1.000000000000000000e+00 -1.000000000000000000e+00 -1.000000000000000000e+00 3.889649999999999750e+02 1.140079999999999927e+03 2.148000000000000131e+00 1.006499999999999950e+00 2.471000000000000085e+00 1.000000000000000000e+00
1.000000000000000000e+00 4.120000000000000000e+02 -1.000000000000000000e+00 -1.000000000000000000e+00 -1.000000000000000000e+00 -1.000000000000000000e+00 -1.000000000000000000e+00 3.917320000000000277e+02 1.104075000000000045e+03 1.181000000000000050e+00 1.007500000000000062e+00 2.399500000000000188e+00 8.519999999999999796e-01
2.000000000000000000e+00 3.950000000000000000e+02 -1.000000000000000000e+00 -1.000000000000000000e+00 -1.000000000000000000e+00 -1.000000000000000000e+00 -1.000000000000000000e+00 4.178779999999999859e+02 1.074349999999999909e+03 1.018000000000000016e+00 1.010499999999999954e+00 2.581999999999999851e+00 8.549999999999999822e-01
2.000000000000000000e+00 3.970000000000000000e+02 -1.000000000000000000e+00 -1.000000000000000000e+00 -1.000000000000000000e+00 -1.000000000000000000e+00 -1.000000000000000000e+00 3.989399999999999977e+02 1.097664999999999964e+03 1.217000000000000082e+00 9.815000000000000391e-01 2.326499999999999790e+00 8.074999999999999956e-01
2.000000000000000000e+00 4.020000000000000000e+02 -1.000000000000000000e+00 -1.000000000000000000e+00 -1.000000000000000000e+00 -1.000000000000000000e+00 -1.000000000000000000e+00 4.072169999999999845e+02 1.078605999999999995e+03 1.058000000000000052e+00 1.052499999999999991e+00 2.386000000000000121e+00 7.790000000000000258e-01
2.000000000000000000e+00 4.030000000000000000e+02 -1.000000000000000000e+00 -1.000000000000000000e+00 -1.000000000000000000e+00 -1.000000000000000000e+00 -1.000000000000000000e+00 3.889119999999999777e+02 1.131621000000000095e+03 1.842999999999999972e+00 1.001500000000000057e+00 2.484500000000000153e+00 8.245000000000000107e-01
2.000000000000000000e+00 4.050000000000000000e+02 -1.000000000000000000e+00 -1.000000000000000000e+00 -1.000000000000000000e+00 -1.000000000000000000e+00 -1.000000000000000000e+00 3.916270000000000095e+02 1.138305000000000064e+03 2.378000000000000114e+00 9.969999999999999973e-01 2.458499999999999908e+00 1.000000000000000000e+00
2.000000000000000000e+00 4.060000000000000000e+02 -1.000000000000000000e+00 -1.000000000000000000e+00 -1.000000000000000000e+00 -1.000000000000000000e+00 -1.000000000000000000e+00 4.056419999999999959e+02 1.094580999999999904e+03 1.046999999999999931e+00 9.919999999999999929e-01 2.537500000000000089e+00 7.365000000000000435e-01
2.000000000000000000e+00 4.070000000000000000e+02 -1.000000000000000000e+00 -1.000000000000000000e+00 -1.000000000000000000e+00 -1.000000000000000000e+00 -1.000000000000000000e+00 3.929630000000000223e+02 1.100199000000000069e+03 1.387999999999999901e+00 9.695000000000000284e-01 2.338499999999999801e+00 9.084999999999999742e-01
2.000000000000000000e+00 4.100000000000000000e+02 -1.000000000000000000e+00 -1.000000000000000000e+00 -1.000000000000000000e+00 -1.000000000000000000e+00 -1.000000000000000000e+00 3.889979999999999905e+02 1.140095000000000027e+03 2.148000000000000131e+00 1.006499999999999950e+00 2.471000000000000085e+00 1.000000000000000000e+00
2.000000000000000000e+00 4.120000000000000000e+02 -1.000000000000000000e+00 -1.000000000000000000e+00 -1.000000000000000000e+00 -1.000000000000000000e+00 -1.000000000000000000e+00 3.917320000000000277e+02 1.104075000000000045e+03 1.300000000000000044e+00 1.007500000000000062e+00 2.399500000000000188e+00 8.519999999999999796e-01
3.000000000000000000e+00 3.970000000000000000e+02 -1.000000000000000000e+00 -1.000000000000000000e+00 -1.000000000000000000e+00 -1.000000000000000000e+00 -1.000000000000000000e+00 3.989399999999999977e+02 1.097664999999999964e+03 1.243999999999999995e+00 9.815000000000000391e-01 2.326499999999999790e+00 8.074999999999999956e-01
3.000000000000000000e+00 4.140000000000000000e+02 -1.000000000000000000e+00 -1.000000000000000000e+00 -1.000000000000000000e+00 -1.000000000000000000e+00 -1.000000000000000000e+00 4.244769999999999754e+02 1.071681000000000040e+03 1.125000000000000000e+00 9.375000000000000000e-01 2.450499999999999901e+00 8.395000000000000240e-01
3.000000000000000000e+00 4.030000000000000000e+02 -1.000000000000000000e+00 -1.000000000000000000e+00 -1.000000000000000000e+00 -1.000000000000000000e+00 -1.000000000000000000e+00 3.889119999999999777e+02 1.131621000000000095e+03 1.842999999999999972e+00 1.001500000000000057e+00 2.484500000000000153e+00 8.245000000000000107e-01
3.000000000000000000e+00 4.050000000000000000e+02 -1.000000000000000000e+00 -1.000000000000000000e+00 -1.000000000000000000e+00 -1.000000000000000000e+00 -1.000000000000000000e+00 3.916129999999999995e+02 1.138273999999999887e+03 2.378000000000000114e+00 9.969999999999999973e-01 2.458499999999999908e+00 1.000000000000000000e+00
3.000000000000000000e+00 4.060000000000000000e+02 -1.000000000000000000e+00 -1.000000000000000000e+00 -1.000000000000000000e+00 -1.000000000000000000e+00 -1.000000000000000000e+00 4.056419999999999959e+02 1.094580999999999904e+03 1.129000000000000004e+00 9.919999999999999929e-01 2.537500000000000089e+00 7.365000000000000435e-01
3.000000000000000000e+00 4.070000000000000000e+02 -1.000000000000000000e+00 -1.000000000000000000e+00 -1.000000000000000000e+00 -1.000000000000000000e+00 -1.000000000000000000e+00 3.929340000000000259e+02 1.100211999999999989e+03 1.500000000000000000e+00 9.695000000000000284e-01 2.338499999999999801e+00 9.084999999999999742e-01
3.000000000000000000e+00 4.120000000000000000e+02 -1.000000000000000000e+00 -1.000000000000000000e+00 -1.000000000000000000e+00 -1.000000000000000000e+00 -1.000000000000000000e+00 3.917320000000000277e+02 1.104075000000000045e+03 1.399999999999999911e+00 1.007500000000000062e+00 2.399500000000000188e+00 8.519999999999999796e-01
3.000000000000000000e+00 3.950000000000000000e+02 -1.000000000000000000e+00 -1.000000000000000000e+00 -1.000000000000000000e+00 -1.000000000000000000e+00 -1.000000000000000000e+00 4.178754998826005931e+02 1.074344999765201010e+03 1.187007936198677616e+00 1.010499999999999954e+00 2.581999999999999851e+00 8.549999999999999822e-01
4.000000000000000000e+00 4.170000000000000000e+02 -1.000000000000000000e+00 -1.000000000000000000e+00 -1.000000000000000000e+00 -1.000000000000000000e+00 -1.000000000000000000e+00 4.339239999999999782e+02 1.067721999999999980e+03 1.455000000000000071e+00 8.135000000000000009e-01 2.447999999999999954e+00 7.600000000000000089e-01
4.000000000000000000e+00 3.950000000000000000e+02 -1.000000000000000000e+00 -1.000000000000000000e+00 -1.000000000000000000e+00 -1.000000000000000000e+00 -1.000000000000000000e+00 4.178729999999999905e+02 1.074339999999999918e+03 1.356000000000000094e+00 1.010499999999999954e+00 2.581999999999999851e+00 8.549999999999999822e-01
4.000000000000000000e+00 3.970000000000000000e+02 -1.000000000000000000e+00 -1.000000000000000000e+00 -1.000000000000000000e+00 -1.000000000000000000e+00 -1.000000000000000000e+00 3.989399999999999977e+02 1.097664999999999964e+03 1.405000000000000027e+00 9.815000000000000391e-01 2.326499999999999790e+00 8.074999999999999956e-01
4.000000000000000000e+00 4.200000000000000000e+02 -1.000000000000000000e+00 -1.000000000000000000e+00 -1.000000000000000000e+00 -1.000000000000000000e+00 -1.000000000000000000e+00 4.142500000000000000e+02 1.075829999999999927e+03 1.594000000000000083e+00 9.715000000000000302e-01 2.508999999999999897e+00 6.650000000000000355e-01
4.000000000000000000e+00 4.060000000000000000e+02 -1.000000000000000000e+00 -1.000000000000000000e+00 -1.000000000000000000e+00 -1.000000000000000000e+00 -1.000000000000000000e+00 4.056419999999999959e+02 1.094580999999999904e+03 1.278999999999999915e+00 9.919999999999999929e-01 2.537500000000000089e+00 7.365000000000000435e-01
4.000000000000000000e+00 4.070000000000000000e+02 -1.000000000000000000e+00 -1.000000000000000000e+00 -1.000000000000000000e+00 -1.000000000000000000e+00 -1.000000000000000000e+00 3.929340000000000259e+02 1.100211999999999989e+03 1.663000000000000034e+00 9.695000000000000284e-01 2.338499999999999801e+00 9.084999999999999742e-01
4.000000000000000000e+00 4.120000000000000000e+02 -1.000000000000000000e+00 -1.000000000000000000e+00 -1.000000000000000000e+00 -1.000000000000000000e+00 -1.000000000000000000e+00 3.917320000000000277e+02 1.104075000000000045e+03 1.600000000000000089e+00 1.007500000000000062e+00 2.399500000000000188e+00 8.519999999999999796e-01
4.000000000000000000e+00 4.140000000000000000e+02 -1.000000000000000000e+00 -1.000000000000000000e+00 -1.000000000000000000e+00 -1.000000000000000000e+00 -1.000000000000000000e+00 4.244769999999999754e+02 1.071681000000000040e+03 1.368355892961396147e+00 9.375000000000000000e-01 2.450499999999999901e+00 8.394999999999999130e-01
5.000000000000000000e+00 4.170000000000000000e+02 -1.000000000000000000e+00 -1.000000000000000000e+00 -1.000000000000000000e+00 -1.000000000000000000e+00 -1.000000000000000000e+00 4.339239999999999782e+02 1.067721999999999980e+03 1.629999999999999893e+00 8.135000000000000009e-01 2.447999999999999954e+00 7.600000000000000089e-01
5.000000000000000000e+00 3.970000000000000000e+02 -1.000000000000000000e+00 -1.000000000000000000e+00 -1.000000000000000000e+00 -1.000000000000000000e+00 -1.000000000000000000e+00 3.989399999999999977e+02 1.097664999999999964e+03 1.491000000000000103e+00 9.815000000000000391e-01 2.326499999999999790e+00 8.074999999999999956e-01
5.000000000000000000e+00 4.140000000000000000e+02 -1.000000000000000000e+00 -1.000000000000000000e+00 -1.000000000000000000e+00 -1.000000000000000000e+00 -1.000000000000000000e+00 4.244769999999999754e+02 1.071681000000000040e+03 1.612000000000000099e+00 9.375000000000000000e-01 2.450499999999999901e+00 8.395000000000000240e-01
5.000000000000000000e+00 4.060000000000000000e+02 -1.000000000000000000e+00 -1.000000000000000000e+00 -1.000000000000000000e+00 -1.000000000000000000e+00 -1.000000000000000000e+00 4.056419999999999959e+02 1.094580999999999904e+03 1.354000000000000092e+00 9.919999999999999929e-01 2.537500000000000089e+00 7.365000000000000435e-01
5.000000000000000000e+00 4.070000000000000000e+02 -1.000000000000000000e+00 -1.000000000000000000e+00 -1.000000000000000000e+00 -1.000000000000000000e+00 -1.000000000000000000e+00 3.929340000000000259e+02 1.100211999999999989e+03 1.750000000000000000e+00 9.695000000000000284e-01 2.338499999999999801e+00 9.084999999999999742e-01
5.000000000000000000e+00 4.120000000000000000e+02 -1.000000000000000000e+00 -1.000000000000000000e+00 -1.000000000000000000e+00 -1.000000000000000000e+00 -1.000000000000000000e+00 3.917320000000000277e+02 1.104075000000000045e+03 1.649999999999999911e+00 1.007500000000000062e+00 2.399500000000000188e+00 8.519999999999999796e-01
5.000000000000000000e+00 4.200000000000000000e+02 -1.000000000000000000e+00 -1.000000000000000000e+00 -1.000000000000000000e+00 -1.000000000000000000e+00 -1.000000000000000000e+00 4.142500000000000000e+02 1.075829999999999927e+03 1.669000525143364166e+00 9.715000000000000302e-01 2.508999999999999897e+00 6.650000000000000355e-01
6.000000000000000000e+00 4.230000000000000000e+02 -1.000000000000000000e+00 -1.000000000000000000e+00 -1.000000000000000000e+00 -1.000000000000000000e+00 -1.000000000000000000e+00 4.298249999999999886e+02 1.069863000000000056e+03 1.473000000000000087e+00 7.970000000000000417e-01 2.480500000000000149e+00 8.129999999999999449e-01
6.000000000000000000e+00 4.170000000000000000e+02 -1.000000000000000000e+00 -1.000000000000000000e+00 -1.000000000000000000e+00 -1.000000000000000000e+00 -1.000000000000000000e+00 4.339239999999999782e+02 1.067721999999999980e+03 1.665000000000000036e+00 8.135000000000000009e-01 2.447999999999999954e+00 7.600000000000000089e-01
6.000000000000000000e+00 3.970000000000000000e+02 -1.000000000000000000e+00 -1.000000000000000000e+00 -1.000000000000000000e+00 -1.000000000000000000e+00 -1.000000000000000000e+00 3.989399999999999977e+02 1.097664999999999964e+03 1.627000000000000002e+00 9.815000000000000391e-01 2.326499999999999790e+00 8.074999999999999956e-01
6.000000000000000000e+00 4.140000000000000000e+02 -1.000000000000000000e+00 -1.000000000000000000e+00 -1.000000000000000000e+00 -1.000000000000000000e+00 -1.000000000000000000e+00 4.244769999999999754e+02 1.071681000000000040e+03 1.854999999999999982e+00 9.375000000000000000e-01 2.450499999999999901e+00 8.395000000000000240e-01
6.000000000000000000e+00 4.200000000000000000e+02 -1.000000000000000000e+00 -1.000000000000000000e+00 -1.000000000000000000e+00 -1.000000000000000000e+00 -1.000000000000000000e+00 4.142500000000000000e+02 1.075829999999999927e+03 1.743999999999999995e+00 9.715000000000000302e-01 2.508999999999999897e+00 6.650000000000000355e-01
6.000000000000000000e+00 4.060000000000000000e+02 -1.000000000000000000e+00 -1.000000000000000000e+00 -1.000000000000000000e+00 -1.000000000000000000e+00 -1.000000000000000000e+00 4.056419999999999959e+02 1.094580999999999904e+03 1.479000000000000092e+00 9.919999999999999929e-01 2.537500000000000089e+00 7.365000000000000435e-01
6.000000000000000000e+00 4.070000000000000000e+02 -1.000000000000000000e+00 -1.000000000000000000e+00 -1.000000000000000000e+00 -1.000000000000000000e+00 -1.000000000000000000e+00 3.929340000000000259e+02 1.100211999999999989e+03 1.838000000000000078e+00 9.695000000000000284e-01 2.338499999999999801e+00 9.084999999999999742e-01
6.000000000000000000e+00 4.120000000000000000e+02 -1.000000000000000000e+00 -1.000000000000000000e+00 -1.000000000000000000e+00 -1.000000000000000000e+00 -1.000000000000000000e+00 3.917320000000000277e+02 1.104075000000000045e+03 1.750000000000000000e+00 1.007500000000000062e+00 2.399500000000000188e+00 8.519999999999999796e-01
7.000000000000000000e+00 4.230000000000000000e+02 -1.000000000000000000e+00 -1.000000000000000000e+00 -1.000000000000000000e+00 -1.000000000000000000e+00 -1.000000000000000000e+00 4.298249999999999886e+02 1.069863000000000056e+03 1.790000000000000036e+00 7.970000000000000417e-01 2.480500000000000149e+00 8.129999999999999449e-01
7.000000000000000000e+00 4.170000000000000000e+02 -1.000000000000000000e+00 -1.000000000000000000e+00 -1.000000000000000000e+00 -1.000000000000000000e+00 -1.000000000000000000e+00 4.339239999999999782e+02 1.067721999999999980e+03 1.725000000000000089e+00 8.135000000000000009e-01 2.447999999999999954e+00 7.600000000000000089e-01
7.000000000000000000e+00 3.970000000000000000e+02 -1.000000000000000000e+00 -1.000000000000000000e+00 -1.000000000000000000e+00 -1.000000000000000000e+00 -1.000000000000000000e+00 3.989399999999999977e+02 1.097664999999999964e+03 1.663999999999999924e+00 9.815000000000000391e-01 2.326499999999999790e+00 8.074999999999999956e-01
7.000000000000000000e+00 4.140000000000000000e+02 -1.000000000000000000e+00 -1.000000000000000000e+00 -1.000000000000000000e+00 -1.000000000000000000e+00 -1.000000000000000000e+00 4.244769999999999754e+02 1.071681000000000040e+03 1.778999999999999915e+00 9.375000000000000000e-01 2.450499999999999901e+00 8.395000000000000240e-01
7.000000000000000000e+00 4.060000000000000000e+02 -1.000000000000000000e+00 -1.000000000000000000e+00 -1.000000000000000000e+00 -1.000000000000000000e+00 -1.000000000000000000e+00 4.056419999999999959e+02 1.094580999999999904e+03 1.548999999999999932e+00 9.919999999999999929e-01 2.537500000000000089e+00 7.365000000000000435e-01
7.000000000000000000e+00 4.070000000000000000e+02 -1.000000000000000000e+00 -1.000000000000000000e+00 -1.000000000000000000e+00 -1.000000000000000000e+00 -1.000000000000000000e+00 3.929340000000000259e+02 1.100211999999999989e+03 1.967999999999999972e+00 9.695000000000000284e-01 2.338499999999999801e+00 9.084999999999999742e-01
7.000000000000000000e+00 4.120000000000000000e+02 -1.000000000000000000e+00 -1.000000000000000000e+00 -1.000000000000000000e+00 -1.000000000000000000e+00 -1.000000000000000000e+00 3.917320000000000277e+02 1.104075000000000045e+03 1.899999999999999911e+00 1.007500000000000062e+00 2.399500000000000188e+00 8.519999999999999796e-01
8.000000000000000000e+00 4.230000000000000000e+02 -1.000000000000000000e+00 -1.000000000000000000e+00 -1.000000000000000000e+00 -1.000000000000000000e+00 -1.000000000000000000e+00 4.298249999999999886e+02 1.069863000000000056e+03 1.780999999999999917e+00 7.970000000000000417e-01 2.480500000000000149e+00 8.129999999999999449e-01
8.000000000000000000e+00 3.970000000000000000e+02 -1.000000000000000000e+00 -1.000000000000000000e+00 -1.000000000000000000e+00 -1.000000000000000000e+00 -1.000000000000000000e+00 3.989399999999999977e+02 1.097664999999999964e+03 1.784999999999999920e+00 9.815000000000000391e-01 2.326499999999999790e+00 8.074999999999999956e-01
8.000000000000000000e+00 4.060000000000000000e+02 -1.000000000000000000e+00 -1.000000000000000000e+00 -1.000000000000000000e+00 -1.000000000000000000e+00 -1.000000000000000000e+00 4.056419999999999959e+02 1.094580999999999904e+03 1.618999999999999995e+00 9.919999999999999929e-01 2.537500000000000089e+00 7.365000000000000435e-01
8.000000000000000000e+00 4.170000000000000000e+02 -1.000000000000000000e+00 -1.000000000000000000e+00 -1.000000000000000000e+00 -1.000000000000000000e+00 -1.000000000000000000e+00 4.339239999999999782e+02 1.067721999999999980e+03 1.919902903832267249e+00 8.135000000000000009e-01 2.447999999999999954e+00 7.600000000000000089e-01
9.000000000000000000e+00 4.230000000000000000e+02 -1.000000000000000000e+00 -1.000000000000000000e+00 -1.000000000000000000e+00 -1.000000000000000000e+00 -1.000000000000000000e+00 4.298249999999999886e+02 1.069863000000000056e+03 1.872999999999999998e+00 7.970000000000000417e-01 2.480500000000000149e+00 8.129999999999999449e-01
9.000000000000000000e+00 4.170000000000000000e+02 -1.000000000000000000e+00 -1.000000000000000000e+00 -1.000000000000000000e+00 -1.000000000000000000e+00 -1.000000000000000000e+00 4.339239999999999782e+02 1.067721999999999980e+03 2.095000000000000195e+00 8.135000000000000009e-01 2.447999999999999954e+00 7.600000000000000089e-01
9.000000000000000000e+00 4.060000000000000000e+02 -1.000000000000000000e+00 -1.000000000000000000e+00 -1.000000000000000000e+00 -1.000000000000000000e+00 -1.000000000000000000e+00 4.056419999999999959e+02 1.094580999999999904e+03 1.788999999999999924e+00 9.919999999999999929e-01 2.537500000000000089e+00 7.365000000000000435e-01
1.000000000000000000e+01 4.230000000000000000e+02 -1.000000000000000000e+00 -1.000000000000000000e+00 -1.000000000000000000e+00 -1.000000000000000000e+00 -1.000000000000000000e+00 4.298249999999999886e+02 1.069863000000000056e+03 1.897999999999999909e+00 7.970000000000000417e-01 2.480500000000000149e+00 8.129999999999999449e-01
1.000000000000000000e+01 4.170000000000000000e+02 -1.000000000000000000e+00 -1.000000000000000000e+00 -1.000000000000000000e+00 -1.000000000000000000e+00 -1.000000000000000000e+00 4.339239999999999782e+02 1.067721999999999980e+03 2.205000000000000071e+00 8.135000000000000009e-01 2.447999999999999954e+00 7.600000000000000089e-01
1.000000000000000000e+01 4.060000000000000000e+02 -1.000000000000000000e+00 -1.000000000000000000e+00 -1.000000000000000000e+00 -1.000000000000000000e+00 -1.000000000000000000e+00 4.056419999999999959e+02 1.094580999999999904e+03 1.933999999999999941e+00 9.919999999999999929e-01 2.537500000000000089e+00 7.365000000000000435e-01
1.100000000000000000e+01 4.230000000000000000e+02 -1.000000000000000000e+00 -1.000000000000000000e+00 -1.000000000000000000e+00 -1.000000000000000000e+00 -1.000000000000000000e+00 4.298249999999999886e+02 1.069863000000000056e+03 1.973000000000000087e+00 7.970000000000000417e-01 2.480500000000000149e+00 8.129999999999999449e-01
3.200000000000000000e+01 4.410000000000000000e+02 -1.000000000000000000e+00 -1.000000000000000000e+00 -1.000000000000000000e+00 -1.000000000000000000e+00 -1.000000000000000000e+00 6.009619999999999891e+02 1.027144000000000005e+03 4.020000000000000240e-01 1.028499999999999970e+00 2.786500000000000199e+00 1.118000000000000105e+00
3.300000000000000000e+01 4.410000000000000000e+02 -1.000000000000000000e+00 -1.000000000000000000e+00 -1.000000000000000000e+00 -1.000000000000000000e+00 -1.000000000000000000e+00 6.039080000000000155e+02 1.025584000000000060e+03 4.500000000000000111e-01 1.028499999999999970e+00 2.786500000000000199e+00 1.118000000000000105e+00
3.400000000000000000e+01 4.410000000000000000e+02 -1.000000000000000000e+00 -1.000000000000000000e+00 -1.000000000000000000e+00 -1.000000000000000000e+00 -1.000000000000000000e+00 6.070929999999999609e+02 1.024182999999999993e+03 4.889999999999999902e-01 1.028499999999999970e+00 2.786500000000000199e+00 1.118000000000000105e+00
3.500000000000000000e+01 4.430000000000000000e+02 -1.000000000000000000e+00 -1.000000000000000000e+00 -1.000000000000000000e+00 -1.000000000000000000e+00 -1.000000000000000000e+00 5.836539999999999964e+02 1.022174999999999955e+03 5.120000000000000107e-01 1.014499999999999957e+00 2.532500000000000195e+00 7.920000000000000373e-01
3.500000000000000000e+01 4.410000000000000000e+02 -1.000000000000000000e+00 -1.000000000000000000e+00 -1.000000000000000000e+00 -1.000000000000000000e+00 -1.000000000000000000e+00 6.101009999999999991e+02 1.022869000000000028e+03 5.220000000000000195e-01 1.028499999999999970e+00 2.786500000000000199e+00 1.118000000000000105e+00
3.600000000000000000e+01 4.430000000000000000e+02 -1.000000000000000000e+00 -1.000000000000000000e+00 -1.000000000000000000e+00 -1.000000000000000000e+00 -1.000000000000000000e+00 5.768210000000000264e+02 1.025166999999999916e+03 7.740000000000000213e-01 1.014499999999999957e+00 2.532500000000000195e+00 7.920000000000000373e-01
3.600000000000000000e+01 4.410000000000000000e+02 -1.000000000000000000e+00 -1.000000000000000000e+00 -1.000000000000000000e+00 -1.000000000000000000e+00 -1.000000000000000000e+00 6.143339999999999463e+02 1.021008000000000038e+03 5.669999999999999485e-01 1.028499999999999970e+00 2.786500000000000199e+00 1.118000000000000105e+00
3.600000000000000000e+01 4.440000000000000000e+02 -1.000000000000000000e+00 -1.000000000000000000e+00 -1.000000000000000000e+00 -1.000000000000000000e+00 -1.000000000000000000e+00 5.977789999999999964e+02 9.951130000000000564e+02 2.290000000000000036e+00 9.559999999999999609e-01 1.928500000000000103e+00 7.105000000000000204e-01
3.600000000000000000e+01 4.450000000000000000e+02 -1.000000000000000000e+00 -1.000000000000000000e+00 -1.000000000000000000e+00 -1.000000000000000000e+00 -1.000000000000000000e+00 5.832599999999999909e+02 1.019110999999999990e+03 5.839999999999999636e-01 1.009500000000000064e+00 2.509999999999999787e+00 7.554999999999999494e-01
3.700000000000000000e+01 4.430000000000000000e+02 -1.000000000000000000e+00 -1.000000000000000000e+00 -1.000000000000000000e+00 -1.000000000000000000e+00 -1.000000000000000000e+00 5.704039999999999964e+02 1.027978000000000065e+03 1.048999999999999932e+00 1.014499999999999957e+00 2.532500000000000195e+00 7.920000000000000373e-01
3.700000000000000000e+01 4.460000000000000000e+02 -1.000000000000000000e+00 -1.000000000000000000e+00 -1.000000000000000000e+00 -1.000000000000000000e+00 -1.000000000000000000e+00 6.023600000000000136e+02 1.014106999999999971e+03 4.020000000000000240e-01 1.026999999999999913e+00 2.505999999999999783e+00 7.105000000000000204e-01
3.700000000000000000e+01 4.410000000000000000e+02 -1.000000000000000000e+00 -1.000000000000000000e+00 -1.000000000000000000e+00 -1.000000000000000000e+00 -1.000000000000000000e+00 6.182519999999999527e+02 1.019288000000000011e+03 6.380000000000000115e-01 1.028499999999999970e+00 2.786500000000000199e+00 1.118000000000000105e+00
3.700000000000000000e+01 4.450000000000000000e+02 -1.000000000000000000e+00 -1.000000000000000000e+00 -1.000000000000000000e+00 -1.000000000000000000e+00 -1.000000000000000000e+00 5.779529999999999745e+02 1.021373000000000047e+03 7.339999999999999858e-01 1.009500000000000064e+00 2.509999999999999787e+00 7.554999999999999494e-01
3.700000000000000000e+01 4.440000000000000000e+02 -1.000000000000000000e+00 -1.000000000000000000e+00 -1.000000000000000000e+00 -1.000000000000000000e+00 -1.000000000000000000e+00 5.977759999790180245e+02 9.951260000909221617e+02 2.365000524550460170e+00 9.559999999999999609e-01 1.928500000000000103e+00 7.105000000000000204e-01
3.800000000000000000e+01 4.430000000000000000e+02 -1.000000000000000000e+00 -1.000000000000000000e+00 -1.000000000000000000e+00 -1.000000000000000000e+00 -1.000000000000000000e+00 5.637630000000000337e+02 1.030885999999999967e+03 1.320999999999999952e+00 1.014499999999999957e+00 2.532500000000000195e+00 7.920000000000000373e-01
3.800000000000000000e+01 4.460000000000000000e+02 -1.000000000000000000e+00 -1.000000000000000000e+00 -1.000000000000000000e+00 -1.000000000000000000e+00 -1.000000000000000000e+00 5.976889999999999645e+02 1.016280999999999949e+03 5.639999999999999458e-01 1.026999999999999913e+00 2.505999999999999783e+00 7.105000000000000204e-01
3.800000000000000000e+01 4.410000000000000000e+02 -1.000000000000000000e+00 -1.000000000000000000e+00 -1.000000000000000000e+00 -1.000000000000000000e+00 -1.000000000000000000e+00 6.221349999999999909e+02 1.017583999999999946e+03 7.269999999999999796e-01 1.028499999999999970e+00 2.786500000000000199e+00 1.118000000000000105e+00
3.800000000000000000e+01 4.440000000000000000e+02 -1.000000000000000000e+00 -1.000000000000000000e+00 -1.000000000000000000e+00 -1.000000000000000000e+00 -1.000000000000000000e+00 5.977730000000000246e+02 9.951390000000000100e+02 2.439999999999999947e+00 9.559999999999999609e-01 1.928500000000000103e+00 7.105000000000000204e-01
3.800000000000000000e+01 4.450000000000000000e+02 -1.000000000000000000e+00 -1.000000000000000000e+00 -1.000000000000000000e+00 -1.000000000000000000e+00 -1.000000000000000000e+00 5.726459999999999582e+02 1.023634000000000015e+03 1.084000000000000075e+00 1.009500000000000064e+00 2.509999999999999787e+00 7.554999999999999494e-01
3.900000000000000000e+01 4.430000000000000000e+02 -1.000000000000000000e+00 -1.000000000000000000e+00 -1.000000000000000000e+00 -1.000000000000000000e+00 -1.000000000000000000e+00 5.577000000000000455e+02 1.033537000000000035e+03 1.534000000000000030e+00 1.014499999999999957e+00 2.532500000000000195e+00 7.920000000000000373e-01
3.900000000000000000e+01 4.460000000000000000e+02 -1.000000000000000000e+00 -1.000000000000000000e+00 -1.000000000000000000e+00 -1.000000000000000000e+00 -1.000000000000000000e+00 5.929809999999999945e+02 1.018373000000000047e+03 7.269999999999999796e-01 1.026999999999999913e+00 2.505999999999999783e+00 7.105000000000000204e-01
3.900000000000000000e+01 4.410000000000000000e+02 -1.000000000000000000e+00 -1.000000000000000000e+00 -1.000000000000000000e+00 -1.000000000000000000e+00 -1.000000000000000000e+00 6.258079999999999927e+02 1.015972999999999956e+03 8.080000000000000515e-01 1.028499999999999970e+00 2.786500000000000199e+00 1.118000000000000105e+00
3.900000000000000000e+01 4.440000000000000000e+02 -1.000000000000000000e+00 -1.000000000000000000e+00 -1.000000000000000000e+00 -1.000000000000000000e+00 -1.000000000000000000e+00 5.977619999999999436e+02 9.951910000000000309e+02 2.439999999999999947e+00 9.559999999999999609e-01 1.928500000000000103e+00 7.105000000000000204e-01
3.900000000000000000e+01 4.500000000000000000e+02 -1.000000000000000000e+00 -1.000000000000000000e+00 -1.000000000000000000e+00 -1.000000000000000000e+00 -1.000000000000000000e+00 5.879909999999999854e+02 9.881079999999999472e+02 2.625999999999999890e+00 1.000000000000000000e+00 2.164499999999999869e+00 7.259999999999999787e-01
3.900000000000000000e+01 4.450000000000000000e+02 -1.000000000000000000e+00 -1.000000000000000000e+00 -1.000000000000000000e+00 -1.000000000000000000e+00 -1.000000000000000000e+00 5.676570000000000391e+02 1.025759999999999991e+03 1.233999999999999986e+00 1.009500000000000064e+00 2.509999999999999787e+00 7.554999999999999494e-01
4.000000000000000000e+01 4.510000000000000000e+02 -1.000000000000000000e+00 -1.000000000000000000e+00 -1.000000000000000000e+00 -1.000000000000000000e+00 -1.000000000000000000e+00 6.125249999999999773e+02 9.913799999999999955e+02 2.487000000000000099e+00 9.184999999999999831e-01 2.266999999999999904e+00 8.359999999999999654e-01
4.000000000000000000e+01 4.430000000000000000e+02 -1.000000000000000000e+00 -1.000000000000000000e+00 -1.000000000000000000e+00 -1.000000000000000000e+00 -1.000000000000000000e+00 5.510299999999999727e+02 1.036451999999999998e+03 1.812000000000000055e+00 1.014499999999999957e+00 2.532500000000000195e+00 7.920000000000000373e-01
4.000000000000000000e+01 4.520000000000000000e+02 -1.000000000000000000e+00 -1.000000000000000000e+00 -1.000000000000000000e+00 -1.000000000000000000e+00 -1.000000000000000000e+00 6.286539999999999964e+02 1.007201000000000022e+03 6.380000000000000115e-01 8.359999999999999654e-01 2.020500000000000185e+00 7.089999999999999636e-01
4.000000000000000000e+01 4.530000000000000000e+02 -1.000000000000000000e+00 -1.000000000000000000e+00 -1.000000000000000000e+00 -1.000000000000000000e+00 -1.000000000000000000e+00 6.176530000000000200e+02 9.890769999999999982e+02 2.665999999999999925e+00 1.038000000000000034e+00 2.427500000000000213e+00 8.864999999999999547e-01
4.000000000000000000e+01 4.460000000000000000e+02 -1.000000000000000000e+00 -1.000000000000000000e+00 -1.000000000000000000e+00 -1.000000000000000000e+00 -1.000000000000000000e+00 5.882369999999999663e+02 1.020383000000000038e+03 8.900000000000000133e-01 1.026999999999999913e+00 2.505999999999999783e+00 7.105000000000000204e-01
4.000000000000000000e+01 4.540000000000000000e+02 -1.000000000000000000e+00 -1.000000000000000000e+00 -1.000000000000000000e+00 -1.000000000000000000e+00 -1.000000000000000000e+00 5.854289999999999736e+02 9.843650000000000091e+02 2.617999999999999883e+00 1.079499999999999904e+00 2.228499999999999925e+00 7.884999999999999787e-01
4.000000000000000000e+01 4.410000000000000000e+02 -1.000000000000000000e+00 -1.000000000000000000e+00 -1.000000000000000000e+00 -1.000000000000000000e+00 -1.000000000000000000e+00 6.298669999999999618e+02 1.014190000000000055e+03 8.609999999999999876e-01 1.028499999999999970e+00 2.786500000000000199e+00 1.118000000000000105e+00
4.000000000000000000e+01 4.440000000000000000e+02 -1.000000000000000000e+00 -1.000000000000000000e+00 -1.000000000000000000e+00 -1.000000000000000000e+00 -1.000000000000000000e+00 5.977559999999999718e+02 9.952169999999999845e+02 2.439999999999999947e+00 9.559999999999999609e-01 1.928500000000000103e+00 7.105000000000000204e-01
4.000000000000000000e+01 4.500000000000000000e+02 -1.000000000000000000e+00 -1.000000000000000000e+00 -1.000000000000000000e+00 -1.000000000000000000e+00 -1.000000000000000000e+00 5.879909999999999854e+02 9.881079999999999472e+02 2.576000000000000068e+00 1.000000000000000000e+00 2.164499999999999869e+00 7.259999999999999787e-01
