1.000000000000000000e+00 1.740000000000000000e+03 -1.000000000000000000e+00 -1.000000000000000000e+00 -1.000000000000000000e+00 -1.000000000000000000e+00 -1.000000000000000000e+00 6.476770000000000209e+02 1.091835000000000036e+03 1.125999999999999890e+00 8.679999999999999938e-01 2.149999999999999911e+00 7.700000000000000178e-01
1.000000000000000000e+00 1.741000000000000000e+03 -1.000000000000000000e+00 -1.000000000000000000e+00 -1.000000000000000000e+00 -1.000000000000000000e+00 -1.000000000000000000e+00 6.548940000000000055e+02 1.097788999999999987e+03 9.489999999999999547e-01 9.284999999999999920e-01 2.279999999999999805e+00 7.425000000000000488e-01
2.000000000000000000e+00 1.740000000000000000e+03 -1.000000000000000000e+00 -1.000000000000000000e+00 -1.000000000000000000e+00 -1.000000000000000000e+00 -1.000000000000000000e+00 6.478250000000000455e+02 1.091701999999999998e+03 1.066000000000000059e+00 8.679999999999999938e-01 2.149999999999999911e+00 7.700000000000000178e-01
2.000000000000000000e+00 1.741000000000000000e+03 -1.000000000000000000e+00 -1.000000000000000000e+00 -1.000000000000000000e+00 -1.000000000000000000e+00 -1.000000000000000000e+00 6.558289999999999509e+02 1.099076000000000022e+03 1.018999999999999906e+00 9.284999999999999920e-01 2.279999999999999805e+00 7.425000000000000488e-01
3.000000000000000000e+00 1.740000000000000000e+03 -1.000000000000000000e+00 -1.000000000000000000e+00 -1.000000000000000000e+00 -1.000000000000000000e+00 -1.000000000000000000e+00 6.480049999999999955e+02 1.091567000000000007e+03 9.210000000000000409e-01 8.679999999999999938e-01 2.149999999999999911e+00 7.700000000000000178e-01
3.000000000000000000e+00 1.741000000000000000e+03 -1.000000000000000000e+00 -1.000000000000000000e+00 -1.000000000000000000e+00 -1.000000000000000000e+00 -1.000000000000000000e+00 6.573229999999999791e+02 1.101412000000000035e+03 9.989999999999999991e-01 9.284999999999999920e-01 2.279999999999999805e+00 7.425000000000000488e-01
4.000000000000000000e+00 1.740000000000000000e+03 -1.000000000000000000e+00 -1.000000000000000000e+00 -1.000000000000000000e+00 -1.000000000000000000e+00 -1.000000000000000000e+00 6.481950000000000500e+02 1.091409000000000106e+03 8.010000000000000453e-01 8.679999999999999938e-01 2.149999999999999911e+00 7.700000000000000178e-01
4.000000000000000000e+00 1.741000000000000000e+03 -1.000000000000000000e+00 -1.000000000000000000e+00 -1.000000000000000000e+00 -1.000000000000000000e+00 -1.000000000000000000e+00 6.583410000000000082e+02 1.103342000000000098e+03 9.240000000000000435e-01 9.284999999999999920e-01 2.279999999999999805e+00 7.425000000000000488e-01
5.000000000000000000e+00 1.740000000000000000e+03 -1.000000000000000000e+00 -1.000000000000000000e+00 -1.000000000000000000e+00 -1.000000000000000000e+00 -1.000000000000000000e+00 6.487590000000000146e+02 1.091750000000000000e+03 8.010000000000000453e-01 8.679999999999999938e-01 2.149999999999999911e+00 7.700000000000000178e-01
5.000000000000000000e+00 1.741000000000000000e+03 -1.000000000000000000e+00 -1.000000000000000000e+00 -1.000000000000000000e+00 -1.000000000000000000e+00 -1.000000000000000000e+00 6.592050000000000409e+02 1.105346999999999980e+03 8.489999999999999769e-01 9.284999999999999920e-01 2.279999999999999805e+00 7.425000000000000488e-01
6.000000000000000000e+00 1.740000000000000000e+03 -1.000000000000000000e+00 -1.000000000000000000e+00 -1.000000000000000000e+00 -1.000000000000000000e+00 -1.000000000000000000e+00 6.493650000000000091e+02 1.092009999999999991e+03 8.010000000000000453e-01 8.679999999999999938e-01 2.149999999999999911e+00 7.700000000000000178e-01
6.000000000000000000e+00 1.741000000000000000e+03 -1.000000000000000000e+00 -1.000000000000000000e+00 -1.000000000000000000e+00 -1.000000000000000000e+00 -1.000000000000000000e+00 6.598579999999999472e+02 1.107490999999999985e+03 8.159999999999999476e-01 9.284999999999999920e-01 2.279999999999999805e+00 7.425000000000000488e-01
7.000000000000000000e+00 1.740000000000000000e+03 -1.000000000000000000e+00 -1.000000000000000000e+00 -1.000000000000000000e+00 -1.000000000000000000e+00 -1.000000000000000000e+00 6.495650000000000546e+02 1.092143000000000029e+03 8.129999999999999449e-01 8.679999999999999938e-01 2.149999999999999911e+00 7.700000000000000178e-01
7.000000000000000000e+00 1.741000000000000000e+03 -1.000000000000000000e+00 -1.000000000000000000e+00 -1.000000000000000000e+00 -1.000000000000000000e+00 -1.000000000000000000e+00 6.602590000000000146e+02 1.109694999999999936e+03 7.840000000000000302e-01 9.284999999999999920e-01 2.279999999999999805e+00 7.425000000000000488e-01
8.000000000000000000e+00 1.740000000000000000e+03 -1.000000000000000000e+00 -1.000000000000000000e+00 -1.000000000000000000e+00 -1.000000000000000000e+00 -1.000000000000000000e+00 6.497640000000000100e+02 1.092276000000000067e+03 8.259999999999999565e-01 8.679999999999999938e-01 2.149999999999999911e+00 7.700000000000000178e-01
8.000000000000000000e+00 1.741000000000000000e+03 -1.000000000000000000e+00 -1.000000000000000000e+00 -1.000000000000000000e+00 -1.000000000000000000e+00 -1.000000000000000000e+00 6.603060000000000400e+02 1.111891000000000076e+03 7.510000000000000009e-01 9.284999999999999920e-01 2.279999999999999805e+00 7.425000000000000488e-01
9.000000000000000000e+00 1.740000000000000000e+03 -1.000000000000000000e+00 -1.000000000000000000e+00 -1.000000000000000000e+00 -1.000000000000000000e+00 -1.000000000000000000e+00 6.509500000000000455e+02 1.092863000000000056e+03 8.090000000000000524e-01 8.679999999999999938e-01 2.149999999999999911e+00 7.700000000000000178e-01
9.000000000000000000e+00 1.741000000000000000e+03 -1.000000000000000000e+00 -1.000000000000000000e+00 -1.000000000000000000e+00 -1.000000000000000000e+00 -1.000000000000000000e+00 6.600399999999999636e+02 1.114074000000000069e+03 7.189999999999999725e-01 9.284999999999999920e-01 2.279999999999999805e+00 7.425000000000000488e-01
1.000000000000000000e+01 1.740000000000000000e+03 -1.000000000000000000e+00 -1.000000000000000000e+00 -1.000000000000000000e+00 -1.000000000000000000e+00 -1.000000000000000000e+00 6.518010000000000446e+02 1.093444999999999936e+03 9.919999999999999929e-01 8.679999999999999938e-01 2.149999999999999911e+00 7.700000000000000178e-01
1.000000000000000000e+01 1.741000000000000000e+03 -1.000000000000000000e+00 -1.000000000000000000e+00 -1.000000000000000000e+00 -1.000000000000000000e+00 -1.000000000000000000e+00 6.590900000000000318e+02 1.116328999999999951e+03 7.089999999999999636e-01 9.284999999999999920e-01 2.279999999999999805e+00 7.425000000000000488e-01
1.100000000000000000e+01 1.740000000000000000e+03 -1.000000000000000000e+00 -1.000000000000000000e+00 -1.000000000000000000e+00 -1.000000000000000000e+00 -1.000000000000000000e+00 6.525159999999999627e+02 1.094022999999999911e+03 9.090000000000000302e-01 8.679999999999999938e-01 2.149999999999999911e+00 7.700000000000000178e-01
1.100000000000000000e+01 1.741000000000000000e+03 -1.000000000000000000e+00 -1.000000000000000000e+00 -1.000000000000000000e+00 -1.000000000000000000e+00 -1.000000000000000000e+00 6.576530000000000200e+02 1.118303000000000111e+03 6.989999999999999547e-01 9.284999999999999920e-01 2.279999999999999805e+00 7.425000000000000488e-01
1.200000000000000000e+01 1.740000000000000000e+03 -1.000000000000000000e+00 -1.000000000000000000e+00 -1.000000000000000000e+00 -1.000000000000000000e+00 -1.000000000000000000e+00 6.532110000000000127e+02 1.094628999999999905e+03 8.259999999999999565e-01 8.679999999999999938e-01 2.149999999999999911e+00 7.700000000000000178e-01
1.200000000000000000e+01 1.741000000000000000e+03 -1.000000000000000000e+00 -1.000000000000000000e+00 -1.000000000000000000e+00 -1.000000000000000000e+00 -1.000000000000000000e+00 6.558150000000000546e+02 1.120569999999999936e+03 6.490000000000000213e-01 9.284999999999999920e-01 2.279999999999999805e+00 7.425000000000000488e-01
1.300000000000000000e+01 1.740000000000000000e+03 -1.000000000000000000e+00 -1.000000000000000000e+00 -1.000000000000000000e+00 -1.000000000000000000e+00 -1.000000000000000000e+00 6.538669999999999618e+02 1.095192000000000007e+03 8.010000000000000453e-01 8.679999999999999938e-01 2.149999999999999911e+00 7.700000000000000178e-01
1.300000000000000000e+01 1.741000000000000000e+03 -1.000000000000000000e+00 -1.000000000000000000e+00 -1.000000000000000000e+00 -1.000000000000000000e+00 -1.000000000000000000e+00 6.537670000000000528e+02 1.122645999999999958e+03 5.989999999999999769e-01 9.284999999999999920e-01 2.279999999999999805e+00 7.425000000000000488e-01
1.400000000000000000e+01 1.741000000000000000e+03 -1.000000000000000000e+00 -1.000000000000000000e+00 -1.000000000000000000e+00 -1.000000000000000000e+00 -1.000000000000000000e+00 6.515860000000000127e+02 1.124578999999999951e+03 5.490000000000000435e-01 9.284999999999999920e-01 2.279999999999999805e+00 7.425000000000000488e-01
1.500000000000000000e+01 1.741000000000000000e+03 -1.000000000000000000e+00 -1.000000000000000000e+00 -1.000000000000000000e+00 -1.000000000000000000e+00 -1.000000000000000000e+00 6.487880000000000109e+02 1.127007000000000062e+03 5.490000000000000435e-01 9.284999999999999920e-01 2.279999999999999805e+00 7.425000000000000488e-01
1.600000000000000000e+01 1.741000000000000000e+03 -1.000000000000000000e+00 -1.000000000000000000e+00 -1.000000000000000000e+00 -1.000000000000000000e+00 -1.000000000000000000e+00 6.465520000000000209e+02 1.128948000000000093e+03 5.490000000000000435e-01 9.284999999999999920e-01 2.279999999999999805e+00 7.425000000000000488e-01
1.700000000000000000e+01 1.741000000000000000e+03 -1.000000000000000000e+00 -1.000000000000000000e+00 -1.000000000000000000e+00 -1.000000000000000000e+00 -1.000000000000000000e+00 6.435109999999999673e+02 1.131631000000000085e+03 5.729999999999999538e-01 9.284999999999999920e-01 2.279999999999999805e+00 7.425000000000000488e-01
1.800000000000000000e+01 1.741000000000000000e+03 -1.000000000000000000e+00 -1.000000000000000000e+00 -1.000000000000000000e+00 -1.000000000000000000e+00 -1.000000000000000000e+00 6.397240000000000464e+02 1.135282999999999902e+03 6.009999999999999787e-01 9.284999999999999920e-01 2.279999999999999805e+00 7.425000000000000488e-01
1.900000000000000000e+01 1.741000000000000000e+03 -1.000000000000000000e+00 -1.000000000000000000e+00 -1.000000000000000000e+00 -1.000000000000000000e+00 -1.000000000000000000e+00 6.365700000000000500e+02 1.138325000000000045e+03 6.250000000000000000e-01 9.284999999999999920e-01 2.279999999999999805e+00 7.425000000000000488e-01
2.000000000000000000e+01 1.741000000000000000e+03 -1.000000000000000000e+00 -1.000000000000000000e+00 -1.000000000000000000e+00 -1.000000000000000000e+00 -1.000000000000000000e+00 6.334640000000000555e+02 1.141446999999999889e+03 6.490000000000000213e-01 9.284999999999999920e-01 2.279999999999999805e+00 7.425000000000000488e-01
2.100000000000000000e+01 1.741000000000000000e+03 -1.000000000000000000e+00 -1.000000000000000000e+00 -1.000000000000000000e+00 -1.000000000000000000e+00 -1.000000000000000000e+00 6.310710000000000264e+02 1.144007000000000062e+03 6.270000000000000018e-01 9.284999999999999920e-01 2.279999999999999805e+00 7.425000000000000488e-01
2.200000000000000000e+01 1.741000000000000000e+03 -1.000000000000000000e+00 -1.000000000000000000e+00 -1.000000000000000000e+00 -1.000000000000000000e+00 -1.000000000000000000e+00 6.281680000000000064e+02 1.147280999999999949e+03 5.989999999999999769e-01 9.284999999999999920e-01 2.279999999999999805e+00 7.425000000000000488e-01
2.300000000000000000e+01 1.741000000000000000e+03 -1.000000000000000000e+00 -1.000000000000000000e+00 -1.000000000000000000e+00 -1.000000000000000000e+00 -1.000000000000000000e+00 6.252970000000000255e+02 1.150636999999999944e+03 6.490000000000000213e-01 9.284999999999999920e-01 2.279999999999999805e+00 7.425000000000000488e-01
2.300000000000000000e+01 1.796000000000000000e+03 -1.000000000000000000e+00 -1.000000000000000000e+00 -1.000000000000000000e+00 -1.000000000000000000e+00 -1.000000000000000000e+00 5.886710000000000491e+02 1.216355000000000018e+03 1.112999999999999989e+00 9.320000000000000506e-01 2.309000000000000163e+00 7.560000000000000053e-01
2.400000000000000000e+01 1.741000000000000000e+03 -1.000000000000000000e+00 -1.000000000000000000e+00 -1.000000000000000000e+00 -1.000000000000000000e+00 -1.000000000000000000e+00 6.224320000000000164e+02 1.153986000000000104e+03 6.989999999999999547e-01 9.284999999999999920e-01 2.279999999999999805e+00 7.425000000000000488e-01
2.400000000000000000e+01 1.796000000000000000e+03 -1.000000000000000000e+00 -1.000000000000000000e+00 -1.000000000000000000e+00 -1.000000000000000000e+00 -1.000000000000000000e+00 5.885599999999999454e+02 1.216519000000000005e+03 1.060000000000000053e+00 9.320000000000000506e-01 2.309000000000000163e+00 7.560000000000000053e-01
2.400000000000000000e+01 1.798000000000000000e+03 -1.000000000000000000e+00 -1.000000000000000000e+00 -1.000000000000000000e+00 -1.000000000000000000e+00 -1.000000000000000000e+00 5.746979999999999791e+02 1.209083000000000084e+03 2.016000000000000014e+00 9.234999999999999876e-01 2.266500000000000181e+00 7.415000000000000480e-01
2.500000000000000000e+01 1.741000000000000000e+03 -1.000000000000000000e+00 -1.000000000000000000e+00 -1.000000000000000000e+00 -1.000000000000000000e+00 -1.000000000000000000e+00 6.196720000000000255e+02 1.157535000000000082e+03 7.489999999999999991e-01 9.284999999999999920e-01 2.279999999999999805e+00 7.425000000000000488e-01
2.500000000000000000e+01 1.796000000000000000e+03 -1.000000000000000000e+00 -1.000000000000000000e+00 -1.000000000000000000e+00 -1.000000000000000000e+00 -1.000000000000000000e+00 5.885739999999999554e+02 1.216525000000000091e+03 1.030000000000000027e+00 9.320000000000000506e-01 2.309000000000000163e+00 7.560000000000000053e-01
2.500000000000000000e+01 1.798000000000000000e+03 -1.000000000000000000e+00 -1.000000000000000000e+00 -1.000000000000000000e+00 -1.000000000000000000e+00 -1.000000000000000000e+00 5.746939999999999600e+02 1.209093000000000075e+03 2.008000000000000007e+00 9.234999999999999876e-01 2.266500000000000181e+00 7.415000000000000480e-01
2.600000000000000000e+01 1.741000000000000000e+03 -1.000000000000000000e+00 -1.000000000000000000e+00 -1.000000000000000000e+00 -1.000000000000000000e+00 -1.000000000000000000e+00 6.169080000000000155e+02 1.161087999999999965e+03 7.990000000000000435e-01 9.284999999999999920e-01 2.279999999999999805e+00 7.425000000000000488e-01
2.600000000000000000e+01 1.796000000000000000e+03 -1.000000000000000000e+00 -1.000000000000000000e+00 -1.000000000000000000e+00 -1.000000000000000000e+00 -1.000000000000000000e+00 5.885879999999999654e+02 1.216530999999999949e+03 1.000000000000000000e+00 9.320000000000000506e-01 2.309000000000000163e+00 7.560000000000000053e-01
2.600000000000000000e+01 1.798000000000000000e+03 -1.000000000000000000e+00 -1.000000000000000000e+00 -1.000000000000000000e+00 -1.000000000000000000e+00 -1.000000000000000000e+00 5.746910000000000309e+02 1.209103000000000065e+03 2.000000000000000000e+00 9.234999999999999876e-01 2.266500000000000181e+00 7.415000000000000480e-01
2.700000000000000000e+01 1.741000000000000000e+03 -1.000000000000000000e+00 -1.000000000000000000e+00 -1.000000000000000000e+00 -1.000000000000000000e+00 -1.000000000000000000e+00 6.141430000000000291e+02 1.164641000000000076e+03 8.489999999999999769e-01 9.284999999999999920e-01 2.279999999999999805e+00 7.425000000000000488e-01
2.700000000000000000e+01 1.796000000000000000e+03 -1.000000000000000000e+00 -1.000000000000000000e+00 -1.000000000000000000e+00 -1.000000000000000000e+00 -1.000000000000000000e+00 5.886019999999999754e+02 1.216536000000000058e+03 9.699999999999999734e-01 9.320000000000000506e-01 2.309000000000000163e+00 7.560000000000000053e-01
2.700000000000000000e+01 1.798000000000000000e+03 -1.000000000000000000e+00 -1.000000000000000000e+00 -1.000000000000000000e+00 -1.000000000000000000e+00 -1.000000000000000000e+00 5.747140000000000555e+02 1.209132000000000062e+03 1.951999999999999957e+00 9.234999999999999876e-01 2.266500000000000181e+00 7.415000000000000480e-01
2.800000000000000000e+01 1.741000000000000000e+03 -1.000000000000000000e+00 -1.000000000000000000e+00 -1.000000000000000000e+00 -1.000000000000000000e+00 -1.000000000000000000e+00 6.107789999999999964e+02 1.169236000000000104e+03 8.920000000000000151e-01 9.284999999999999920e-01 2.279999999999999805e+00 7.425000000000000488e-01
2.800000000000000000e+01 1.796000000000000000e+03 -1.000000000000000000e+00 -1.000000000000000000e+00 -1.000000000000000000e+00 -1.000000000000000000e+00 -1.000000000000000000e+00 5.885249999999999773e+02 1.216505000000000109e+03 9.140000000000000346e-01 9.320000000000000506e-01 2.309000000000000163e+00 7.560000000000000053e-01
2.800000000000000000e+01 1.798000000000000000e+03 -1.000000000000000000e+00 -1.000000000000000000e+00 -1.000000000000000000e+00 -1.000000000000000000e+00 -1.000000000000000000e+00 5.747430000000000518e+02 1.209167999999999893e+03 1.893999999999999906e+00 9.234999999999999876e-01 2.266500000000000181e+00 7.415000000000000480e-01
2.900000000000000000e+01 1.741000000000000000e+03 -1.000000000000000000e+00 -1.000000000000000000e+00 -1.000000000000000000e+00 -1.000000000000000000e+00 -1.000000000000000000e+00 6.079719999999999800e+02 1.173068999999999960e+03 9.270000000000000462e-01 9.284999999999999920e-01 2.279999999999999805e+00 7.425000000000000488e-01
2.900000000000000000e+01 1.796000000000000000e+03 -1.000000000000000000e+00 -1.000000000000000000e+00 -1.000000000000000000e+00 -1.000000000000000000e+00 -1.000000000000000000e+00 5.884600000000000364e+02 1.216479000000000042e+03 8.669999999999999929e-01 9.320000000000000506e-01 2.309000000000000163e+00 7.560000000000000053e-01
2.900000000000000000e+01 1.798000000000000000e+03 -1.000000000000000000e+00 -1.000000000000000000e+00 -1.000000000000000000e+00 -1.000000000000000000e+00 -1.000000000000000000e+00 5.747659999999999627e+02 1.209196999999999889e+03 1.846000000000000085e+00 9.234999999999999876e-01 2.266500000000000181e+00 7.415000000000000480e-01
3.000000000000000000e+01 1.741000000000000000e+03 -1.000000000000000000e+00 -1.000000000000000000e+00 -1.000000000000000000e+00 -1.000000000000000000e+00 -1.000000000000000000e+00 6.052670000000000528e+02 1.177070999999999913e+03 9.629999999999999671e-01 9.284999999999999920e-01 2.279999999999999805e+00 7.425000000000000488e-01
3.000000000000000000e+01 1.796000000000000000e+03 -1.000000000000000000e+00 -1.000000000000000000e+00 -1.000000000000000000e+00 -1.000000000000000000e+00 -1.000000000000000000e+00 5.883959999999999582e+02 1.216452999999999975e+03 8.199999999999999512e-01 9.320000000000000506e-01 2.309000000000000163e+00 7.560000000000000053e-01
3.000000000000000000e+01 1.798000000000000000e+03 -1.000000000000000000e+00 -1.000000000000000000e+00 -1.000000000000000000e+00 -1.000000000000000000e+00 -1.000000000000000000e+00 5.746689999999999827e+02 1.209161000000000058e+03 1.830000000000000071e+00 9.234999999999999876e-01 2.266500000000000181e+00 7.415000000000000480e-01
3.100000000000000000e+01 1.741000000000000000e+03 -1.000000000000000000e+00 -1.000000000000000000e+00 -1.000000000000000000e+00 -1.000000000000000000e+00 -1.000000000000000000e+00 6.025599999999999454e+02 1.181077999999999975e+03 9.989999999999999991e-01 9.284999999999999920e-01 2.279999999999999805e+00 7.425000000000000488e-01
3.100000000000000000e+01 1.796000000000000000e+03 -1.000000000000000000e+00 -1.000000000000000000e+00 -1.000000000000000000e+00 -1.000000000000000000e+00 -1.000000000000000000e+00 5.883709999999999809e+02 1.216442999999999984e+03 8.199999999999999512e-01 9.320000000000000506e-01 2.309000000000000163e+00 7.560000000000000053e-01
3.100000000000000000e+01 1.798000000000000000e+03 -1.000000000000000000e+00 -1.000000000000000000e+00 -1.000000000000000000e+00 -1.000000000000000000e+00 -1.000000000000000000e+00 5.745710000000000264e+02 1.209125000000000000e+03 1.812999999999999945e+00 9.234999999999999876e-01 2.266500000000000181e+00 7.415000000000000480e-01
3.200000000000000000e+01 1.741000000000000000e+03 -1.000000000000000000e+00 -1.000000000000000000e+00 -1.000000000000000000e+00 -1.000000000000000000e+00 -1.000000000000000000e+00 5.999529999999999745e+02 1.185119999999999891e+03 9.629999999999999671e-01 9.284999999999999920e-01 2.279999999999999805e+00 7.425000000000000488e-01
3.200000000000000000e+01 1.796000000000000000e+03 -1.000000000000000000e+00 -1.000000000000000000e+00 -1.000000000000000000e+00 -1.000000000000000000e+00 -1.000000000000000000e+00 5.883460000000000036e+02 1.216432999999999993e+03 8.199999999999999512e-01 9.320000000000000506e-01 2.309000000000000163e+00 7.560000000000000053e-01
3.200000000000000000e+01 1.798000000000000000e+03 -1.000000000000000000e+00 -1.000000000000000000e+00 -1.000000000000000000e+00 -1.000000000000000000e+00 -1.000000000000000000e+00 5.744740000000000464e+02 1.209088999999999942e+03 1.796000000000000041e+00 9.234999999999999876e-01 2.266500000000000181e+00 7.415000000000000480e-01
3.300000000000000000e+01 1.741000000000000000e+03 -1.000000000000000000e+00 -1.000000000000000000e+00 -1.000000000000000000e+00 -1.000000000000000000e+00 -1.000000000000000000e+00 5.978630000000000564e+02 1.188361000000000104e+03 9.350000000000000533e-01 9.284999999999999920e-01 2.279999999999999805e+00 7.425000000000000488e-01
3.300000000000000000e+01 1.796000000000000000e+03 -1.000000000000000000e+00 -1.000000000000000000e+00 -1.000000000000000000e+00 -1.000000000000000000e+00 -1.000000000000000000e+00 5.883260000000000218e+02 1.216424999999999955e+03 8.199999999999999512e-01 9.320000000000000506e-01 2.309000000000000163e+00 7.560000000000000053e-01
3.300000000000000000e+01 1.798000000000000000e+03 -1.000000000000000000e+00 -1.000000000000000000e+00 -1.000000000000000000e+00 -1.000000000000000000e+00 -1.000000000000000000e+00 5.744740000000000464e+02 1.209088999999999942e+03 1.790000000000000036e+00 9.234999999999999876e-01 2.266500000000000181e+00 7.415000000000000480e-01
3.400000000000000000e+01 1.741000000000000000e+03 -1.000000000000000000e+00 -1.000000000000000000e+00 -1.000000000000000000e+00 -1.000000000000000000e+00 -1.000000000000000000e+00 5.952530000000000427e+02 1.192406999999999925e+03 8.990000000000000213e-01 9.284999999999999920e-01 2.279999999999999805e+00 7.425000000000000488e-01
3.400000000000000000e+01 1.796000000000000000e+03 -1.000000000000000000e+00 -1.000000000000000000e+00 -1.000000000000000000e+00 -1.000000000000000000e+00 -1.000000000000000000e+00 5.883010000000000446e+02 1.216414999999999964e+03 8.199999999999999512e-01 9.320000000000000506e-01 2.309000000000000163e+00 7.560000000000000053e-01
3.400000000000000000e+01 1.798000000000000000e+03 -1.000000000000000000e+00 -1.000000000000000000e+00 -1.000000000000000000e+00 -1.000000000000000000e+00 -1.000000000000000000e+00 5.744740000000000464e+02 1.209088999999999942e+03 1.782000000000000028e+00 9.234999999999999876e-01 2.266500000000000181e+00 7.415000000000000480e-01
3.500000000000000000e+01 1.741000000000000000e+03 -1.000000000000000000e+00 -1.000000000000000000e+00 -1.000000000000000000e+00 -1.000000000000000000e+00 -1.000000000000000000e+00 5.930040000000000191e+02 1.196155999999999949e+03 8.990000000000000213e-01 9.284999999999999920e-01 2.279999999999999805e+00 7.425000000000000488e-01
3.500000000000000000e+01 1.796000000000000000e+03 -1.000000000000000000e+00 -1.000000000000000000e+00 -1.000000000000000000e+00 -1.000000000000000000e+00 -1.000000000000000000e+00 5.882780000000000200e+02 1.216405999999999949e+03 8.199999999999999512e-01 9.320000000000000506e-01 2.309000000000000163e+00 7.560000000000000053e-01
3.500000000000000000e+01 1.798000000000000000e+03 -1.000000000000000000e+00 -1.000000000000000000e+00 -1.000000000000000000e+00 -1.000000000000000000e+00 -1.000000000000000000e+00 5.744740000000000464e+02 1.209088999999999942e+03 1.774999999999999911e+00 9.234999999999999876e-01 2.266500000000000181e+00 7.415000000000000480e-01
3.600000000000000000e+01 1.741000000000000000e+03 -1.000000000000000000e+00 -1.000000000000000000e+00 -1.000000000000000000e+00 -1.000000000000000000e+00 -1.000000000000000000e+00 5.907279999999999518e+02 1.200443999999999960e+03 8.990000000000000213e-01 9.284999999999999920e-01 2.279999999999999805e+00 7.425000000000000488e-01
3.600000000000000000e+01 1.796000000000000000e+03 -1.000000000000000000e+00 -1.000000000000000000e+00 -1.000000000000000000e+00 -1.000000000000000000e+00 -1.000000000000000000e+00 5.882780000000000200e+02 1.216405999999999949e+03 8.359999999999999654e-01 9.320000000000000506e-01 2.309000000000000163e+00 7.560000000000000053e-01
3.600000000000000000e+01 1.798000000000000000e+03 -1.000000000000000000e+00 -1.000000000000000000e+00 -1.000000000000000000e+00 -1.000000000000000000e+00 -1.000000000000000000e+00 5.744740000000000464e+02 1.209088999999999942e+03 1.810999999999999943e+00 9.234999999999999876e-01 2.266500000000000181e+00 7.415000000000000480e-01
3.700000000000000000e+01 1.741000000000000000e+03 -1.000000000000000000e+00 -1.000000000000000000e+00 -1.000000000000000000e+00 -1.000000000000000000e+00 -1.000000000000000000e+00 5.886599999999999682e+02 1.204712999999999965e+03 9.020000000000000240e-01 9.284999999999999920e-01 2.279999999999999805e+00 7.425000000000000488e-01
3.700000000000000000e+01 1.796000000000000000e+03 -1.000000000000000000e+00 -1.000000000000000000e+00 -1.000000000000000000e+00 -1.000000000000000000e+00 -1.000000000000000000e+00 5.882780000000000200e+02 1.216405999999999949e+03 8.529999999999999805e-01 9.320000000000000506e-01 2.309000000000000163e+00 7.560000000000000053e-01
3.700000000000000000e+01 1.798000000000000000e+03 -1.000000000000000000e+00 -1.000000000000000000e+00 -1.000000000000000000e+00 -1.000000000000000000e+00 -1.000000000000000000e+00 5.744740000000000464e+02 1.209088999999999942e+03 1.846000000000000085e+00 9.234999999999999876e-01 2.266500000000000181e+00 7.415000000000000480e-01
3.800000000000000000e+01 1.741000000000000000e+03 -1.000000000000000000e+00 -1.000000000000000000e+00 -1.000000000000000000e+00 -1.000000000000000000e+00 -1.000000000000000000e+00 5.867160000000000082e+02 1.208993999999999915e+03 8.309999999999999609e-01 9.284999999999999920e-01 2.279999999999999805e+00 7.425000000000000488e-01
3.800000000000000000e+01 1.796000000000000000e+03 -1.000000000000000000e+00 -1.000000000000000000e+00 -1.000000000000000000e+00 -1.000000000000000000e+00 -1.000000000000000000e+00 5.882780000000000200e+02 1.216405999999999949e+03 8.699999999999999956e-01 9.320000000000000506e-01 2.309000000000000163e+00 7.560000000000000053e-01
3.800000000000000000e+01 1.798000000000000000e+03 -1.000000000000000000e+00 -1.000000000000000000e+00 -1.000000000000000000e+00 -1.000000000000000000e+00 -1.000000000000000000e+00 5.744740000000000464e+02 1.209088999999999942e+03 1.877999999999999892e+00 9.234999999999999876e-01 2.266500000000000181e+00 7.415000000000000480e-01
3.900000000000000000e+01 1.741000000000000000e+03 -1.000000000000000000e+00 -1.000000000000000000e+00 -1.000000000000000000e+00 -1.000000000000000000e+00 -1.000000000000000000e+00 5.847699999999999818e+02 1.213278999999999996e+03 7.590000000000000080e-01 9.284999999999999920e-01 2.279999999999999805e+00 7.425000000000000488e-01
3.900000000000000000e+01 1.796000000000000000e+03 -1.000000000000000000e+00 -1.000000000000000000e+00 -1.000000000000000000e+00 -1.000000000000000000e+00 -1.000000000000000000e+00 5.882780000000000200e+02 1.216405999999999949e+03 7.920000000000000373e-01 9.320000000000000506e-01 2.309000000000000163e+00 7.560000000000000053e-01
3.900000000000000000e+01 1.798000000000000000e+03 -1.000000000000000000e+00 -1.000000000000000000e+00 -1.000000000000000000e+00 -1.000000000000000000e+00 -1.000000000000000000e+00 5.744740000000000464e+02 1.209088999999999942e+03 1.733000000000000096e+00 9.234999999999999876e-01 2.266500000000000181e+00 7.415000000000000480e-01
4.000000000000000000e+01 1.741000000000000000e+03 -1.000000000000000000e+00 -1.000000000000000000e+00 -1.000000000000000000e+00 -1.000000000000000000e+00 -1.000000000000000000e+00 5.832050000000000409e+02 1.216928000000000111e+03 8.489999999999999769e-01 9.284999999999999920e-01 2.279999999999999805e+00 7.425000000000000488e-01
4.000000000000000000e+01 1.796000000000000000e+03 -1.000000000000000000e+00 -1.000000000000000000e+00 -1.000000000000000000e+00 -1.000000000000000000e+00 -1.000000000000000000e+00 5.882780000000000200e+02 1.216405999999999949e+03 8.199999999999999512e-01 9.320000000000000506e-01 2.309000000000000163e+00 7.560000000000000053e-01
4.000000000000000000e+01 1.798000000000000000e+03 -1.000000000000000000e+00 -1.000000000000000000e+00 -1.000000000000000000e+00 -1.000000000000000000e+00 -1.000000000000000000e+00 5.744740000000000464e+02 1.209088999999999942e+03 1.796000000000000041e+00 9.234999999999999876e-01 2.266500000000000181e+00 7.415000000000000480e-01
