1.000000000000000000e+00 4.593000000000000000e+03 -1.000000000000000000e+00 -1.000000000000000000e+00 -1.000000000000000000e+00 -1.000000000000000000e+00 -1.000000000000000000e+00 1.901586999999999989e+03 2.499958999999999833e+03 1.040000000000000036e+00 1.036499999999999977e+00 2.228000000000000203e+00 8.084999999999999964e-01
1.000000000000000000e+00 4.594000000000000000e+03 -1.000000000000000000e+00 -1.000000000000000000e+00 -1.000000000000000000e+00 -1.000000000000000000e+00 -1.000000000000000000e+00 1.916195999999999913e+03 2.466934000000000196e+03 1.443000000000000060e+00 1.057500000000000107e+00 2.329499999999999904e+00 8.780000000000000027e-01
1.000000000000000000e+00 4.597000000000000000e+03 -1.000000000000000000e+00 -1.000000000000000000e+00 -1.000000000000000000e+00 -1.000000000000000000e+00 -1.000000000000000000e+00 1.904105999999999995e+03 2.453653999999999996e+03 2.214999999999999858e+00 9.170000000000000373e-01 2.227500000000000036e+00 7.890000000000000346e-01
1.000000000000000000e+00 4.601000000000000000e+03 -1.000000000000000000e+00 -1.000000000000000000e+00 -1.000000000000000000e+00 -1.000000000000000000e+00 -1.000000000000000000e+00 1.897483999999999924e+03 2.456101999999999862e+03 2.157999999999999918e+00 1.030000000000000027e+00 2.198999999999999844e+00 8.770000000000000018e-01
1.000000000000000000e+00 4.602000000000000000e+03 -1.000000000000000000e+00 -1.000000000000000000e+00 -1.000000000000000000e+00 -1.000000000000000000e+00 -1.000000000000000000e+00 1.857008000000000038e+03 2.517990999999999985e+03 -3.569999999999999840e-01 8.074999999999999956e-01 2.224000000000000199e+00 7.369999999999999885e-01
1.000000000000000000e+00 4.603000000000000000e+03 -1.000000000000000000e+00 -1.000000000000000000e+00 -1.000000000000000000e+00 -1.000000000000000000e+00 -1.000000000000000000e+00 1.877405999999999949e+03 2.506826000000000022e+03 5.099999999999999672e-02 9.379999999999999449e-01 2.159499999999999975e+00 8.519999999999999796e-01
1.000000000000000000e+00 4.604000000000000000e+03 -1.000000000000000000e+00 -1.000000000000000000e+00 -1.000000000000000000e+00 -1.000000000000000000e+00 -1.000000000000000000e+00 1.867986000000000104e+03 2.505907000000000153e+03 1.120000000000000023e-01 9.395000000000000018e-01 2.248000000000000220e+00 7.634999999999999565e-01
1.000000000000000000e+00 4.605000000000000000e+03 -1.000000000000000000e+00 -1.000000000000000000e+00 -1.000000000000000000e+00 -1.000000000000000000e+00 -1.000000000000000000e+00 1.909587999999999965e+03 2.491563999999999851e+03 1.247999999999999998e+00 1.032999999999999918e+00 2.250999999999999890e+00 9.324999999999999956e-01
1.000000000000000000e+00 4.608000000000000000e+03 -1.000000000000000000e+00 -1.000000000000000000e+00 -1.000000000000000000e+00 -1.000000000000000000e+00 -1.000000000000000000e+00 1.909946999999999889e+03 2.510963999999999942e+03 9.649999999999999689e-01 1.366000000000000103e+00 2.918499999999999872e+00 1.000000000000000000e+00
2.000000000000000000e+00 4.593000000000000000e+03 -1.000000000000000000e+00 -1.000000000000000000e+00 -1.000000000000000000e+00 -1.000000000000000000e+00 -1.000000000000000000e+00 1.901566000000000031e+03 2.499981000000000222e+03 1.239999999999999991e+00 1.036499999999999977e+00 2.228000000000000203e+00 8.084999999999999964e-01
2.000000000000000000e+00 4.597000000000000000e+03 -1.000000000000000000e+00 -1.000000000000000000e+00 -1.000000000000000000e+00 -1.000000000000000000e+00 -1.000000000000000000e+00 1.897837999999999965e+03 2.460219000000000051e+03 2.156000000000000139e+00 9.170000000000000373e-01 2.227500000000000036e+00 7.890000000000000346e-01
2.000000000000000000e+00 4.601000000000000000e+03 -1.000000000000000000e+00 -1.000000000000000000e+00 -1.000000000000000000e+00 -1.000000000000000000e+00 -1.000000000000000000e+00 1.892278000000000020e+03 2.461476999999999862e+03 2.145999999999999908e+00 1.030000000000000027e+00 2.198999999999999844e+00 8.770000000000000018e-01
2.000000000000000000e+00 4.602000000000000000e+03 -1.000000000000000000e+00 -1.000000000000000000e+00 -1.000000000000000000e+00 -1.000000000000000000e+00 -1.000000000000000000e+00 1.862670000000000073e+03 2.511798999999999978e+03 1.660000000000000087e-01 8.074999999999999956e-01 2.224000000000000199e+00 7.369999999999999885e-01
2.000000000000000000e+00 4.604000000000000000e+03 -1.000000000000000000e+00 -1.000000000000000000e+00 -1.000000000000000000e+00 -1.000000000000000000e+00 -1.000000000000000000e+00 1.872921000000000049e+03 2.500882999999999811e+03 4.959999999999999964e-01 9.395000000000000018e-01 2.248000000000000220e+00 7.634999999999999565e-01
2.000000000000000000e+00 4.603000000000000000e+03 -1.000000000000000000e+00 -1.000000000000000000e+00 -1.000000000000000000e+00 -1.000000000000000000e+00 -1.000000000000000000e+00 1.877348279036315944e+03 2.506758280129221021e+03 2.537051165598765978e-01 9.379999999999999449e-01 2.159499999999999975e+00 8.520000000000000906e-01
3.000000000000000000e+00 4.597000000000000000e+03 -1.000000000000000000e+00 -1.000000000000000000e+00 -1.000000000000000000e+00 -1.000000000000000000e+00 -1.000000000000000000e+00 1.892615999999999985e+03 2.465688000000000102e+03 2.107000000000000206e+00 9.170000000000000373e-01 2.227500000000000036e+00 7.890000000000000346e-01
3.000000000000000000e+00 4.601000000000000000e+03 -1.000000000000000000e+00 -1.000000000000000000e+00 -1.000000000000000000e+00 -1.000000000000000000e+00 -1.000000000000000000e+00 1.887968000000000075e+03 2.465980000000000018e+03 2.137000000000000011e+00 1.030000000000000027e+00 2.198999999999999844e+00 8.770000000000000018e-01
3.000000000000000000e+00 4.602000000000000000e+03 -1.000000000000000000e+00 -1.000000000000000000e+00 -1.000000000000000000e+00 -1.000000000000000000e+00 -1.000000000000000000e+00 1.867126999999999953e+03 2.506885999999999967e+03 4.500000000000000111e-01 8.074999999999999956e-01 2.224000000000000199e+00 7.369999999999999885e-01
3.000000000000000000e+00 4.603000000000000000e+03 -1.000000000000000000e+00 -1.000000000000000000e+00 -1.000000000000000000e+00 -1.000000000000000000e+00 -1.000000000000000000e+00 1.877278999999999996e+03 2.506677000000000135e+03 4.969999999999999973e-01 9.379999999999999449e-01 2.159499999999999975e+00 8.519999999999999796e-01
3.000000000000000000e+00 4.604000000000000000e+03 -1.000000000000000000e+00 -1.000000000000000000e+00 -1.000000000000000000e+00 -1.000000000000000000e+00 -1.000000000000000000e+00 1.876863000000000056e+03 2.497172000000000025e+03 8.080000000000000515e-01 9.395000000000000018e-01 2.248000000000000220e+00 7.634999999999999565e-01
3.000000000000000000e+00 4.593000000000000000e+03 -1.000000000000000000e+00 -1.000000000000000000e+00 -1.000000000000000000e+00 -1.000000000000000000e+00 -1.000000000000000000e+00 1.901530653234785859e+03 2.500017680605410987e+03 1.574126969287674704e+00 1.036499999999999977e+00 2.228000000000000203e+00 8.084999999999999964e-01
4.000000000000000000e+00 4.597000000000000000e+03 -1.000000000000000000e+00 -1.000000000000000000e+00 -1.000000000000000000e+00 -1.000000000000000000e+00 -1.000000000000000000e+00 1.887386999999999944e+03 2.471164000000000215e+03 2.056999999999999940e+00 9.170000000000000373e-01 2.227500000000000036e+00 7.890000000000000346e-01
4.000000000000000000e+00 4.612000000000000000e+03 -1.000000000000000000e+00 -1.000000000000000000e+00 -1.000000000000000000e+00 -1.000000000000000000e+00 -1.000000000000000000e+00 1.828016000000000076e+03 2.539789000000000215e+03 -3.499999999999999778e-01 9.915000000000000480e-01 2.289499999999999869e+00 8.129999999999999449e-01
4.000000000000000000e+00 4.601000000000000000e+03 -1.000000000000000000e+00 -1.000000000000000000e+00 -1.000000000000000000e+00 -1.000000000000000000e+00 -1.000000000000000000e+00 1.883666999999999916e+03 2.470501999999999953e+03 2.128000000000000114e+00 1.030000000000000027e+00 2.198999999999999844e+00 8.770000000000000018e-01
4.000000000000000000e+00 4.602000000000000000e+03 -1.000000000000000000e+00 -1.000000000000000000e+00 -1.000000000000000000e+00 -1.000000000000000000e+00 -1.000000000000000000e+00 1.871338999999999942e+03 2.502264000000000124e+03 9.040000000000000258e-01 8.074999999999999956e-01 2.224000000000000199e+00 7.369999999999999885e-01
4.000000000000000000e+00 4.603000000000000000e+03 -1.000000000000000000e+00 -1.000000000000000000e+00 -1.000000000000000000e+00 -1.000000000000000000e+00 -1.000000000000000000e+00 1.877327999999999975e+03 2.506751000000000204e+03 6.999999999999999556e-01 9.379999999999999449e-01 2.159499999999999975e+00 8.519999999999999796e-01
4.000000000000000000e+00 4.604000000000000000e+03 -1.000000000000000000e+00 -1.000000000000000000e+00 -1.000000000000000000e+00 -1.000000000000000000e+00 -1.000000000000000000e+00 1.880720000000000027e+03 2.493681000000000040e+03 1.270999999999999908e+00 9.395000000000000018e-01 2.248000000000000220e+00 7.634999999999999565e-01
4.000000000000000000e+00 4.593000000000000000e+03 -1.000000000000000000e+00 -1.000000000000000000e+00 -1.000000000000000000e+00 -1.000000000000000000e+00 -1.000000000000000000e+00 1.901548326740999300e+03 2.499999340174435019e+03 1.407062316214809705e+00 1.036499999999999977e+00 2.228000000000000203e+00 8.084999999999999964e-01
5.000000000000000000e+00 4.593000000000000000e+03 -1.000000000000000000e+00 -1.000000000000000000e+00 -1.000000000000000000e+00 -1.000000000000000000e+00 -1.000000000000000000e+00 1.901512999999999920e+03 2.500036000000000058e+03 1.741000000000000103e+00 1.036499999999999977e+00 2.228000000000000203e+00 8.084999999999999964e-01
5.000000000000000000e+00 4.597000000000000000e+03 -1.000000000000000000e+00 -1.000000000000000000e+00 -1.000000000000000000e+00 -1.000000000000000000e+00 -1.000000000000000000e+00 1.882247000000000071e+03 2.476719999999999800e+03 2.008000000000000007e+00 9.170000000000000373e-01 2.227500000000000036e+00 7.890000000000000346e-01
5.000000000000000000e+00 4.612000000000000000e+03 -1.000000000000000000e+00 -1.000000000000000000e+00 -1.000000000000000000e+00 -1.000000000000000000e+00 -1.000000000000000000e+00 1.823826000000000022e+03 2.544547999999999774e+03 -2.260000000000000064e-01 9.915000000000000480e-01 2.289499999999999869e+00 8.129999999999999449e-01
5.000000000000000000e+00 4.601000000000000000e+03 -1.000000000000000000e+00 -1.000000000000000000e+00 -1.000000000000000000e+00 -1.000000000000000000e+00 -1.000000000000000000e+00 1.879365999999999985e+03 2.475023000000000138e+03 2.117999999999999883e+00 1.030000000000000027e+00 2.198999999999999844e+00 8.770000000000000018e-01
5.000000000000000000e+00 4.602000000000000000e+03 -1.000000000000000000e+00 -1.000000000000000000e+00 -1.000000000000000000e+00 -1.000000000000000000e+00 -1.000000000000000000e+00 1.875460000000000036e+03 2.497876999999999953e+03 1.282000000000000028e+00 8.074999999999999956e-01 2.224000000000000199e+00 7.369999999999999885e-01
5.000000000000000000e+00 4.603000000000000000e+03 -1.000000000000000000e+00 -1.000000000000000000e+00 -1.000000000000000000e+00 -1.000000000000000000e+00 -1.000000000000000000e+00 1.877329999999999927e+03 2.506750000000000000e+03 9.030000000000000249e-01 9.379999999999999449e-01 2.159499999999999975e+00 8.519999999999999796e-01
5.000000000000000000e+00 4.604000000000000000e+03 -1.000000000000000000e+00 -1.000000000000000000e+00 -1.000000000000000000e+00 -1.000000000000000000e+00 -1.000000000000000000e+00 1.884122000000000071e+03 2.490757999999999811e+03 1.582999999999999963e+00 9.395000000000000018e-01 2.248000000000000220e+00 7.634999999999999565e-01
6.000000000000000000e+00 4.597000000000000000e+03 -1.000000000000000000e+00 -1.000000000000000000e+00 -1.000000000000000000e+00 -1.000000000000000000e+00 -1.000000000000000000e+00 1.877169000000000096e+03 2.482472000000000207e+03 1.995999999999999996e+00 9.170000000000000373e-01 2.227500000000000036e+00 7.890000000000000346e-01
6.000000000000000000e+00 4.612000000000000000e+03 -1.000000000000000000e+00 -1.000000000000000000e+00 -1.000000000000000000e+00 -1.000000000000000000e+00 -1.000000000000000000e+00 1.819744999999999891e+03 2.549324000000000069e+03 -1.010000000000000064e-01 9.915000000000000480e-01 2.289499999999999869e+00 8.129999999999999449e-01
6.000000000000000000e+00 4.601000000000000000e+03 -1.000000000000000000e+00 -1.000000000000000000e+00 -1.000000000000000000e+00 -1.000000000000000000e+00 -1.000000000000000000e+00 1.875224999999999909e+03 2.479657999999999902e+03 2.168000000000000149e+00 1.030000000000000027e+00 2.198999999999999844e+00 8.770000000000000018e-01
6.000000000000000000e+00 4.602000000000000000e+03 -1.000000000000000000e+00 -1.000000000000000000e+00 -1.000000000000000000e+00 -1.000000000000000000e+00 -1.000000000000000000e+00 1.879571999999999889e+03 2.493500000000000000e+03 1.659000000000000030e+00 8.074999999999999956e-01 2.224000000000000199e+00 7.369999999999999885e-01
6.000000000000000000e+00 4.603000000000000000e+03 -1.000000000000000000e+00 -1.000000000000000000e+00 -1.000000000000000000e+00 -1.000000000000000000e+00 -1.000000000000000000e+00 1.877330999999999904e+03 2.506748999999999796e+03 1.104999999999999982e+00 9.379999999999999449e-01 2.159499999999999975e+00 8.519999999999999796e-01
7.000000000000000000e+00 4.597000000000000000e+03 -1.000000000000000000e+00 -1.000000000000000000e+00 -1.000000000000000000e+00 -1.000000000000000000e+00 -1.000000000000000000e+00 1.872017000000000053e+03 2.488170000000000073e+03 1.983000000000000096e+00 9.170000000000000373e-01 2.227500000000000036e+00 7.890000000000000346e-01
7.000000000000000000e+00 4.613000000000000000e+03 -1.000000000000000000e+00 -1.000000000000000000e+00 -1.000000000000000000e+00 -1.000000000000000000e+00 -1.000000000000000000e+00 1.852326000000000022e+03 2.564088000000000193e+03 -4.919999999999999929e-01 9.340000000000000524e-01 2.099499999999999922e+00 9.080000000000000293e-01
7.000000000000000000e+00 4.612000000000000000e+03 -1.000000000000000000e+00 -1.000000000000000000e+00 -1.000000000000000000e+00 -1.000000000000000000e+00 -1.000000000000000000e+00 1.815625999999999976e+03 2.554293999999999869e+03 -6.000000000000000125e-03 9.915000000000000480e-01 2.289499999999999869e+00 8.129999999999999449e-01
7.000000000000000000e+00 4.601000000000000000e+03 -1.000000000000000000e+00 -1.000000000000000000e+00 -1.000000000000000000e+00 -1.000000000000000000e+00 -1.000000000000000000e+00 1.871079999999999927e+03 2.484298999999999978e+03 2.217999999999999972e+00 1.030000000000000027e+00 2.198999999999999844e+00 8.770000000000000018e-01
7.000000000000000000e+00 4.602000000000000000e+03 -1.000000000000000000e+00 -1.000000000000000000e+00 -1.000000000000000000e+00 -1.000000000000000000e+00 -1.000000000000000000e+00 1.883688000000000102e+03 2.489117999999999938e+03 2.036999999999999922e+00 8.074999999999999956e-01 2.224000000000000199e+00 7.369999999999999885e-01
7.000000000000000000e+00 4.603000000000000000e+03 -1.000000000000000000e+00 -1.000000000000000000e+00 -1.000000000000000000e+00 -1.000000000000000000e+00 -1.000000000000000000e+00 1.877332999943985669e+03 2.506748000028007027e+03 1.307994314544523418e+00 9.379999999999999449e-01 2.159499999999999975e+00 8.519999999999999796e-01
8.000000000000000000e+00 4.615000000000000000e+03 -1.000000000000000000e+00 -1.000000000000000000e+00 -1.000000000000000000e+00 -1.000000000000000000e+00 -1.000000000000000000e+00 1.820651000000000067e+03 2.564034999999999854e+03 8.999999999999999320e-03 9.785000000000000364e-01 2.375500000000000167e+00 7.960000000000000409e-01
8.000000000000000000e+00 4.597000000000000000e+03 -1.000000000000000000e+00 -1.000000000000000000e+00 -1.000000000000000000e+00 -1.000000000000000000e+00 -1.000000000000000000e+00 1.866732999999999947e+03 2.493822000000000116e+03 1.895999999999999908e+00 9.170000000000000373e-01 2.227500000000000036e+00 7.890000000000000346e-01
8.000000000000000000e+00 4.613000000000000000e+03 -1.000000000000000000e+00 -1.000000000000000000e+00 -1.000000000000000000e+00 -1.000000000000000000e+00 -1.000000000000000000e+00 1.852286000000000058e+03 2.564106999999999971e+03 -3.659999999999999920e-01 9.340000000000000524e-01 2.099499999999999922e+00 9.080000000000000293e-01
8.000000000000000000e+00 4.601000000000000000e+03 -1.000000000000000000e+00 -1.000000000000000000e+00 -1.000000000000000000e+00 -1.000000000000000000e+00 -1.000000000000000000e+00 1.866934999999999945e+03 2.488938999999999851e+03 2.269000000000000128e+00 1.030000000000000027e+00 2.198999999999999844e+00 8.770000000000000018e-01
8.000000000000000000e+00 4.603000000000000000e+03 -1.000000000000000000e+00 -1.000000000000000000e+00 -1.000000000000000000e+00 -1.000000000000000000e+00 -1.000000000000000000e+00 1.877335000000000036e+03 2.506746999999999844e+03 1.510999999999999899e+00 9.379999999999999449e-01 2.159499999999999975e+00 8.519999999999999796e-01
9.000000000000000000e+00 4.616000000000000000e+03 -1.000000000000000000e+00 -1.000000000000000000e+00 -1.000000000000000000e+00 -1.000000000000000000e+00 -1.000000000000000000e+00 1.816740999999999985e+03 2.566202999999999975e+03 1.239999999999999991e-01 8.940000000000000169e-01 2.437500000000000000e+00 8.265000000000000124e-01
9.000000000000000000e+00 4.615000000000000000e+03 -1.000000000000000000e+00 -1.000000000000000000e+00 -1.000000000000000000e+00 -1.000000000000000000e+00 -1.000000000000000000e+00 1.823153000000000020e+03 2.561478999999999814e+03 2.359999999999999876e-01 9.785000000000000364e-01 2.375500000000000167e+00 7.960000000000000409e-01
9.000000000000000000e+00 4.597000000000000000e+03 -1.000000000000000000e+00 -1.000000000000000000e+00 -1.000000000000000000e+00 -1.000000000000000000e+00 -1.000000000000000000e+00 1.861795000000000073e+03 2.499572999999999865e+03 1.842000000000000082e+00 9.170000000000000373e-01 2.227500000000000036e+00 7.890000000000000346e-01
9.000000000000000000e+00 4.613000000000000000e+03 -1.000000000000000000e+00 -1.000000000000000000e+00 -1.000000000000000000e+00 -1.000000000000000000e+00 -1.000000000000000000e+00 1.852246000000000095e+03 2.564125000000000000e+03 -2.409999999999999920e-01 9.340000000000000524e-01 2.099499999999999922e+00 9.080000000000000293e-01
9.000000000000000000e+00 4.601000000000000000e+03 -1.000000000000000000e+00 -1.000000000000000000e+00 -1.000000000000000000e+00 -1.000000000000000000e+00 -1.000000000000000000e+00 1.862951999999999998e+03 2.493715000000000146e+03 2.218999999999999861e+00 1.030000000000000027e+00 2.198999999999999844e+00 8.770000000000000018e-01
9.000000000000000000e+00 4.603000000000000000e+03 -1.000000000000000000e+00 -1.000000000000000000e+00 -1.000000000000000000e+00 -1.000000000000000000e+00 -1.000000000000000000e+00 1.877336000000000013e+03 2.506746000000000095e+03 1.713999999999999968e+00 9.379999999999999449e-01 2.159499999999999975e+00 8.519999999999999796e-01
1.000000000000000000e+01 4.616000000000000000e+03 -1.000000000000000000e+00 -1.000000000000000000e+00 -1.000000000000000000e+00 -1.000000000000000000e+00 -1.000000000000000000e+00 1.820586000000000013e+03 2.560847000000000207e+03 3.250000000000000111e-01 8.940000000000000169e-01 2.437500000000000000e+00 8.265000000000000124e-01
1.000000000000000000e+01 4.615000000000000000e+03 -1.000000000000000000e+00 -1.000000000000000000e+00 -1.000000000000000000e+00 -1.000000000000000000e+00 -1.000000000000000000e+00 1.826609999999999900e+03 2.556967000000000098e+03 4.050000000000000266e-01 9.785000000000000364e-01 2.375500000000000167e+00 7.960000000000000409e-01
1.000000000000000000e+01 4.597000000000000000e+03 -1.000000000000000000e+00 -1.000000000000000000e+00 -1.000000000000000000e+00 -1.000000000000000000e+00 -1.000000000000000000e+00 1.856801999999999907e+03 2.505291999999999916e+03 1.788000000000000034e+00 9.170000000000000373e-01 2.227500000000000036e+00 7.890000000000000346e-01
1.000000000000000000e+01 4.613000000000000000e+03 -1.000000000000000000e+00 -1.000000000000000000e+00 -1.000000000000000000e+00 -1.000000000000000000e+00 -1.000000000000000000e+00 1.852205999999999904e+03 2.564143000000000029e+03 -8.999999999999999667e-02 9.340000000000000524e-01 2.099499999999999922e+00 9.080000000000000293e-01
1.000000000000000000e+01 4.601000000000000000e+03 -1.000000000000000000e+00 -1.000000000000000000e+00 -1.000000000000000000e+00 -1.000000000000000000e+00 -1.000000000000000000e+00 1.858964999999999918e+03 2.498496999999999844e+03 2.169000000000000039e+00 1.030000000000000027e+00 2.198999999999999844e+00 8.770000000000000018e-01
1.000000000000000000e+01 4.603000000000000000e+03 -1.000000000000000000e+00 -1.000000000000000000e+00 -1.000000000000000000e+00 -1.000000000000000000e+00 -1.000000000000000000e+00 1.877337999999999965e+03 2.506744999999999891e+03 1.917000000000000037e+00 9.379999999999999449e-01 2.159499999999999975e+00 8.519999999999999796e-01
1.000000000000000000e+01 4.617000000000000000e+03 -1.000000000000000000e+00 -1.000000000000000000e+00 -1.000000000000000000e+00 -1.000000000000000000e+00 -1.000000000000000000e+00 1.812976000000000113e+03 2.564789000000000215e+03 3.750000000000000000e-01 9.250000000000000444e-01 2.306999999999999940e+00 9.000000000000000222e-01
1.100000000000000000e+01 4.616000000000000000e+03 -1.000000000000000000e+00 -1.000000000000000000e+00 -1.000000000000000000e+00 -1.000000000000000000e+00 -1.000000000000000000e+00 1.825126999999999953e+03 2.555039000000000215e+03 4.989999999999999991e-01 8.940000000000000169e-01 2.437500000000000000e+00 8.265000000000000124e-01
1.100000000000000000e+01 4.615000000000000000e+03 -1.000000000000000000e+00 -1.000000000000000000e+00 -1.000000000000000000e+00 -1.000000000000000000e+00 -1.000000000000000000e+00 1.830123000000000047e+03 2.552719999999999800e+03 5.789999999999999591e-01 9.785000000000000364e-01 2.375500000000000167e+00 7.960000000000000409e-01
1.100000000000000000e+01 4.597000000000000000e+03 -1.000000000000000000e+00 -1.000000000000000000e+00 -1.000000000000000000e+00 -1.000000000000000000e+00 -1.000000000000000000e+00 1.851881000000000085e+03 2.511115999999999985e+03 1.733999999999999986e+00 9.170000000000000373e-01 2.227500000000000036e+00 7.890000000000000346e-01
1.100000000000000000e+01 4.613000000000000000e+03 -1.000000000000000000e+00 -1.000000000000000000e+00 -1.000000000000000000e+00 -1.000000000000000000e+00 -1.000000000000000000e+00 1.852166999999999916e+03 2.564161999999999807e+03 1.610000000000000042e-01 9.340000000000000524e-01 2.099499999999999922e+00 9.080000000000000293e-01
1.100000000000000000e+01 4.618000000000000000e+03 -1.000000000000000000e+00 -1.000000000000000000e+00 -1.000000000000000000e+00 -1.000000000000000000e+00 -1.000000000000000000e+00 1.811828999999999951e+03 2.571672999999999774e+03 3.449999999999999734e-01 9.785000000000000364e-01 2.375500000000000167e+00 7.714999999999999636e-01
1.100000000000000000e+01 4.601000000000000000e+03 -1.000000000000000000e+00 -1.000000000000000000e+00 -1.000000000000000000e+00 -1.000000000000000000e+00 -1.000000000000000000e+00 1.854982999999999947e+03 2.503271999999999935e+03 2.119000000000000217e+00 1.030000000000000027e+00 2.198999999999999844e+00 8.770000000000000018e-01
1.100000000000000000e+01 4.617000000000000000e+03 -1.000000000000000000e+00 -1.000000000000000000e+00 -1.000000000000000000e+00 -1.000000000000000000e+00 -1.000000000000000000e+00 1.812976000000000113e+03 2.564789000000000215e+03 4.849999999999999867e-01 9.250000000000000444e-01 2.306999999999999940e+00 9.000000000000000222e-01
1.200000000000000000e+01 4.616000000000000000e+03 -1.000000000000000000e+00 -1.000000000000000000e+00 -1.000000000000000000e+00 -1.000000000000000000e+00 -1.000000000000000000e+00 1.829669000000000096e+03 2.549231999999999971e+03 6.730000000000000426e-01 8.940000000000000169e-01 2.437500000000000000e+00 8.265000000000000124e-01
1.200000000000000000e+01 4.615000000000000000e+03 -1.000000000000000000e+00 -1.000000000000000000e+00 -1.000000000000000000e+00 -1.000000000000000000e+00 -1.000000000000000000e+00 1.833719000000000051e+03 2.548398999999999887e+03 7.089999999999999636e-01 9.785000000000000364e-01 2.375500000000000167e+00 7.960000000000000409e-01
1.200000000000000000e+01 4.597000000000000000e+03 -1.000000000000000000e+00 -1.000000000000000000e+00 -1.000000000000000000e+00 -1.000000000000000000e+00 -1.000000000000000000e+00 1.847008000000000038e+03 2.516775000000000091e+03 1.546000000000000041e+00 9.170000000000000373e-01 2.227500000000000036e+00 7.890000000000000346e-01
1.200000000000000000e+01 4.613000000000000000e+03 -1.000000000000000000e+00 -1.000000000000000000e+00 -1.000000000000000000e+00 -1.000000000000000000e+00 -1.000000000000000000e+00 1.852126999999999953e+03 2.564179999999999836e+03 4.109999999999999765e-01 9.340000000000000524e-01 2.099499999999999922e+00 9.080000000000000293e-01
1.200000000000000000e+01 4.621000000000000000e+03 -1.000000000000000000e+00 -1.000000000000000000e+00 -1.000000000000000000e+00 -1.000000000000000000e+00 -1.000000000000000000e+00 1.791575000000000045e+03 2.516351999999999862e+03 3.323999999999999844e+00 9.014999999999999680e-01 2.141000000000000014e+00 9.340000000000000524e-01
1.200000000000000000e+01 4.618000000000000000e+03 -1.000000000000000000e+00 -1.000000000000000000e+00 -1.000000000000000000e+00 -1.000000000000000000e+00 -1.000000000000000000e+00 1.815563000000000102e+03 2.567559000000000196e+03 3.830000000000000071e-01 9.785000000000000364e-01 2.375500000000000167e+00 7.714999999999999636e-01
1.200000000000000000e+01 4.601000000000000000e+03 -1.000000000000000000e+00 -1.000000000000000000e+00 -1.000000000000000000e+00 -1.000000000000000000e+00 -1.000000000000000000e+00 1.851000999999999976e+03 2.508047999999999774e+03 2.068999999999999950e+00 1.030000000000000027e+00 2.198999999999999844e+00 8.770000000000000018e-01
1.200000000000000000e+01 4.617000000000000000e+03 -1.000000000000000000e+00 -1.000000000000000000e+00 -1.000000000000000000e+00 -1.000000000000000000e+00 -1.000000000000000000e+00 1.812976000000000113e+03 2.564789000000000215e+03 5.120000000000000107e-01 9.250000000000000444e-01 2.306999999999999940e+00 9.000000000000000222e-01
1.300000000000000000e+01 4.616000000000000000e+03 -1.000000000000000000e+00 -1.000000000000000000e+00 -1.000000000000000000e+00 -1.000000000000000000e+00 -1.000000000000000000e+00 1.834529999999999973e+03 2.543340999999999894e+03 8.489999999999999769e-01 8.940000000000000169e-01 2.437500000000000000e+00 8.265000000000000124e-01
1.300000000000000000e+01 4.615000000000000000e+03 -1.000000000000000000e+00 -1.000000000000000000e+00 -1.000000000000000000e+00 -1.000000000000000000e+00 -1.000000000000000000e+00 1.837190000000000055e+03 2.544364000000000033e+03 8.930000000000000160e-01 9.785000000000000364e-01 2.375500000000000167e+00 7.960000000000000409e-01
1.300000000000000000e+01 4.597000000000000000e+03 -1.000000000000000000e+00 -1.000000000000000000e+00 -1.000000000000000000e+00 -1.000000000000000000e+00 -1.000000000000000000e+00 1.842098999999999933e+03 2.522572000000000116e+03 1.358999999999999986e+00 9.170000000000000373e-01 2.227500000000000036e+00 7.890000000000000346e-01
1.300000000000000000e+01 4.621000000000000000e+03 -1.000000000000000000e+00 -1.000000000000000000e+00 -1.000000000000000000e+00 -1.000000000000000000e+00 -1.000000000000000000e+00 1.793415999999999940e+03 2.518137000000000171e+03 3.173999999999999932e+00 9.014999999999999680e-01 2.141000000000000014e+00 9.340000000000000524e-01
1.300000000000000000e+01 4.618000000000000000e+03 -1.000000000000000000e+00 -1.000000000000000000e+00 -1.000000000000000000e+00 -1.000000000000000000e+00 -1.000000000000000000e+00 1.820048000000000002e+03 2.561947999999999865e+03 4.219999999999999862e-01 9.785000000000000364e-01 2.375500000000000167e+00 7.714999999999999636e-01
1.300000000000000000e+01 4.601000000000000000e+03 -1.000000000000000000e+00 -1.000000000000000000e+00 -1.000000000000000000e+00 -1.000000000000000000e+00 -1.000000000000000000e+00 1.846795000000000073e+03 2.513128999999999905e+03 1.969000000000000083e+00 1.030000000000000027e+00 2.198999999999999844e+00 8.770000000000000018e-01
1.300000000000000000e+01 4.622000000000000000e+03 -1.000000000000000000e+00 -1.000000000000000000e+00 -1.000000000000000000e+00 -1.000000000000000000e+00 -1.000000000000000000e+00 1.809819999999999936e+03 2.574275999999999840e+03 4.859999999999999876e-01 9.785000000000000364e-01 2.375500000000000167e+00 8.645000000000000462e-01
1.300000000000000000e+01 4.617000000000000000e+03 -1.000000000000000000e+00 -1.000000000000000000e+00 -1.000000000000000000e+00 -1.000000000000000000e+00 -1.000000000000000000e+00 1.812976000000000113e+03 2.564789000000000215e+03 5.390000000000000346e-01 9.250000000000000444e-01 2.306999999999999940e+00 9.000000000000000222e-01
1.400000000000000000e+01 4.616000000000000000e+03 -1.000000000000000000e+00 -1.000000000000000000e+00 -1.000000000000000000e+00 -1.000000000000000000e+00 -1.000000000000000000e+00 1.839438000000000102e+03 2.537552999999999884e+03 1.094999999999999973e+00 8.940000000000000169e-01 2.437500000000000000e+00 8.265000000000000124e-01
1.400000000000000000e+01 4.615000000000000000e+03 -1.000000000000000000e+00 -1.000000000000000000e+00 -1.000000000000000000e+00 -1.000000000000000000e+00 -1.000000000000000000e+00 1.840661000000000058e+03 2.540327999999999975e+03 1.078000000000000069e+00 9.785000000000000364e-01 2.375500000000000167e+00 7.960000000000000409e-01
1.400000000000000000e+01 4.597000000000000000e+03 -1.000000000000000000e+00 -1.000000000000000000e+00 -1.000000000000000000e+00 -1.000000000000000000e+00 -1.000000000000000000e+00 1.837268000000000029e+03 2.528297999999999774e+03 1.171000000000000041e+00 9.170000000000000373e-01 2.227500000000000036e+00 7.890000000000000346e-01
1.400000000000000000e+01 4.618000000000000000e+03 -1.000000000000000000e+00 -1.000000000000000000e+00 -1.000000000000000000e+00 -1.000000000000000000e+00 -1.000000000000000000e+00 1.824534000000000106e+03 2.556336999999999989e+03 4.610000000000000209e-01 9.785000000000000364e-01 2.375500000000000167e+00 7.714999999999999636e-01
1.400000000000000000e+01 4.601000000000000000e+03 -1.000000000000000000e+00 -1.000000000000000000e+00 -1.000000000000000000e+00 -1.000000000000000000e+00 -1.000000000000000000e+00 1.842587999999999965e+03 2.518210000000000036e+03 1.868999999999999995e+00 1.030000000000000027e+00 2.198999999999999844e+00 8.770000000000000018e-01
1.400000000000000000e+01 4.622000000000000000e+03 -1.000000000000000000e+00 -1.000000000000000000e+00 -1.000000000000000000e+00 -1.000000000000000000e+00 -1.000000000000000000e+00 1.814546000000000049e+03 2.568465000000000146e+03 5.110000000000000098e-01 9.785000000000000364e-01 2.375500000000000167e+00 8.645000000000000462e-01
1.400000000000000000e+01 4.617000000000000000e+03 -1.000000000000000000e+00 -1.000000000000000000e+00 -1.000000000000000000e+00 -1.000000000000000000e+00 -1.000000000000000000e+00 1.812976000000000113e+03 2.564789000000000215e+03 5.649999999999999467e-01 9.250000000000000444e-01 2.306999999999999940e+00 9.000000000000000222e-01
1.400000000000000000e+01 4.625000000000000000e+03 -1.000000000000000000e+00 -1.000000000000000000e+00 -1.000000000000000000e+00 -1.000000000000000000e+00 -1.000000000000000000e+00 1.852536000000000058e+03 2.510764000000000124e+03 2.189999999999999947e+00 9.415000000000000036e-01 2.198999999999999844e+00 8.135000000000000009e-01
1.500000000000000000e+01 4.616000000000000000e+03 -1.000000000000000000e+00 -1.000000000000000000e+00 -1.000000000000000000e+00 -1.000000000000000000e+00 -1.000000000000000000e+00 1.844568999999999960e+03 2.531735000000000127e+03 1.689000000000000057e+00 8.940000000000000169e-01 2.437500000000000000e+00 8.265000000000000124e-01
1.500000000000000000e+01 4.615000000000000000e+03 -1.000000000000000000e+00 -1.000000000000000000e+00 -1.000000000000000000e+00 -1.000000000000000000e+00 -1.000000000000000000e+00 1.844127999999999929e+03 2.536297000000000025e+03 1.548999999999999932e+00 9.785000000000000364e-01 2.375500000000000167e+00 7.960000000000000409e-01
1.500000000000000000e+01 4.597000000000000000e+03 -1.000000000000000000e+00 -1.000000000000000000e+00 -1.000000000000000000e+00 -1.000000000000000000e+00 -1.000000000000000000e+00 1.832448000000000093e+03 2.534157000000000153e+03 1.352000000000000091e+00 9.170000000000000373e-01 2.227500000000000036e+00 7.890000000000000346e-01
1.500000000000000000e+01 4.618000000000000000e+03 -1.000000000000000000e+00 -1.000000000000000000e+00 -1.000000000000000000e+00 -1.000000000000000000e+00 -1.000000000000000000e+00 1.829221000000000004e+03 2.550458999999999833e+03 9.739999999999999769e-01 9.785000000000000364e-01 2.375500000000000167e+00 7.714999999999999636e-01
1.500000000000000000e+01 4.601000000000000000e+03 -1.000000000000000000e+00 -1.000000000000000000e+00 -1.000000000000000000e+00 -1.000000000000000000e+00 -1.000000000000000000e+00 1.838386999999999944e+03 2.523284999999999854e+03 1.768999999999999906e+00 1.030000000000000027e+00 2.198999999999999844e+00 8.770000000000000018e-01
1.500000000000000000e+01 4.622000000000000000e+03 -1.000000000000000000e+00 -1.000000000000000000e+00 -1.000000000000000000e+00 -1.000000000000000000e+00 -1.000000000000000000e+00 1.819281999999999925e+03 2.562628999999999905e+03 7.610000000000000098e-01 9.785000000000000364e-01 2.375500000000000167e+00 8.645000000000000462e-01
1.500000000000000000e+01 4.617000000000000000e+03 -1.000000000000000000e+00 -1.000000000000000000e+00 -1.000000000000000000e+00 -1.000000000000000000e+00 -1.000000000000000000e+00 1.812976000000000113e+03 2.564789000000000215e+03 6.850000000000000533e-01 9.250000000000000444e-01 2.306999999999999940e+00 9.000000000000000222e-01
1.500000000000000000e+01 4.625000000000000000e+03 -1.000000000000000000e+00 -1.000000000000000000e+00 -1.000000000000000000e+00 -1.000000000000000000e+00 -1.000000000000000000e+00 1.846839999999999918e+03 2.517465999999999894e+03 2.009999999999999787e+00 9.415000000000000036e-01 2.198999999999999844e+00 8.135000000000000009e-01
1.600000000000000000e+01 4.616000000000000000e+03 -1.000000000000000000e+00 -1.000000000000000000e+00 -1.000000000000000000e+00 -1.000000000000000000e+00 -1.000000000000000000e+00 1.849974999999999909e+03 2.525742000000000189e+03 1.985000000000000098e+00 8.940000000000000169e-01 2.437500000000000000e+00 8.265000000000000124e-01
1.600000000000000000e+01 4.615000000000000000e+03 -1.000000000000000000e+00 -1.000000000000000000e+00 -1.000000000000000000e+00 -1.000000000000000000e+00 -1.000000000000000000e+00 1.848059999999999945e+03 2.532083999999999833e+03 1.812999999999999945e+00 9.785000000000000364e-01 2.375500000000000167e+00 7.960000000000000409e-01
1.600000000000000000e+01 4.597000000000000000e+03 -1.000000000000000000e+00 -1.000000000000000000e+00 -1.000000000000000000e+00 -1.000000000000000000e+00 -1.000000000000000000e+00 1.827682000000000016e+03 2.539757999999999811e+03 1.231999999999999984e+00 9.170000000000000373e-01 2.227500000000000036e+00 7.890000000000000346e-01
1.600000000000000000e+01 4.618000000000000000e+03 -1.000000000000000000e+00 -1.000000000000000000e+00 -1.000000000000000000e+00 -1.000000000000000000e+00 -1.000000000000000000e+00 1.833877999999999929e+03 2.544472000000000207e+03 1.288000000000000034e+00 9.785000000000000364e-01 2.375500000000000167e+00 7.714999999999999636e-01
1.600000000000000000e+01 4.601000000000000000e+03 -1.000000000000000000e+00 -1.000000000000000000e+00 -1.000000000000000000e+00 -1.000000000000000000e+00 -1.000000000000000000e+00 1.834115000000000009e+03 2.528443999999999960e+03 1.669000000000000039e+00 1.030000000000000027e+00 2.198999999999999844e+00 8.770000000000000018e-01
1.600000000000000000e+01 4.622000000000000000e+03 -1.000000000000000000e+00 -1.000000000000000000e+00 -1.000000000000000000e+00 -1.000000000000000000e+00 -1.000000000000000000e+00 1.824023999999999887e+03 2.556786999999999807e+03 1.010999999999999899e+00 9.785000000000000364e-01 2.375500000000000167e+00 8.645000000000000462e-01
1.600000000000000000e+01 4.617000000000000000e+03 -1.000000000000000000e+00 -1.000000000000000000e+00 -1.000000000000000000e+00 -1.000000000000000000e+00 -1.000000000000000000e+00 1.812976000000000113e+03 2.564789000000000215e+03 8.050000000000000488e-01 9.250000000000000444e-01 2.306999999999999940e+00 9.000000000000000222e-01
1.600000000000000000e+01 4.625000000000000000e+03 -1.000000000000000000e+00 -1.000000000000000000e+00 -1.000000000000000000e+00 -1.000000000000000000e+00 -1.000000000000000000e+00 1.841136999999999944e+03 2.524175000000000182e+03 1.830000000000000071e+00 9.415000000000000036e-01 2.198999999999999844e+00 8.135000000000000009e-01
1.700000000000000000e+01 4.597000000000000000e+03 -1.000000000000000000e+00 -1.000000000000000000e+00 -1.000000000000000000e+00 -1.000000000000000000e+00 -1.000000000000000000e+00 1.822943999999999960e+03 2.545420999999999822e+03 1.262000000000000011e+00 9.170000000000000373e-01 2.227500000000000036e+00 7.890000000000000346e-01
1.700000000000000000e+01 4.618000000000000000e+03 -1.000000000000000000e+00 -1.000000000000000000e+00 -1.000000000000000000e+00 -1.000000000000000000e+00 -1.000000000000000000e+00 1.836303000000000111e+03 2.540070999999999913e+03 1.550999999999999934e+00 9.785000000000000364e-01 2.375500000000000167e+00 7.714999999999999636e-01
1.700000000000000000e+01 4.601000000000000000e+03 -1.000000000000000000e+00 -1.000000000000000000e+00 -1.000000000000000000e+00 -1.000000000000000000e+00 -1.000000000000000000e+00 1.829845000000000027e+03 2.533603000000000065e+03 1.669000000000000039e+00 1.030000000000000027e+00 2.198999999999999844e+00 8.770000000000000018e-01
1.700000000000000000e+01 4.622000000000000000e+03 -1.000000000000000000e+00 -1.000000000000000000e+00 -1.000000000000000000e+00 -1.000000000000000000e+00 -1.000000000000000000e+00 1.828555000000000064e+03 2.551195999999999913e+03 1.360999999999999988e+00 9.785000000000000364e-01 2.375500000000000167e+00 8.645000000000000462e-01
1.700000000000000000e+01 4.626000000000000000e+03 -1.000000000000000000e+00 -1.000000000000000000e+00 -1.000000000000000000e+00 -1.000000000000000000e+00 -1.000000000000000000e+00 1.826263999999999896e+03 2.593684999999999945e+03 3.900000000000000133e-01 9.539999999999999591e-01 2.269000000000000128e+00 7.750000000000000222e-01
1.700000000000000000e+01 4.617000000000000000e+03 -1.000000000000000000e+00 -1.000000000000000000e+00 -1.000000000000000000e+00 -1.000000000000000000e+00 -1.000000000000000000e+00 1.812976000000000113e+03 2.564789000000000215e+03 9.260000000000000453e-01 9.250000000000000444e-01 2.306999999999999940e+00 9.000000000000000222e-01
1.700000000000000000e+01 4.625000000000000000e+03 -1.000000000000000000e+00 -1.000000000000000000e+00 -1.000000000000000000e+00 -1.000000000000000000e+00 -1.000000000000000000e+00 1.835433999999999969e+03 2.530884000000000015e+03 1.649999999999999911e+00 9.415000000000000036e-01 2.198999999999999844e+00 8.135000000000000009e-01
1.800000000000000000e+01 4.597000000000000000e+03 -1.000000000000000000e+00 -1.000000000000000000e+00 -1.000000000000000000e+00 -1.000000000000000000e+00 -1.000000000000000000e+00 1.818448000000000093e+03 2.550972000000000207e+03 1.292999999999999927e+00 9.170000000000000373e-01 2.227500000000000036e+00 7.890000000000000346e-01
1.800000000000000000e+01 4.618000000000000000e+03 -1.000000000000000000e+00 -1.000000000000000000e+00 -1.000000000000000000e+00 -1.000000000000000000e+00 -1.000000000000000000e+00 1.841811999999999898e+03 2.533943999999999960e+03 2.024000000000000021e+00 9.785000000000000364e-01 2.375500000000000167e+00 7.714999999999999636e-01
1.800000000000000000e+01 4.601000000000000000e+03 -1.000000000000000000e+00 -1.000000000000000000e+00 -1.000000000000000000e+00 -1.000000000000000000e+00 -1.000000000000000000e+00 1.825583000000000084e+03 2.538750000000000000e+03 1.669000000000000039e+00 1.030000000000000027e+00 2.198999999999999844e+00 8.770000000000000018e-01
1.800000000000000000e+01 4.622000000000000000e+03 -1.000000000000000000e+00 -1.000000000000000000e+00 -1.000000000000000000e+00 -1.000000000000000000e+00 -1.000000000000000000e+00 1.833076000000000022e+03 2.545617000000000189e+03 1.711000000000000076e+00 9.785000000000000364e-01 2.375500000000000167e+00 8.645000000000000462e-01
1.800000000000000000e+01 4.617000000000000000e+03 -1.000000000000000000e+00 -1.000000000000000000e+00 -1.000000000000000000e+00 -1.000000000000000000e+00 -1.000000000000000000e+00 1.812976000000000113e+03 2.564789000000000215e+03 1.044999999999999929e+00 9.250000000000000444e-01 2.306999999999999940e+00 9.000000000000000222e-01
1.800000000000000000e+01 4.625000000000000000e+03 -1.000000000000000000e+00 -1.000000000000000000e+00 -1.000000000000000000e+00 -1.000000000000000000e+00 -1.000000000000000000e+00 1.830428000000000111e+03 2.536942000000000007e+03 1.570000000000000062e+00 9.415000000000000036e-01 2.198999999999999844e+00 8.135000000000000009e-01
1.800000000000000000e+01 4.626000000000000000e+03 -1.000000000000000000e+00 -1.000000000000000000e+00 -1.000000000000000000e+00 -1.000000000000000000e+00 -1.000000000000000000e+00 1.826263999999999896e+03 2.593684999999999945e+03 5.775331513885052503e-01 9.539999999999999591e-01 2.269000000000000128e+00 7.750000000000001332e-01
1.900000000000000000e+01 4.597000000000000000e+03 -1.000000000000000000e+00 -1.000000000000000000e+00 -1.000000000000000000e+00 -1.000000000000000000e+00 -1.000000000000000000e+00 1.813692000000000007e+03 2.556545999999999822e+03 1.225000000000000089e+00 9.170000000000000373e-01 2.227500000000000036e+00 7.890000000000000346e-01
1.900000000000000000e+01 4.627000000000000000e+03 -1.000000000000000000e+00 -1.000000000000000000e+00 -1.000000000000000000e+00 -1.000000000000000000e+00 -1.000000000000000000e+00 1.778650000000000091e+03 2.604387000000000171e+03 8.070000000000000506e-01 9.915000000000000480e-01 2.289499999999999869e+00 7.800000000000000266e-01
1.900000000000000000e+01 4.601000000000000000e+03 -1.000000000000000000e+00 -1.000000000000000000e+00 -1.000000000000000000e+00 -1.000000000000000000e+00 -1.000000000000000000e+00 1.821246000000000095e+03 2.543833999999999833e+03 1.594000000000000083e+00 1.030000000000000027e+00 2.198999999999999844e+00 8.770000000000000018e-01
1.900000000000000000e+01 4.622000000000000000e+03 -1.000000000000000000e+00 -1.000000000000000000e+00 -1.000000000000000000e+00 -1.000000000000000000e+00 -1.000000000000000000e+00 1.837750999999999976e+03 2.539956999999999880e+03 2.009999999999999787e+00 9.785000000000000364e-01 2.375500000000000167e+00 8.645000000000000462e-01
1.900000000000000000e+01 4.617000000000000000e+03 -1.000000000000000000e+00 -1.000000000000000000e+00 -1.000000000000000000e+00 -1.000000000000000000e+00 -1.000000000000000000e+00 1.812976000000000113e+03 2.564789000000000215e+03 1.165000000000000036e+00 9.250000000000000444e-01 2.306999999999999940e+00 9.000000000000000222e-01
1.900000000000000000e+01 4.628000000000000000e+03 -1.000000000000000000e+00 -1.000000000000000000e+00 -1.000000000000000000e+00 -1.000000000000000000e+00 -1.000000000000000000e+00 1.783023999999999887e+03 2.604786000000000058e+03 8.800000000000000044e-01 9.294999999999999929e-01 2.201000000000000068e+00 7.650000000000000133e-01
1.900000000000000000e+01 4.625000000000000000e+03 -1.000000000000000000e+00 -1.000000000000000000e+00 -1.000000000000000000e+00 -1.000000000000000000e+00 -1.000000000000000000e+00 1.825423000000000002e+03 2.542998999999999796e+03 1.489999999999999991e+00 9.415000000000000036e-01 2.198999999999999844e+00 8.135000000000000009e-01
1.900000000000000000e+01 4.626000000000000000e+03 -1.000000000000000000e+00 -1.000000000000000000e+00 -1.000000000000000000e+00 -1.000000000000000000e+00 -1.000000000000000000e+00 1.826263999999999896e+03 2.593684999999999945e+03 5.150700557643884681e-01 9.539999999999999591e-01 2.269000000000000128e+00 7.750000000000000222e-01
2.000000000000000000e+01 4.629000000000000000e+03 -1.000000000000000000e+00 -1.000000000000000000e+00 -1.000000000000000000e+00 -1.000000000000000000e+00 -1.000000000000000000e+00 1.774222999999999956e+03 2.610364000000000033e+03 9.959999999999999964e-01 9.254999999999999893e-01 2.232499999999999929e+00 8.070000000000000506e-01
2.000000000000000000e+01 4.597000000000000000e+03 -1.000000000000000000e+00 -1.000000000000000000e+00 -1.000000000000000000e+00 -1.000000000000000000e+00 -1.000000000000000000e+00 1.809048999999999978e+03 2.562219999999999800e+03 1.157000000000000028e+00 9.170000000000000373e-01 2.227500000000000036e+00 7.890000000000000346e-01
2.000000000000000000e+01 4.627000000000000000e+03 -1.000000000000000000e+00 -1.000000000000000000e+00 -1.000000000000000000e+00 -1.000000000000000000e+00 -1.000000000000000000e+00 1.778462999999999965e+03 2.604538000000000011e+03 8.569999999999999840e-01 9.915000000000000480e-01 2.289499999999999869e+00 7.800000000000000266e-01
2.000000000000000000e+01 4.601000000000000000e+03 -1.000000000000000000e+00 -1.000000000000000000e+00 -1.000000000000000000e+00 -1.000000000000000000e+00 -1.000000000000000000e+00 1.816903999999999996e+03 2.548923999999999978e+03 1.518999999999999906e+00 1.030000000000000027e+00 2.198999999999999844e+00 8.770000000000000018e-01
2.000000000000000000e+01 4.617000000000000000e+03 -1.000000000000000000e+00 -1.000000000000000000e+00 -1.000000000000000000e+00 -1.000000000000000000e+00 -1.000000000000000000e+00 1.812976000000000113e+03 2.564789000000000215e+03 1.264999999999999902e+00 9.250000000000000444e-01 2.306999999999999940e+00 9.000000000000000222e-01
2.000000000000000000e+01 4.628000000000000000e+03 -1.000000000000000000e+00 -1.000000000000000000e+00 -1.000000000000000000e+00 -1.000000000000000000e+00 -1.000000000000000000e+00 1.787231999999999971e+03 2.599715000000000146e+03 9.050000000000000266e-01 9.294999999999999929e-01 2.201000000000000068e+00 7.650000000000000133e-01
2.000000000000000000e+01 4.625000000000000000e+03 -1.000000000000000000e+00 -1.000000000000000000e+00 -1.000000000000000000e+00 -1.000000000000000000e+00 -1.000000000000000000e+00 1.820411000000000058e+03 2.549063000000000102e+03 1.409999999999999920e+00 9.415000000000000036e-01 2.198999999999999844e+00 8.135000000000000009e-01
2.000000000000000000e+01 4.626000000000000000e+03 -1.000000000000000000e+00 -1.000000000000000000e+00 -1.000000000000000000e+00 -1.000000000000000000e+00 -1.000000000000000000e+00 1.826263999999999896e+03 2.593684999999999945e+03 4.525342772847186223e-01 9.539999999999999591e-01 2.269000000000000128e+00 7.750000000000000222e-01
2.100000000000000000e+01 4.629000000000000000e+03 -1.000000000000000000e+00 -1.000000000000000000e+00 -1.000000000000000000e+00 -1.000000000000000000e+00 -1.000000000000000000e+00 1.774053000000000111e+03 2.610351999999999862e+03 1.020000000000000018e+00 9.254999999999999893e-01 2.232499999999999929e+00 8.070000000000000506e-01
2.100000000000000000e+01 4.597000000000000000e+03 -1.000000000000000000e+00 -1.000000000000000000e+00 -1.000000000000000000e+00 -1.000000000000000000e+00 -1.000000000000000000e+00 1.804303000000000111e+03 2.567755000000000109e+03 1.088999999999999968e+00 9.170000000000000373e-01 2.227500000000000036e+00 7.890000000000000346e-01
2.100000000000000000e+01 4.630000000000000000e+03 -1.000000000000000000e+00 -1.000000000000000000e+00 -1.000000000000000000e+00 -1.000000000000000000e+00 -1.000000000000000000e+00 1.787141000000000076e+03 2.627663000000000011e+03 1.163000000000000034e+00 9.254999999999999893e-01 2.232499999999999929e+00 8.070000000000000506e-01
2.100000000000000000e+01 4.627000000000000000e+03 -1.000000000000000000e+00 -1.000000000000000000e+00 -1.000000000000000000e+00 -1.000000000000000000e+00 -1.000000000000000000e+00 1.778277000000000044e+03 2.604690000000000055e+03 9.070000000000000284e-01 9.915000000000000480e-01 2.289499999999999869e+00 7.800000000000000266e-01
2.100000000000000000e+01 4.601000000000000000e+03 -1.000000000000000000e+00 -1.000000000000000000e+00 -1.000000000000000000e+00 -1.000000000000000000e+00 -1.000000000000000000e+00 1.812563000000000102e+03 2.554014000000000124e+03 1.443999999999999950e+00 1.030000000000000027e+00 2.198999999999999844e+00 8.770000000000000018e-01
2.100000000000000000e+01 4.626000000000000000e+03 -1.000000000000000000e+00 -1.000000000000000000e+00 -1.000000000000000000e+00 -1.000000000000000000e+00 -1.000000000000000000e+00 1.826263999999999896e+03 2.593684999999999945e+03 6.400000000000000133e-01 9.539999999999999591e-01 2.269000000000000128e+00 7.750000000000000222e-01
2.100000000000000000e+01 4.617000000000000000e+03 -1.000000000000000000e+00 -1.000000000000000000e+00 -1.000000000000000000e+00 -1.000000000000000000e+00 -1.000000000000000000e+00 1.812976000000000113e+03 2.564789000000000215e+03 1.364999999999999991e+00 9.250000000000000444e-01 2.306999999999999940e+00 9.000000000000000222e-01
2.100000000000000000e+01 4.628000000000000000e+03 -1.000000000000000000e+00 -1.000000000000000000e+00 -1.000000000000000000e+00 -1.000000000000000000e+00 -1.000000000000000000e+00 1.791242999999999938e+03 2.594875000000000000e+03 9.300000000000000488e-01 9.294999999999999929e-01 2.201000000000000068e+00 7.650000000000000133e-01
2.100000000000000000e+01 4.625000000000000000e+03 -1.000000000000000000e+00 -1.000000000000000000e+00 -1.000000000000000000e+00 -1.000000000000000000e+00 -1.000000000000000000e+00 1.815398999999999887e+03 2.555126999999999953e+03 1.330000000000000071e+00 9.415000000000000036e-01 2.198999999999999844e+00 8.135000000000000009e-01
2.200000000000000000e+01 4.629000000000000000e+03 -1.000000000000000000e+00 -1.000000000000000000e+00 -1.000000000000000000e+00 -1.000000000000000000e+00 -1.000000000000000000e+00 1.773501999999999953e+03 2.611228999999999814e+03 1.044999999999999929e+00 9.254999999999999893e-01 2.232499999999999929e+00 8.070000000000000506e-01
2.200000000000000000e+01 4.597000000000000000e+03 -1.000000000000000000e+00 -1.000000000000000000e+00 -1.000000000000000000e+00 -1.000000000000000000e+00 -1.000000000000000000e+00 1.799588999999999942e+03 2.573413000000000011e+03 1.022000000000000020e+00 9.170000000000000373e-01 2.227500000000000036e+00 7.890000000000000346e-01
2.200000000000000000e+01 4.630000000000000000e+03 -1.000000000000000000e+00 -1.000000000000000000e+00 -1.000000000000000000e+00 -1.000000000000000000e+00 -1.000000000000000000e+00 1.787046000000000049e+03 2.627668999999999869e+03 1.268000000000000016e+00 9.254999999999999893e-01 2.232499999999999929e+00 8.070000000000000506e-01
2.200000000000000000e+01 4.627000000000000000e+03 -1.000000000000000000e+00 -1.000000000000000000e+00 -1.000000000000000000e+00 -1.000000000000000000e+00 -1.000000000000000000e+00 1.778121000000000095e+03 2.604831999999999880e+03 8.940000000000000169e-01 9.915000000000000480e-01 2.289499999999999869e+00 7.800000000000000266e-01
2.200000000000000000e+01 4.631000000000000000e+03 -1.000000000000000000e+00 -1.000000000000000000e+00 -1.000000000000000000e+00 -1.000000000000000000e+00 -1.000000000000000000e+00 1.770278999999999996e+03 2.627927999999999884e+03 9.579999999999999627e-01 1.038499999999999979e+00 2.236499999999999932e+00 8.189999999999999503e-01
2.200000000000000000e+01 4.617000000000000000e+03 -1.000000000000000000e+00 -1.000000000000000000e+00 -1.000000000000000000e+00 -1.000000000000000000e+00 -1.000000000000000000e+00 1.812976000000000113e+03 2.564789000000000215e+03 1.364999999999999991e+00 9.250000000000000444e-01 2.306999999999999940e+00 9.000000000000000222e-01
2.200000000000000000e+01 4.628000000000000000e+03 -1.000000000000000000e+00 -1.000000000000000000e+00 -1.000000000000000000e+00 -1.000000000000000000e+00 -1.000000000000000000e+00 1.794747000000000071e+03 2.590619000000000142e+03 9.549999999999999600e-01 9.294999999999999929e-01 2.201000000000000068e+00 7.650000000000000133e-01
2.200000000000000000e+01 4.625000000000000000e+03 -1.000000000000000000e+00 -1.000000000000000000e+00 -1.000000000000000000e+00 -1.000000000000000000e+00 -1.000000000000000000e+00 1.810383000000000038e+03 2.561197000000000116e+03 1.250000000000000000e+00 9.415000000000000036e-01 2.198999999999999844e+00 8.135000000000000009e-01
2.200000000000000000e+01 4.601000000000000000e+03 -1.000000000000000000e+00 -1.000000000000000000e+00 -1.000000000000000000e+00 -1.000000000000000000e+00 -1.000000000000000000e+00 1.808303355302597538e+03 2.558985668884408369e+03 1.363997282358912377e+00 1.030000000000000027e+00 2.198999999999999844e+00 8.770000000000000018e-01
2.300000000000000000e+01 4.629000000000000000e+03 -1.000000000000000000e+00 -1.000000000000000000e+00 -1.000000000000000000e+00 -1.000000000000000000e+00 -1.000000000000000000e+00 1.773028999999999996e+03 2.612150999999999840e+03 1.070000000000000062e+00 9.254999999999999893e-01 2.232499999999999929e+00 8.070000000000000506e-01
2.300000000000000000e+01 4.632000000000000000e+03 -1.000000000000000000e+00 -1.000000000000000000e+00 -1.000000000000000000e+00 -1.000000000000000000e+00 -1.000000000000000000e+00 1.822873000000000047e+03 2.595144999999999982e+03 1.090000000000000080e+00 9.539999999999999591e-01 2.269000000000000128e+00 7.750000000000000222e-01
2.300000000000000000e+01 4.597000000000000000e+03 -1.000000000000000000e+00 -1.000000000000000000e+00 -1.000000000000000000e+00 -1.000000000000000000e+00 -1.000000000000000000e+00 1.794900000000000091e+03 2.579135000000000218e+03 9.839999999999999858e-01 9.170000000000000373e-01 2.227500000000000036e+00 7.890000000000000346e-01
2.300000000000000000e+01 4.630000000000000000e+03 -1.000000000000000000e+00 -1.000000000000000000e+00 -1.000000000000000000e+00 -1.000000000000000000e+00 -1.000000000000000000e+00 1.786608999999999924e+03 2.627367000000000189e+03 1.223000000000000087e+00 9.254999999999999893e-01 2.232499999999999929e+00 8.070000000000000506e-01
2.300000000000000000e+01 4.627000000000000000e+03 -1.000000000000000000e+00 -1.000000000000000000e+00 -1.000000000000000000e+00 -1.000000000000000000e+00 -1.000000000000000000e+00 1.777964999999999918e+03 2.604974000000000160e+03 8.800000000000000044e-01 9.915000000000000480e-01 2.289499999999999869e+00 7.800000000000000266e-01
2.300000000000000000e+01 4.601000000000000000e+03 -1.000000000000000000e+00 -1.000000000000000000e+00 -1.000000000000000000e+00 -1.000000000000000000e+00 -1.000000000000000000e+00 1.804044000000000096e+03 2.563956999999999880e+03 1.284000000000000030e+00 1.030000000000000027e+00 2.198999999999999844e+00 8.770000000000000018e-01
2.300000000000000000e+01 4.631000000000000000e+03 -1.000000000000000000e+00 -1.000000000000000000e+00 -1.000000000000000000e+00 -1.000000000000000000e+00 -1.000000000000000000e+00 1.772871000000000095e+03 2.627686999999999898e+03 9.839999999999999858e-01 1.038499999999999979e+00 2.236499999999999932e+00 8.189999999999999503e-01
2.300000000000000000e+01 4.617000000000000000e+03 -1.000000000000000000e+00 -1.000000000000000000e+00 -1.000000000000000000e+00 -1.000000000000000000e+00 -1.000000000000000000e+00 1.812976000000000113e+03 2.564789000000000215e+03 1.364999999999999991e+00 9.250000000000000444e-01 2.306999999999999940e+00 9.000000000000000222e-01
2.300000000000000000e+01 4.628000000000000000e+03 -1.000000000000000000e+00 -1.000000000000000000e+00 -1.000000000000000000e+00 -1.000000000000000000e+00 -1.000000000000000000e+00 1.797726000000000113e+03 2.586873999999999796e+03 9.799999999999999822e-01 9.294999999999999929e-01 2.201000000000000068e+00 7.650000000000000133e-01
2.300000000000000000e+01 4.625000000000000000e+03 -1.000000000000000000e+00 -1.000000000000000000e+00 -1.000000000000000000e+00 -1.000000000000000000e+00 -1.000000000000000000e+00 1.805461999999999989e+03 2.566902999999999793e+03 1.084000000000000075e+00 9.415000000000000036e-01 2.198999999999999844e+00 8.135000000000000009e-01
2.400000000000000000e+01 4.629000000000000000e+03 -1.000000000000000000e+00 -1.000000000000000000e+00 -1.000000000000000000e+00 -1.000000000000000000e+00 -1.000000000000000000e+00 1.772550999999999931e+03 2.613690999999999804e+03 1.094000000000000083e+00 9.254999999999999893e-01 2.232499999999999929e+00 8.070000000000000506e-01
2.400000000000000000e+01 4.597000000000000000e+03 -1.000000000000000000e+00 -1.000000000000000000e+00 -1.000000000000000000e+00 -1.000000000000000000e+00 -1.000000000000000000e+00 1.790194999999999936e+03 2.584876000000000204e+03 9.459999999999999520e-01 9.170000000000000373e-01 2.227500000000000036e+00 7.890000000000000346e-01
2.400000000000000000e+01 4.630000000000000000e+03 -1.000000000000000000e+00 -1.000000000000000000e+00 -1.000000000000000000e+00 -1.000000000000000000e+00 -1.000000000000000000e+00 1.786171000000000049e+03 2.627063999999999851e+03 1.179000000000000048e+00 9.254999999999999893e-01 2.232499999999999929e+00 8.070000000000000506e-01
2.400000000000000000e+01 4.627000000000000000e+03 -1.000000000000000000e+00 -1.000000000000000000e+00 -1.000000000000000000e+00 -1.000000000000000000e+00 -1.000000000000000000e+00 1.777474999999999909e+03 2.605516999999999825e+03 8.659999999999999920e-01 9.915000000000000480e-01 2.289499999999999869e+00 7.800000000000000266e-01
2.400000000000000000e+01 4.601000000000000000e+03 -1.000000000000000000e+00 -1.000000000000000000e+00 -1.000000000000000000e+00 -1.000000000000000000e+00 -1.000000000000000000e+00 1.799858999999999924e+03 2.568820999999999913e+03 1.199000000000000066e+00 1.030000000000000027e+00 2.198999999999999844e+00 8.770000000000000018e-01
2.400000000000000000e+01 4.631000000000000000e+03 -1.000000000000000000e+00 -1.000000000000000000e+00 -1.000000000000000000e+00 -1.000000000000000000e+00 -1.000000000000000000e+00 1.776019000000000005e+03 2.628271000000000186e+03 1.008999999999999897e+00 1.038499999999999979e+00 2.236499999999999932e+00 8.189999999999999503e-01
2.400000000000000000e+01 4.617000000000000000e+03 -1.000000000000000000e+00 -1.000000000000000000e+00 -1.000000000000000000e+00 -1.000000000000000000e+00 -1.000000000000000000e+00 1.812976000000000113e+03 2.564789000000000215e+03 1.431999999999999940e+00 9.250000000000000444e-01 2.306999999999999940e+00 9.000000000000000222e-01
2.400000000000000000e+01 4.628000000000000000e+03 -1.000000000000000000e+00 -1.000000000000000000e+00 -1.000000000000000000e+00 -1.000000000000000000e+00 -1.000000000000000000e+00 1.800786000000000058e+03 2.582974000000000160e+03 1.080999999999999961e+00 9.294999999999999929e-01 2.201000000000000068e+00 7.650000000000000133e-01
2.400000000000000000e+01 4.625000000000000000e+03 -1.000000000000000000e+00 -1.000000000000000000e+00 -1.000000000000000000e+00 -1.000000000000000000e+00 -1.000000000000000000e+00 1.800579999999999927e+03 2.572679999999999836e+03 9.919999999999999929e-01 9.415000000000000036e-01 2.198999999999999844e+00 8.135000000000000009e-01
2.500000000000000000e+01 4.629000000000000000e+03 -1.000000000000000000e+00 -1.000000000000000000e+00 -1.000000000000000000e+00 -1.000000000000000000e+00 -1.000000000000000000e+00 1.772336000000000013e+03 2.615271999999999935e+03 1.118999999999999995e+00 9.254999999999999893e-01 2.232499999999999929e+00 8.070000000000000506e-01
2.500000000000000000e+01 4.597000000000000000e+03 -1.000000000000000000e+00 -1.000000000000000000e+00 -1.000000000000000000e+00 -1.000000000000000000e+00 -1.000000000000000000e+00 1.785537000000000035e+03 2.590559999999999945e+03 9.090000000000000302e-01 9.170000000000000373e-01 2.227500000000000036e+00 7.890000000000000346e-01
2.500000000000000000e+01 4.630000000000000000e+03 -1.000000000000000000e+00 -1.000000000000000000e+00 -1.000000000000000000e+00 -1.000000000000000000e+00 -1.000000000000000000e+00 1.784707000000000107e+03 2.625891999999999825e+03 1.018999999999999906e+00 9.254999999999999893e-01 2.232499999999999929e+00 8.070000000000000506e-01
2.500000000000000000e+01 4.627000000000000000e+03 -1.000000000000000000e+00 -1.000000000000000000e+00 -1.000000000000000000e+00 -1.000000000000000000e+00 -1.000000000000000000e+00 1.776479000000000042e+03 2.606777999999999793e+03 8.739999999999999991e-01 9.915000000000000480e-01 2.289499999999999869e+00 7.800000000000000266e-01
2.500000000000000000e+01 4.601000000000000000e+03 -1.000000000000000000e+00 -1.000000000000000000e+00 -1.000000000000000000e+00 -1.000000000000000000e+00 -1.000000000000000000e+00 1.795714999999999918e+03 2.573635999999999967e+03 1.114000000000000101e+00 1.030000000000000027e+00 2.198999999999999844e+00 8.770000000000000018e-01
2.500000000000000000e+01 4.631000000000000000e+03 -1.000000000000000000e+00 -1.000000000000000000e+00 -1.000000000000000000e+00 -1.000000000000000000e+00 -1.000000000000000000e+00 1.778902000000000044e+03 2.629498000000000047e+03 1.034000000000000030e+00 1.038499999999999979e+00 2.236499999999999932e+00 8.189999999999999503e-01
2.500000000000000000e+01 4.617000000000000000e+03 -1.000000000000000000e+00 -1.000000000000000000e+00 -1.000000000000000000e+00 -1.000000000000000000e+00 -1.000000000000000000e+00 1.812976000000000113e+03 2.564789000000000215e+03 1.499000000000000110e+00 9.250000000000000444e-01 2.306999999999999940e+00 9.000000000000000222e-01
2.500000000000000000e+01 4.628000000000000000e+03 -1.000000000000000000e+00 -1.000000000000000000e+00 -1.000000000000000000e+00 -1.000000000000000000e+00 -1.000000000000000000e+00 1.803182000000000016e+03 2.579896000000000186e+03 1.179999999999999938e+00 9.294999999999999929e-01 2.201000000000000068e+00 7.650000000000000133e-01
2.500000000000000000e+01 4.625000000000000000e+03 -1.000000000000000000e+00 -1.000000000000000000e+00 -1.000000000000000000e+00 -1.000000000000000000e+00 -1.000000000000000000e+00 1.795747000000000071e+03 2.578398999999999887e+03 9.010000000000000231e-01 9.415000000000000036e-01 2.198999999999999844e+00 8.135000000000000009e-01
2.500000000000000000e+01 4.633000000000000000e+03 -1.000000000000000000e+00 -1.000000000000000000e+00 -1.000000000000000000e+00 -1.000000000000000000e+00 -1.000000000000000000e+00 1.798482999999999947e+03 2.641818999999999960e+03 2.035000000000000142e+00 1.038499999999999979e+00 2.236499999999999932e+00 8.189999999999999503e-01
2.600000000000000000e+01 4.629000000000000000e+03 -1.000000000000000000e+00 -1.000000000000000000e+00 -1.000000000000000000e+00 -1.000000000000000000e+00 -1.000000000000000000e+00 1.772459000000000060e+03 2.617130999999999858e+03 1.118999999999999995e+00 9.254999999999999893e-01 2.232499999999999929e+00 8.070000000000000506e-01
2.600000000000000000e+01 4.597000000000000000e+03 -1.000000000000000000e+00 -1.000000000000000000e+00 -1.000000000000000000e+00 -1.000000000000000000e+00 -1.000000000000000000e+00 1.780844000000000051e+03 2.596289000000000215e+03 8.719999999999999973e-01 9.170000000000000373e-01 2.227500000000000036e+00 7.890000000000000346e-01
2.600000000000000000e+01 4.630000000000000000e+03 -1.000000000000000000e+00 -1.000000000000000000e+00 -1.000000000000000000e+00 -1.000000000000000000e+00 -1.000000000000000000e+00 1.782941000000000031e+03 2.624336999999999989e+03 8.569999999999999840e-01 9.254999999999999893e-01 2.232499999999999929e+00 8.070000000000000506e-01
2.600000000000000000e+01 4.627000000000000000e+03 -1.000000000000000000e+00 -1.000000000000000000e+00 -1.000000000000000000e+00 -1.000000000000000000e+00 -1.000000000000000000e+00 1.775474999999999909e+03 2.608050000000000182e+03 8.820000000000000062e-01 9.915000000000000480e-01 2.289499999999999869e+00 7.800000000000000266e-01
2.600000000000000000e+01 4.601000000000000000e+03 -1.000000000000000000e+00 -1.000000000000000000e+00 -1.000000000000000000e+00 -1.000000000000000000e+00 -1.000000000000000000e+00 1.791538999999999987e+03 2.578489000000000033e+03 1.028999999999999915e+00 1.030000000000000027e+00 2.198999999999999844e+00 8.770000000000000018e-01
2.600000000000000000e+01 4.631000000000000000e+03 -1.000000000000000000e+00 -1.000000000000000000e+00 -1.000000000000000000e+00 -1.000000000000000000e+00 -1.000000000000000000e+00 1.781507000000000062e+03 2.631280000000000200e+03 1.058999999999999941e+00 1.038499999999999979e+00 2.236499999999999932e+00 8.189999999999999503e-01
2.600000000000000000e+01 4.628000000000000000e+03 -1.000000000000000000e+00 -1.000000000000000000e+00 -1.000000000000000000e+00 -1.000000000000000000e+00 -1.000000000000000000e+00 1.804166999999999916e+03 2.578489999999999782e+03 1.179999999999999938e+00 9.294999999999999929e-01 2.201000000000000068e+00 7.650000000000000133e-01
2.600000000000000000e+01 4.625000000000000000e+03 -1.000000000000000000e+00 -1.000000000000000000e+00 -1.000000000000000000e+00 -1.000000000000000000e+00 -1.000000000000000000e+00 1.791007000000000062e+03 2.584173999999999978e+03 9.090000000000000302e-01 9.415000000000000036e-01 2.198999999999999844e+00 8.135000000000000009e-01
2.600000000000000000e+01 4.633000000000000000e+03 -1.000000000000000000e+00 -1.000000000000000000e+00 -1.000000000000000000e+00 -1.000000000000000000e+00 -1.000000000000000000e+00 1.798482999999999947e+03 2.641818999999999960e+03 1.965000000000000080e+00 1.038499999999999979e+00 2.236499999999999932e+00 8.189999999999999503e-01
2.700000000000000000e+01 4.629000000000000000e+03 -1.000000000000000000e+00 -1.000000000000000000e+00 -1.000000000000000000e+00 -1.000000000000000000e+00 -1.000000000000000000e+00 1.772913999999999987e+03 2.619523999999999887e+03 9.190000000000000391e-01 9.254999999999999893e-01 2.232499999999999929e+00 8.070000000000000506e-01
2.700000000000000000e+01 4.597000000000000000e+03 -1.000000000000000000e+00 -1.000000000000000000e+00 -1.000000000000000000e+00 -1.000000000000000000e+00 -1.000000000000000000e+00 1.776114000000000033e+03 2.602036999999999807e+03 7.830000000000000293e-01 9.170000000000000373e-01 2.227500000000000036e+00 7.890000000000000346e-01
2.700000000000000000e+01 4.630000000000000000e+03 -1.000000000000000000e+00 -1.000000000000000000e+00 -1.000000000000000000e+00 -1.000000000000000000e+00 -1.000000000000000000e+00 1.781321999999999889e+03 2.622635999999999967e+03 6.959999999999999520e-01 9.254999999999999893e-01 2.232499999999999929e+00 8.070000000000000506e-01
2.700000000000000000e+01 4.627000000000000000e+03 -1.000000000000000000e+00 -1.000000000000000000e+00 -1.000000000000000000e+00 -1.000000000000000000e+00 -1.000000000000000000e+00 1.774288999999999987e+03 2.609829000000000178e+03 8.910000000000000142e-01 9.915000000000000480e-01 2.289499999999999869e+00 7.800000000000000266e-01
2.700000000000000000e+01 4.601000000000000000e+03 -1.000000000000000000e+00 -1.000000000000000000e+00 -1.000000000000000000e+00 -1.000000000000000000e+00 -1.000000000000000000e+00 1.787372000000000071e+03 2.583329999999999927e+03 9.439999999999999503e-01 1.030000000000000027e+00 2.198999999999999844e+00 8.770000000000000018e-01
2.700000000000000000e+01 4.634000000000000000e+03 -1.000000000000000000e+00 -1.000000000000000000e+00 -1.000000000000000000e+00 -1.000000000000000000e+00 -1.000000000000000000e+00 1.786589999999999918e+03 2.630731000000000222e+03 1.108000000000000096e+00 1.038499999999999979e+00 2.236499999999999932e+00 8.189999999999999503e-01
2.700000000000000000e+01 4.631000000000000000e+03 -1.000000000000000000e+00 -1.000000000000000000e+00 -1.000000000000000000e+00 -1.000000000000000000e+00 -1.000000000000000000e+00 1.784650000000000091e+03 2.633925999999999931e+03 1.084000000000000075e+00 1.038499999999999979e+00 2.236499999999999932e+00 8.189999999999999503e-01
2.700000000000000000e+01 4.625000000000000000e+03 -1.000000000000000000e+00 -1.000000000000000000e+00 -1.000000000000000000e+00 -1.000000000000000000e+00 -1.000000000000000000e+00 1.786278000000000020e+03 2.589936000000000149e+03 8.169999999999999485e-01 9.415000000000000036e-01 2.198999999999999844e+00 8.135000000000000009e-01
2.700000000000000000e+01 4.633000000000000000e+03 -1.000000000000000000e+00 -1.000000000000000000e+00 -1.000000000000000000e+00 -1.000000000000000000e+00 -1.000000000000000000e+00 1.798482999999999947e+03 2.641818999999999960e+03 2.061502123573364820e+00 1.038499999999999979e+00 2.236499999999999932e+00 8.189999999999999503e-01
2.800000000000000000e+01 4.629000000000000000e+03 -1.000000000000000000e+00 -1.000000000000000000e+00 -1.000000000000000000e+00 -1.000000000000000000e+00 -1.000000000000000000e+00 1.773849999999999909e+03 2.621809999999999945e+03 8.689999999999999947e-01 9.254999999999999893e-01 2.232499999999999929e+00 8.070000000000000506e-01
2.800000000000000000e+01 4.597000000000000000e+03 -1.000000000000000000e+00 -1.000000000000000000e+00 -1.000000000000000000e+00 -1.000000000000000000e+00 -1.000000000000000000e+00 1.771449000000000069e+03 2.607757999999999811e+03 7.940000000000000391e-01 9.170000000000000373e-01 2.227500000000000036e+00 7.890000000000000346e-01
2.800000000000000000e+01 4.630000000000000000e+03 -1.000000000000000000e+00 -1.000000000000000000e+00 -1.000000000000000000e+00 -1.000000000000000000e+00 -1.000000000000000000e+00 1.780055000000000064e+03 2.620367000000000189e+03 7.189999999999999725e-01 9.254999999999999893e-01 2.232499999999999929e+00 8.070000000000000506e-01
2.800000000000000000e+01 4.627000000000000000e+03 -1.000000000000000000e+00 -1.000000000000000000e+00 -1.000000000000000000e+00 -1.000000000000000000e+00 -1.000000000000000000e+00 1.773328999999999951e+03 2.611739999999999782e+03 8.990000000000000213e-01 9.915000000000000480e-01 2.289499999999999869e+00 7.800000000000000266e-01
2.800000000000000000e+01 4.601000000000000000e+03 -1.000000000000000000e+00 -1.000000000000000000e+00 -1.000000000000000000e+00 -1.000000000000000000e+00 -1.000000000000000000e+00 1.783843000000000075e+03 2.587521999999999935e+03 8.840000000000000080e-01 1.030000000000000027e+00 2.198999999999999844e+00 8.770000000000000018e-01
2.800000000000000000e+01 4.634000000000000000e+03 -1.000000000000000000e+00 -1.000000000000000000e+00 -1.000000000000000000e+00 -1.000000000000000000e+00 -1.000000000000000000e+00 1.786781999999999925e+03 2.630657000000000153e+03 1.207999999999999963e+00 1.038499999999999979e+00 2.236499999999999932e+00 8.189999999999999503e-01
2.800000000000000000e+01 4.631000000000000000e+03 -1.000000000000000000e+00 -1.000000000000000000e+00 -1.000000000000000000e+00 -1.000000000000000000e+00 -1.000000000000000000e+00 1.788068999999999960e+03 2.636869000000000142e+03 1.409000000000000030e+00 1.038499999999999979e+00 2.236499999999999932e+00 8.189999999999999503e-01
2.800000000000000000e+01 4.625000000000000000e+03 -1.000000000000000000e+00 -1.000000000000000000e+00 -1.000000000000000000e+00 -1.000000000000000000e+00 -1.000000000000000000e+00 1.781386999999999944e+03 2.595818999999999960e+03 7.510000000000000009e-01 9.415000000000000036e-01 2.198999999999999844e+00 8.135000000000000009e-01
2.800000000000000000e+01 4.633000000000000000e+03 -1.000000000000000000e+00 -1.000000000000000000e+00 -1.000000000000000000e+00 -1.000000000000000000e+00 -1.000000000000000000e+00 1.798482999999999947e+03 2.641818999999999960e+03 2.157999999999999918e+00 1.038499999999999979e+00 2.236499999999999932e+00 8.189999999999999503e-01
2.900000000000000000e+01 4.635000000000000000e+03 -1.000000000000000000e+00 -1.000000000000000000e+00 -1.000000000000000000e+00 -1.000000000000000000e+00 -1.000000000000000000e+00 1.792776000000000067e+03 2.636188999999999851e+03 1.520000000000000018e+00 1.038499999999999979e+00 2.236499999999999932e+00 8.189999999999999503e-01
2.900000000000000000e+01 4.629000000000000000e+03 -1.000000000000000000e+00 -1.000000000000000000e+00 -1.000000000000000000e+00 -1.000000000000000000e+00 -1.000000000000000000e+00 1.775451999999999998e+03 2.624413000000000011e+03 9.190000000000000391e-01 9.254999999999999893e-01 2.232499999999999929e+00 8.070000000000000506e-01
2.900000000000000000e+01 4.597000000000000000e+03 -1.000000000000000000e+00 -1.000000000000000000e+00 -1.000000000000000000e+00 -1.000000000000000000e+00 -1.000000000000000000e+00 1.766827999999999975e+03 2.613425000000000182e+03 7.550000000000000044e-01 9.170000000000000373e-01 2.227500000000000036e+00 7.890000000000000346e-01
2.900000000000000000e+01 4.630000000000000000e+03 -1.000000000000000000e+00 -1.000000000000000000e+00 -1.000000000000000000e+00 -1.000000000000000000e+00 -1.000000000000000000e+00 1.779282999999999902e+03 2.617688999999999851e+03 7.079999999999999627e-01 9.254999999999999893e-01 2.232499999999999929e+00 8.070000000000000506e-01
2.900000000000000000e+01 4.627000000000000000e+03 -1.000000000000000000e+00 -1.000000000000000000e+00 -1.000000000000000000e+00 -1.000000000000000000e+00 -1.000000000000000000e+00 1.772609999999999900e+03 2.613751999999999953e+03 9.070000000000000284e-01 9.915000000000000480e-01 2.289499999999999869e+00 7.800000000000000266e-01
2.900000000000000000e+01 4.601000000000000000e+03 -1.000000000000000000e+00 -1.000000000000000000e+00 -1.000000000000000000e+00 -1.000000000000000000e+00 -1.000000000000000000e+00 1.780318999999999960e+03 2.591710000000000036e+03 8.239999999999999547e-01 1.030000000000000027e+00 2.198999999999999844e+00 8.770000000000000018e-01
2.900000000000000000e+01 4.631000000000000000e+03 -1.000000000000000000e+00 -1.000000000000000000e+00 -1.000000000000000000e+00 -1.000000000000000000e+00 -1.000000000000000000e+00 1.791482999999999947e+03 2.639809000000000196e+03 1.733999999999999986e+00 1.038499999999999979e+00 2.236499999999999932e+00 8.189999999999999503e-01
2.900000000000000000e+01 4.625000000000000000e+03 -1.000000000000000000e+00 -1.000000000000000000e+00 -1.000000000000000000e+00 -1.000000000000000000e+00 -1.000000000000000000e+00 1.776534000000000106e+03 2.601702000000000226e+03 7.239999999999999769e-01 9.415000000000000036e-01 2.198999999999999844e+00 8.135000000000000009e-01
2.900000000000000000e+01 4.633000000000000000e+03 -1.000000000000000000e+00 -1.000000000000000000e+00 -1.000000000000000000e+00 -1.000000000000000000e+00 -1.000000000000000000e+00 1.798482999999999947e+03 2.641818999999999960e+03 2.096000000000000085e+00 1.038499999999999979e+00 2.236499999999999932e+00 8.189999999999999503e-01
2.900000000000000000e+01 4.634000000000000000e+03 -1.000000000000000000e+00 -1.000000000000000000e+00 -1.000000000000000000e+00 -1.000000000000000000e+00 -1.000000000000000000e+00 1.786768493150040740e+03 2.630672507864768249e+03 1.132961944669901966e+00 1.038499999999999979e+00 2.236499999999999932e+00 8.189999999999999503e-01
3.000000000000000000e+01 4.635000000000000000e+03 -1.000000000000000000e+00 -1.000000000000000000e+00 -1.000000000000000000e+00 -1.000000000000000000e+00 -1.000000000000000000e+00 1.792807999999999993e+03 2.636219000000000051e+03 1.427000000000000046e+00 1.038499999999999979e+00 2.236499999999999932e+00 8.189999999999999503e-01
3.000000000000000000e+01 4.629000000000000000e+03 -1.000000000000000000e+00 -1.000000000000000000e+00 -1.000000000000000000e+00 -1.000000000000000000e+00 -1.000000000000000000e+00 1.777643000000000029e+03 2.627289999999999964e+03 8.189999999999999503e-01 9.254999999999999893e-01 2.232499999999999929e+00 8.070000000000000506e-01
3.000000000000000000e+01 4.597000000000000000e+03 -1.000000000000000000e+00 -1.000000000000000000e+00 -1.000000000000000000e+00 -1.000000000000000000e+00 -1.000000000000000000e+00 1.762263999999999896e+03 2.619018999999999778e+03 7.830000000000000293e-01 9.170000000000000373e-01 2.227500000000000036e+00 7.890000000000000346e-01
3.000000000000000000e+01 4.630000000000000000e+03 -1.000000000000000000e+00 -1.000000000000000000e+00 -1.000000000000000000e+00 -1.000000000000000000e+00 -1.000000000000000000e+00 1.779247000000000071e+03 2.614898999999999887e+03 6.969999999999999529e-01 9.254999999999999893e-01 2.232499999999999929e+00 8.070000000000000506e-01
3.000000000000000000e+01 4.627000000000000000e+03 -1.000000000000000000e+00 -1.000000000000000000e+00 -1.000000000000000000e+00 -1.000000000000000000e+00 -1.000000000000000000e+00 1.772373000000000047e+03 2.616572000000000116e+03 8.159999999999999476e-01 9.915000000000000480e-01 2.289499999999999869e+00 7.800000000000000266e-01
3.000000000000000000e+01 4.601000000000000000e+03 -1.000000000000000000e+00 -1.000000000000000000e+00 -1.000000000000000000e+00 -1.000000000000000000e+00 -1.000000000000000000e+00 1.776790999999999940e+03 2.595900999999999840e+03 7.640000000000000124e-01 1.030000000000000027e+00 2.198999999999999844e+00 8.770000000000000018e-01
3.000000000000000000e+01 4.634000000000000000e+03 -1.000000000000000000e+00 -1.000000000000000000e+00 -1.000000000000000000e+00 -1.000000000000000000e+00 -1.000000000000000000e+00 1.786755000000000109e+03 2.630688000000000102e+03 1.058000000000000052e+00 1.038499999999999979e+00 2.236499999999999932e+00 8.189999999999999503e-01
3.000000000000000000e+01 4.631000000000000000e+03 -1.000000000000000000e+00 -1.000000000000000000e+00 -1.000000000000000000e+00 -1.000000000000000000e+00 -1.000000000000000000e+00 1.795151000000000067e+03 2.643170000000000073e+03 1.883999999999999897e+00 1.038499999999999979e+00 2.236499999999999932e+00 8.189999999999999503e-01
3.000000000000000000e+01 4.625000000000000000e+03 -1.000000000000000000e+00 -1.000000000000000000e+00 -1.000000000000000000e+00 -1.000000000000000000e+00 -1.000000000000000000e+00 1.771674999999999955e+03 2.607592000000000098e+03 6.969999999999999529e-01 9.415000000000000036e-01 2.198999999999999844e+00 8.135000000000000009e-01
3.000000000000000000e+01 4.633000000000000000e+03 -1.000000000000000000e+00 -1.000000000000000000e+00 -1.000000000000000000e+00 -1.000000000000000000e+00 -1.000000000000000000e+00 1.798482999999999947e+03 2.641818999999999960e+03 1.933999999999999941e+00 1.038499999999999979e+00 2.236499999999999932e+00 8.189999999999999503e-01
3.100000000000000000e+01 4.635000000000000000e+03 -1.000000000000000000e+00 -1.000000000000000000e+00 -1.000000000000000000e+00 -1.000000000000000000e+00 -1.000000000000000000e+00 1.792840999999999894e+03 2.636248999999999796e+03 1.334000000000000075e+00 1.038499999999999979e+00 2.236499999999999932e+00 8.189999999999999503e-01
3.100000000000000000e+01 4.629000000000000000e+03 -1.000000000000000000e+00 -1.000000000000000000e+00 -1.000000000000000000e+00 -1.000000000000000000e+00 -1.000000000000000000e+00 1.779855000000000018e+03 2.629873999999999796e+03 8.349999999999999645e-01 9.254999999999999893e-01 2.232499999999999929e+00 8.070000000000000506e-01
3.100000000000000000e+01 4.597000000000000000e+03 -1.000000000000000000e+00 -1.000000000000000000e+00 -1.000000000000000000e+00 -1.000000000000000000e+00 -1.000000000000000000e+00 1.757782999999999902e+03 2.624693999999999960e+03 8.110000000000000542e-01 9.170000000000000373e-01 2.227500000000000036e+00 7.890000000000000346e-01
3.100000000000000000e+01 4.630000000000000000e+03 -1.000000000000000000e+00 -1.000000000000000000e+00 -1.000000000000000000e+00 -1.000000000000000000e+00 -1.000000000000000000e+00 1.779949000000000069e+03 2.612202999999999975e+03 6.860000000000000542e-01 9.254999999999999893e-01 2.232499999999999929e+00 8.070000000000000506e-01
3.100000000000000000e+01 4.627000000000000000e+03 -1.000000000000000000e+00 -1.000000000000000000e+00 -1.000000000000000000e+00 -1.000000000000000000e+00 -1.000000000000000000e+00 1.772824000000000069e+03 2.619362000000000080e+03 7.239999999999999769e-01 9.915000000000000480e-01 2.289499999999999869e+00 7.800000000000000266e-01
3.100000000000000000e+01 4.601000000000000000e+03 -1.000000000000000000e+00 -1.000000000000000000e+00 -1.000000000000000000e+00 -1.000000000000000000e+00 -1.000000000000000000e+00 1.773267000000000053e+03 2.600088999999999942e+03 7.039999999999999591e-01 1.030000000000000027e+00 2.198999999999999844e+00 8.770000000000000018e-01
3.100000000000000000e+01 4.625000000000000000e+03 -1.000000000000000000e+00 -1.000000000000000000e+00 -1.000000000000000000e+00 -1.000000000000000000e+00 -1.000000000000000000e+00 1.766821999999999889e+03 2.613474999999999909e+03 6.710000000000000409e-01 9.415000000000000036e-01 2.198999999999999844e+00 8.135000000000000009e-01
3.100000000000000000e+01 4.633000000000000000e+03 -1.000000000000000000e+00 -1.000000000000000000e+00 -1.000000000000000000e+00 -1.000000000000000000e+00 -1.000000000000000000e+00 1.798482999999999947e+03 2.641818999999999960e+03 1.834000000000000075e+00 1.038499999999999979e+00 2.236499999999999932e+00 8.189999999999999503e-01
3.100000000000000000e+01 4.634000000000000000e+03 -1.000000000000000000e+00 -1.000000000000000000e+00 -1.000000000000000000e+00 -1.000000000000000000e+00 -1.000000000000000000e+00 1.786726974150189562e+03 2.630718027696225818e+03 9.966100432718127955e-01 1.038499999999999979e+00 2.236499999999999932e+00 8.189999999999999503e-01
3.200000000000000000e+01 4.629000000000000000e+03 -1.000000000000000000e+00 -1.000000000000000000e+00 -1.000000000000000000e+00 -1.000000000000000000e+00 -1.000000000000000000e+00 1.783150000000000091e+03 2.633137999999999920e+03 8.519999999999999796e-01 9.254999999999999893e-01 2.232499999999999929e+00 8.070000000000000506e-01
3.200000000000000000e+01 4.597000000000000000e+03 -1.000000000000000000e+00 -1.000000000000000000e+00 -1.000000000000000000e+00 -1.000000000000000000e+00 -1.000000000000000000e+00 1.753338999999999942e+03 2.630322999999999865e+03 8.379999999999999671e-01 9.170000000000000373e-01 2.227500000000000036e+00 7.890000000000000346e-01
3.200000000000000000e+01 4.630000000000000000e+03 -1.000000000000000000e+00 -1.000000000000000000e+00 -1.000000000000000000e+00 -1.000000000000000000e+00 -1.000000000000000000e+00 1.781402000000000044e+03 2.609585000000000036e+03 7.249999999999999778e-01 9.254999999999999893e-01 2.232499999999999929e+00 8.070000000000000506e-01
3.200000000000000000e+01 4.627000000000000000e+03 -1.000000000000000000e+00 -1.000000000000000000e+00 -1.000000000000000000e+00 -1.000000000000000000e+00 -1.000000000000000000e+00 1.774203999999999951e+03 2.622894999999999982e+03 6.570000000000000284e-01 9.915000000000000480e-01 2.289499999999999869e+00 7.800000000000000266e-01
3.200000000000000000e+01 4.601000000000000000e+03 -1.000000000000000000e+00 -1.000000000000000000e+00 -1.000000000000000000e+00 -1.000000000000000000e+00 -1.000000000000000000e+00 1.769400000000000091e+03 2.604900999999999840e+03 6.939999999999999503e-01 1.030000000000000027e+00 2.198999999999999844e+00 8.770000000000000018e-01
3.200000000000000000e+01 4.625000000000000000e+03 -1.000000000000000000e+00 -1.000000000000000000e+00 -1.000000000000000000e+00 -1.000000000000000000e+00 -1.000000000000000000e+00 1.762141000000000076e+03 2.619206999999999880e+03 6.610000000000000320e-01 9.415000000000000036e-01 2.198999999999999844e+00 8.135000000000000009e-01
3.200000000000000000e+01 4.633000000000000000e+03 -1.000000000000000000e+00 -1.000000000000000000e+00 -1.000000000000000000e+00 -1.000000000000000000e+00 -1.000000000000000000e+00 1.798421000000000049e+03 2.641887000000000171e+03 1.834000000000000075e+00 1.038499999999999979e+00 2.236499999999999932e+00 8.189999999999999503e-01
3.200000000000000000e+01 4.634000000000000000e+03 -1.000000000000000000e+00 -1.000000000000000000e+00 -1.000000000000000000e+00 -1.000000000000000000e+00 -1.000000000000000000e+00 1.786740994617343631e+03 2.630703005767131799e+03 1.027321542752737571e+00 1.038499999999999979e+00 2.236499999999999932e+00 8.189999999999999503e-01
3.300000000000000000e+01 4.597000000000000000e+03 -1.000000000000000000e+00 -1.000000000000000000e+00 -1.000000000000000000e+00 -1.000000000000000000e+00 -1.000000000000000000e+00 1.748898999999999887e+03 2.635947000000000116e+03 8.659999999999999920e-01 9.170000000000000373e-01 2.227500000000000036e+00 7.890000000000000346e-01
3.300000000000000000e+01 4.630000000000000000e+03 -1.000000000000000000e+00 -1.000000000000000000e+00 -1.000000000000000000e+00 -1.000000000000000000e+00 -1.000000000000000000e+00 1.783371000000000095e+03 2.606364999999999782e+03 7.389999999999999902e-01 9.254999999999999893e-01 2.232499999999999929e+00 8.070000000000000506e-01
3.300000000000000000e+01 4.627000000000000000e+03 -1.000000000000000000e+00 -1.000000000000000000e+00 -1.000000000000000000e+00 -1.000000000000000000e+00 -1.000000000000000000e+00 1.776145999999999958e+03 2.626148999999999887e+03 5.899999999999999689e-01 9.915000000000000480e-01 2.289499999999999869e+00 7.800000000000000266e-01
3.300000000000000000e+01 4.601000000000000000e+03 -1.000000000000000000e+00 -1.000000000000000000e+00 -1.000000000000000000e+00 -1.000000000000000000e+00 -1.000000000000000000e+00 1.765537000000000035e+03 2.609708000000000084e+03 6.840000000000000524e-01 1.030000000000000027e+00 2.198999999999999844e+00 8.770000000000000018e-01
3.300000000000000000e+01 4.634000000000000000e+03 -1.000000000000000000e+00 -1.000000000000000000e+00 -1.000000000000000000e+00 -1.000000000000000000e+00 -1.000000000000000000e+00 1.786712999999999965e+03 2.630733000000000175e+03 9.659999999999999698e-01 1.038499999999999979e+00 2.236499999999999932e+00 8.189999999999999503e-01
3.300000000000000000e+01 4.625000000000000000e+03 -1.000000000000000000e+00 -1.000000000000000000e+00 -1.000000000000000000e+00 -1.000000000000000000e+00 -1.000000000000000000e+00 1.757547000000000025e+03 2.624934999999999945e+03 7.009999999999999565e-01 9.415000000000000036e-01 2.198999999999999844e+00 8.135000000000000009e-01
3.400000000000000000e+01 4.597000000000000000e+03 -1.000000000000000000e+00 -1.000000000000000000e+00 -1.000000000000000000e+00 -1.000000000000000000e+00 -1.000000000000000000e+00 1.744463999999999942e+03 2.641563999999999851e+03 8.940000000000000169e-01 9.170000000000000373e-01 2.227500000000000036e+00 7.890000000000000346e-01
3.400000000000000000e+01 4.627000000000000000e+03 -1.000000000000000000e+00 -1.000000000000000000e+00 -1.000000000000000000e+00 -1.000000000000000000e+00 -1.000000000000000000e+00 1.778554000000000087e+03 2.629327999999999975e+03 7.730000000000000204e-01 9.915000000000000480e-01 2.289499999999999869e+00 7.800000000000000266e-01
3.400000000000000000e+01 4.601000000000000000e+03 -1.000000000000000000e+00 -1.000000000000000000e+00 -1.000000000000000000e+00 -1.000000000000000000e+00 -1.000000000000000000e+00 1.761678000000000111e+03 2.614510999999999967e+03 6.740000000000000435e-01 1.030000000000000027e+00 2.198999999999999844e+00 8.770000000000000018e-01
3.400000000000000000e+01 4.634000000000000000e+03 -1.000000000000000000e+00 -1.000000000000000000e+00 -1.000000000000000000e+00 -1.000000000000000000e+00 -1.000000000000000000e+00 1.786699000000000069e+03 2.630748000000000047e+03 9.579999999999999627e-01 1.038499999999999979e+00 2.236499999999999932e+00 8.189999999999999503e-01
3.400000000000000000e+01 4.625000000000000000e+03 -1.000000000000000000e+00 -1.000000000000000000e+00 -1.000000000000000000e+00 -1.000000000000000000e+00 -1.000000000000000000e+00 1.753041999999999916e+03 2.630543999999999869e+03 6.909999999999999476e-01 9.415000000000000036e-01 2.198999999999999844e+00 8.135000000000000009e-01
3.500000000000000000e+01 4.597000000000000000e+03 -1.000000000000000000e+00 -1.000000000000000000e+00 -1.000000000000000000e+00 -1.000000000000000000e+00 -1.000000000000000000e+00 1.740107999999999947e+03 2.647083999999999833e+03 9.220000000000000417e-01 9.170000000000000373e-01 2.227500000000000036e+00 7.890000000000000346e-01
3.500000000000000000e+01 4.627000000000000000e+03 -1.000000000000000000e+00 -1.000000000000000000e+00 -1.000000000000000000e+00 -1.000000000000000000e+00 -1.000000000000000000e+00 1.781233999999999924e+03 2.632288000000000011e+03 9.559999999999999609e-01 9.915000000000000480e-01 2.289499999999999869e+00 7.800000000000000266e-01
3.500000000000000000e+01 4.601000000000000000e+03 -1.000000000000000000e+00 -1.000000000000000000e+00 -1.000000000000000000e+00 -1.000000000000000000e+00 -1.000000000000000000e+00 1.757816000000000031e+03 2.619318000000000211e+03 6.640000000000000346e-01 1.030000000000000027e+00 2.198999999999999844e+00 8.770000000000000018e-01
3.500000000000000000e+01 4.625000000000000000e+03 -1.000000000000000000e+00 -1.000000000000000000e+00 -1.000000000000000000e+00 -1.000000000000000000e+00 -1.000000000000000000e+00 1.748609999999999900e+03 2.636065000000000055e+03 6.810000000000000497e-01 9.415000000000000036e-01 2.198999999999999844e+00 8.135000000000000009e-01
3.600000000000000000e+01 4.597000000000000000e+03 -1.000000000000000000e+00 -1.000000000000000000e+00 -1.000000000000000000e+00 -1.000000000000000000e+00 -1.000000000000000000e+00 1.735636999999999944e+03 2.652706000000000131e+03 9.379999999999999449e-01 9.170000000000000373e-01 2.227500000000000036e+00 7.890000000000000346e-01
3.600000000000000000e+01 4.601000000000000000e+03 -1.000000000000000000e+00 -1.000000000000000000e+00 -1.000000000000000000e+00 -1.000000000000000000e+00 -1.000000000000000000e+00 1.753976000000000113e+03 2.624135000000000218e+03 6.640000000000000346e-01 1.030000000000000027e+00 2.198999999999999844e+00 8.770000000000000018e-01
3.600000000000000000e+01 4.625000000000000000e+03 -1.000000000000000000e+00 -1.000000000000000000e+00 -1.000000000000000000e+00 -1.000000000000000000e+00 -1.000000000000000000e+00 1.744208000000000084e+03 2.641619999999999891e+03 6.710000000000000409e-01 9.415000000000000036e-01 2.198999999999999844e+00 8.135000000000000009e-01
3.700000000000000000e+01 4.597000000000000000e+03 -1.000000000000000000e+00 -1.000000000000000000e+00 -1.000000000000000000e+00 -1.000000000000000000e+00 -1.000000000000000000e+00 1.731170000000000073e+03 2.658322000000000116e+03 9.549999999999999600e-01 9.170000000000000373e-01 2.227500000000000036e+00 7.890000000000000346e-01
3.700000000000000000e+01 4.601000000000000000e+03 -1.000000000000000000e+00 -1.000000000000000000e+00 -1.000000000000000000e+00 -1.000000000000000000e+00 -1.000000000000000000e+00 1.750140000000000100e+03 2.628947000000000116e+03 6.640000000000000346e-01 1.030000000000000027e+00 2.198999999999999844e+00 8.770000000000000018e-01
3.700000000000000000e+01 4.625000000000000000e+03 -1.000000000000000000e+00 -1.000000000000000000e+00 -1.000000000000000000e+00 -1.000000000000000000e+00 -1.000000000000000000e+00 1.739920000000000073e+03 2.646961999999999989e+03 6.939999999999999503e-01 9.415000000000000036e-01 2.198999999999999844e+00 8.135000000000000009e-01
3.800000000000000000e+01 4.597000000000000000e+03 -1.000000000000000000e+00 -1.000000000000000000e+00 -1.000000000000000000e+00 -1.000000000000000000e+00 -1.000000000000000000e+00 1.726699000000000069e+03 2.663943999999999960e+03 9.719999999999999751e-01 9.170000000000000373e-01 2.227500000000000036e+00 7.890000000000000346e-01
3.800000000000000000e+01 4.601000000000000000e+03 -1.000000000000000000e+00 -1.000000000000000000e+00 -1.000000000000000000e+00 -1.000000000000000000e+00 -1.000000000000000000e+00 1.746300999999999931e+03 2.633764000000000124e+03 6.640000000000000346e-01 1.030000000000000027e+00 2.198999999999999844e+00 8.770000000000000018e-01
3.800000000000000000e+01 4.625000000000000000e+03 -1.000000000000000000e+00 -1.000000000000000000e+00 -1.000000000000000000e+00 -1.000000000000000000e+00 -1.000000000000000000e+00 1.735665999999999940e+03 2.652262999999999920e+03 7.179999999999999716e-01 9.415000000000000036e-01 2.198999999999999844e+00 8.135000000000000009e-01
3.900000000000000000e+01 4.597000000000000000e+03 -1.000000000000000000e+00 -1.000000000000000000e+00 -1.000000000000000000e+00 -1.000000000000000000e+00 -1.000000000000000000e+00 1.722337999999999965e+03 2.669644999999999982e+03 9.469999999999999529e-01 9.170000000000000373e-01 2.227500000000000036e+00 7.890000000000000346e-01
3.900000000000000000e+01 4.601000000000000000e+03 -1.000000000000000000e+00 -1.000000000000000000e+00 -1.000000000000000000e+00 -1.000000000000000000e+00 -1.000000000000000000e+00 1.742457000000000107e+03 2.638586999999999989e+03 6.640000000000000346e-01 1.030000000000000027e+00 2.198999999999999844e+00 8.770000000000000018e-01
3.900000000000000000e+01 4.625000000000000000e+03 -1.000000000000000000e+00 -1.000000000000000000e+00 -1.000000000000000000e+00 -1.000000000000000000e+00 -1.000000000000000000e+00 1.731444999999999936e+03 2.657523999999999887e+03 7.409999999999999920e-01 9.415000000000000036e-01 2.198999999999999844e+00 8.135000000000000009e-01
4.000000000000000000e+01 4.597000000000000000e+03 -1.000000000000000000e+00 -1.000000000000000000e+00 -1.000000000000000000e+00 -1.000000000000000000e+00 -1.000000000000000000e+00 1.717987000000000080e+03 2.675333000000000084e+03 9.220000000000000417e-01 9.170000000000000373e-01 2.227500000000000036e+00 7.890000000000000346e-01
4.000000000000000000e+01 4.601000000000000000e+03 -1.000000000000000000e+00 -1.000000000000000000e+00 -1.000000000000000000e+00 -1.000000000000000000e+00 -1.000000000000000000e+00 1.738621000000000095e+03 2.643398999999999887e+03 6.640000000000000346e-01 1.030000000000000027e+00 2.198999999999999844e+00 8.770000000000000018e-01
4.000000000000000000e+01 4.625000000000000000e+03 -1.000000000000000000e+00 -1.000000000000000000e+00 -1.000000000000000000e+00 -1.000000000000000000e+00 -1.000000000000000000e+00 1.727385999999999967e+03 2.662635999999999967e+03 7.479999999999999982e-01 9.415000000000000036e-01 2.198999999999999844e+00 8.135000000000000009e-01
