2.200000000000000000e+01 4.673000000000000000e+03 -1.000000000000000000e+00 -1.000000000000000000e+00 -1.000000000000000000e+00 -1.000000000000000000e+00 -1.000000000000000000e+00 1.613599999999999909e+03 2.802012000000000171e+03 2.700000000000000178e-01 2.419999999999999929e-01 8.479999999999999760e-01 5.170000000000000151e-01
2.300000000000000000e+01 4.673000000000000000e+03 -1.000000000000000000e+00 -1.000000000000000000e+00 -1.000000000000000000e+00 -1.000000000000000000e+00 -1.000000000000000000e+00 1.613635999999999967e+03 2.801976999999999862e+03 2.700000000000000178e-01 2.419999999999999929e-01 8.479999999999999760e-01 5.170000000000000151e-01
2.400000000000000000e+01 4.673000000000000000e+03 -1.000000000000000000e+00 -1.000000000000000000e+00 -1.000000000000000000e+00 -1.000000000000000000e+00 -1.000000000000000000e+00 1.613692000000000007e+03 2.801958000000000084e+03 2.700000000000000178e-01 2.419999999999999929e-01 8.479999999999999760e-01 5.170000000000000151e-01
2.500000000000000000e+01 4.673000000000000000e+03 -1.000000000000000000e+00 -1.000000000000000000e+00 -1.000000000000000000e+00 -1.000000000000000000e+00 -1.000000000000000000e+00 1.613848999999999933e+03 2.801869999999999891e+03 3.719999999999999973e-01 2.419999999999999929e-01 8.479999999999999760e-01 5.170000000000000151e-01
2.600000000000000000e+01 4.675000000000000000e+03 -1.000000000000000000e+00 -1.000000000000000000e+00 -1.000000000000000000e+00 -1.000000000000000000e+00 -1.000000000000000000e+00 1.630548000000000002e+03 2.822865999999999985e+03 8.269999999999999574e-01 3.910000000000000142e-01 1.004000000000000004e+00 9.180000000000000382e-01
2.600000000000000000e+01 4.673000000000000000e+03 -1.000000000000000000e+00 -1.000000000000000000e+00 -1.000000000000000000e+00 -1.000000000000000000e+00 -1.000000000000000000e+00 1.613777000000000044e+03 2.802005000000000109e+03 3.980000000000000204e-01 2.419999999999999929e-01 8.479999999999999760e-01 5.170000000000000151e-01
2.700000000000000000e+01 4.675000000000000000e+03 -1.000000000000000000e+00 -1.000000000000000000e+00 -1.000000000000000000e+00 -1.000000000000000000e+00 -1.000000000000000000e+00 1.632010999999999967e+03 2.821012000000000171e+03 8.870000000000000107e-01 3.910000000000000142e-01 1.004000000000000004e+00 9.180000000000000382e-01
2.700000000000000000e+01 4.673000000000000000e+03 -1.000000000000000000e+00 -1.000000000000000000e+00 -1.000000000000000000e+00 -1.000000000000000000e+00 -1.000000000000000000e+00 1.613707000000000107e+03 2.802141000000000076e+03 4.239999999999999880e-01 2.419999999999999929e-01 8.479999999999999760e-01 5.170000000000000151e-01
2.800000000000000000e+01 4.675000000000000000e+03 -1.000000000000000000e+00 -1.000000000000000000e+00 -1.000000000000000000e+00 -1.000000000000000000e+00 -1.000000000000000000e+00 1.633545000000000073e+03 2.818920000000000073e+03 9.529999999999999583e-01 3.910000000000000142e-01 1.004000000000000004e+00 9.180000000000000382e-01
2.800000000000000000e+01 4.673000000000000000e+03 -1.000000000000000000e+00 -1.000000000000000000e+00 -1.000000000000000000e+00 -1.000000000000000000e+00 -1.000000000000000000e+00 1.613728000000000065e+03 2.802137000000000171e+03 4.169999999999999818e-01 2.419999999999999929e-01 8.479999999999999760e-01 5.170000000000000151e-01
2.900000000000000000e+01 4.675000000000000000e+03 -1.000000000000000000e+00 -1.000000000000000000e+00 -1.000000000000000000e+00 -1.000000000000000000e+00 -1.000000000000000000e+00 1.634978000000000065e+03 2.817065000000000055e+03 1.036000000000000032e+00 3.910000000000000142e-01 1.004000000000000004e+00 9.180000000000000382e-01
2.900000000000000000e+01 4.673000000000000000e+03 -1.000000000000000000e+00 -1.000000000000000000e+00 -1.000000000000000000e+00 -1.000000000000000000e+00 -1.000000000000000000e+00 1.613747000000000071e+03 2.802132999999999811e+03 4.099999999999999756e-01 2.419999999999999929e-01 8.479999999999999760e-01 5.170000000000000151e-01
3.000000000000000000e+01 4.675000000000000000e+03 -1.000000000000000000e+00 -1.000000000000000000e+00 -1.000000000000000000e+00 -1.000000000000000000e+00 -1.000000000000000000e+00 1.636311999999999898e+03 2.815137000000000171e+03 1.118999999999999995e+00 3.910000000000000142e-01 1.004000000000000004e+00 9.180000000000000382e-01
3.000000000000000000e+01 4.673000000000000000e+03 -1.000000000000000000e+00 -1.000000000000000000e+00 -1.000000000000000000e+00 -1.000000000000000000e+00 -1.000000000000000000e+00 1.613780999999999949e+03 2.802072999999999865e+03 4.590000000000000191e-01 2.419999999999999929e-01 8.479999999999999760e-01 5.170000000000000151e-01
3.100000000000000000e+01 4.675000000000000000e+03 -1.000000000000000000e+00 -1.000000000000000000e+00 -1.000000000000000000e+00 -1.000000000000000000e+00 -1.000000000000000000e+00 1.637373000000000047e+03 2.813213999999999942e+03 1.177000000000000046e+00 3.910000000000000142e-01 1.004000000000000004e+00 9.180000000000000382e-01
3.100000000000000000e+01 4.673000000000000000e+03 -1.000000000000000000e+00 -1.000000000000000000e+00 -1.000000000000000000e+00 -1.000000000000000000e+00 -1.000000000000000000e+00 1.613836000000000013e+03 2.801976000000000113e+03 4.749999999999999778e-01 2.419999999999999929e-01 8.479999999999999760e-01 5.170000000000000151e-01
3.200000000000000000e+01 4.675000000000000000e+03 -1.000000000000000000e+00 -1.000000000000000000e+00 -1.000000000000000000e+00 -1.000000000000000000e+00 -1.000000000000000000e+00 1.638348999999999933e+03 2.811246000000000095e+03 1.233999999999999986e+00 3.910000000000000142e-01 1.004000000000000004e+00 9.180000000000000382e-01
3.200000000000000000e+01 4.673000000000000000e+03 -1.000000000000000000e+00 -1.000000000000000000e+00 -1.000000000000000000e+00 -1.000000000000000000e+00 -1.000000000000000000e+00 1.613891000000000076e+03 2.801880000000000109e+03 4.909999999999999920e-01 2.419999999999999929e-01 8.479999999999999760e-01 5.170000000000000151e-01
3.300000000000000000e+01 4.675000000000000000e+03 -1.000000000000000000e+00 -1.000000000000000000e+00 -1.000000000000000000e+00 -1.000000000000000000e+00 -1.000000000000000000e+00 1.639344000000000051e+03 2.809286999999999807e+03 1.292000000000000037e+00 3.910000000000000142e-01 1.004000000000000004e+00 9.180000000000000382e-01
3.300000000000000000e+01 4.673000000000000000e+03 -1.000000000000000000e+00 -1.000000000000000000e+00 -1.000000000000000000e+00 -1.000000000000000000e+00 -1.000000000000000000e+00 1.613945999999999913e+03 2.801782999999999902e+03 5.070000000000000062e-01 2.419999999999999929e-01 8.479999999999999760e-01 5.170000000000000151e-01
3.400000000000000000e+01 4.673000000000000000e+03 -1.000000000000000000e+00 -1.000000000000000000e+00 -1.000000000000000000e+00 -1.000000000000000000e+00 -1.000000000000000000e+00 1.613945999999999913e+03 2.801782999999999902e+03 5.070000000000000062e-01 2.419999999999999929e-01 8.479999999999999760e-01 5.170000000000000151e-01
3.500000000000000000e+01 4.673000000000000000e+03 -1.000000000000000000e+00 -1.000000000000000000e+00 -1.000000000000000000e+00 -1.000000000000000000e+00 -1.000000000000000000e+00 1.613945999999999913e+03 2.801782999999999902e+03 5.070000000000000062e-01 2.419999999999999929e-01 8.479999999999999760e-01 5.170000000000000151e-01
