2.000000000000000000e+01 5.312000000000000000e+03 -1.000000000000000000e+00 -1.000000000000000000e+00 -1.000000000000000000e+00 -1.000000000000000000e+00 -1.000000000000000000e+00 4.119230000000000018e+02 8.244959999999999809e+02 2.119999999999999940e-01 3.704999999999999960e-01 8.649999999999999911e-01 3.850000000000000089e-01
2.100000000000000000e+01 5.313000000000000000e+03 -1.000000000000000000e+00 -1.000000000000000000e+00 -1.000000000000000000e+00 -1.000000000000000000e+00 -1.000000000000000000e+00 4.096499999999999773e+02 8.258590000000000373e+02 3.750000000000000000e-01 2.705000000000000182e-01 7.564999999999999503e-01 5.224999999999999645e-01
2.100000000000000000e+01 5.312000000000000000e+03 -1.000000000000000000e+00 -1.000000000000000000e+00 -1.000000000000000000e+00 -1.000000000000000000e+00 -1.000000000000000000e+00 4.119230000000000018e+02 8.244959999999999809e+02 2.119999999999999940e-01 3.704999999999999960e-01 8.649999999999999911e-01 3.850000000000000089e-01
2.200000000000000000e+01 5.313000000000000000e+03 -1.000000000000000000e+00 -1.000000000000000000e+00 -1.000000000000000000e+00 -1.000000000000000000e+00 -1.000000000000000000e+00 4.096739999999999782e+02 8.258949999999999818e+02 3.589999999999999858e-01 2.705000000000000182e-01 7.564999999999999503e-01 5.224999999999999645e-01
2.200000000000000000e+01 5.312000000000000000e+03 -1.000000000000000000e+00 -1.000000000000000000e+00 -1.000000000000000000e+00 -1.000000000000000000e+00 -1.000000000000000000e+00 4.119230000000000018e+02 8.244959999999999809e+02 2.119999999999999940e-01 3.704999999999999960e-01 8.649999999999999911e-01 3.850000000000000089e-01
2.300000000000000000e+01 5.312000000000000000e+03 -1.000000000000000000e+00 -1.000000000000000000e+00 -1.000000000000000000e+00 -1.000000000000000000e+00 -1.000000000000000000e+00 4.119230000000000018e+02 8.244959999999999809e+02 2.119999999999999940e-01 3.704999999999999960e-01 8.649999999999999911e-01 3.850000000000000089e-01
2.300000000000000000e+01 5.313000000000000000e+03 -1.000000000000000000e+00 -1.000000000000000000e+00 -1.000000000000000000e+00 -1.000000000000000000e+00 -1.000000000000000000e+00 4.097003895114527268e+02 8.259340344856905176e+02 3.403074293876579004e-01 2.705000000000000182e-01 7.564999999999999503e-01 5.224999999999999645e-01
2.400000000000000000e+01 5.313000000000000000e+03 -1.000000000000000000e+00 -1.000000000000000000e+00 -1.000000000000000000e+00 -1.000000000000000000e+00 -1.000000000000000000e+00 4.097219999999999800e+02 8.259660000000000082e+02 3.250000000000000111e-01 2.705000000000000182e-01 7.564999999999999503e-01 5.224999999999999645e-01
2.400000000000000000e+01 5.312000000000000000e+03 -1.000000000000000000e+00 -1.000000000000000000e+00 -1.000000000000000000e+00 -1.000000000000000000e+00 -1.000000000000000000e+00 4.119230000000000018e+02 8.244959999999999809e+02 2.119999999999999940e-01 3.704999999999999960e-01 8.649999999999999911e-01 3.850000000000000089e-01
2.500000000000000000e+01 5.313000000000000000e+03 -1.000000000000000000e+00 -1.000000000000000000e+00 -1.000000000000000000e+00 -1.000000000000000000e+00 -1.000000000000000000e+00 4.096440000000000055e+02 8.259940000000000282e+02 3.250000000000000111e-01 2.705000000000000182e-01 7.564999999999999503e-01 5.224999999999999645e-01
2.500000000000000000e+01 5.312000000000000000e+03 -1.000000000000000000e+00 -1.000000000000000000e+00 -1.000000000000000000e+00 -1.000000000000000000e+00 -1.000000000000000000e+00 4.119230000000000018e+02 8.244959999999999809e+02 2.119999999999999940e-01 3.704999999999999960e-01 8.649999999999999911e-01 3.850000000000000089e-01
2.600000000000000000e+01 5.313000000000000000e+03 -1.000000000000000000e+00 -1.000000000000000000e+00 -1.000000000000000000e+00 -1.000000000000000000e+00 -1.000000000000000000e+00 4.096970000000000027e+02 8.259859999999999900e+02 3.250000000000000111e-01 2.705000000000000182e-01 7.564999999999999503e-01 5.224999999999999645e-01
2.600000000000000000e+01 5.312000000000000000e+03 -1.000000000000000000e+00 -1.000000000000000000e+00 -1.000000000000000000e+00 -1.000000000000000000e+00 -1.000000000000000000e+00 4.119230000000000018e+02 8.244959999999999809e+02 2.119999999999999940e-01 3.704999999999999960e-01 8.649999999999999911e-01 3.850000000000000089e-01
2.700000000000000000e+01 5.313000000000000000e+03 -1.000000000000000000e+00 -1.000000000000000000e+00 -1.000000000000000000e+00 -1.000000000000000000e+00 -1.000000000000000000e+00 4.096539999999999964e+02 8.260019999999999527e+02 3.250000000000000111e-01 2.705000000000000182e-01 7.564999999999999503e-01 5.224999999999999645e-01
2.700000000000000000e+01 5.312000000000000000e+03 -1.000000000000000000e+00 -1.000000000000000000e+00 -1.000000000000000000e+00 -1.000000000000000000e+00 -1.000000000000000000e+00 4.119230000000000018e+02 8.244959999999999809e+02 2.119999999999999940e-01 3.704999999999999960e-01 8.649999999999999911e-01 3.850000000000000089e-01
2.800000000000000000e+01 5.313000000000000000e+03 -1.000000000000000000e+00 -1.000000000000000000e+00 -1.000000000000000000e+00 -1.000000000000000000e+00 -1.000000000000000000e+00 4.096179999999999950e+02 8.260149999999999864e+02 3.250000000000000111e-01 2.705000000000000182e-01 7.564999999999999503e-01 5.224999999999999645e-01
2.800000000000000000e+01 5.312000000000000000e+03 -1.000000000000000000e+00 -1.000000000000000000e+00 -1.000000000000000000e+00 -1.000000000000000000e+00 -1.000000000000000000e+00 4.119230000000000018e+02 8.244959999999999809e+02 2.119999999999999940e-01 3.704999999999999960e-01 8.649999999999999911e-01 3.850000000000000089e-01
2.900000000000000000e+01 5.313000000000000000e+03 -1.000000000000000000e+00 -1.000000000000000000e+00 -1.000000000000000000e+00 -1.000000000000000000e+00 -1.000000000000000000e+00 4.095769999999999982e+02 8.259629999999999654e+02 3.250000000000000111e-01 2.705000000000000182e-01 7.564999999999999503e-01 5.224999999999999645e-01
2.900000000000000000e+01 5.312000000000000000e+03 -1.000000000000000000e+00 -1.000000000000000000e+00 -1.000000000000000000e+00 -1.000000000000000000e+00 -1.000000000000000000e+00 4.119230000000000018e+02 8.244959999999999809e+02 2.119999999999999940e-01 3.704999999999999960e-01 8.649999999999999911e-01 3.850000000000000089e-01
3.000000000000000000e+01 5.313000000000000000e+03 -1.000000000000000000e+00 -1.000000000000000000e+00 -1.000000000000000000e+00 -1.000000000000000000e+00 -1.000000000000000000e+00 4.096480000000000246e+02 8.260040000000000191e+02 3.750000000000000000e-01 2.705000000000000182e-01 7.564999999999999503e-01 5.224999999999999645e-01
3.000000000000000000e+01 5.312000000000000000e+03 -1.000000000000000000e+00 -1.000000000000000000e+00 -1.000000000000000000e+00 -1.000000000000000000e+00 -1.000000000000000000e+00 4.119230000000000018e+02 8.244959999999999809e+02 2.620000000000000107e-01 3.704999999999999960e-01 8.649999999999999911e-01 3.850000000000000089e-01
3.100000000000000000e+01 5.313000000000000000e+03 -1.000000000000000000e+00 -1.000000000000000000e+00 -1.000000000000000000e+00 -1.000000000000000000e+00 -1.000000000000000000e+00 4.095729999999999791e+02 8.257989999999999782e+02 3.750000000000000000e-01 2.705000000000000182e-01 7.564999999999999503e-01 5.224999999999999645e-01
3.100000000000000000e+01 5.312000000000000000e+03 -1.000000000000000000e+00 -1.000000000000000000e+00 -1.000000000000000000e+00 -1.000000000000000000e+00 -1.000000000000000000e+00 4.119230000000000018e+02 8.244959999999999809e+02 3.119999999999999996e-01 3.704999999999999960e-01 8.649999999999999911e-01 3.850000000000000089e-01
3.200000000000000000e+01 5.313000000000000000e+03 -1.000000000000000000e+00 -1.000000000000000000e+00 -1.000000000000000000e+00 -1.000000000000000000e+00 -1.000000000000000000e+00 4.095729999999999791e+02 8.257989999999999782e+02 4.749999999999999778e-01 2.705000000000000182e-01 7.564999999999999503e-01 5.224999999999999645e-01
3.200000000000000000e+01 5.312000000000000000e+03 -1.000000000000000000e+00 -1.000000000000000000e+00 -1.000000000000000000e+00 -1.000000000000000000e+00 -1.000000000000000000e+00 4.119230000000000018e+02 8.244959999999999809e+02 3.619999999999999885e-01 3.704999999999999960e-01 8.649999999999999911e-01 3.850000000000000089e-01
3.300000000000000000e+01 5.313000000000000000e+03 -1.000000000000000000e+00 -1.000000000000000000e+00 -1.000000000000000000e+00 -1.000000000000000000e+00 -1.000000000000000000e+00 4.096120000000000232e+02 8.259059999999999491e+02 5.260000000000000231e-01 2.705000000000000182e-01 7.564999999999999503e-01 5.224999999999999645e-01
3.300000000000000000e+01 5.312000000000000000e+03 -1.000000000000000000e+00 -1.000000000000000000e+00 -1.000000000000000000e+00 -1.000000000000000000e+00 -1.000000000000000000e+00 4.119230000000000018e+02 8.244959999999999809e+02 4.119999999999999774e-01 3.704999999999999960e-01 8.649999999999999911e-01 3.850000000000000089e-01
3.400000000000000000e+01 5.313000000000000000e+03 -1.000000000000000000e+00 -1.000000000000000000e+00 -1.000000000000000000e+00 -1.000000000000000000e+00 -1.000000000000000000e+00 4.096999999999999886e+02 8.261180000000000518e+02 5.759999999999999565e-01 2.705000000000000182e-01 7.564999999999999503e-01 5.224999999999999645e-01
3.400000000000000000e+01 5.312000000000000000e+03 -1.000000000000000000e+00 -1.000000000000000000e+00 -1.000000000000000000e+00 -1.000000000000000000e+00 -1.000000000000000000e+00 4.119230000000000018e+02 8.244959999999999809e+02 4.620000000000000218e-01 3.704999999999999960e-01 8.649999999999999911e-01 3.850000000000000089e-01
3.500000000000000000e+01 5.313000000000000000e+03 -1.000000000000000000e+00 -1.000000000000000000e+00 -1.000000000000000000e+00 -1.000000000000000000e+00 -1.000000000000000000e+00 4.096999999999999886e+02 8.261180000000000518e+02 5.759999999999999565e-01 2.705000000000000182e-01 7.564999999999999503e-01 5.224999999999999645e-01
3.500000000000000000e+01 5.312000000000000000e+03 -1.000000000000000000e+00 -1.000000000000000000e+00 -1.000000000000000000e+00 -1.000000000000000000e+00 -1.000000000000000000e+00 4.119230000000000018e+02 8.244959999999999809e+02 4.620000000000000218e-01 3.704999999999999960e-01 8.649999999999999911e-01 3.850000000000000089e-01
3.600000000000000000e+01 5.313000000000000000e+03 -1.000000000000000000e+00 -1.000000000000000000e+00 -1.000000000000000000e+00 -1.000000000000000000e+00 -1.000000000000000000e+00 4.096999999999999886e+02 8.261180000000000518e+02 5.759999999999999565e-01 2.705000000000000182e-01 7.564999999999999503e-01 5.224999999999999645e-01
3.600000000000000000e+01 5.312000000000000000e+03 -1.000000000000000000e+00 -1.000000000000000000e+00 -1.000000000000000000e+00 -1.000000000000000000e+00 -1.000000000000000000e+00 4.119230000000000018e+02 8.244959999999999809e+02 4.620000000000000218e-01 3.704999999999999960e-01 8.649999999999999911e-01 3.850000000000000089e-01
3.700000000000000000e+01 5.313000000000000000e+03 -1.000000000000000000e+00 -1.000000000000000000e+00 -1.000000000000000000e+00 -1.000000000000000000e+00 -1.000000000000000000e+00 4.096999999999999886e+02 8.261180000000000518e+02 5.260000000000000231e-01 2.705000000000000182e-01 7.564999999999999503e-01 5.224999999999999645e-01
3.700000000000000000e+01 5.312000000000000000e+03 -1.000000000000000000e+00 -1.000000000000000000e+00 -1.000000000000000000e+00 -1.000000000000000000e+00 -1.000000000000000000e+00 4.119230000000000018e+02 8.244959999999999809e+02 5.120000000000000107e-01 3.704999999999999960e-01 8.649999999999999911e-01 3.850000000000000089e-01
3.800000000000000000e+01 5.313000000000000000e+03 -1.000000000000000000e+00 -1.000000000000000000e+00 -1.000000000000000000e+00 -1.000000000000000000e+00 -1.000000000000000000e+00 4.096999999999999886e+02 8.261180000000000518e+02 5.500000000000000444e-01 2.705000000000000182e-01 7.564999999999999503e-01 5.224999999999999645e-01
3.800000000000000000e+01 5.312000000000000000e+03 -1.000000000000000000e+00 -1.000000000000000000e+00 -1.000000000000000000e+00 -1.000000000000000000e+00 -1.000000000000000000e+00 4.119519999999999982e+02 8.245109999999999673e+02 5.120000000000000107e-01 3.704999999999999960e-01 8.649999999999999911e-01 3.850000000000000089e-01
3.900000000000000000e+01 5.312000000000000000e+03 -1.000000000000000000e+00 -1.000000000000000000e+00 -1.000000000000000000e+00 -1.000000000000000000e+00 -1.000000000000000000e+00 4.120009999999999764e+02 8.245439999999999827e+02 5.620000000000000551e-01 3.704999999999999960e-01 8.649999999999999911e-01 3.850000000000000089e-01
