2.000000000000000000e+01 3.500000000000000000e+01 -1.000000000000000000e+00 -1.000000000000000000e+00 -1.000000000000000000e+00 -1.000000000000000000e+00 -1.000000000000000000e+00 2.559679999999999893e+02 8.865240000000000009e+02 4.040000000000000258e-01 2.800000000000000266e-01 6.710000000000000409e-01 5.184999999999999609e-01
2.100000000000000000e+01 3.600000000000000000e+01 -1.000000000000000000e+00 -1.000000000000000000e+00 -1.000000000000000000e+00 -1.000000000000000000e+00 -1.000000000000000000e+00 2.558240000000000123e+02 8.826820000000000164e+02 3.519999999999999796e-01 2.869999999999999774e-01 7.684999999999999609e-01 5.094999999999999529e-01
2.100000000000000000e+01 3.500000000000000000e+01 -1.000000000000000000e+00 -1.000000000000000000e+00 -1.000000000000000000e+00 -1.000000000000000000e+00 -1.000000000000000000e+00 2.561419977578895555e+02 8.864566016589993751e+02 4.040000000000000258e-01 2.800000000000000266e-01 6.710000000000000409e-01 5.184999999999999609e-01
2.200000000000000000e+01 3.600000000000000000e+01 -1.000000000000000000e+00 -1.000000000000000000e+00 -1.000000000000000000e+00 -1.000000000000000000e+00 -1.000000000000000000e+00 2.558249999999999886e+02 8.827079999999999700e+02 4.020000000000000240e-01 2.869999999999999774e-01 7.684999999999999609e-01 5.094999999999999529e-01
2.200000000000000000e+01 3.500000000000000000e+01 -1.000000000000000000e+00 -1.000000000000000000e+00 -1.000000000000000000e+00 -1.000000000000000000e+00 -1.000000000000000000e+00 2.560470035065383172e+02 8.864933978512223121e+02 4.040000000000000258e-01 2.800000000000000266e-01 6.710000000000000409e-01 5.184999999999999609e-01
2.300000000000000000e+01 3.500000000000000000e+01 -1.000000000000000000e+00 -1.000000000000000000e+00 -1.000000000000000000e+00 -1.000000000000000000e+00 -1.000000000000000000e+00 2.562210000000000036e+02 8.864260000000000446e+02 4.040000000000000258e-01 2.800000000000000266e-01 6.710000000000000409e-01 5.184999999999999609e-01
2.300000000000000000e+01 3.600000000000000000e+01 -1.000000000000000000e+00 -1.000000000000000000e+00 -1.000000000000000000e+00 -1.000000000000000000e+00 -1.000000000000000000e+00 2.561296151454385495e+02 8.826793381810637129e+02 4.353276964374818148e-01 2.869999999999999774e-01 7.684999999999999609e-01 5.094999999999999529e-01
2.400000000000000000e+01 3.500000000000000000e+01 -1.000000000000000000e+00 -1.000000000000000000e+00 -1.000000000000000000e+00 -1.000000000000000000e+00 -1.000000000000000000e+00 2.562464841518055891e+02 8.864065121192074912e+02 4.040000000000000258e-01 2.800000000000000266e-01 6.710000000000000409e-01 5.184999999999999609e-01
2.400000000000000000e+01 3.600000000000000000e+01 -1.000000000000000000e+00 -1.000000000000000000e+00 -1.000000000000000000e+00 -1.000000000000000000e+00 -1.000000000000000000e+00 2.559772129138949026e+02 8.826936779971608757e+02 4.186534916734042655e-01 2.869999999999999774e-01 7.684999999999999609e-01 5.094999999999999529e-01
2.500000000000000000e+01 3.500000000000000000e+01 -1.000000000000000000e+00 -1.000000000000000000e+00 -1.000000000000000000e+00 -1.000000000000000000e+00 -1.000000000000000000e+00 2.562719999999999914e+02 8.863869999999999436e+02 4.040000000000000258e-01 2.800000000000000266e-01 6.710000000000000409e-01 5.184999999999999609e-01
2.500000000000000000e+01 3.600000000000000000e+01 -1.000000000000000000e+00 -1.000000000000000000e+00 -1.000000000000000000e+00 -1.000000000000000000e+00 -1.000000000000000000e+00 2.562819999999999823e+02 8.826649999999999636e+02 4.520000000000000129e-01 2.869999999999999774e-01 7.684999999999999609e-01 5.094999999999999529e-01
2.600000000000000000e+01 3.500000000000000000e+01 -1.000000000000000000e+00 -1.000000000000000000e+00 -1.000000000000000000e+00 -1.000000000000000000e+00 -1.000000000000000000e+00 2.562970000000000255e+02 8.863669999999999618e+02 4.040000000000000258e-01 2.800000000000000266e-01 6.710000000000000409e-01 5.184999999999999609e-01
2.600000000000000000e+01 3.600000000000000000e+01 -1.000000000000000000e+00 -1.000000000000000000e+00 -1.000000000000000000e+00 -1.000000000000000000e+00 -1.000000000000000000e+00 2.562624997657616746e+02 8.828147972539218244e+02 3.172711088986705508e-01 2.869999999999999774e-01 7.684999999999999609e-01 5.094999999999999529e-01
2.700000000000000000e+01 3.500000000000000000e+01 -1.000000000000000000e+00 -1.000000000000000000e+00 -1.000000000000000000e+00 -1.000000000000000000e+00 -1.000000000000000000e+00 2.561165338629566008e+02 8.863323799655468065e+02 4.040000000000000258e-01 2.800000000000000266e-01 6.710000000000000409e-01 5.184999999999999609e-01
2.700000000000000000e+01 3.600000000000000000e+01 -1.000000000000000000e+00 -1.000000000000000000e+00 -1.000000000000000000e+00 -1.000000000000000000e+00 -1.000000000000000000e+00 2.562650024169396943e+02 8.827955723425993710e+02 3.345621534016841037e-01 2.869999999999999774e-01 7.684999999999999609e-01 5.094999999999999529e-01
2.800000000000000000e+01 3.500000000000000000e+01 -1.000000000000000000e+00 -1.000000000000000000e+00 -1.000000000000000000e+00 -1.000000000000000000e+00 -1.000000000000000000e+00 2.561809880350553499e+02 8.863447446434596486e+02 4.040000000000000258e-01 2.800000000000000266e-01 6.710000000000000409e-01 5.184999999999999609e-01
2.800000000000000000e+01 3.600000000000000000e+01 -1.000000000000000000e+00 -1.000000000000000000e+00 -1.000000000000000000e+00 -1.000000000000000000e+00 -1.000000000000000000e+00 2.562675019776717704e+02 8.827763711715213049e+02 3.518318457322817672e-01 2.869999999999999774e-01 7.684999999999999609e-01 5.094999999999999529e-01
2.900000000000000000e+01 3.500000000000000000e+01 -1.000000000000000000e+00 -1.000000000000000000e+00 -1.000000000000000000e+00 -1.000000000000000000e+00 -1.000000000000000000e+00 2.562325438936571231e+02 8.863546349510280606e+02 4.040000000000000258e-01 2.800000000000000266e-01 6.710000000000000409e-01 5.184999999999999609e-01
2.900000000000000000e+01 3.600000000000000000e+01 -1.000000000000000000e+00 -1.000000000000000000e+00 -1.000000000000000000e+00 -1.000000000000000000e+00 -1.000000000000000000e+00 2.562695013362155692e+02 8.827610124627076402e+02 3.656455956711934796e-01 2.869999999999999774e-01 7.684999999999999609e-01 5.094999999999999529e-01
3.000000000000000000e+01 3.500000000000000000e+01 -1.000000000000000000e+00 -1.000000000000000000e+00 -1.000000000000000000e+00 -1.000000000000000000e+00 -1.000000000000000000e+00 2.560520000000000209e+02 8.863200000000000500e+02 4.040000000000000258e-01 2.800000000000000266e-01 6.710000000000000409e-01 5.184999999999999609e-01
3.000000000000000000e+01 3.600000000000000000e+01 -1.000000000000000000e+00 -1.000000000000000000e+00 -1.000000000000000000e+00 -1.000000000000000000e+00 -1.000000000000000000e+00 2.562720009719584482e+02 8.827418107154099971e+02 3.829158062584032129e-01 2.869999999999999774e-01 7.684999999999999609e-01 5.094999999999999529e-01
3.100000000000000000e+01 3.500000000000000000e+01 -1.000000000000000000e+00 -1.000000000000000000e+00 -1.000000000000000000e+00 -1.000000000000000000e+00 -1.000000000000000000e+00 2.563212327045869756e+02 8.862466940655828012e+02 3.793425493323805409e-01 2.800000000000000266e-01 6.710000000000000409e-01 5.184999999999999609e-01
3.100000000000000000e+01 3.600000000000000000e+01 -1.000000000000000000e+00 -1.000000000000000000e+00 -1.000000000000000000e+00 -1.000000000000000000e+00 -1.000000000000000000e+00 2.562745035031191492e+02 8.827225867260387986e+02 4.002060215508374541e-01 2.869999999999999774e-01 7.684999999999999609e-01 5.094999999999998419e-01
3.200000000000000000e+01 3.500000000000000000e+01 -1.000000000000000000e+00 -1.000000000000000000e+00 -1.000000000000000000e+00 -1.000000000000000000e+00 -1.000000000000000000e+00 2.561866113702279790e+02 8.862833483892943605e+02 3.916717309444660566e-01 2.800000000000000266e-01 6.710000000000000409e-01 5.184999999999999609e-01
3.200000000000000000e+01 3.600000000000000000e+01 -1.000000000000000000e+00 -1.000000000000000000e+00 -1.000000000000000000e+00 -1.000000000000000000e+00 -1.000000000000000000e+00 2.562770033238887777e+02 8.827033835573997749e+02 4.174775105043568857e-01 2.869999999999999774e-01 7.684999999999999609e-01 5.094999999999999529e-01
3.300000000000000000e+01 3.500000000000000000e+01 -1.000000000000000000e+00 -1.000000000000000000e+00 -1.000000000000000000e+00 -1.000000000000000000e+00 -1.000000000000000000e+00 2.564560000000000173e+02 8.862100000000000364e+02 3.669999999999999929e-01 2.800000000000000266e-01 6.710000000000000409e-01 5.184999999999999609e-01
3.300000000000000000e+01 3.600000000000000000e+01 -1.000000000000000000e+00 -1.000000000000000000e+00 -1.000000000000000000e+00 -1.000000000000000000e+00 -1.000000000000000000e+00 2.562795029596316567e+02 8.826841818101022454e+02 4.347477210915666745e-01 2.869999999999999774e-01 7.684999999999999609e-01 5.094999999999999529e-01
3.400000000000000000e+01 3.500000000000000000e+01 -1.000000000000000000e+00 -1.000000000000000000e+00 -1.000000000000000000e+00 -1.000000000000000000e+00 -1.000000000000000000e+00 2.565910000000000082e+02 8.861739999999999782e+02 3.539999999999999813e-01 2.800000000000000266e-01 6.710000000000000409e-01 5.184999999999999609e-01
3.400000000000000000e+01 3.600000000000000000e+01 -1.000000000000000000e+00 -1.000000000000000000e+00 -1.000000000000000000e+00 -1.000000000000000000e+00 -1.000000000000000000e+00 2.562599999999999909e+02 8.828339999999999463e+02 2.999999999999999889e-01 2.869999999999999774e-01 7.684999999999999609e-01 5.094999999999999529e-01
3.400000000000000000e+01 3.800000000000000000e+01 -1.000000000000000000e+00 -1.000000000000000000e+00 -1.000000000000000000e+00 -1.000000000000000000e+00 -1.000000000000000000e+00 3.081700000000000159e+02 9.247419999999999618e+02 7.830000000000000293e-01 1.685000000000000109e-01 8.295000000000000151e-01 4.769999999999999796e-01
3.500000000000000000e+01 3.500000000000000000e+01 -1.000000000000000000e+00 -1.000000000000000000e+00 -1.000000000000000000e+00 -1.000000000000000000e+00 -1.000000000000000000e+00 2.565910000000000082e+02 8.861739999999999782e+02 3.539999999999999813e-01 2.800000000000000266e-01 6.710000000000000409e-01 5.184999999999999609e-01
3.500000000000000000e+01 3.600000000000000000e+01 -1.000000000000000000e+00 -1.000000000000000000e+00 -1.000000000000000000e+00 -1.000000000000000000e+00 -1.000000000000000000e+00 2.562810000000000059e+02 8.828519999999999754e+02 2.999999999999999889e-01 2.869999999999999774e-01 7.684999999999999609e-01 5.094999999999999529e-01
3.500000000000000000e+01 3.800000000000000000e+01 -1.000000000000000000e+00 -1.000000000000000000e+00 -1.000000000000000000e+00 -1.000000000000000000e+00 -1.000000000000000000e+00 3.081299999999999955e+02 9.247820000000000391e+02 7.079999999999999627e-01 1.685000000000000109e-01 8.295000000000000151e-01 4.769999999999999796e-01
3.600000000000000000e+01 3.600000000000000000e+01 -1.000000000000000000e+00 -1.000000000000000000e+00 -1.000000000000000000e+00 -1.000000000000000000e+00 -1.000000000000000000e+00 2.563020000000000209e+02 8.828700000000000045e+02 2.999999999999999889e-01 2.869999999999999774e-01 7.684999999999999609e-01 5.094999999999999529e-01
3.600000000000000000e+01 3.500000000000000000e+01 -1.000000000000000000e+00 -1.000000000000000000e+00 -1.000000000000000000e+00 -1.000000000000000000e+00 -1.000000000000000000e+00 2.566370840351070228e+02 8.861723343119840592e+02 4.095229338638708971e-01 2.800000000000000266e-01 6.710000000000000409e-01 5.184999999999999609e-01
3.600000000000000000e+01 3.800000000000000000e+01 -1.000000000000000000e+00 -1.000000000000000000e+00 -1.000000000000000000e+00 -1.000000000000000000e+00 -1.000000000000000000e+00 3.078615689219102478e+02 9.246647162674192941e+02 6.254058221262359663e-01 1.685000000000000109e-01 8.295000000000000151e-01 4.769999999999999796e-01
3.700000000000000000e+01 3.500000000000000000e+01 -1.000000000000000000e+00 -1.000000000000000000e+00 -1.000000000000000000e+00 -1.000000000000000000e+00 -1.000000000000000000e+00 2.566739999999999782e+02 8.861710000000000491e+02 4.540000000000000147e-01 2.800000000000000266e-01 6.710000000000000409e-01 5.184999999999999609e-01
3.700000000000000000e+01 3.600000000000000000e+01 -1.000000000000000000e+00 -1.000000000000000000e+00 -1.000000000000000000e+00 -1.000000000000000000e+00 -1.000000000000000000e+00 2.563229999999999791e+02 8.828869999999999436e+02 3.539999999999999813e-01 2.869999999999999774e-01 7.684999999999999609e-01 5.094999999999999529e-01
3.700000000000000000e+01 3.800000000000000000e+01 -1.000000000000000000e+00 -1.000000000000000000e+00 -1.000000000000000000e+00 -1.000000000000000000e+00 -1.000000000000000000e+00 3.079321867207632977e+02 9.246955708133796179e+02 6.471343756194769536e-01 1.685000000000000109e-01 8.295000000000000151e-01 4.769999999999999796e-01
3.800000000000000000e+01 3.900000000000000000e+01 -1.000000000000000000e+00 -1.000000000000000000e+00 -1.000000000000000000e+00 -1.000000000000000000e+00 -1.000000000000000000e+00 3.083220000000000027e+02 9.257390000000000327e+02 6.919999999999999485e-01 1.635000000000000064e-01 8.249999999999999556e-01 4.560000000000000164e-01
3.800000000000000000e+01 3.600000000000000000e+01 -1.000000000000000000e+00 -1.000000000000000000e+00 -1.000000000000000000e+00 -1.000000000000000000e+00 -1.000000000000000000e+00 2.563450000000000273e+02 8.829049999999999727e+02 5.210000000000000187e-01 2.869999999999999774e-01 7.684999999999999609e-01 5.094999999999999529e-01
3.800000000000000000e+01 3.500000000000000000e+01 -1.000000000000000000e+00 -1.000000000000000000e+00 -1.000000000000000000e+00 -1.000000000000000000e+00 -1.000000000000000000e+00 2.567160007141592359e+02 8.861694999744943289e+02 5.790021254739806666e-01 2.800000000000000266e-01 6.710000000000000409e-01 5.184999999999999609e-01
3.800000000000000000e+01 3.800000000000000000e+01 -1.000000000000000000e+00 -1.000000000000000000e+00 -1.000000000000000000e+00 -1.000000000000000000e+00 -1.000000000000000000e+00 3.080028118663947225e+02 9.247264285693171360e+02 6.688651896599093760e-01 1.685000000000000109e-01 8.295000000000000151e-01 4.769999999999999796e-01
3.900000000000000000e+01 3.500000000000000000e+01 -1.000000000000000000e+00 -1.000000000000000000e+00 -1.000000000000000000e+00 -1.000000000000000000e+00 -1.000000000000000000e+00 2.567579999999999814e+02 8.861680000000000064e+02 7.039999999999999591e-01 2.800000000000000266e-01 6.710000000000000409e-01 5.184999999999999609e-01
3.900000000000000000e+01 3.600000000000000000e+01 -1.000000000000000000e+00 -1.000000000000000000e+00 -1.000000000000000000e+00 -1.000000000000000000e+00 -1.000000000000000000e+00 2.563659999999999854e+02 8.829230000000000018e+02 6.460000000000000187e-01 2.869999999999999774e-01 7.684999999999999609e-01 5.094999999999999529e-01
3.900000000000000000e+01 3.800000000000000000e+01 -1.000000000000000000e+00 -1.000000000000000000e+00 -1.000000000000000000e+00 -1.000000000000000000e+00 -1.000000000000000000e+00 3.080734394138574999e+02 9.247572873746701134e+02 6.905967427253851820e-01 1.685000000000000386e-01 8.295000000000001261e-01 4.769999999999999796e-01
3.900000000000000000e+01 3.900000000000000000e+01 -1.000000000000000000e+00 -1.000000000000000000e+00 -1.000000000000000000e+00 -1.000000000000000000e+00 -1.000000000000000000e+00 3.083397880072736825e+02 9.257287718958175446e+02 6.475299818157379539e-01 1.635000000000000064e-01 8.249999999999999556e-01 4.560000000000000719e-01
4.000000000000000000e+01 3.900000000000000000e+01 -1.000000000000000000e+00 -1.000000000000000000e+00 -1.000000000000000000e+00 -1.000000000000000000e+00 -1.000000000000000000e+00 3.083620000000000232e+02 9.257160000000000082e+02 5.919999999999999707e-01 1.635000000000000064e-01 8.249999999999999556e-01 4.560000000000000164e-01
4.000000000000000000e+01 3.800000000000000000e+01 -1.000000000000000000e+00 -1.000000000000000000e+00 -1.000000000000000000e+00 -1.000000000000000000e+00 -1.000000000000000000e+00 3.078050000000000068e+02 9.246399999999999864e+02 6.079999999999999849e-01 1.685000000000000109e-01 8.295000000000000151e-01 4.769999999999999796e-01
