1.000000000000000000e+00 5.677000000000000000e+03 -1.000000000000000000e+00 -1.000000000000000000e+00 -1.000000000000000000e+00 -1.000000000000000000e+00 -1.000000000000000000e+00 7.191820000000000164e+02 1.528409000000000106e+03 9.160000000000000364e-01 8.974999999999999645e-01 2.206500000000000128e+00 8.024999999999999911e-01
1.000000000000000000e+00 5.679000000000000000e+03 -1.000000000000000000e+00 -1.000000000000000000e+00 -1.000000000000000000e+00 -1.000000000000000000e+00 -1.000000000000000000e+00 7.376799999999999500e+02 1.546230999999999995e+03 8.840000000000000080e-01 8.425000000000000266e-01 2.004500000000000171e+00 8.000000000000000444e-01
1.000000000000000000e+00 5.680000000000000000e+03 -1.000000000000000000e+00 -1.000000000000000000e+00 -1.000000000000000000e+00 -1.000000000000000000e+00 -1.000000000000000000e+00 7.232680000000000291e+02 1.549628999999999905e+03 1.514000000000000012e+00 8.990000000000000213e-01 2.370999999999999996e+00 1.058999999999999941e+00
2.000000000000000000e+00 5.677000000000000000e+03 -1.000000000000000000e+00 -1.000000000000000000e+00 -1.000000000000000000e+00 -1.000000000000000000e+00 -1.000000000000000000e+00 7.196670000000000300e+02 1.532163999999999987e+03 9.370000000000000551e-01 8.974999999999999645e-01 2.206500000000000128e+00 8.024999999999999911e-01
2.000000000000000000e+00 5.679000000000000000e+03 -1.000000000000000000e+00 -1.000000000000000000e+00 -1.000000000000000000e+00 -1.000000000000000000e+00 -1.000000000000000000e+00 7.369950000000000045e+02 1.545861000000000104e+03 8.579999999999999849e-01 8.425000000000000266e-01 2.004500000000000171e+00 8.000000000000000444e-01
2.000000000000000000e+00 5.680000000000000000e+03 -1.000000000000000000e+00 -1.000000000000000000e+00 -1.000000000000000000e+00 -1.000000000000000000e+00 -1.000000000000000000e+00 7.233759999999999764e+02 1.549378999999999905e+03 1.491999999999999993e+00 8.990000000000000213e-01 2.370999999999999996e+00 1.058999999999999941e+00
3.000000000000000000e+00 5.677000000000000000e+03 -1.000000000000000000e+00 -1.000000000000000000e+00 -1.000000000000000000e+00 -1.000000000000000000e+00 -1.000000000000000000e+00 7.199270000000000209e+02 1.535594000000000051e+03 9.549999999999999600e-01 8.974999999999999645e-01 2.206500000000000128e+00 8.024999999999999911e-01
3.000000000000000000e+00 5.679000000000000000e+03 -1.000000000000000000e+00 -1.000000000000000000e+00 -1.000000000000000000e+00 -1.000000000000000000e+00 -1.000000000000000000e+00 7.363730000000000473e+02 1.545525000000000091e+03 8.339999999999999636e-01 8.425000000000000266e-01 2.004500000000000171e+00 8.000000000000000444e-01
3.000000000000000000e+00 5.680000000000000000e+03 -1.000000000000000000e+00 -1.000000000000000000e+00 -1.000000000000000000e+00 -1.000000000000000000e+00 -1.000000000000000000e+00 7.234030000000000200e+02 1.549316000000000031e+03 1.473000000000000087e+00 8.990000000000000213e-01 2.370999999999999996e+00 1.058999999999999941e+00
4.000000000000000000e+00 5.677000000000000000e+03 -1.000000000000000000e+00 -1.000000000000000000e+00 -1.000000000000000000e+00 -1.000000000000000000e+00 -1.000000000000000000e+00 7.199880000000000564e+02 1.539250999999999976e+03 1.004000000000000004e+00 8.974999999999999645e-01 2.206500000000000128e+00 8.024999999999999911e-01
4.000000000000000000e+00 5.679000000000000000e+03 -1.000000000000000000e+00 -1.000000000000000000e+00 -1.000000000000000000e+00 -1.000000000000000000e+00 -1.000000000000000000e+00 7.357699999999999818e+02 1.545179000000000087e+03 8.589999999999999858e-01 8.425000000000000266e-01 2.004500000000000171e+00 8.000000000000000444e-01
4.000000000000000000e+00 5.680000000000000000e+03 -1.000000000000000000e+00 -1.000000000000000000e+00 -1.000000000000000000e+00 -1.000000000000000000e+00 -1.000000000000000000e+00 7.234130000000000109e+02 1.549294000000000096e+03 1.453000000000000069e+00 8.990000000000000213e-01 2.370999999999999996e+00 1.058999999999999941e+00
5.000000000000000000e+00 5.677000000000000000e+03 -1.000000000000000000e+00 -1.000000000000000000e+00 -1.000000000000000000e+00 -1.000000000000000000e+00 -1.000000000000000000e+00 7.198260000000000218e+02 1.542902000000000044e+03 1.052999999999999936e+00 8.974999999999999645e-01 2.206500000000000128e+00 8.024999999999999911e-01
5.000000000000000000e+00 5.679000000000000000e+03 -1.000000000000000000e+00 -1.000000000000000000e+00 -1.000000000000000000e+00 -1.000000000000000000e+00 -1.000000000000000000e+00 7.351799999999999500e+02 1.544813000000000102e+03 8.840000000000000080e-01 8.425000000000000266e-01 2.004500000000000171e+00 8.000000000000000444e-01
5.000000000000000000e+00 5.680000000000000000e+03 -1.000000000000000000e+00 -1.000000000000000000e+00 -1.000000000000000000e+00 -1.000000000000000000e+00 -1.000000000000000000e+00 7.234080000000000155e+02 1.549304000000000087e+03 1.451000000000000068e+00 8.990000000000000213e-01 2.370999999999999996e+00 1.058999999999999941e+00
6.000000000000000000e+00 5.677000000000000000e+03 -1.000000000000000000e+00 -1.000000000000000000e+00 -1.000000000000000000e+00 -1.000000000000000000e+00 -1.000000000000000000e+00 7.194149999999999636e+02 1.546685999999999922e+03 1.102000000000000091e+00 8.974999999999999645e-01 2.206500000000000128e+00 8.024999999999999911e-01
6.000000000000000000e+00 5.679000000000000000e+03 -1.000000000000000000e+00 -1.000000000000000000e+00 -1.000000000000000000e+00 -1.000000000000000000e+00 -1.000000000000000000e+00 7.344049999999999727e+02 1.544298000000000002e+03 9.340000000000000524e-01 8.425000000000000266e-01 2.004500000000000171e+00 8.000000000000000444e-01
6.000000000000000000e+00 5.680000000000000000e+03 -1.000000000000000000e+00 -1.000000000000000000e+00 -1.000000000000000000e+00 -1.000000000000000000e+00 -1.000000000000000000e+00 7.234039999999999964e+02 1.549313000000000102e+03 1.413999999999999924e+00 8.990000000000000213e-01 2.370999999999999996e+00 1.058999999999999941e+00
7.000000000000000000e+00 5.677000000000000000e+03 -1.000000000000000000e+00 -1.000000000000000000e+00 -1.000000000000000000e+00 -1.000000000000000000e+00 -1.000000000000000000e+00 7.187749999999999773e+02 1.550434999999999945e+03 1.151000000000000023e+00 8.974999999999999645e-01 2.206500000000000128e+00 8.024999999999999911e-01
7.000000000000000000e+00 5.679000000000000000e+03 -1.000000000000000000e+00 -1.000000000000000000e+00 -1.000000000000000000e+00 -1.000000000000000000e+00 -1.000000000000000000e+00 7.336299999999999955e+02 1.543784000000000106e+03 9.839999999999999858e-01 8.425000000000000266e-01 2.004500000000000171e+00 8.000000000000000444e-01
7.000000000000000000e+00 5.680000000000000000e+03 -1.000000000000000000e+00 -1.000000000000000000e+00 -1.000000000000000000e+00 -1.000000000000000000e+00 -1.000000000000000000e+00 7.233909999999999627e+02 1.549343000000000075e+03 1.413999999999999924e+00 8.990000000000000213e-01 2.370999999999999996e+00 1.058999999999999941e+00
8.000000000000000000e+00 5.677000000000000000e+03 -1.000000000000000000e+00 -1.000000000000000000e+00 -1.000000000000000000e+00 -1.000000000000000000e+00 -1.000000000000000000e+00 7.178890000000000100e+02 1.554073000000000093e+03 1.124000000000000110e+00 8.974999999999999645e-01 2.206500000000000128e+00 8.024999999999999911e-01
8.000000000000000000e+00 5.679000000000000000e+03 -1.000000000000000000e+00 -1.000000000000000000e+00 -1.000000000000000000e+00 -1.000000000000000000e+00 -1.000000000000000000e+00 7.327910000000000537e+02 1.543289999999999964e+03 9.589999999999999636e-01 8.425000000000000266e-01 2.004500000000000171e+00 8.000000000000000444e-01
8.000000000000000000e+00 5.680000000000000000e+03 -1.000000000000000000e+00 -1.000000000000000000e+00 -1.000000000000000000e+00 -1.000000000000000000e+00 -1.000000000000000000e+00 7.233909999999999627e+02 1.549343000000000075e+03 1.364000000000000101e+00 8.990000000000000213e-01 2.370999999999999996e+00 1.058999999999999941e+00
9.000000000000000000e+00 5.677000000000000000e+03 -1.000000000000000000e+00 -1.000000000000000000e+00 -1.000000000000000000e+00 -1.000000000000000000e+00 -1.000000000000000000e+00 7.166589999999999918e+02 1.557605000000000018e+03 1.098000000000000087e+00 8.974999999999999645e-01 2.206500000000000128e+00 8.024999999999999911e-01
9.000000000000000000e+00 5.679000000000000000e+03 -1.000000000000000000e+00 -1.000000000000000000e+00 -1.000000000000000000e+00 -1.000000000000000000e+00 -1.000000000000000000e+00 7.319519999999999982e+02 1.542797000000000025e+03 9.340000000000000524e-01 8.425000000000000266e-01 2.004500000000000171e+00 8.000000000000000444e-01
9.000000000000000000e+00 5.680000000000000000e+03 -1.000000000000000000e+00 -1.000000000000000000e+00 -1.000000000000000000e+00 -1.000000000000000000e+00 -1.000000000000000000e+00 7.234109999999999445e+02 1.549298999999999978e+03 1.280999999999999917e+00 8.990000000000000213e-01 2.370999999999999996e+00 1.058999999999999941e+00
1.000000000000000000e+01 5.677000000000000000e+03 -1.000000000000000000e+00 -1.000000000000000000e+00 -1.000000000000000000e+00 -1.000000000000000000e+00 -1.000000000000000000e+00 7.151449999999999818e+02 1.560845000000000027e+03 1.046999999999999931e+00 8.974999999999999645e-01 2.206500000000000128e+00 8.024999999999999911e-01
1.000000000000000000e+01 5.679000000000000000e+03 -1.000000000000000000e+00 -1.000000000000000000e+00 -1.000000000000000000e+00 -1.000000000000000000e+00 -1.000000000000000000e+00 7.310839999999999463e+02 1.542277000000000044e+03 8.840000000000000080e-01 8.425000000000000266e-01 2.004500000000000171e+00 8.000000000000000444e-01
1.000000000000000000e+01 5.680000000000000000e+03 -1.000000000000000000e+00 -1.000000000000000000e+00 -1.000000000000000000e+00 -1.000000000000000000e+00 -1.000000000000000000e+00 7.234560000000000173e+02 1.549193999999999960e+03 1.197000000000000064e+00 8.990000000000000213e-01 2.370999999999999996e+00 1.058999999999999941e+00
1.100000000000000000e+01 5.677000000000000000e+03 -1.000000000000000000e+00 -1.000000000000000000e+00 -1.000000000000000000e+00 -1.000000000000000000e+00 -1.000000000000000000e+00 7.133479999999999563e+02 1.563950000000000045e+03 9.959999999999999964e-01 8.974999999999999645e-01 2.206500000000000128e+00 8.024999999999999911e-01
1.100000000000000000e+01 5.679000000000000000e+03 -1.000000000000000000e+00 -1.000000000000000000e+00 -1.000000000000000000e+00 -1.000000000000000000e+00 -1.000000000000000000e+00 7.299610000000000127e+02 1.541726000000000113e+03 8.339999999999999636e-01 8.425000000000000266e-01 2.004500000000000171e+00 8.000000000000000444e-01
1.100000000000000000e+01 5.680000000000000000e+03 -1.000000000000000000e+00 -1.000000000000000000e+00 -1.000000000000000000e+00 -1.000000000000000000e+00 -1.000000000000000000e+00 7.235080000000000382e+02 1.549074000000000069e+03 1.114000000000000101e+00 8.990000000000000213e-01 2.370999999999999996e+00 1.058999999999999941e+00
1.200000000000000000e+01 5.677000000000000000e+03 -1.000000000000000000e+00 -1.000000000000000000e+00 -1.000000000000000000e+00 -1.000000000000000000e+00 -1.000000000000000000e+00 7.114869999999999663e+02 1.566623000000000047e+03 1.018999999999999906e+00 8.974999999999999645e-01 2.206500000000000128e+00 8.024999999999999911e-01
1.200000000000000000e+01 5.679000000000000000e+03 -1.000000000000000000e+00 -1.000000000000000000e+00 -1.000000000000000000e+00 -1.000000000000000000e+00 -1.000000000000000000e+00 7.283179999999999836e+02 1.541260999999999967e+03 8.339999999999999636e-01 8.425000000000000266e-01 2.004500000000000171e+00 8.000000000000000444e-01
1.200000000000000000e+01 5.680000000000000000e+03 -1.000000000000000000e+00 -1.000000000000000000e+00 -1.000000000000000000e+00 -1.000000000000000000e+00 -1.000000000000000000e+00 7.235800000000000409e+02 1.548910000000000082e+03 1.080999999999999961e+00 8.990000000000000213e-01 2.370999999999999996e+00 1.058999999999999941e+00
1.300000000000000000e+01 5.677000000000000000e+03 -1.000000000000000000e+00 -1.000000000000000000e+00 -1.000000000000000000e+00 -1.000000000000000000e+00 -1.000000000000000000e+00 7.094230000000000018e+02 1.569143000000000029e+03 1.042999999999999927e+00 8.974999999999999645e-01 2.206500000000000128e+00 8.024999999999999911e-01
1.300000000000000000e+01 5.679000000000000000e+03 -1.000000000000000000e+00 -1.000000000000000000e+00 -1.000000000000000000e+00 -1.000000000000000000e+00 -1.000000000000000000e+00 7.263999999999999773e+02 1.541351000000000113e+03 8.339999999999999636e-01 8.425000000000000266e-01 2.004500000000000171e+00 8.000000000000000444e-01
1.300000000000000000e+01 5.680000000000000000e+03 -1.000000000000000000e+00 -1.000000000000000000e+00 -1.000000000000000000e+00 -1.000000000000000000e+00 -1.000000000000000000e+00 7.235710000000000264e+02 1.548923999999999978e+03 1.046999999999999931e+00 8.990000000000000213e-01 2.370999999999999996e+00 1.058999999999999941e+00
1.400000000000000000e+01 5.677000000000000000e+03 -1.000000000000000000e+00 -1.000000000000000000e+00 -1.000000000000000000e+00 -1.000000000000000000e+00 -1.000000000000000000e+00 7.072300000000000182e+02 1.571563000000000102e+03 1.217000000000000082e+00 8.974999999999999645e-01 2.206500000000000128e+00 8.024999999999999911e-01
1.400000000000000000e+01 5.679000000000000000e+03 -1.000000000000000000e+00 -1.000000000000000000e+00 -1.000000000000000000e+00 -1.000000000000000000e+00 -1.000000000000000000e+00 7.246040000000000418e+02 1.542103000000000065e+03 8.000000000000000444e-01 8.425000000000000266e-01 2.004500000000000171e+00 8.000000000000000444e-01
1.400000000000000000e+01 5.680000000000000000e+03 -1.000000000000000000e+00 -1.000000000000000000e+00 -1.000000000000000000e+00 -1.000000000000000000e+00 -1.000000000000000000e+00 7.235570000000000164e+02 1.548952999999999975e+03 1.046999999999999931e+00 8.990000000000000213e-01 2.370999999999999996e+00 1.058999999999999941e+00
1.500000000000000000e+01 5.677000000000000000e+03 -1.000000000000000000e+00 -1.000000000000000000e+00 -1.000000000000000000e+00 -1.000000000000000000e+00 -1.000000000000000000e+00 7.050339999999999918e+02 1.573987000000000080e+03 1.391000000000000014e+00 8.974999999999999645e-01 2.206500000000000128e+00 8.024999999999999911e-01
1.500000000000000000e+01 5.679000000000000000e+03 -1.000000000000000000e+00 -1.000000000000000000e+00 -1.000000000000000000e+00 -1.000000000000000000e+00 -1.000000000000000000e+00 7.230810000000000173e+02 1.543297000000000025e+03 7.990000000000000435e-01 8.425000000000000266e-01 2.004500000000000171e+00 8.000000000000000444e-01
1.500000000000000000e+01 5.680000000000000000e+03 -1.000000000000000000e+00 -1.000000000000000000e+00 -1.000000000000000000e+00 -1.000000000000000000e+00 -1.000000000000000000e+00 7.235439999999999827e+02 1.548982999999999947e+03 1.046999999999999931e+00 8.990000000000000213e-01 2.370999999999999996e+00 1.058999999999999941e+00
1.600000000000000000e+01 5.677000000000000000e+03 -1.000000000000000000e+00 -1.000000000000000000e+00 -1.000000000000000000e+00 -1.000000000000000000e+00 -1.000000000000000000e+00 7.029859999999999900e+02 1.576204999999999927e+03 1.439000000000000057e+00 8.974999999999999645e-01 2.206500000000000128e+00 8.024999999999999911e-01
1.600000000000000000e+01 5.679000000000000000e+03 -1.000000000000000000e+00 -1.000000000000000000e+00 -1.000000000000000000e+00 -1.000000000000000000e+00 -1.000000000000000000e+00 7.218920000000000528e+02 1.544734999999999900e+03 8.149999999999999467e-01 8.425000000000000266e-01 2.004500000000000171e+00 8.000000000000000444e-01
1.600000000000000000e+01 5.680000000000000000e+03 -1.000000000000000000e+00 -1.000000000000000000e+00 -1.000000000000000000e+00 -1.000000000000000000e+00 -1.000000000000000000e+00 7.235439999999999827e+02 1.548982999999999947e+03 1.046999999999999931e+00 8.990000000000000213e-01 2.370999999999999996e+00 1.058999999999999941e+00
1.700000000000000000e+01 5.677000000000000000e+03 -1.000000000000000000e+00 -1.000000000000000000e+00 -1.000000000000000000e+00 -1.000000000000000000e+00 -1.000000000000000000e+00 7.009349999999999454e+02 1.578424999999999955e+03 1.487999999999999989e+00 8.974999999999999645e-01 2.206500000000000128e+00 8.024999999999999911e-01
1.700000000000000000e+01 5.679000000000000000e+03 -1.000000000000000000e+00 -1.000000000000000000e+00 -1.000000000000000000e+00 -1.000000000000000000e+00 -1.000000000000000000e+00 7.210320000000000391e+02 1.546423000000000002e+03 7.970000000000000417e-01 8.425000000000000266e-01 2.004500000000000171e+00 8.000000000000000444e-01
1.700000000000000000e+01 5.680000000000000000e+03 -1.000000000000000000e+00 -1.000000000000000000e+00 -1.000000000000000000e+00 -1.000000000000000000e+00 -1.000000000000000000e+00 7.235439999999999827e+02 1.548982999999999947e+03 1.046999999999999931e+00 8.990000000000000213e-01 2.370999999999999996e+00 1.058999999999999941e+00
1.800000000000000000e+01 5.677000000000000000e+03 -1.000000000000000000e+00 -1.000000000000000000e+00 -1.000000000000000000e+00 -1.000000000000000000e+00 -1.000000000000000000e+00 6.991009999999999991e+02 1.580412000000000035e+03 1.536000000000000032e+00 8.974999999999999645e-01 2.206500000000000128e+00 8.024999999999999911e-01
1.800000000000000000e+01 5.679000000000000000e+03 -1.000000000000000000e+00 -1.000000000000000000e+00 -1.000000000000000000e+00 -1.000000000000000000e+00 -1.000000000000000000e+00 7.201670000000000300e+02 1.548349999999999909e+03 7.790000000000000258e-01 8.425000000000000266e-01 2.004500000000000171e+00 8.000000000000000444e-01
1.800000000000000000e+01 5.680000000000000000e+03 -1.000000000000000000e+00 -1.000000000000000000e+00 -1.000000000000000000e+00 -1.000000000000000000e+00 -1.000000000000000000e+00 7.235439999999999827e+02 1.548982999999999947e+03 1.046999999999999931e+00 8.990000000000000213e-01 2.370999999999999996e+00 1.058999999999999941e+00
1.900000000000000000e+01 5.677000000000000000e+03 -1.000000000000000000e+00 -1.000000000000000000e+00 -1.000000000000000000e+00 -1.000000000000000000e+00 -1.000000000000000000e+00 6.972680000000000291e+02 1.582398999999999887e+03 1.584999999999999964e+00 8.974999999999999645e-01 2.206500000000000128e+00 8.024999999999999911e-01
1.900000000000000000e+01 5.679000000000000000e+03 -1.000000000000000000e+00 -1.000000000000000000e+00 -1.000000000000000000e+00 -1.000000000000000000e+00 -1.000000000000000000e+00 7.194479999999999791e+02 1.550575000000000045e+03 7.109999999999999654e-01 8.425000000000000266e-01 2.004500000000000171e+00 8.000000000000000444e-01
1.900000000000000000e+01 5.680000000000000000e+03 -1.000000000000000000e+00 -1.000000000000000000e+00 -1.000000000000000000e+00 -1.000000000000000000e+00 -1.000000000000000000e+00 7.235439999999999827e+02 1.548982999999999947e+03 1.046999999999999931e+00 8.990000000000000213e-01 2.370999999999999996e+00 1.058999999999999941e+00
2.000000000000000000e+01 5.677000000000000000e+03 -1.000000000000000000e+00 -1.000000000000000000e+00 -1.000000000000000000e+00 -1.000000000000000000e+00 -1.000000000000000000e+00 6.958300000000000409e+02 1.583894999999999982e+03 1.562000000000000055e+00 8.974999999999999645e-01 2.206500000000000128e+00 8.024999999999999911e-01
2.000000000000000000e+01 5.679000000000000000e+03 -1.000000000000000000e+00 -1.000000000000000000e+00 -1.000000000000000000e+00 -1.000000000000000000e+00 -1.000000000000000000e+00 7.186810000000000400e+02 1.552797000000000025e+03 6.500000000000000222e-01 8.425000000000000266e-01 2.004500000000000171e+00 8.000000000000000444e-01
2.000000000000000000e+01 5.680000000000000000e+03 -1.000000000000000000e+00 -1.000000000000000000e+00 -1.000000000000000000e+00 -1.000000000000000000e+00 -1.000000000000000000e+00 7.235439999999999827e+02 1.548982999999999947e+03 1.046999999999999931e+00 8.990000000000000213e-01 2.370999999999999996e+00 1.058999999999999941e+00
2.100000000000000000e+01 5.677000000000000000e+03 -1.000000000000000000e+00 -1.000000000000000000e+00 -1.000000000000000000e+00 -1.000000000000000000e+00 -1.000000000000000000e+00 6.942350000000000136e+02 1.585554000000000087e+03 1.536999999999999922e+00 8.974999999999999645e-01 2.206500000000000128e+00 8.024999999999999911e-01
2.100000000000000000e+01 5.679000000000000000e+03 -1.000000000000000000e+00 -1.000000000000000000e+00 -1.000000000000000000e+00 -1.000000000000000000e+00 -1.000000000000000000e+00 7.177060000000000173e+02 1.555391000000000076e+03 6.069999999999999840e-01 8.425000000000000266e-01 2.004500000000000171e+00 8.000000000000000444e-01
2.100000000000000000e+01 5.680000000000000000e+03 -1.000000000000000000e+00 -1.000000000000000000e+00 -1.000000000000000000e+00 -1.000000000000000000e+00 -1.000000000000000000e+00 7.235349999999999682e+02 1.548986000000000104e+03 9.969999999999999973e-01 8.990000000000000213e-01 2.370999999999999996e+00 1.058999999999999941e+00
2.200000000000000000e+01 5.686000000000000000e+03 -1.000000000000000000e+00 -1.000000000000000000e+00 -1.000000000000000000e+00 -1.000000000000000000e+00 -1.000000000000000000e+00 6.826369999999999436e+02 1.609542999999999893e+03 3.149000000000000021e+00 9.579999999999999627e-01 2.274000000000000021e+00 1.028999999999999915e+00
2.200000000000000000e+01 5.677000000000000000e+03 -1.000000000000000000e+00 -1.000000000000000000e+00 -1.000000000000000000e+00 -1.000000000000000000e+00 -1.000000000000000000e+00 6.929099999999999682e+02 1.586932999999999993e+03 1.510000000000000009e+00 8.974999999999999645e-01 2.206500000000000128e+00 8.024999999999999911e-01
2.200000000000000000e+01 5.679000000000000000e+03 -1.000000000000000000e+00 -1.000000000000000000e+00 -1.000000000000000000e+00 -1.000000000000000000e+00 -1.000000000000000000e+00 7.166159999999999854e+02 1.557945999999999913e+03 5.639999999999999458e-01 8.425000000000000266e-01 2.004500000000000171e+00 8.000000000000000444e-01
2.200000000000000000e+01 5.680000000000000000e+03 -1.000000000000000000e+00 -1.000000000000000000e+00 -1.000000000000000000e+00 -1.000000000000000000e+00 -1.000000000000000000e+00 7.235270000000000437e+02 1.548990000000000009e+03 9.469999999999999529e-01 8.990000000000000213e-01 2.370999999999999996e+00 1.058999999999999941e+00
2.300000000000000000e+01 5.677000000000000000e+03 -1.000000000000000000e+00 -1.000000000000000000e+00 -1.000000000000000000e+00 -1.000000000000000000e+00 -1.000000000000000000e+00 6.915869999999999891e+02 1.588309999999999945e+03 1.483999999999999986e+00 8.974999999999999645e-01 2.206500000000000128e+00 8.024999999999999911e-01
2.300000000000000000e+01 5.679000000000000000e+03 -1.000000000000000000e+00 -1.000000000000000000e+00 -1.000000000000000000e+00 -1.000000000000000000e+00 -1.000000000000000000e+00 7.153830000000000382e+02 1.560542999999999893e+03 5.719999999999999529e-01 8.425000000000000266e-01 2.004500000000000171e+00 8.000000000000000444e-01
2.300000000000000000e+01 5.687000000000000000e+03 -1.000000000000000000e+00 -1.000000000000000000e+00 -1.000000000000000000e+00 -1.000000000000000000e+00 -1.000000000000000000e+00 7.063790000000000191e+02 1.618874000000000024e+03 5.535000000000000142e+00 9.605000000000000204e-01 2.310000000000000053e+00 9.505000000000000115e-01
2.300000000000000000e+01 5.680000000000000000e+03 -1.000000000000000000e+00 -1.000000000000000000e+00 -1.000000000000000000e+00 -1.000000000000000000e+00 -1.000000000000000000e+00 7.235180000000000291e+02 1.548992999999999938e+03 8.970000000000000195e-01 8.990000000000000213e-01 2.370999999999999996e+00 1.058999999999999941e+00
2.300000000000000000e+01 5.686000000000000000e+03 -1.000000000000000000e+00 -1.000000000000000000e+00 -1.000000000000000000e+00 -1.000000000000000000e+00 -1.000000000000000000e+00 6.825896493197730024e+02 1.609543666910989259e+03 3.008948692286318227e+00 9.579999999999999627e-01 2.274000000000000021e+00 1.028999999999999915e+00
2.400000000000000000e+01 5.677000000000000000e+03 -1.000000000000000000e+00 -1.000000000000000000e+00 -1.000000000000000000e+00 -1.000000000000000000e+00 -1.000000000000000000e+00 6.903690000000000282e+02 1.589577999999999975e+03 1.481999999999999984e+00 8.974999999999999645e-01 2.206500000000000128e+00 8.024999999999999911e-01
2.400000000000000000e+01 5.679000000000000000e+03 -1.000000000000000000e+00 -1.000000000000000000e+00 -1.000000000000000000e+00 -1.000000000000000000e+00 -1.000000000000000000e+00 7.140380000000000109e+02 1.563085000000000036e+03 5.789999999999999591e-01 8.425000000000000266e-01 2.004500000000000171e+00 8.000000000000000444e-01
2.400000000000000000e+01 5.687000000000000000e+03 -1.000000000000000000e+00 -1.000000000000000000e+00 -1.000000000000000000e+00 -1.000000000000000000e+00 -1.000000000000000000e+00 7.064379999999999882e+02 1.618895999999999958e+03 5.434999999999999609e+00 9.605000000000000204e-01 2.310000000000000053e+00 9.505000000000000115e-01
2.400000000000000000e+01 5.680000000000000000e+03 -1.000000000000000000e+00 -1.000000000000000000e+00 -1.000000000000000000e+00 -1.000000000000000000e+00 -1.000000000000000000e+00 7.235099999999999909e+02 1.548997000000000071e+03 8.469999999999999751e-01 8.990000000000000213e-01 2.370999999999999996e+00 1.058999999999999941e+00
2.400000000000000000e+01 5.686000000000000000e+03 -1.000000000000000000e+00 -1.000000000000000000e+00 -1.000000000000000000e+00 -1.000000000000000000e+00 -1.000000000000000000e+00 6.826132997276691867e+02 1.609543333806652299e+03 3.078900602965585875e+00 9.579999999999999627e-01 2.274000000000000021e+00 1.028999999999999915e+00
2.500000000000000000e+01 5.686000000000000000e+03 -1.000000000000000000e+00 -1.000000000000000000e+00 -1.000000000000000000e+00 -1.000000000000000000e+00 -1.000000000000000000e+00 6.825660000000000309e+02 1.609544000000000096e+03 2.939000000000000057e+00 9.579999999999999627e-01 2.274000000000000021e+00 1.028999999999999915e+00
2.500000000000000000e+01 5.677000000000000000e+03 -1.000000000000000000e+00 -1.000000000000000000e+00 -1.000000000000000000e+00 -1.000000000000000000e+00 -1.000000000000000000e+00 6.891480000000000246e+02 1.590848999999999933e+03 1.479999999999999982e+00 8.974999999999999645e-01 2.206500000000000128e+00 8.024999999999999911e-01
2.500000000000000000e+01 5.679000000000000000e+03 -1.000000000000000000e+00 -1.000000000000000000e+00 -1.000000000000000000e+00 -1.000000000000000000e+00 -1.000000000000000000e+00 7.124819999999999709e+02 1.565546000000000049e+03 5.610000000000000542e-01 8.425000000000000266e-01 2.004500000000000171e+00 8.000000000000000444e-01
2.500000000000000000e+01 5.687000000000000000e+03 -1.000000000000000000e+00 -1.000000000000000000e+00 -1.000000000000000000e+00 -1.000000000000000000e+00 -1.000000000000000000e+00 7.064379999999999882e+02 1.618895999999999958e+03 5.322000000000000064e+00 9.605000000000000204e-01 2.310000000000000053e+00 9.505000000000000115e-01
2.500000000000000000e+01 5.680000000000000000e+03 -1.000000000000000000e+00 -1.000000000000000000e+00 -1.000000000000000000e+00 -1.000000000000000000e+00 -1.000000000000000000e+00 7.235009999999999764e+02 1.549000000000000000e+03 7.970000000000000417e-01 8.990000000000000213e-01 2.370999999999999996e+00 1.058999999999999941e+00
2.600000000000000000e+01 5.686000000000000000e+03 -1.000000000000000000e+00 -1.000000000000000000e+00 -1.000000000000000000e+00 -1.000000000000000000e+00 -1.000000000000000000e+00 6.825430000000000064e+02 1.609544000000000096e+03 2.869000000000000217e+00 9.579999999999999627e-01 2.274000000000000021e+00 1.028999999999999915e+00
2.600000000000000000e+01 5.677000000000000000e+03 -1.000000000000000000e+00 -1.000000000000000000e+00 -1.000000000000000000e+00 -1.000000000000000000e+00 -1.000000000000000000e+00 6.879089999999999918e+02 1.592138999999999896e+03 1.504000000000000004e+00 8.974999999999999645e-01 2.206500000000000128e+00 8.024999999999999911e-01
2.600000000000000000e+01 5.679000000000000000e+03 -1.000000000000000000e+00 -1.000000000000000000e+00 -1.000000000000000000e+00 -1.000000000000000000e+00 -1.000000000000000000e+00 7.108029999999999973e+02 1.567916999999999916e+03 5.430000000000000382e-01 8.425000000000000266e-01 2.004500000000000171e+00 8.000000000000000444e-01
2.600000000000000000e+01 5.680000000000000000e+03 -1.000000000000000000e+00 -1.000000000000000000e+00 -1.000000000000000000e+00 -1.000000000000000000e+00 -1.000000000000000000e+00 7.235979999999999563e+02 1.548864000000000033e+03 7.970000000000000417e-01 8.990000000000000213e-01 2.370999999999999996e+00 1.058999999999999941e+00
2.600000000000000000e+01 5.687000000000000000e+03 -1.000000000000000000e+00 -1.000000000000000000e+00 -1.000000000000000000e+00 -1.000000000000000000e+00 -1.000000000000000000e+00 7.064379999999999882e+02 1.618895999999999958e+03 4.747637145853886409e+00 9.605000000000000204e-01 2.310000000000000053e+00 9.505000000000000115e-01
2.700000000000000000e+01 5.686000000000000000e+03 -1.000000000000000000e+00 -1.000000000000000000e+00 -1.000000000000000000e+00 -1.000000000000000000e+00 -1.000000000000000000e+00 6.825190000000000055e+02 1.609544000000000096e+03 2.799999999999999822e+00 9.579999999999999627e-01 2.274000000000000021e+00 1.028999999999999915e+00
2.700000000000000000e+01 5.677000000000000000e+03 -1.000000000000000000e+00 -1.000000000000000000e+00 -1.000000000000000000e+00 -1.000000000000000000e+00 -1.000000000000000000e+00 6.866720000000000255e+02 1.593426999999999907e+03 1.526999999999999913e+00 8.974999999999999645e-01 2.206500000000000128e+00 8.024999999999999911e-01
2.700000000000000000e+01 5.679000000000000000e+03 -1.000000000000000000e+00 -1.000000000000000000e+00 -1.000000000000000000e+00 -1.000000000000000000e+00 -1.000000000000000000e+00 7.091900000000000546e+02 1.569965999999999894e+03 5.090000000000000080e-01 8.425000000000000266e-01 2.004500000000000171e+00 8.000000000000000444e-01
2.700000000000000000e+01 5.680000000000000000e+03 -1.000000000000000000e+00 -1.000000000000000000e+00 -1.000000000000000000e+00 -1.000000000000000000e+00 -1.000000000000000000e+00 7.238220000000000027e+02 1.548060999999999922e+03 6.969999999999999529e-01 8.990000000000000213e-01 2.370999999999999996e+00 1.058999999999999941e+00
2.700000000000000000e+01 5.687000000000000000e+03 -1.000000000000000000e+00 -1.000000000000000000e+00 -1.000000000000000000e+00 -1.000000000000000000e+00 -1.000000000000000000e+00 7.064379999999999882e+02 1.618895999999999731e+03 4.860137073043701683e+00 9.605000000000000204e-01 2.310000000000000053e+00 9.505000000000000115e-01
2.800000000000000000e+01 5.686000000000000000e+03 -1.000000000000000000e+00 -1.000000000000000000e+00 -1.000000000000000000e+00 -1.000000000000000000e+00 -1.000000000000000000e+00 6.825410000000000537e+02 1.609604000000000042e+03 2.700000000000000178e+00 9.579999999999999627e-01 2.274000000000000021e+00 1.028999999999999915e+00
2.800000000000000000e+01 5.677000000000000000e+03 -1.000000000000000000e+00 -1.000000000000000000e+00 -1.000000000000000000e+00 -1.000000000000000000e+00 -1.000000000000000000e+00 6.850529999999999973e+02 1.595087999999999965e+03 1.550999999999999934e+00 8.974999999999999645e-01 2.206500000000000128e+00 8.024999999999999911e-01
2.800000000000000000e+01 5.679000000000000000e+03 -1.000000000000000000e+00 -1.000000000000000000e+00 -1.000000000000000000e+00 -1.000000000000000000e+00 -1.000000000000000000e+00 7.074700000000000273e+02 1.571930000000000064e+03 4.739999999999999769e-01 8.425000000000000266e-01 2.004500000000000171e+00 8.000000000000000444e-01
2.800000000000000000e+01 5.680000000000000000e+03 -1.000000000000000000e+00 -1.000000000000000000e+00 -1.000000000000000000e+00 -1.000000000000000000e+00 -1.000000000000000000e+00 7.240460000000000491e+02 1.547256000000000085e+03 5.969999999999999751e-01 8.990000000000000213e-01 2.370999999999999996e+00 1.058999999999999941e+00
2.800000000000000000e+01 5.687000000000000000e+03 -1.000000000000000000e+00 -1.000000000000000000e+00 -1.000000000000000000e+00 -1.000000000000000000e+00 -1.000000000000000000e+00 7.064379999999999882e+02 1.618895999999999958e+03 4.972769937855523459e+00 9.605000000000000204e-01 2.310000000000000053e+00 9.505000000000000115e-01
2.900000000000000000e+01 5.686000000000000000e+03 -1.000000000000000000e+00 -1.000000000000000000e+00 -1.000000000000000000e+00 -1.000000000000000000e+00 -1.000000000000000000e+00 6.825629999999999882e+02 1.609663000000000011e+03 2.600000000000000089e+00 9.579999999999999627e-01 2.274000000000000021e+00 1.028999999999999915e+00
2.900000000000000000e+01 5.677000000000000000e+03 -1.000000000000000000e+00 -1.000000000000000000e+00 -1.000000000000000000e+00 -1.000000000000000000e+00 -1.000000000000000000e+00 6.834329999999999927e+02 1.596751999999999953e+03 1.574000000000000066e+00 8.974999999999999645e-01 2.206500000000000128e+00 8.024999999999999911e-01
2.900000000000000000e+01 5.679000000000000000e+03 -1.000000000000000000e+00 -1.000000000000000000e+00 -1.000000000000000000e+00 -1.000000000000000000e+00 -1.000000000000000000e+00 7.058070000000000164e+02 1.573770999999999958e+03 4.869999999999999885e-01 8.425000000000000266e-01 2.004500000000000171e+00 8.000000000000000444e-01
2.900000000000000000e+01 5.688000000000000000e+03 -1.000000000000000000e+00 -1.000000000000000000e+00 -1.000000000000000000e+00 -1.000000000000000000e+00 -1.000000000000000000e+00 6.993590000000000373e+02 1.621207000000000107e+03 4.314000000000000057e+00 8.814999999999999503e-01 1.947999999999999954e+00 8.904999999999999583e-01
2.900000000000000000e+01 5.680000000000000000e+03 -1.000000000000000000e+00 -1.000000000000000000e+00 -1.000000000000000000e+00 -1.000000000000000000e+00 -1.000000000000000000e+00 7.243730000000000473e+02 1.545873000000000047e+03 5.450000000000000400e-01 8.990000000000000213e-01 2.370999999999999996e+00 1.058999999999999941e+00
2.900000000000000000e+01 5.687000000000000000e+03 -1.000000000000000000e+00 -1.000000000000000000e+00 -1.000000000000000000e+00 -1.000000000000000000e+00 -1.000000000000000000e+00 7.064379999999999882e+02 1.618895999999999731e+03 5.085523122481161451e+00 9.605000000000000204e-01 2.310000000000000053e+00 9.505000000000000115e-01
3.000000000000000000e+01 5.686000000000000000e+03 -1.000000000000000000e+00 -1.000000000000000000e+00 -1.000000000000000000e+00 -1.000000000000000000e+00 -1.000000000000000000e+00 6.826040000000000418e+02 1.609630000000000109e+03 2.484999999999999876e+00 9.579999999999999627e-01 2.274000000000000021e+00 1.028999999999999915e+00
3.000000000000000000e+01 5.677000000000000000e+03 -1.000000000000000000e+00 -1.000000000000000000e+00 -1.000000000000000000e+00 -1.000000000000000000e+00 -1.000000000000000000e+00 6.814070000000000391e+02 1.598769000000000005e+03 1.625999999999999890e+00 8.974999999999999645e-01 2.206500000000000128e+00 8.024999999999999911e-01
3.000000000000000000e+01 5.679000000000000000e+03 -1.000000000000000000e+00 -1.000000000000000000e+00 -1.000000000000000000e+00 -1.000000000000000000e+00 -1.000000000000000000e+00 7.039790000000000418e+02 1.575796000000000049e+03 5.010000000000000009e-01 8.425000000000000266e-01 2.004500000000000171e+00 8.000000000000000444e-01
3.000000000000000000e+01 5.688000000000000000e+03 -1.000000000000000000e+00 -1.000000000000000000e+00 -1.000000000000000000e+00 -1.000000000000000000e+00 -1.000000000000000000e+00 6.993590000000000373e+02 1.621207000000000107e+03 4.190000000000000391e+00 8.814999999999999503e-01 1.947999999999999954e+00 8.904999999999999583e-01
3.000000000000000000e+01 5.680000000000000000e+03 -1.000000000000000000e+00 -1.000000000000000000e+00 -1.000000000000000000e+00 -1.000000000000000000e+00 -1.000000000000000000e+00 7.248750000000000000e+02 1.543688000000000102e+03 4.869999999999999885e-01 8.990000000000000213e-01 2.370999999999999996e+00 1.058999999999999941e+00
3.000000000000000000e+01 5.689000000000000000e+03 -1.000000000000000000e+00 -1.000000000000000000e+00 -1.000000000000000000e+00 -1.000000000000000000e+00 -1.000000000000000000e+00 7.011079999999999472e+02 1.619269999999999982e+03 4.288999999999999702e+00 8.914999999999999591e-01 2.121999999999999886e+00 9.599999999999999645e-01
3.000000000000000000e+01 5.687000000000000000e+03 -1.000000000000000000e+00 -1.000000000000000000e+00 -1.000000000000000000e+00 -1.000000000000000000e+00 -1.000000000000000000e+00 7.064380000000001019e+02 1.618896000000000186e+03 5.209493313270082915e+00 9.605000000000001315e-01 2.310000000000000053e+00 9.505000000000000115e-01
3.100000000000000000e+01 5.686000000000000000e+03 -1.000000000000000000e+00 -1.000000000000000000e+00 -1.000000000000000000e+00 -1.000000000000000000e+00 -1.000000000000000000e+00 6.826420000000000528e+02 1.609598999999999933e+03 2.380999999999999783e+00 9.579999999999999627e-01 2.274000000000000021e+00 1.028999999999999915e+00
3.100000000000000000e+01 5.677000000000000000e+03 -1.000000000000000000e+00 -1.000000000000000000e+00 -1.000000000000000000e+00 -1.000000000000000000e+00 -1.000000000000000000e+00 6.794660000000000082e+02 1.600700000000000045e+03 1.673999999999999932e+00 8.974999999999999645e-01 2.206500000000000128e+00 8.024999999999999911e-01
3.100000000000000000e+01 5.679000000000000000e+03 -1.000000000000000000e+00 -1.000000000000000000e+00 -1.000000000000000000e+00 -1.000000000000000000e+00 -1.000000000000000000e+00 7.023509999999999991e+02 1.577515000000000100e+03 5.140000000000000124e-01 8.425000000000000266e-01 2.004500000000000171e+00 8.000000000000000444e-01
3.100000000000000000e+01 5.688000000000000000e+03 -1.000000000000000000e+00 -1.000000000000000000e+00 -1.000000000000000000e+00 -1.000000000000000000e+00 -1.000000000000000000e+00 6.993590000000000373e+02 1.621207000000000107e+03 4.078000000000000291e+00 8.814999999999999503e-01 1.947999999999999954e+00 8.904999999999999583e-01
3.100000000000000000e+01 5.687000000000000000e+03 -1.000000000000000000e+00 -1.000000000000000000e+00 -1.000000000000000000e+00 -1.000000000000000000e+00 -1.000000000000000000e+00 7.064379999999999882e+02 1.618895999999999958e+03 4.634999999999999787e+00 9.605000000000000204e-01 2.310000000000000053e+00 9.505000000000000115e-01
3.100000000000000000e+01 5.689000000000000000e+03 -1.000000000000000000e+00 -1.000000000000000000e+00 -1.000000000000000000e+00 -1.000000000000000000e+00 -1.000000000000000000e+00 7.011079999999999472e+02 1.619269999999999982e+03 4.139000000000000234e+00 8.914999999999999591e-01 2.121999999999999886e+00 9.599999999999999645e-01
3.200000000000000000e+01 5.690000000000000000e+03 -1.000000000000000000e+00 -1.000000000000000000e+00 -1.000000000000000000e+00 -1.000000000000000000e+00 -1.000000000000000000e+00 6.628029999999999973e+02 1.620601000000000113e+03 3.209000000000000075e+00 9.354999999999999982e-01 2.460999999999999854e+00 1.040499999999999980e+00
3.200000000000000000e+01 5.686000000000000000e+03 -1.000000000000000000e+00 -1.000000000000000000e+00 -1.000000000000000000e+00 -1.000000000000000000e+00 -1.000000000000000000e+00 6.826789999999999736e+02 1.609568999999999960e+03 2.277000000000000135e+00 9.579999999999999627e-01 2.274000000000000021e+00 1.028999999999999915e+00
3.200000000000000000e+01 5.677000000000000000e+03 -1.000000000000000000e+00 -1.000000000000000000e+00 -1.000000000000000000e+00 -1.000000000000000000e+00 -1.000000000000000000e+00 6.772469999999999573e+02 1.602786000000000058e+03 1.721000000000000085e+00 8.974999999999999645e-01 2.206500000000000128e+00 8.024999999999999911e-01
3.200000000000000000e+01 5.679000000000000000e+03 -1.000000000000000000e+00 -1.000000000000000000e+00 -1.000000000000000000e+00 -1.000000000000000000e+00 -1.000000000000000000e+00 7.007219999999999800e+02 1.579234999999999900e+03 5.270000000000000240e-01 8.425000000000000266e-01 2.004500000000000171e+00 8.000000000000000444e-01
3.200000000000000000e+01 5.688000000000000000e+03 -1.000000000000000000e+00 -1.000000000000000000e+00 -1.000000000000000000e+00 -1.000000000000000000e+00 -1.000000000000000000e+00 6.993590000000000373e+02 1.621207000000000107e+03 3.964999999999999858e+00 8.814999999999999503e-01 1.947999999999999954e+00 8.904999999999999583e-01
3.200000000000000000e+01 5.687000000000000000e+03 -1.000000000000000000e+00 -1.000000000000000000e+00 -1.000000000000000000e+00 -1.000000000000000000e+00 -1.000000000000000000e+00 7.064379999999999882e+02 1.618895999999999958e+03 4.634999999999999787e+00 9.605000000000000204e-01 2.310000000000000053e+00 9.505000000000000115e-01
3.200000000000000000e+01 5.689000000000000000e+03 -1.000000000000000000e+00 -1.000000000000000000e+00 -1.000000000000000000e+00 -1.000000000000000000e+00 -1.000000000000000000e+00 7.011079999999999472e+02 1.619269999999999982e+03 4.038999999999999702e+00 8.914999999999999591e-01 2.121999999999999886e+00 9.599999999999999645e-01
3.300000000000000000e+01 5.690000000000000000e+03 -1.000000000000000000e+00 -1.000000000000000000e+00 -1.000000000000000000e+00 -1.000000000000000000e+00 -1.000000000000000000e+00 6.660549999999999500e+02 1.617643000000000029e+03 2.879000000000000004e+00 9.354999999999999982e-01 2.460999999999999854e+00 1.040499999999999980e+00
3.300000000000000000e+01 5.686000000000000000e+03 -1.000000000000000000e+00 -1.000000000000000000e+00 -1.000000000000000000e+00 -1.000000000000000000e+00 -1.000000000000000000e+00 6.827160000000000082e+02 1.609538000000000011e+03 2.172000000000000153e+00 9.579999999999999627e-01 2.274000000000000021e+00 1.028999999999999915e+00
3.300000000000000000e+01 5.677000000000000000e+03 -1.000000000000000000e+00 -1.000000000000000000e+00 -1.000000000000000000e+00 -1.000000000000000000e+00 -1.000000000000000000e+00 6.748079999999999927e+02 1.605085000000000036e+03 1.768000000000000016e+00 8.974999999999999645e-01 2.206500000000000128e+00 8.024999999999999911e-01
3.300000000000000000e+01 5.679000000000000000e+03 -1.000000000000000000e+00 -1.000000000000000000e+00 -1.000000000000000000e+00 -1.000000000000000000e+00 -1.000000000000000000e+00 6.992939999999999827e+02 1.580750999999999976e+03 4.899999999999999911e-01 8.425000000000000266e-01 2.004500000000000171e+00 8.000000000000000444e-01
3.300000000000000000e+01 5.688000000000000000e+03 -1.000000000000000000e+00 -1.000000000000000000e+00 -1.000000000000000000e+00 -1.000000000000000000e+00 -1.000000000000000000e+00 6.993590000000000373e+02 1.621207000000000107e+03 3.853000000000000203e+00 8.814999999999999503e-01 1.947999999999999954e+00 8.904999999999999583e-01
3.300000000000000000e+01 5.687000000000000000e+03 -1.000000000000000000e+00 -1.000000000000000000e+00 -1.000000000000000000e+00 -1.000000000000000000e+00 -1.000000000000000000e+00 7.064379999999999882e+02 1.618895999999999958e+03 4.485000000000000320e+00 9.605000000000000204e-01 2.310000000000000053e+00 9.505000000000000115e-01
3.300000000000000000e+01 5.689000000000000000e+03 -1.000000000000000000e+00 -1.000000000000000000e+00 -1.000000000000000000e+00 -1.000000000000000000e+00 -1.000000000000000000e+00 7.011079999999999472e+02 1.619269999999999982e+03 3.939000000000000057e+00 8.914999999999999591e-01 2.121999999999999886e+00 9.599999999999999645e-01
3.300000000000000000e+01 5.691000000000000000e+03 -1.000000000000000000e+00 -1.000000000000000000e+00 -1.000000000000000000e+00 -1.000000000000000000e+00 -1.000000000000000000e+00 7.147430000000000518e+02 1.621799999999999955e+03 4.456999999999999851e+00 9.250000000000000444e-01 2.200000000000000178e+00 8.719999999999999973e-01
3.400000000000000000e+01 5.690000000000000000e+03 -1.000000000000000000e+00 -1.000000000000000000e+00 -1.000000000000000000e+00 -1.000000000000000000e+00 -1.000000000000000000e+00 6.692540000000000191e+02 1.614621000000000095e+03 2.549999999999999822e+00 9.354999999999999982e-01 2.460999999999999854e+00 1.040499999999999980e+00
3.400000000000000000e+01 5.686000000000000000e+03 -1.000000000000000000e+00 -1.000000000000000000e+00 -1.000000000000000000e+00 -1.000000000000000000e+00 -1.000000000000000000e+00 6.827409999999999854e+02 1.609567999999999984e+03 2.080000000000000071e+00 9.579999999999999627e-01 2.274000000000000021e+00 1.028999999999999915e+00
3.400000000000000000e+01 5.677000000000000000e+03 -1.000000000000000000e+00 -1.000000000000000000e+00 -1.000000000000000000e+00 -1.000000000000000000e+00 -1.000000000000000000e+00 6.722459999999999809e+02 1.607503999999999905e+03 1.840999999999999970e+00 8.974999999999999645e-01 2.206500000000000128e+00 8.024999999999999911e-01
3.400000000000000000e+01 5.692000000000000000e+03 -1.000000000000000000e+00 -1.000000000000000000e+00 -1.000000000000000000e+00 -1.000000000000000000e+00 -1.000000000000000000e+00 7.126710000000000491e+02 1.621182999999999993e+03 4.378000000000000114e+00 8.900000000000000133e-01 2.225499999999999812e+00 8.285000000000000142e-01
3.400000000000000000e+01 5.679000000000000000e+03 -1.000000000000000000e+00 -1.000000000000000000e+00 -1.000000000000000000e+00 -1.000000000000000000e+00 -1.000000000000000000e+00 6.978650000000000091e+02 1.582268000000000029e+03 4.530000000000000138e-01 8.425000000000000266e-01 2.004500000000000171e+00 8.000000000000000444e-01
3.400000000000000000e+01 5.688000000000000000e+03 -1.000000000000000000e+00 -1.000000000000000000e+00 -1.000000000000000000e+00 -1.000000000000000000e+00 -1.000000000000000000e+00 6.993590000000000373e+02 1.621207000000000107e+03 3.740000000000000213e+00 8.814999999999999503e-01 1.947999999999999954e+00 8.904999999999999583e-01
3.400000000000000000e+01 5.687000000000000000e+03 -1.000000000000000000e+00 -1.000000000000000000e+00 -1.000000000000000000e+00 -1.000000000000000000e+00 -1.000000000000000000e+00 7.064379999999999882e+02 1.618895999999999958e+03 4.392999999999999794e+00 9.605000000000000204e-01 2.310000000000000053e+00 9.505000000000000115e-01
3.400000000000000000e+01 5.689000000000000000e+03 -1.000000000000000000e+00 -1.000000000000000000e+00 -1.000000000000000000e+00 -1.000000000000000000e+00 -1.000000000000000000e+00 7.011079999999999472e+02 1.619269999999999982e+03 3.838999999999999968e+00 8.914999999999999591e-01 2.121999999999999886e+00 9.599999999999999645e-01
3.400000000000000000e+01 5.691000000000000000e+03 -1.000000000000000000e+00 -1.000000000000000000e+00 -1.000000000000000000e+00 -1.000000000000000000e+00 -1.000000000000000000e+00 7.147430000000000518e+02 1.621799999999999955e+03 4.456999999999999851e+00 9.250000000000000444e-01 2.200000000000000178e+00 8.719999999999999973e-01
3.500000000000000000e+01 5.690000000000000000e+03 -1.000000000000000000e+00 -1.000000000000000000e+00 -1.000000000000000000e+00 -1.000000000000000000e+00 -1.000000000000000000e+00 6.724450000000000500e+02 1.611605000000000018e+03 2.221000000000000085e+00 9.354999999999999982e-01 2.460999999999999854e+00 1.040499999999999980e+00
3.500000000000000000e+01 5.686000000000000000e+03 -1.000000000000000000e+00 -1.000000000000000000e+00 -1.000000000000000000e+00 -1.000000000000000000e+00 -1.000000000000000000e+00 6.827649999999999864e+02 1.609597999999999956e+03 1.987999999999999989e+00 9.579999999999999627e-01 2.274000000000000021e+00 1.028999999999999915e+00
3.500000000000000000e+01 5.677000000000000000e+03 -1.000000000000000000e+00 -1.000000000000000000e+00 -1.000000000000000000e+00 -1.000000000000000000e+00 -1.000000000000000000e+00 6.696019999999999754e+02 1.610000999999999976e+03 1.913000000000000034e+00 8.974999999999999645e-01 2.206500000000000128e+00 8.024999999999999911e-01
3.500000000000000000e+01 5.692000000000000000e+03 -1.000000000000000000e+00 -1.000000000000000000e+00 -1.000000000000000000e+00 -1.000000000000000000e+00 -1.000000000000000000e+00 7.127050000000000409e+02 1.621097999999999956e+03 4.477999999999999758e+00 8.900000000000000133e-01 2.225499999999999812e+00 8.285000000000000142e-01
3.500000000000000000e+01 5.679000000000000000e+03 -1.000000000000000000e+00 -1.000000000000000000e+00 -1.000000000000000000e+00 -1.000000000000000000e+00 -1.000000000000000000e+00 6.964950000000000045e+02 1.583701999999999998e+03 4.159999999999999809e-01 8.425000000000000266e-01 2.004500000000000171e+00 8.000000000000000444e-01
3.500000000000000000e+01 5.688000000000000000e+03 -1.000000000000000000e+00 -1.000000000000000000e+00 -1.000000000000000000e+00 -1.000000000000000000e+00 -1.000000000000000000e+00 6.993590000000000373e+02 1.621207000000000107e+03 3.628000000000000114e+00 8.814999999999999503e-01 1.947999999999999954e+00 8.904999999999999583e-01
3.500000000000000000e+01 5.693000000000000000e+03 -1.000000000000000000e+00 -1.000000000000000000e+00 -1.000000000000000000e+00 -1.000000000000000000e+00 -1.000000000000000000e+00 7.085240000000000009e+02 1.619627999999999929e+03 4.227000000000000313e+00 8.904999999999999583e-01 2.257000000000000117e+00 8.924999999999999600e-01
3.500000000000000000e+01 5.687000000000000000e+03 -1.000000000000000000e+00 -1.000000000000000000e+00 -1.000000000000000000e+00 -1.000000000000000000e+00 -1.000000000000000000e+00 7.064379999999999882e+02 1.618895999999999958e+03 4.301000000000000156e+00 9.605000000000000204e-01 2.310000000000000053e+00 9.505000000000000115e-01
3.500000000000000000e+01 5.689000000000000000e+03 -1.000000000000000000e+00 -1.000000000000000000e+00 -1.000000000000000000e+00 -1.000000000000000000e+00 -1.000000000000000000e+00 7.011079999999999472e+02 1.619269999999999982e+03 3.738999999999999879e+00 8.914999999999999591e-01 2.121999999999999886e+00 9.599999999999999645e-01
3.500000000000000000e+01 5.694000000000000000e+03 -1.000000000000000000e+00 -1.000000000000000000e+00 -1.000000000000000000e+00 -1.000000000000000000e+00 -1.000000000000000000e+00 7.167970000000000255e+02 1.622613000000000056e+03 4.719999999999999751e+00 9.064999999999999725e-01 2.225000000000000089e+00 8.854999999999999538e-01
3.500000000000000000e+01 5.695000000000000000e+03 -1.000000000000000000e+00 -1.000000000000000000e+00 -1.000000000000000000e+00 -1.000000000000000000e+00 -1.000000000000000000e+00 6.595000000000000000e+02 1.623625000000000000e+03 2.874000000000000110e+00 9.375000000000000000e-01 2.346499999999999808e+00 8.609999999999999876e-01
3.500000000000000000e+01 5.691000000000000000e+03 -1.000000000000000000e+00 -1.000000000000000000e+00 -1.000000000000000000e+00 -1.000000000000000000e+00 -1.000000000000000000e+00 7.147430000000000518e+02 1.621800000000000182e+03 4.456999999999999851e+00 9.250000000000000444e-01 2.200000000000000178e+00 8.720000000000001084e-01
3.600000000000000000e+01 5.690000000000000000e+03 -1.000000000000000000e+00 -1.000000000000000000e+00 -1.000000000000000000e+00 -1.000000000000000000e+00 -1.000000000000000000e+00 6.756159999999999854e+02 1.608606999999999971e+03 1.895999999999999908e+00 9.354999999999999982e-01 2.460999999999999854e+00 1.040499999999999980e+00
3.600000000000000000e+01 5.686000000000000000e+03 -1.000000000000000000e+00 -1.000000000000000000e+00 -1.000000000000000000e+00 -1.000000000000000000e+00 -1.000000000000000000e+00 6.827889999999999873e+02 1.609626999999999953e+03 1.895999999999999908e+00 9.579999999999999627e-01 2.274000000000000021e+00 1.028999999999999915e+00
3.600000000000000000e+01 5.677000000000000000e+03 -1.000000000000000000e+00 -1.000000000000000000e+00 -1.000000000000000000e+00 -1.000000000000000000e+00 -1.000000000000000000e+00 6.668329999999999700e+02 1.612598999999999933e+03 1.985999999999999988e+00 8.974999999999999645e-01 2.206500000000000128e+00 8.024999999999999911e-01
3.600000000000000000e+01 5.679000000000000000e+03 -1.000000000000000000e+00 -1.000000000000000000e+00 -1.000000000000000000e+00 -1.000000000000000000e+00 -1.000000000000000000e+00 6.951280000000000427e+02 1.585133000000000038e+03 3.800000000000000044e-01 8.425000000000000266e-01 2.004500000000000171e+00 8.000000000000000444e-01
3.600000000000000000e+01 5.688000000000000000e+03 -1.000000000000000000e+00 -1.000000000000000000e+00 -1.000000000000000000e+00 -1.000000000000000000e+00 -1.000000000000000000e+00 6.993440000000000509e+02 1.621218000000000075e+03 3.492999999999999883e+00 8.814999999999999503e-01 1.947999999999999954e+00 8.904999999999999583e-01
3.600000000000000000e+01 5.693000000000000000e+03 -1.000000000000000000e+00 -1.000000000000000000e+00 -1.000000000000000000e+00 -1.000000000000000000e+00 -1.000000000000000000e+00 7.085240000000000009e+02 1.619627999999999929e+03 4.227000000000000313e+00 8.904999999999999583e-01 2.257000000000000117e+00 8.924999999999999600e-01
3.600000000000000000e+01 5.687000000000000000e+03 -1.000000000000000000e+00 -1.000000000000000000e+00 -1.000000000000000000e+00 -1.000000000000000000e+00 -1.000000000000000000e+00 7.064379999999999882e+02 1.618895999999999958e+03 4.209999999999999964e+00 9.605000000000000204e-01 2.310000000000000053e+00 9.505000000000000115e-01
3.600000000000000000e+01 5.689000000000000000e+03 -1.000000000000000000e+00 -1.000000000000000000e+00 -1.000000000000000000e+00 -1.000000000000000000e+00 -1.000000000000000000e+00 7.011079999999999472e+02 1.619269999999999982e+03 3.638999999999999790e+00 8.914999999999999591e-01 2.121999999999999886e+00 9.599999999999999645e-01
3.600000000000000000e+01 5.694000000000000000e+03 -1.000000000000000000e+00 -1.000000000000000000e+00 -1.000000000000000000e+00 -1.000000000000000000e+00 -1.000000000000000000e+00 7.167740000000000009e+02 1.622670000000000073e+03 4.570000000000000284e+00 9.064999999999999725e-01 2.225000000000000089e+00 8.854999999999999538e-01
3.600000000000000000e+01 5.695000000000000000e+03 -1.000000000000000000e+00 -1.000000000000000000e+00 -1.000000000000000000e+00 -1.000000000000000000e+00 -1.000000000000000000e+00 6.627989999999999782e+02 1.620653999999999996e+03 2.557999999999999829e+00 9.375000000000000000e-01 2.346499999999999808e+00 8.609999999999999876e-01
3.600000000000000000e+01 5.691000000000000000e+03 -1.000000000000000000e+00 -1.000000000000000000e+00 -1.000000000000000000e+00 -1.000000000000000000e+00 -1.000000000000000000e+00 7.147430000000000518e+02 1.621799999999999955e+03 4.456999999999999851e+00 9.250000000000000444e-01 2.200000000000000178e+00 8.719999999999999973e-01
3.700000000000000000e+01 5.690000000000000000e+03 -1.000000000000000000e+00 -1.000000000000000000e+00 -1.000000000000000000e+00 -1.000000000000000000e+00 -1.000000000000000000e+00 6.784750000000000227e+02 1.605904999999999973e+03 1.602000000000000091e+00 9.354999999999999982e-01 2.460999999999999854e+00 1.040499999999999980e+00
3.700000000000000000e+01 5.686000000000000000e+03 -1.000000000000000000e+00 -1.000000000000000000e+00 -1.000000000000000000e+00 -1.000000000000000000e+00 -1.000000000000000000e+00 6.828110000000000355e+02 1.609653999999999996e+03 1.812999999999999945e+00 9.579999999999999627e-01 2.274000000000000021e+00 1.028999999999999915e+00
3.700000000000000000e+01 5.677000000000000000e+03 -1.000000000000000000e+00 -1.000000000000000000e+00 -1.000000000000000000e+00 -1.000000000000000000e+00 -1.000000000000000000e+00 6.642540000000000191e+02 1.615019999999999982e+03 2.052000000000000046e+00 8.974999999999999645e-01 2.206500000000000128e+00 8.024999999999999911e-01
3.700000000000000000e+01 5.679000000000000000e+03 -1.000000000000000000e+00 -1.000000000000000000e+00 -1.000000000000000000e+00 -1.000000000000000000e+00 -1.000000000000000000e+00 6.937129999999999654e+02 1.586538000000000011e+03 3.860000000000000098e-01 8.425000000000000266e-01 2.004500000000000171e+00 8.000000000000000444e-01
3.700000000000000000e+01 5.688000000000000000e+03 -1.000000000000000000e+00 -1.000000000000000000e+00 -1.000000000000000000e+00 -1.000000000000000000e+00 -1.000000000000000000e+00 6.993319999999999936e+02 1.621229000000000042e+03 3.370999999999999996e+00 8.814999999999999503e-01 1.947999999999999954e+00 8.904999999999999583e-01
3.700000000000000000e+01 5.693000000000000000e+03 -1.000000000000000000e+00 -1.000000000000000000e+00 -1.000000000000000000e+00 -1.000000000000000000e+00 -1.000000000000000000e+00 7.085240000000000009e+02 1.619627999999999929e+03 4.227000000000000313e+00 8.904999999999999583e-01 2.257000000000000117e+00 8.924999999999999600e-01
3.700000000000000000e+01 5.687000000000000000e+03 -1.000000000000000000e+00 -1.000000000000000000e+00 -1.000000000000000000e+00 -1.000000000000000000e+00 -1.000000000000000000e+00 7.064379999999999882e+02 1.618895999999999958e+03 4.126999999999999780e+00 9.605000000000000204e-01 2.310000000000000053e+00 9.505000000000000115e-01
3.700000000000000000e+01 5.689000000000000000e+03 -1.000000000000000000e+00 -1.000000000000000000e+00 -1.000000000000000000e+00 -1.000000000000000000e+00 -1.000000000000000000e+00 7.011079999999999472e+02 1.619269999999999982e+03 3.581999999999999851e+00 8.914999999999999591e-01 2.121999999999999886e+00 9.599999999999999645e-01
3.700000000000000000e+01 5.694000000000000000e+03 -1.000000000000000000e+00 -1.000000000000000000e+00 -1.000000000000000000e+00 -1.000000000000000000e+00 -1.000000000000000000e+00 7.166829999999999927e+02 1.622896999999999935e+03 4.570000000000000284e+00 9.064999999999999725e-01 2.225000000000000089e+00 8.854999999999999538e-01
3.700000000000000000e+01 5.695000000000000000e+03 -1.000000000000000000e+00 -1.000000000000000000e+00 -1.000000000000000000e+00 -1.000000000000000000e+00 -1.000000000000000000e+00 6.655240000000000009e+02 1.618119999999999891e+03 2.205999999999999961e+00 9.375000000000000000e-01 2.346499999999999808e+00 8.609999999999999876e-01
3.700000000000000000e+01 5.696000000000000000e+03 -1.000000000000000000e+00 -1.000000000000000000e+00 -1.000000000000000000e+00 -1.000000000000000000e+00 -1.000000000000000000e+00 7.105810000000000173e+02 1.620467000000000098e+03 4.395999999999999908e+00 9.290000000000000480e-01 2.248000000000000220e+00 9.609999999999999654e-01
3.800000000000000000e+01 5.690000000000000000e+03 -1.000000000000000000e+00 -1.000000000000000000e+00 -1.000000000000000000e+00 -1.000000000000000000e+00 -1.000000000000000000e+00 6.816200000000000045e+02 1.602858999999999924e+03 1.302000000000000046e+00 9.354999999999999982e-01 2.460999999999999854e+00 1.040499999999999980e+00
3.800000000000000000e+01 5.686000000000000000e+03 -1.000000000000000000e+00 -1.000000000000000000e+00 -1.000000000000000000e+00 -1.000000000000000000e+00 -1.000000000000000000e+00 6.827849999999999682e+02 1.609625000000000000e+03 1.721000000000000085e+00 9.579999999999999627e-01 2.274000000000000021e+00 1.028999999999999915e+00
3.800000000000000000e+01 5.677000000000000000e+03 -1.000000000000000000e+00 -1.000000000000000000e+00 -1.000000000000000000e+00 -1.000000000000000000e+00 -1.000000000000000000e+00 6.612019999999999982e+02 1.617872000000000071e+03 2.176000000000000156e+00 8.974999999999999645e-01 2.206500000000000128e+00 8.024999999999999911e-01
3.800000000000000000e+01 5.679000000000000000e+03 -1.000000000000000000e+00 -1.000000000000000000e+00 -1.000000000000000000e+00 -1.000000000000000000e+00 -1.000000000000000000e+00 6.921390000000000100e+02 1.588102000000000089e+03 3.930000000000000160e-01 8.425000000000000266e-01 2.004500000000000171e+00 8.000000000000000444e-01
3.800000000000000000e+01 5.688000000000000000e+03 -1.000000000000000000e+00 -1.000000000000000000e+00 -1.000000000000000000e+00 -1.000000000000000000e+00 -1.000000000000000000e+00 6.993170000000000073e+02 1.621240000000000009e+03 3.236000000000000210e+00 8.814999999999999503e-01 1.947999999999999954e+00 8.904999999999999583e-01
3.800000000000000000e+01 5.687000000000000000e+03 -1.000000000000000000e+00 -1.000000000000000000e+00 -1.000000000000000000e+00 -1.000000000000000000e+00 -1.000000000000000000e+00 7.064379999999999882e+02 1.618895999999999958e+03 4.035000000000000142e+00 9.605000000000000204e-01 2.310000000000000053e+00 9.505000000000000115e-01
3.800000000000000000e+01 5.689000000000000000e+03 -1.000000000000000000e+00 -1.000000000000000000e+00 -1.000000000000000000e+00 -1.000000000000000000e+00 -1.000000000000000000e+00 7.011079999999999472e+02 1.619269999999999982e+03 3.517999999999999794e+00 8.914999999999999591e-01 2.121999999999999886e+00 9.599999999999999645e-01
3.800000000000000000e+01 5.695000000000000000e+03 -1.000000000000000000e+00 -1.000000000000000000e+00 -1.000000000000000000e+00 -1.000000000000000000e+00 -1.000000000000000000e+00 6.687240000000000464e+02 1.615161000000000058e+03 1.901000000000000023e+00 9.375000000000000000e-01 2.346499999999999808e+00 8.609999999999999876e-01
3.800000000000000000e+01 5.696000000000000000e+03 -1.000000000000000000e+00 -1.000000000000000000e+00 -1.000000000000000000e+00 -1.000000000000000000e+00 -1.000000000000000000e+00 7.105810000000000173e+02 1.620467000000000098e+03 4.395999999999999908e+00 9.290000000000000480e-01 2.248000000000000220e+00 9.609999999999999654e-01
3.900000000000000000e+01 5.690000000000000000e+03 -1.000000000000000000e+00 -1.000000000000000000e+00 -1.000000000000000000e+00 -1.000000000000000000e+00 -1.000000000000000000e+00 6.848319999999999936e+02 1.599693999999999960e+03 1.022999999999999909e+00 9.354999999999999982e-01 2.460999999999999854e+00 1.040499999999999980e+00
3.900000000000000000e+01 5.686000000000000000e+03 -1.000000000000000000e+00 -1.000000000000000000e+00 -1.000000000000000000e+00 -1.000000000000000000e+00 -1.000000000000000000e+00 6.827590000000000146e+02 1.609595000000000027e+03 1.629000000000000004e+00 9.579999999999999627e-01 2.274000000000000021e+00 1.028999999999999915e+00
3.900000000000000000e+01 5.677000000000000000e+03 -1.000000000000000000e+00 -1.000000000000000000e+00 -1.000000000000000000e+00 -1.000000000000000000e+00 -1.000000000000000000e+00 6.580650000000000546e+02 1.620803000000000111e+03 2.299999999999999822e+00 8.974999999999999645e-01 2.206500000000000128e+00 8.024999999999999911e-01
3.900000000000000000e+01 5.679000000000000000e+03 -1.000000000000000000e+00 -1.000000000000000000e+00 -1.000000000000000000e+00 -1.000000000000000000e+00 -1.000000000000000000e+00 6.904500000000000455e+02 1.589828999999999951e+03 3.719999999999999973e-01 8.425000000000000266e-01 2.004500000000000171e+00 8.000000000000000444e-01
3.900000000000000000e+01 5.687000000000000000e+03 -1.000000000000000000e+00 -1.000000000000000000e+00 -1.000000000000000000e+00 -1.000000000000000000e+00 -1.000000000000000000e+00 7.064379999999999882e+02 1.618895999999999958e+03 3.951999999999999957e+00 9.605000000000000204e-01 2.310000000000000053e+00 9.505000000000000115e-01
3.900000000000000000e+01 5.689000000000000000e+03 -1.000000000000000000e+00 -1.000000000000000000e+00 -1.000000000000000000e+00 -1.000000000000000000e+00 -1.000000000000000000e+00 7.011079999999999472e+02 1.619269999999999982e+03 3.454000000000000181e+00 8.914999999999999591e-01 2.121999999999999886e+00 9.599999999999999645e-01
3.900000000000000000e+01 5.695000000000000000e+03 -1.000000000000000000e+00 -1.000000000000000000e+00 -1.000000000000000000e+00 -1.000000000000000000e+00 -1.000000000000000000e+00 6.719210000000000491e+02 1.612205999999999904e+03 1.596000000000000085e+00 9.375000000000000000e-01 2.346499999999999808e+00 8.609999999999999876e-01
3.900000000000000000e+01 5.688000000000000000e+03 -1.000000000000000000e+00 -1.000000000000000000e+00 -1.000000000000000000e+00 -1.000000000000000000e+00 -1.000000000000000000e+00 6.993290070449916129e+02 1.621230661187228861e+03 3.190640052254241965e+00 8.814999999999999503e-01 1.947999999999999954e+00 8.905000000000000693e-01
4.000000000000000000e+01 5.690000000000000000e+03 -1.000000000000000000e+00 -1.000000000000000000e+00 -1.000000000000000000e+00 -1.000000000000000000e+00 -1.000000000000000000e+00 6.873799999999999955e+02 1.597183999999999969e+03 9.489999999999999547e-01 9.354999999999999982e-01 2.460999999999999854e+00 1.040499999999999980e+00
4.000000000000000000e+01 5.686000000000000000e+03 -1.000000000000000000e+00 -1.000000000000000000e+00 -1.000000000000000000e+00 -1.000000000000000000e+00 -1.000000000000000000e+00 6.827380000000000564e+02 1.609570999999999913e+03 1.554999999999999938e+00 9.579999999999999627e-01 2.274000000000000021e+00 1.028999999999999915e+00
4.000000000000000000e+01 5.677000000000000000e+03 -1.000000000000000000e+00 -1.000000000000000000e+00 -1.000000000000000000e+00 -1.000000000000000000e+00 -1.000000000000000000e+00 6.554950000000000045e+02 1.623144999999999982e+03 2.396999999999999797e+00 8.974999999999999645e-01 2.206500000000000128e+00 8.024999999999999911e-01
4.000000000000000000e+01 5.679000000000000000e+03 -1.000000000000000000e+00 -1.000000000000000000e+00 -1.000000000000000000e+00 -1.000000000000000000e+00 -1.000000000000000000e+00 6.890979999999999563e+02 1.591211999999999989e+03 3.559999999999999831e-01 8.425000000000000266e-01 2.004500000000000171e+00 8.000000000000000444e-01
4.000000000000000000e+01 5.698000000000000000e+03 -1.000000000000000000e+00 -1.000000000000000000e+00 -1.000000000000000000e+00 -1.000000000000000000e+00 -1.000000000000000000e+00 6.998039999999999736e+02 1.644843000000000075e+03 2.774000000000000021e+00 9.895000000000000462e-01 2.424999999999999822e+00 9.995000000000000551e-01
4.000000000000000000e+01 5.688000000000000000e+03 -1.000000000000000000e+00 -1.000000000000000000e+00 -1.000000000000000000e+00 -1.000000000000000000e+00 -1.000000000000000000e+00 6.993440000000000509e+02 1.621219000000000051e+03 3.133999999999999897e+00 8.814999999999999503e-01 1.947999999999999954e+00 8.904999999999999583e-01
4.000000000000000000e+01 5.687000000000000000e+03 -1.000000000000000000e+00 -1.000000000000000000e+00 -1.000000000000000000e+00 -1.000000000000000000e+00 -1.000000000000000000e+00 7.064379999999999882e+02 1.618895999999999958e+03 3.884999999999999787e+00 9.605000000000000204e-01 2.310000000000000053e+00 9.505000000000000115e-01
4.000000000000000000e+01 5.689000000000000000e+03 -1.000000000000000000e+00 -1.000000000000000000e+00 -1.000000000000000000e+00 -1.000000000000000000e+00 -1.000000000000000000e+00 7.011079999999999472e+02 1.619269999999999982e+03 3.403000000000000025e+00 8.914999999999999591e-01 2.121999999999999886e+00 9.599999999999999645e-01
4.000000000000000000e+01 5.695000000000000000e+03 -1.000000000000000000e+00 -1.000000000000000000e+00 -1.000000000000000000e+00 -1.000000000000000000e+00 -1.000000000000000000e+00 6.745389999999999873e+02 1.609711000000000013e+03 1.350999999999999979e+00 9.375000000000000000e-01 2.346499999999999808e+00 8.609999999999999876e-01
4.100000000000000000e+01 5.690000000000000000e+03 -1.000000000000000000e+00 -1.000000000000000000e+00 -1.000000000000000000e+00 -1.000000000000000000e+00 -1.000000000000000000e+00 6.904930000000000518e+02 1.593973999999999933e+03 6.069999999999999840e-01 9.354999999999999982e-01 2.460999999999999854e+00 1.040499999999999980e+00
4.100000000000000000e+01 5.686000000000000000e+03 -1.000000000000000000e+00 -1.000000000000000000e+00 -1.000000000000000000e+00 -1.000000000000000000e+00 -1.000000000000000000e+00 6.827119999999999891e+02 1.609541999999999916e+03 1.463000000000000078e+00 9.579999999999999627e-01 2.274000000000000021e+00 1.028999999999999915e+00
4.100000000000000000e+01 5.677000000000000000e+03 -1.000000000000000000e+00 -1.000000000000000000e+00 -1.000000000000000000e+00 -1.000000000000000000e+00 -1.000000000000000000e+00 6.519149999999999636e+02 1.626241999999999962e+03 2.517999999999999794e+00 8.974999999999999645e-01 2.206500000000000128e+00 8.024999999999999911e-01
4.100000000000000000e+01 5.679000000000000000e+03 -1.000000000000000000e+00 -1.000000000000000000e+00 -1.000000000000000000e+00 -1.000000000000000000e+00 -1.000000000000000000e+00 6.872670000000000528e+02 1.593111000000000104e+03 3.350000000000000200e-01 8.425000000000000266e-01 2.004500000000000171e+00 8.000000000000000444e-01
4.100000000000000000e+01 5.688000000000000000e+03 -1.000000000000000000e+00 -1.000000000000000000e+00 -1.000000000000000000e+00 -1.000000000000000000e+00 -1.000000000000000000e+00 6.993590000000000373e+02 1.621207000000000107e+03 3.077999999999999847e+00 8.814999999999999503e-01 1.947999999999999954e+00 8.904999999999999583e-01
4.100000000000000000e+01 5.687000000000000000e+03 -1.000000000000000000e+00 -1.000000000000000000e+00 -1.000000000000000000e+00 -1.000000000000000000e+00 -1.000000000000000000e+00 7.064379999999999882e+02 1.618895999999999958e+03 3.884999999999999787e+00 9.605000000000000204e-01 2.310000000000000053e+00 9.505000000000000115e-01
4.100000000000000000e+01 5.689000000000000000e+03 -1.000000000000000000e+00 -1.000000000000000000e+00 -1.000000000000000000e+00 -1.000000000000000000e+00 -1.000000000000000000e+00 7.011079999999999472e+02 1.619269999999999982e+03 3.338999999999999968e+00 8.914999999999999591e-01 2.121999999999999886e+00 9.599999999999999645e-01
4.100000000000000000e+01 5.695000000000000000e+03 -1.000000000000000000e+00 -1.000000000000000000e+00 -1.000000000000000000e+00 -1.000000000000000000e+00 -1.000000000000000000e+00 6.778129999999999882e+02 1.606593000000000075e+03 1.046000000000000041e+00 9.375000000000000000e-01 2.346499999999999808e+00 8.609999999999999876e-01
