3.200000000000000000e+01 5.568000000000000000e+03 -1.000000000000000000e+00 -1.000000000000000000e+00 -1.000000000000000000e+00 -1.000000000000000000e+00 -1.000000000000000000e+00 1.249767000000000053e+03 1.345767000000000053e+03 6.840000000000000524e-01 1.895000000000000018e-01 8.579999999999999849e-01 5.649999999999999467e-01
3.300000000000000000e+01 5.568000000000000000e+03 -1.000000000000000000e+00 -1.000000000000000000e+00 -1.000000000000000000e+00 -1.000000000000000000e+00 -1.000000000000000000e+00 1.249782508909942862e+03 1.345735481892696953e+03 6.840000000000000524e-01 1.895000000000000018e-01 8.579999999999999849e-01 5.649999999999999467e-01
3.400000000000000000e+01 5.568000000000000000e+03 -1.000000000000000000e+00 -1.000000000000000000e+00 -1.000000000000000000e+00 -1.000000000000000000e+00 -1.000000000000000000e+00 1.249798000000000002e+03 1.345703999999999951e+03 6.840000000000000524e-01 1.895000000000000018e-01 8.579999999999999849e-01 5.649999999999999467e-01
3.400000000000000000e+01 5.572000000000000000e+03 -1.000000000000000000e+00 -1.000000000000000000e+00 -1.000000000000000000e+00 -1.000000000000000000e+00 -1.000000000000000000e+00 1.249653999999999996e+03 1.346094000000000051e+03 6.229999999999999982e-01 2.010000000000000120e-01 8.764999999999999458e-01 5.855000000000000204e-01
3.500000000000000000e+01 5.568000000000000000e+03 -1.000000000000000000e+00 -1.000000000000000000e+00 -1.000000000000000000e+00 -1.000000000000000000e+00 -1.000000000000000000e+00 1.249788000000000011e+03 1.345724999999999909e+03 7.089999999999999636e-01 1.895000000000000018e-01 8.579999999999999849e-01 5.649999999999999467e-01
3.500000000000000000e+01 5.572000000000000000e+03 -1.000000000000000000e+00 -1.000000000000000000e+00 -1.000000000000000000e+00 -1.000000000000000000e+00 -1.000000000000000000e+00 1.249643000000000029e+03 1.346117999999999938e+03 6.570000000000000284e-01 2.010000000000000120e-01 8.764999999999999458e-01 5.855000000000000204e-01
3.600000000000000000e+01 5.568000000000000000e+03 -1.000000000000000000e+00 -1.000000000000000000e+00 -1.000000000000000000e+00 -1.000000000000000000e+00 -1.000000000000000000e+00 1.249777000000000044e+03 1.345746000000000095e+03 7.339999999999999858e-01 1.895000000000000018e-01 8.579999999999999849e-01 5.649999999999999467e-01
3.600000000000000000e+01 5.572000000000000000e+03 -1.000000000000000000e+00 -1.000000000000000000e+00 -1.000000000000000000e+00 -1.000000000000000000e+00 -1.000000000000000000e+00 1.249632000000000062e+03 1.346142000000000053e+03 6.899999999999999467e-01 2.010000000000000120e-01 8.764999999999999458e-01 5.855000000000000204e-01
3.700000000000000000e+01 5.568000000000000000e+03 -1.000000000000000000e+00 -1.000000000000000000e+00 -1.000000000000000000e+00 -1.000000000000000000e+00 -1.000000000000000000e+00 1.249788000000000011e+03 1.345724999999999909e+03 7.590000000000000080e-01 1.895000000000000018e-01 8.579999999999999849e-01 5.649999999999999467e-01
3.700000000000000000e+01 5.572000000000000000e+03 -1.000000000000000000e+00 -1.000000000000000000e+00 -1.000000000000000000e+00 -1.000000000000000000e+00 -1.000000000000000000e+00 1.249644999999999982e+03 1.346116999999999962e+03 7.229999999999999760e-01 2.010000000000000120e-01 8.764999999999999458e-01 5.855000000000000204e-01
3.800000000000000000e+01 5.568000000000000000e+03 -1.000000000000000000e+00 -1.000000000000000000e+00 -1.000000000000000000e+00 -1.000000000000000000e+00 -1.000000000000000000e+00 1.249798000000000002e+03 1.345703999999999951e+03 7.840000000000000302e-01 1.895000000000000018e-01 8.579999999999999849e-01 5.649999999999999467e-01
3.800000000000000000e+01 5.572000000000000000e+03 -1.000000000000000000e+00 -1.000000000000000000e+00 -1.000000000000000000e+00 -1.000000000000000000e+00 -1.000000000000000000e+00 1.249644999999999982e+03 1.346116999999999962e+03 7.479999999999999982e-01 2.010000000000000120e-01 8.764999999999999458e-01 5.855000000000000204e-01
3.900000000000000000e+01 5.572000000000000000e+03 -1.000000000000000000e+00 -1.000000000000000000e+00 -1.000000000000000000e+00 -1.000000000000000000e+00 -1.000000000000000000e+00 1.249644999999999982e+03 1.346116999999999962e+03 7.730000000000000204e-01 2.010000000000000120e-01 8.764999999999999458e-01 5.855000000000000204e-01
