1.000000000000000000e+00 1.690000000000000000e+03 -1.000000000000000000e+00 -1.000000000000000000e+00 -1.000000000000000000e+00 -1.000000000000000000e+00 -1.000000000000000000e+00 5.005230000000000246e+02 1.371476000000000113e+03 7.419999999999999929e-01 9.459999999999999520e-01 2.185000000000000053e+00 8.930000000000000160e-01
1.000000000000000000e+00 1.693000000000000000e+03 -1.000000000000000000e+00 -1.000000000000000000e+00 -1.000000000000000000e+00 -1.000000000000000000e+00 -1.000000000000000000e+00 5.323880000000000337e+02 1.361568999999999960e+03 -3.160000000000000031e-01 9.659999999999999698e-01 2.415500000000000203e+00 7.744999999999999662e-01
1.000000000000000000e+00 1.694000000000000000e+03 -1.000000000000000000e+00 -1.000000000000000000e+00 -1.000000000000000000e+00 -1.000000000000000000e+00 -1.000000000000000000e+00 5.072640000000000100e+02 1.384490000000000009e+03 7.510000000000000009e-01 9.280000000000000471e-01 2.169000000000000039e+00 8.954999999999999627e-01
1.000000000000000000e+00 1.695000000000000000e+03 -1.000000000000000000e+00 -1.000000000000000000e+00 -1.000000000000000000e+00 -1.000000000000000000e+00 -1.000000000000000000e+00 5.204460000000000264e+02 1.418855999999999995e+03 1.203000000000000069e+00 9.559999999999999609e-01 2.402000000000000135e+00 8.485000000000000320e-01
1.000000000000000000e+00 1.697000000000000000e+03 -1.000000000000000000e+00 -1.000000000000000000e+00 -1.000000000000000000e+00 -1.000000000000000000e+00 -1.000000000000000000e+00 5.183630000000000564e+02 1.401422000000000025e+03 1.012000000000000011e+00 9.190000000000000391e-01 2.117500000000000160e+00 7.870000000000000329e-01
2.000000000000000000e+00 1.690000000000000000e+03 -1.000000000000000000e+00 -1.000000000000000000e+00 -1.000000000000000000e+00 -1.000000000000000000e+00 -1.000000000000000000e+00 4.979820000000000277e+02 1.368228000000000065e+03 6.690000000000000391e-01 9.459999999999999520e-01 2.185000000000000053e+00 8.930000000000000160e-01
2.000000000000000000e+00 1.693000000000000000e+03 -1.000000000000000000e+00 -1.000000000000000000e+00 -1.000000000000000000e+00 -1.000000000000000000e+00 -1.000000000000000000e+00 5.323490000000000464e+02 1.361567000000000007e+03 -2.819999999999999729e-01 9.659999999999999698e-01 2.415500000000000203e+00 7.744999999999999662e-01
2.000000000000000000e+00 1.694000000000000000e+03 -1.000000000000000000e+00 -1.000000000000000000e+00 -1.000000000000000000e+00 -1.000000000000000000e+00 -1.000000000000000000e+00 5.057690000000000055e+02 1.381420000000000073e+03 8.599999999999999867e-01 9.280000000000000471e-01 2.169000000000000039e+00 8.954999999999999627e-01
2.000000000000000000e+00 1.695000000000000000e+03 -1.000000000000000000e+00 -1.000000000000000000e+00 -1.000000000000000000e+00 -1.000000000000000000e+00 -1.000000000000000000e+00 5.189840000000000373e+02 1.413797000000000025e+03 1.193999999999999950e+00 9.559999999999999609e-01 2.402000000000000135e+00 8.485000000000000320e-01
2.000000000000000000e+00 1.697000000000000000e+03 -1.000000000000000000e+00 -1.000000000000000000e+00 -1.000000000000000000e+00 -1.000000000000000000e+00 -1.000000000000000000e+00 5.178790000000000191e+02 1.400152000000000044e+03 1.014999999999999902e+00 9.190000000000000391e-01 2.117500000000000160e+00 7.870000000000000329e-01
3.000000000000000000e+00 1.690000000000000000e+03 -1.000000000000000000e+00 -1.000000000000000000e+00 -1.000000000000000000e+00 -1.000000000000000000e+00 -1.000000000000000000e+00 4.953770000000000095e+02 1.365784000000000106e+03 6.690000000000000391e-01 9.459999999999999520e-01 2.185000000000000053e+00 8.930000000000000160e-01
3.000000000000000000e+00 1.693000000000000000e+03 -1.000000000000000000e+00 -1.000000000000000000e+00 -1.000000000000000000e+00 -1.000000000000000000e+00 -1.000000000000000000e+00 5.323099999999999454e+02 1.361566000000000031e+03 -2.479999999999999982e-01 9.659999999999999698e-01 2.415500000000000203e+00 7.744999999999999662e-01
3.000000000000000000e+00 1.694000000000000000e+03 -1.000000000000000000e+00 -1.000000000000000000e+00 -1.000000000000000000e+00 -1.000000000000000000e+00 -1.000000000000000000e+00 5.045149999999999864e+02 1.378718000000000075e+03 8.599999999999999867e-01 9.280000000000000471e-01 2.169000000000000039e+00 8.954999999999999627e-01
3.000000000000000000e+00 1.695000000000000000e+03 -1.000000000000000000e+00 -1.000000000000000000e+00 -1.000000000000000000e+00 -1.000000000000000000e+00 -1.000000000000000000e+00 5.175679999999999836e+02 1.409365999999999985e+03 1.137000000000000011e+00 9.559999999999999609e-01 2.402000000000000135e+00 8.485000000000000320e-01
3.000000000000000000e+00 1.697000000000000000e+03 -1.000000000000000000e+00 -1.000000000000000000e+00 -1.000000000000000000e+00 -1.000000000000000000e+00 -1.000000000000000000e+00 5.173959999999999582e+02 1.398882000000000062e+03 1.018000000000000016e+00 9.190000000000000391e-01 2.117500000000000160e+00 7.870000000000000329e-01
4.000000000000000000e+00 1.690000000000000000e+03 -1.000000000000000000e+00 -1.000000000000000000e+00 -1.000000000000000000e+00 -1.000000000000000000e+00 -1.000000000000000000e+00 4.921480000000000246e+02 1.363593000000000075e+03 9.060000000000000275e-01 9.459999999999999520e-01 2.185000000000000053e+00 8.930000000000000160e-01
4.000000000000000000e+00 1.693000000000000000e+03 -1.000000000000000000e+00 -1.000000000000000000e+00 -1.000000000000000000e+00 -1.000000000000000000e+00 -1.000000000000000000e+00 5.322709999999999582e+02 1.361567000000000007e+03 -2.149999999999999967e-01 9.659999999999999698e-01 2.415500000000000203e+00 7.744999999999999662e-01
4.000000000000000000e+00 1.694000000000000000e+03 -1.000000000000000000e+00 -1.000000000000000000e+00 -1.000000000000000000e+00 -1.000000000000000000e+00 -1.000000000000000000e+00 5.032599999999999909e+02 1.376017000000000053e+03 8.599999999999999867e-01 9.280000000000000471e-01 2.169000000000000039e+00 8.954999999999999627e-01
4.000000000000000000e+00 1.695000000000000000e+03 -1.000000000000000000e+00 -1.000000000000000000e+00 -1.000000000000000000e+00 -1.000000000000000000e+00 -1.000000000000000000e+00 5.159990000000000236e+02 1.404987000000000080e+03 1.080999999999999961e+00 9.559999999999999609e-01 2.402000000000000135e+00 8.485000000000000320e-01
4.000000000000000000e+00 1.697000000000000000e+03 -1.000000000000000000e+00 -1.000000000000000000e+00 -1.000000000000000000e+00 -1.000000000000000000e+00 -1.000000000000000000e+00 5.168279999999999745e+02 1.397567000000000007e+03 1.012000000000000011e+00 9.190000000000000391e-01 2.117500000000000160e+00 7.870000000000000329e-01
5.000000000000000000e+00 1.693000000000000000e+03 -1.000000000000000000e+00 -1.000000000000000000e+00 -1.000000000000000000e+00 -1.000000000000000000e+00 -1.000000000000000000e+00 5.322160000000000082e+02 1.361540999999999940e+03 -1.350000000000000089e-01 9.659999999999999698e-01 2.415500000000000203e+00 7.744999999999999662e-01
5.000000000000000000e+00 1.694000000000000000e+03 -1.000000000000000000e+00 -1.000000000000000000e+00 -1.000000000000000000e+00 -1.000000000000000000e+00 -1.000000000000000000e+00 5.016759999999999877e+02 1.373174999999999955e+03 9.330000000000000515e-01 9.280000000000000471e-01 2.169000000000000039e+00 8.954999999999999627e-01
5.000000000000000000e+00 1.695000000000000000e+03 -1.000000000000000000e+00 -1.000000000000000000e+00 -1.000000000000000000e+00 -1.000000000000000000e+00 -1.000000000000000000e+00 5.143930000000000291e+02 1.400643000000000029e+03 1.014999999999999902e+00 9.559999999999999609e-01 2.402000000000000135e+00 8.485000000000000320e-01
5.000000000000000000e+00 1.697000000000000000e+03 -1.000000000000000000e+00 -1.000000000000000000e+00 -1.000000000000000000e+00 -1.000000000000000000e+00 -1.000000000000000000e+00 5.162599999999999909e+02 1.396252999999999929e+03 1.006999999999999895e+00 9.190000000000000391e-01 2.117500000000000160e+00 7.870000000000000329e-01
5.000000000000000000e+00 1.690000000000000000e+03 -1.000000000000000000e+00 -1.000000000000000000e+00 -1.000000000000000000e+00 -1.000000000000000000e+00 -1.000000000000000000e+00 4.887960587383784627e+02 1.361950508806358130e+03 1.060904858542437212e+00 9.459999999999999520e-01 2.185000000000000053e+00 8.930000000000000160e-01
6.000000000000000000e+00 1.690000000000000000e+03 -1.000000000000000000e+00 -1.000000000000000000e+00 -1.000000000000000000e+00 -1.000000000000000000e+00 -1.000000000000000000e+00 4.854399999999999977e+02 1.360306000000000040e+03 1.215999999999999970e+00 9.459999999999999520e-01 2.185000000000000053e+00 8.930000000000000160e-01
6.000000000000000000e+00 1.693000000000000000e+03 -1.000000000000000000e+00 -1.000000000000000000e+00 -1.000000000000000000e+00 -1.000000000000000000e+00 -1.000000000000000000e+00 5.321599999999999682e+02 1.361515000000000100e+03 -5.600000000000000117e-02 9.659999999999999698e-01 2.415500000000000203e+00 7.744999999999999662e-01
6.000000000000000000e+00 1.694000000000000000e+03 -1.000000000000000000e+00 -1.000000000000000000e+00 -1.000000000000000000e+00 -1.000000000000000000e+00 -1.000000000000000000e+00 4.998980000000000246e+02 1.370451999999999998e+03 1.004999999999999893e+00 9.280000000000000471e-01 2.169000000000000039e+00 8.954999999999999627e-01
6.000000000000000000e+00 1.695000000000000000e+03 -1.000000000000000000e+00 -1.000000000000000000e+00 -1.000000000000000000e+00 -1.000000000000000000e+00 -1.000000000000000000e+00 5.126739999999999782e+02 1.396342000000000098e+03 9.489999999999999547e-01 9.559999999999999609e-01 2.402000000000000135e+00 8.485000000000000320e-01
6.000000000000000000e+00 1.697000000000000000e+03 -1.000000000000000000e+00 -1.000000000000000000e+00 -1.000000000000000000e+00 -1.000000000000000000e+00 -1.000000000000000000e+00 5.156920000000000073e+02 1.394938000000000102e+03 1.000999999999999890e+00 9.190000000000000391e-01 2.117500000000000160e+00 7.870000000000000329e-01
7.000000000000000000e+00 1.690000000000000000e+03 -1.000000000000000000e+00 -1.000000000000000000e+00 -1.000000000000000000e+00 -1.000000000000000000e+00 -1.000000000000000000e+00 4.815389999999999873e+02 1.359278999999999996e+03 1.334000000000000075e+00 9.459999999999999520e-01 2.185000000000000053e+00 8.930000000000000160e-01
7.000000000000000000e+00 1.693000000000000000e+03 -1.000000000000000000e+00 -1.000000000000000000e+00 -1.000000000000000000e+00 -1.000000000000000000e+00 -1.000000000000000000e+00 5.321050000000000182e+02 1.361489000000000033e+03 2.400000000000000050e-02 9.659999999999999698e-01 2.415500000000000203e+00 7.744999999999999662e-01
7.000000000000000000e+00 1.694000000000000000e+03 -1.000000000000000000e+00 -1.000000000000000000e+00 -1.000000000000000000e+00 -1.000000000000000000e+00 -1.000000000000000000e+00 4.976340000000000146e+02 1.367892000000000053e+03 1.068999999999999950e+00 9.280000000000000471e-01 2.169000000000000039e+00 8.954999999999999627e-01
7.000000000000000000e+00 1.695000000000000000e+03 -1.000000000000000000e+00 -1.000000000000000000e+00 -1.000000000000000000e+00 -1.000000000000000000e+00 -1.000000000000000000e+00 5.109529999999999745e+02 1.392258000000000038e+03 9.210000000000000409e-01 9.559999999999999609e-01 2.402000000000000135e+00 8.485000000000000320e-01
7.000000000000000000e+00 1.700000000000000000e+03 -1.000000000000000000e+00 -1.000000000000000000e+00 -1.000000000000000000e+00 -1.000000000000000000e+00 -1.000000000000000000e+00 5.188179999999999836e+02 1.402643000000000029e+03 1.185999999999999943e+00 9.669999999999999707e-01 2.310500000000000220e+00 8.345000000000000195e-01
7.000000000000000000e+00 1.697000000000000000e+03 -1.000000000000000000e+00 -1.000000000000000000e+00 -1.000000000000000000e+00 -1.000000000000000000e+00 -1.000000000000000000e+00 5.151290000000000191e+02 1.393634000000000015e+03 9.569999999999999618e-01 9.190000000000000391e-01 2.117500000000000160e+00 7.870000000000000329e-01
8.000000000000000000e+00 1.690000000000000000e+03 -1.000000000000000000e+00 -1.000000000000000000e+00 -1.000000000000000000e+00 -1.000000000000000000e+00 -1.000000000000000000e+00 4.775760000000000218e+02 1.358527000000000044e+03 1.453000000000000069e+00 9.459999999999999520e-01 2.185000000000000053e+00 8.930000000000000160e-01
8.000000000000000000e+00 1.693000000000000000e+03 -1.000000000000000000e+00 -1.000000000000000000e+00 -1.000000000000000000e+00 -1.000000000000000000e+00 -1.000000000000000000e+00 5.321230000000000473e+02 1.361497000000000071e+03 1.019999999999999934e-01 9.659999999999999698e-01 2.415500000000000203e+00 7.744999999999999662e-01
8.000000000000000000e+00 1.694000000000000000e+03 -1.000000000000000000e+00 -1.000000000000000000e+00 -1.000000000000000000e+00 -1.000000000000000000e+00 -1.000000000000000000e+00 4.950910000000000082e+02 1.365616999999999962e+03 1.133000000000000007e+00 9.280000000000000471e-01 2.169000000000000039e+00 8.954999999999999627e-01
8.000000000000000000e+00 1.695000000000000000e+03 -1.000000000000000000e+00 -1.000000000000000000e+00 -1.000000000000000000e+00 -1.000000000000000000e+00 -1.000000000000000000e+00 5.092330000000000041e+02 1.388174999999999955e+03 8.930000000000000160e-01 9.559999999999999609e-01 2.402000000000000135e+00 8.485000000000000320e-01
8.000000000000000000e+00 1.701000000000000000e+03 -1.000000000000000000e+00 -1.000000000000000000e+00 -1.000000000000000000e+00 -1.000000000000000000e+00 -1.000000000000000000e+00 5.388909999999999627e+02 1.361654999999999973e+03 4.299999999999999656e-02 9.689999999999999725e-01 2.023499999999999854e+00 8.944999999999999618e-01
8.000000000000000000e+00 1.700000000000000000e+03 -1.000000000000000000e+00 -1.000000000000000000e+00 -1.000000000000000000e+00 -1.000000000000000000e+00 -1.000000000000000000e+00 5.182939999999999827e+02 1.401255000000000109e+03 1.155999999999999917e+00 9.669999999999999707e-01 2.310500000000000220e+00 8.345000000000000195e-01
8.000000000000000000e+00 1.697000000000000000e+03 -1.000000000000000000e+00 -1.000000000000000000e+00 -1.000000000000000000e+00 -1.000000000000000000e+00 -1.000000000000000000e+00 5.145660000000000309e+02 1.392328999999999951e+03 9.120000000000000329e-01 9.190000000000000391e-01 2.117500000000000160e+00 7.870000000000000329e-01
9.000000000000000000e+00 1.690000000000000000e+03 -1.000000000000000000e+00 -1.000000000000000000e+00 -1.000000000000000000e+00 -1.000000000000000000e+00 -1.000000000000000000e+00 4.729979999999999905e+02 1.358034000000000106e+03 1.449999999999999956e+00 9.459999999999999520e-01 2.185000000000000053e+00 8.930000000000000160e-01
9.000000000000000000e+00 1.693000000000000000e+03 -1.000000000000000000e+00 -1.000000000000000000e+00 -1.000000000000000000e+00 -1.000000000000000000e+00 -1.000000000000000000e+00 5.321420000000000528e+02 1.361505000000000109e+03 1.799999999999999933e-01 9.659999999999999698e-01 2.415500000000000203e+00 7.744999999999999662e-01
9.000000000000000000e+00 1.694000000000000000e+03 -1.000000000000000000e+00 -1.000000000000000000e+00 -1.000000000000000000e+00 -1.000000000000000000e+00 -1.000000000000000000e+00 4.917540000000000191e+02 1.363416999999999916e+03 1.231999999999999984e+00 9.280000000000000471e-01 2.169000000000000039e+00 8.954999999999999627e-01
9.000000000000000000e+00 1.695000000000000000e+03 -1.000000000000000000e+00 -1.000000000000000000e+00 -1.000000000000000000e+00 -1.000000000000000000e+00 -1.000000000000000000e+00 5.074030000000000200e+02 1.383852000000000089e+03 9.020000000000000240e-01 9.559999999999999609e-01 2.402000000000000135e+00 8.485000000000000320e-01
9.000000000000000000e+00 1.701000000000000000e+03 -1.000000000000000000e+00 -1.000000000000000000e+00 -1.000000000000000000e+00 -1.000000000000000000e+00 -1.000000000000000000e+00 5.386839999999999691e+02 1.361488000000000056e+03 1.250000000000000000e-01 9.689999999999999725e-01 2.023499999999999854e+00 8.944999999999999618e-01
9.000000000000000000e+00 1.700000000000000000e+03 -1.000000000000000000e+00 -1.000000000000000000e+00 -1.000000000000000000e+00 -1.000000000000000000e+00 -1.000000000000000000e+00 5.177690000000000055e+02 1.399867999999999938e+03 1.125999999999999890e+00 9.669999999999999707e-01 2.310500000000000220e+00 8.345000000000000195e-01
9.000000000000000000e+00 1.697000000000000000e+03 -1.000000000000000000e+00 -1.000000000000000000e+00 -1.000000000000000000e+00 -1.000000000000000000e+00 -1.000000000000000000e+00 5.140760000000000218e+02 1.391027000000000044e+03 8.679999999999999938e-01 9.190000000000000391e-01 2.117500000000000160e+00 7.870000000000000329e-01
1.000000000000000000e+01 1.690000000000000000e+03 -1.000000000000000000e+00 -1.000000000000000000e+00 -1.000000000000000000e+00 -1.000000000000000000e+00 -1.000000000000000000e+00 4.684060000000000059e+02 1.357701000000000022e+03 1.447999999999999954e+00 9.459999999999999520e-01 2.185000000000000053e+00 8.930000000000000160e-01
1.000000000000000000e+01 1.693000000000000000e+03 -1.000000000000000000e+00 -1.000000000000000000e+00 -1.000000000000000000e+00 -1.000000000000000000e+00 -1.000000000000000000e+00 5.321599999999999682e+02 1.361512999999999920e+03 2.829999999999999738e-01 9.659999999999999698e-01 2.415500000000000203e+00 7.744999999999999662e-01
1.000000000000000000e+01 1.694000000000000000e+03 -1.000000000000000000e+00 -1.000000000000000000e+00 -1.000000000000000000e+00 -1.000000000000000000e+00 -1.000000000000000000e+00 4.883580000000000041e+02 1.361529999999999973e+03 1.332000000000000073e+00 9.280000000000000471e-01 2.169000000000000039e+00 8.954999999999999627e-01
1.000000000000000000e+01 1.695000000000000000e+03 -1.000000000000000000e+00 -1.000000000000000000e+00 -1.000000000000000000e+00 -1.000000000000000000e+00 -1.000000000000000000e+00 5.058360000000000127e+02 1.380112000000000080e+03 9.120000000000000329e-01 9.559999999999999609e-01 2.402000000000000135e+00 8.485000000000000320e-01
1.000000000000000000e+01 1.700000000000000000e+03 -1.000000000000000000e+00 -1.000000000000000000e+00 -1.000000000000000000e+00 -1.000000000000000000e+00 -1.000000000000000000e+00 5.172450000000000045e+02 1.398480000000000018e+03 1.094999999999999973e+00 9.669999999999999707e-01 2.310500000000000220e+00 8.345000000000000195e-01
1.000000000000000000e+01 1.697000000000000000e+03 -1.000000000000000000e+00 -1.000000000000000000e+00 -1.000000000000000000e+00 -1.000000000000000000e+00 -1.000000000000000000e+00 5.135869999999999891e+02 1.389723999999999933e+03 8.229999999999999538e-01 9.190000000000000391e-01 2.117500000000000160e+00 7.870000000000000329e-01
1.000000000000000000e+01 1.701000000000000000e+03 -1.000000000000000000e+00 -1.000000000000000000e+00 -1.000000000000000000e+00 -1.000000000000000000e+00 -1.000000000000000000e+00 5.387093334600319849e+02 1.361315999139783344e+03 2.576673301672021132e-01 9.690000000000000835e-01 2.023499999999999854e+00 8.944999999999999618e-01
1.100000000000000000e+01 1.693000000000000000e+03 -1.000000000000000000e+00 -1.000000000000000000e+00 -1.000000000000000000e+00 -1.000000000000000000e+00 -1.000000000000000000e+00 5.321789999999999736e+02 1.361520999999999958e+03 3.860000000000000098e-01 9.659999999999999698e-01 2.415500000000000203e+00 7.744999999999999662e-01
1.100000000000000000e+01 1.694000000000000000e+03 -1.000000000000000000e+00 -1.000000000000000000e+00 -1.000000000000000000e+00 -1.000000000000000000e+00 -1.000000000000000000e+00 4.846209999999999809e+02 1.359946999999999889e+03 1.340999999999999970e+00 9.280000000000000471e-01 2.169000000000000039e+00 8.954999999999999627e-01
1.100000000000000000e+01 1.695000000000000000e+03 -1.000000000000000000e+00 -1.000000000000000000e+00 -1.000000000000000000e+00 -1.000000000000000000e+00 -1.000000000000000000e+00 5.042679999999999723e+02 1.376696999999999889e+03 9.679999999999999716e-01 9.559999999999999609e-01 2.402000000000000135e+00 8.485000000000000320e-01
1.100000000000000000e+01 1.700000000000000000e+03 -1.000000000000000000e+00 -1.000000000000000000e+00 -1.000000000000000000e+00 -1.000000000000000000e+00 -1.000000000000000000e+00 5.167210000000000036e+02 1.397093000000000075e+03 1.064999999999999947e+00 9.669999999999999707e-01 2.310500000000000220e+00 8.345000000000000195e-01
1.100000000000000000e+01 1.697000000000000000e+03 -1.000000000000000000e+00 -1.000000000000000000e+00 -1.000000000000000000e+00 -1.000000000000000000e+00 -1.000000000000000000e+00 5.131200000000000045e+02 1.388473999999999933e+03 8.289999999999999591e-01 9.190000000000000391e-01 2.117500000000000160e+00 7.870000000000000329e-01
1.100000000000000000e+01 1.701000000000000000e+03 -1.000000000000000000e+00 -1.000000000000000000e+00 -1.000000000000000000e+00 -1.000000000000000000e+00 -1.000000000000000000e+00 5.386966666920063744e+02 1.361401999827956843e+03 1.913334660334404247e-01 9.690000000000000835e-01 2.023499999999999854e+00 8.944999999999999618e-01
1.200000000000000000e+01 1.693000000000000000e+03 -1.000000000000000000e+00 -1.000000000000000000e+00 -1.000000000000000000e+00 -1.000000000000000000e+00 -1.000000000000000000e+00 5.322590000000000146e+02 1.361488000000000056e+03 3.860000000000000098e-01 9.659999999999999698e-01 2.415500000000000203e+00 7.744999999999999662e-01
1.200000000000000000e+01 1.694000000000000000e+03 -1.000000000000000000e+00 -1.000000000000000000e+00 -1.000000000000000000e+00 -1.000000000000000000e+00 -1.000000000000000000e+00 4.807590000000000146e+02 1.358695999999999913e+03 1.350999999999999979e+00 9.280000000000000471e-01 2.169000000000000039e+00 8.954999999999999627e-01
1.200000000000000000e+01 1.695000000000000000e+03 -1.000000000000000000e+00 -1.000000000000000000e+00 -1.000000000000000000e+00 -1.000000000000000000e+00 -1.000000000000000000e+00 5.025810000000000173e+02 1.373338999999999942e+03 1.024000000000000021e+00 9.559999999999999609e-01 2.402000000000000135e+00 8.485000000000000320e-01
1.200000000000000000e+01 1.701000000000000000e+03 -1.000000000000000000e+00 -1.000000000000000000e+00 -1.000000000000000000e+00 -1.000000000000000000e+00 -1.000000000000000000e+00 5.387219999999999800e+02 1.361230000000000018e+03 3.240000000000000102e-01 9.689999999999999725e-01 2.023499999999999854e+00 8.944999999999999618e-01
1.200000000000000000e+01 1.700000000000000000e+03 -1.000000000000000000e+00 -1.000000000000000000e+00 -1.000000000000000000e+00 -1.000000000000000000e+00 -1.000000000000000000e+00 5.162419999999999618e+02 1.395897999999999911e+03 1.052000000000000046e+00 9.669999999999999707e-01 2.310500000000000220e+00 8.345000000000000195e-01
1.200000000000000000e+01 1.697000000000000000e+03 -1.000000000000000000e+00 -1.000000000000000000e+00 -1.000000000000000000e+00 -1.000000000000000000e+00 -1.000000000000000000e+00 5.126860000000000355e+02 1.387211999999999989e+03 8.349999999999999645e-01 9.190000000000000391e-01 2.117500000000000160e+00 7.870000000000000329e-01
1.300000000000000000e+01 1.702000000000000000e+03 -1.000000000000000000e+00 -1.000000000000000000e+00 -1.000000000000000000e+00 -1.000000000000000000e+00 -1.000000000000000000e+00 5.225489999999999782e+02 1.413740999999999985e+03 7.570000000000000062e-01 1.006999999999999895e+00 2.083499999999999908e+00 8.034999999999999920e-01
1.300000000000000000e+01 1.693000000000000000e+03 -1.000000000000000000e+00 -1.000000000000000000e+00 -1.000000000000000000e+00 -1.000000000000000000e+00 -1.000000000000000000e+00 5.323390000000000555e+02 1.361454999999999927e+03 3.850000000000000089e-01 9.659999999999999698e-01 2.415500000000000203e+00 7.744999999999999662e-01
1.300000000000000000e+01 1.694000000000000000e+03 -1.000000000000000000e+00 -1.000000000000000000e+00 -1.000000000000000000e+00 -1.000000000000000000e+00 -1.000000000000000000e+00 4.766179999999999950e+02 1.357910000000000082e+03 1.423000000000000043e+00 9.280000000000000471e-01 2.169000000000000039e+00 8.954999999999999627e-01
1.300000000000000000e+01 1.695000000000000000e+03 -1.000000000000000000e+00 -1.000000000000000000e+00 -1.000000000000000000e+00 -1.000000000000000000e+00 -1.000000000000000000e+00 5.006080000000000041e+02 1.370208000000000084e+03 1.080999999999999961e+00 9.559999999999999609e-01 2.402000000000000135e+00 8.485000000000000320e-01
1.300000000000000000e+01 1.701000000000000000e+03 -1.000000000000000000e+00 -1.000000000000000000e+00 -1.000000000000000000e+00 -1.000000000000000000e+00 -1.000000000000000000e+00 5.386860000000000355e+02 1.361258000000000038e+03 3.589999999999999858e-01 9.689999999999999725e-01 2.023499999999999854e+00 8.944999999999999618e-01
1.300000000000000000e+01 1.700000000000000000e+03 -1.000000000000000000e+00 -1.000000000000000000e+00 -1.000000000000000000e+00 -1.000000000000000000e+00 -1.000000000000000000e+00 5.157640000000000100e+02 1.394701999999999998e+03 1.038999999999999924e+00 9.669999999999999707e-01 2.310500000000000220e+00 8.345000000000000195e-01
1.300000000000000000e+01 1.697000000000000000e+03 -1.000000000000000000e+00 -1.000000000000000000e+00 -1.000000000000000000e+00 -1.000000000000000000e+00 -1.000000000000000000e+00 5.123669999999999618e+02 1.386058999999999969e+03 8.569999999999999840e-01 9.190000000000000391e-01 2.117500000000000160e+00 7.870000000000000329e-01
1.400000000000000000e+01 1.702000000000000000e+03 -1.000000000000000000e+00 -1.000000000000000000e+00 -1.000000000000000000e+00 -1.000000000000000000e+00 -1.000000000000000000e+00 5.221190000000000282e+02 1.412599999999999909e+03 7.860000000000000320e-01 1.006999999999999895e+00 2.083499999999999908e+00 8.034999999999999920e-01
1.400000000000000000e+01 1.693000000000000000e+03 -1.000000000000000000e+00 -1.000000000000000000e+00 -1.000000000000000000e+00 -1.000000000000000000e+00 -1.000000000000000000e+00 5.324199999999999591e+02 1.361422000000000025e+03 3.850000000000000089e-01 9.659999999999999698e-01 2.415500000000000203e+00 7.744999999999999662e-01
1.400000000000000000e+01 1.694000000000000000e+03 -1.000000000000000000e+00 -1.000000000000000000e+00 -1.000000000000000000e+00 -1.000000000000000000e+00 -1.000000000000000000e+00 4.724209999999999923e+02 1.357525000000000091e+03 1.495999999999999996e+00 9.280000000000000471e-01 2.169000000000000039e+00 8.954999999999999627e-01
1.400000000000000000e+01 1.695000000000000000e+03 -1.000000000000000000e+00 -1.000000000000000000e+00 -1.000000000000000000e+00 -1.000000000000000000e+00 -1.000000000000000000e+00 4.982839999999999918e+02 1.367232999999999947e+03 1.100000000000000089e+00 9.559999999999999609e-01 2.402000000000000135e+00 8.485000000000000320e-01
1.400000000000000000e+01 1.701000000000000000e+03 -1.000000000000000000e+00 -1.000000000000000000e+00 -1.000000000000000000e+00 -1.000000000000000000e+00 -1.000000000000000000e+00 5.386499999999999773e+02 1.361286000000000058e+03 3.930000000000000160e-01 9.689999999999999725e-01 2.023499999999999854e+00 8.944999999999999618e-01
1.400000000000000000e+01 1.700000000000000000e+03 -1.000000000000000000e+00 -1.000000000000000000e+00 -1.000000000000000000e+00 -1.000000000000000000e+00 -1.000000000000000000e+00 5.152849999999999682e+02 1.393507000000000062e+03 1.026000000000000023e+00 9.669999999999999707e-01 2.310500000000000220e+00 8.345000000000000195e-01
1.400000000000000000e+01 1.697000000000000000e+03 -1.000000000000000000e+00 -1.000000000000000000e+00 -1.000000000000000000e+00 -1.000000000000000000e+00 -1.000000000000000000e+00 5.121960000000000264e+02 1.385384999999999991e+03 8.389999999999999680e-01 9.190000000000000391e-01 2.117500000000000160e+00 7.870000000000000329e-01
1.500000000000000000e+01 1.693000000000000000e+03 -1.000000000000000000e+00 -1.000000000000000000e+00 -1.000000000000000000e+00 -1.000000000000000000e+00 -1.000000000000000000e+00 5.325000000000000000e+02 1.361387999999999920e+03 3.850000000000000089e-01 9.659999999999999698e-01 2.415500000000000203e+00 7.744999999999999662e-01
1.500000000000000000e+01 1.694000000000000000e+03 -1.000000000000000000e+00 -1.000000000000000000e+00 -1.000000000000000000e+00 -1.000000000000000000e+00 -1.000000000000000000e+00 4.681510000000000105e+02 1.357383000000000038e+03 1.449999999999999956e+00 9.280000000000000471e-01 2.169000000000000039e+00 8.954999999999999627e-01
1.500000000000000000e+01 1.695000000000000000e+03 -1.000000000000000000e+00 -1.000000000000000000e+00 -1.000000000000000000e+00 -1.000000000000000000e+00 -1.000000000000000000e+00 4.956019999999999754e+02 1.364641000000000076e+03 1.108999999999999986e+00 9.559999999999999609e-01 2.402000000000000135e+00 8.485000000000000320e-01
1.500000000000000000e+01 1.701000000000000000e+03 -1.000000000000000000e+00 -1.000000000000000000e+00 -1.000000000000000000e+00 -1.000000000000000000e+00 -1.000000000000000000e+00 5.386140000000000327e+02 1.361314000000000078e+03 4.269999999999999907e-01 9.689999999999999725e-01 2.023499999999999854e+00 8.944999999999999618e-01
1.500000000000000000e+01 1.700000000000000000e+03 -1.000000000000000000e+00 -1.000000000000000000e+00 -1.000000000000000000e+00 -1.000000000000000000e+00 -1.000000000000000000e+00 5.148070000000000164e+02 1.392311999999999898e+03 1.012999999999999901e+00 9.669999999999999707e-01 2.310500000000000220e+00 8.345000000000000195e-01
1.500000000000000000e+01 1.703000000000000000e+03 -1.000000000000000000e+00 -1.000000000000000000e+00 -1.000000000000000000e+00 -1.000000000000000000e+00 -1.000000000000000000e+00 5.505579999999999927e+02 1.362292999999999893e+03 2.770000000000000240e-01 9.094999999999999751e-01 2.194999999999999840e+00 7.734999999999999654e-01
1.500000000000000000e+01 1.697000000000000000e+03 -1.000000000000000000e+00 -1.000000000000000000e+00 -1.000000000000000000e+00 -1.000000000000000000e+00 -1.000000000000000000e+00 5.120370000000000346e+02 1.384708000000000084e+03 8.209999999999999520e-01 9.190000000000000391e-01 2.117500000000000160e+00 7.870000000000000329e-01
1.500000000000000000e+01 1.702000000000000000e+03 -1.000000000000000000e+00 -1.000000000000000000e+00 -1.000000000000000000e+00 -1.000000000000000000e+00 -1.000000000000000000e+00 5.217532866167093744e+02 1.411641940999998042e+03 8.140163467363509264e-01 1.006999999999999895e+00 2.083499999999999908e+00 8.034999999999999920e-01
1.600000000000000000e+01 1.702000000000000000e+03 -1.000000000000000000e+00 -1.000000000000000000e+00 -1.000000000000000000e+00 -1.000000000000000000e+00 -1.000000000000000000e+00 5.213880000000000337e+02 1.410684999999999945e+03 8.419999999999999707e-01 1.006999999999999895e+00 2.083499999999999908e+00 8.034999999999999920e-01
1.600000000000000000e+01 1.693000000000000000e+03 -1.000000000000000000e+00 -1.000000000000000000e+00 -1.000000000000000000e+00 -1.000000000000000000e+00 -1.000000000000000000e+00 5.324299999999999500e+02 1.361423999999999978e+03 4.500000000000000111e-01 9.659999999999999698e-01 2.415500000000000203e+00 7.744999999999999662e-01
1.600000000000000000e+01 1.695000000000000000e+03 -1.000000000000000000e+00 -1.000000000000000000e+00 -1.000000000000000000e+00 -1.000000000000000000e+00 -1.000000000000000000e+00 4.925860000000000127e+02 1.362448000000000093e+03 1.118000000000000105e+00 9.559999999999999609e-01 2.402000000000000135e+00 8.485000000000000320e-01
1.600000000000000000e+01 1.700000000000000000e+03 -1.000000000000000000e+00 -1.000000000000000000e+00 -1.000000000000000000e+00 -1.000000000000000000e+00 -1.000000000000000000e+00 5.144650000000000318e+02 1.391541999999999916e+03 1.020000000000000018e+00 9.669999999999999707e-01 2.310500000000000220e+00 8.345000000000000195e-01
1.600000000000000000e+01 1.703000000000000000e+03 -1.000000000000000000e+00 -1.000000000000000000e+00 -1.000000000000000000e+00 -1.000000000000000000e+00 -1.000000000000000000e+00 5.496409999999999627e+02 1.362270999999999958e+03 2.310000000000000109e-01 9.094999999999999751e-01 2.194999999999999840e+00 7.734999999999999654e-01
1.600000000000000000e+01 1.697000000000000000e+03 -1.000000000000000000e+00 -1.000000000000000000e+00 -1.000000000000000000e+00 -1.000000000000000000e+00 -1.000000000000000000e+00 5.118990000000000009e+02 1.384027000000000044e+03 8.030000000000000471e-01 9.190000000000000391e-01 2.117500000000000160e+00 7.870000000000000329e-01
1.600000000000000000e+01 1.701000000000000000e+03 -1.000000000000000000e+00 -1.000000000000000000e+00 -1.000000000000000000e+00 -1.000000000000000000e+00 -1.000000000000000000e+00 5.386016886401915826e+02 1.361382659506623895e+03 4.194237785794163731e-01 9.690000000000000835e-01 2.023499999999999854e+00 8.944999999999999618e-01
1.700000000000000000e+01 1.693000000000000000e+03 -1.000000000000000000e+00 -1.000000000000000000e+00 -1.000000000000000000e+00 -1.000000000000000000e+00 -1.000000000000000000e+00 5.323600000000000136e+02 1.361459000000000060e+03 4.400000000000000022e-01 9.659999999999999698e-01 2.415500000000000203e+00 7.744999999999999662e-01
1.700000000000000000e+01 1.695000000000000000e+03 -1.000000000000000000e+00 -1.000000000000000000e+00 -1.000000000000000000e+00 -1.000000000000000000e+00 -1.000000000000000000e+00 4.893849999999999909e+02 1.360777000000000044e+03 1.147000000000000020e+00 9.559999999999999609e-01 2.402000000000000135e+00 8.485000000000000320e-01
1.700000000000000000e+01 1.701000000000000000e+03 -1.000000000000000000e+00 -1.000000000000000000e+00 -1.000000000000000000e+00 -1.000000000000000000e+00 -1.000000000000000000e+00 5.385879999999999654e+02 1.361459000000000060e+03 4.109999999999999765e-01 9.689999999999999725e-01 2.023499999999999854e+00 8.944999999999999618e-01
1.700000000000000000e+01 1.700000000000000000e+03 -1.000000000000000000e+00 -1.000000000000000000e+00 -1.000000000000000000e+00 -1.000000000000000000e+00 -1.000000000000000000e+00 5.141240000000000236e+02 1.390772999999999911e+03 1.026000000000000023e+00 9.669999999999999707e-01 2.310500000000000220e+00 8.345000000000000195e-01
1.700000000000000000e+01 1.703000000000000000e+03 -1.000000000000000000e+00 -1.000000000000000000e+00 -1.000000000000000000e+00 -1.000000000000000000e+00 -1.000000000000000000e+00 5.487240000000000464e+02 1.362248000000000047e+03 1.849999999999999978e-01 9.094999999999999751e-01 2.194999999999999840e+00 7.734999999999999654e-01
1.700000000000000000e+01 1.697000000000000000e+03 -1.000000000000000000e+00 -1.000000000000000000e+00 -1.000000000000000000e+00 -1.000000000000000000e+00 -1.000000000000000000e+00 5.117620000000000005e+02 1.383345000000000027e+03 7.860000000000000320e-01 9.190000000000000391e-01 2.117500000000000160e+00 7.870000000000000329e-01
1.700000000000000000e+01 1.702000000000000000e+03 -1.000000000000000000e+00 -1.000000000000000000e+00 -1.000000000000000000e+00 -1.000000000000000000e+00 -1.000000000000000000e+00 5.207173040688949186e+02 1.408953460247753355e+03 9.357457827649378057e-01 1.006999999999999895e+00 2.083499999999999908e+00 8.035000000000001030e-01
1.800000000000000000e+01 1.693000000000000000e+03 -1.000000000000000000e+00 -1.000000000000000000e+00 -1.000000000000000000e+00 -1.000000000000000000e+00 -1.000000000000000000e+00 5.322889999999999873e+02 1.361494999999999891e+03 3.310000000000000164e-01 9.659999999999999698e-01 2.415500000000000203e+00 7.744999999999999662e-01
1.800000000000000000e+01 1.695000000000000000e+03 -1.000000000000000000e+00 -1.000000000000000000e+00 -1.000000000000000000e+00 -1.000000000000000000e+00 -1.000000000000000000e+00 4.858679999999999950e+02 1.359446999999999889e+03 1.175000000000000044e+00 9.559999999999999609e-01 2.402000000000000135e+00 8.485000000000000320e-01
1.800000000000000000e+01 1.701000000000000000e+03 -1.000000000000000000e+00 -1.000000000000000000e+00 -1.000000000000000000e+00 -1.000000000000000000e+00 -1.000000000000000000e+00 5.385750000000000455e+02 1.361531999999999925e+03 4.030000000000000249e-01 9.689999999999999725e-01 2.023499999999999854e+00 8.944999999999999618e-01
1.800000000000000000e+01 1.700000000000000000e+03 -1.000000000000000000e+00 -1.000000000000000000e+00 -1.000000000000000000e+00 -1.000000000000000000e+00 -1.000000000000000000e+00 5.137820000000000391e+02 1.390002999999999929e+03 1.032999999999999918e+00 9.669999999999999707e-01 2.310500000000000220e+00 8.345000000000000195e-01
1.800000000000000000e+01 1.703000000000000000e+03 -1.000000000000000000e+00 -1.000000000000000000e+00 -1.000000000000000000e+00 -1.000000000000000000e+00 -1.000000000000000000e+00 5.478070000000000164e+02 1.362226000000000113e+03 1.380000000000000115e-01 9.094999999999999751e-01 2.194999999999999840e+00 7.734999999999999654e-01
1.800000000000000000e+01 1.697000000000000000e+03 -1.000000000000000000e+00 -1.000000000000000000e+00 -1.000000000000000000e+00 -1.000000000000000000e+00 -1.000000000000000000e+00 5.116240000000000236e+02 1.382663999999999987e+03 7.680000000000000160e-01 9.190000000000000391e-01 2.117500000000000160e+00 7.870000000000000329e-01
1.800000000000000000e+01 1.702000000000000000e+03 -1.000000000000000000e+00 -1.000000000000000000e+00 -1.000000000000000000e+00 -1.000000000000000000e+00 -1.000000000000000000e+00 5.210526829297755285e+02 1.409819309886532665e+03 8.888685730221206338e-01 1.006999999999999895e+00 2.083499999999999908e+00 8.035000000000001030e-01
1.900000000000000000e+01 1.702000000000000000e+03 -1.000000000000000000e+00 -1.000000000000000000e+00 -1.000000000000000000e+00 -1.000000000000000000e+00 -1.000000000000000000e+00 5.204149999999999636e+02 1.408173000000000002e+03 9.779999999999999805e-01 1.006999999999999895e+00 2.083499999999999908e+00 8.034999999999999920e-01
1.900000000000000000e+01 1.693000000000000000e+03 -1.000000000000000000e+00 -1.000000000000000000e+00 -1.000000000000000000e+00 -1.000000000000000000e+00 -1.000000000000000000e+00 5.322430000000000518e+02 1.361634999999999991e+03 3.499999999999999778e-01 9.659999999999999698e-01 2.415500000000000203e+00 7.744999999999999662e-01
1.900000000000000000e+01 1.695000000000000000e+03 -1.000000000000000000e+00 -1.000000000000000000e+00 -1.000000000000000000e+00 -1.000000000000000000e+00 -1.000000000000000000e+00 4.816499999999999773e+02 1.358290999999999940e+03 1.155999999999999917e+00 9.559999999999999609e-01 2.402000000000000135e+00 8.485000000000000320e-01
1.900000000000000000e+01 1.701000000000000000e+03 -1.000000000000000000e+00 -1.000000000000000000e+00 -1.000000000000000000e+00 -1.000000000000000000e+00 -1.000000000000000000e+00 5.385620000000000118e+02 1.361604000000000042e+03 3.950000000000000178e-01 9.689999999999999725e-01 2.023499999999999854e+00 8.944999999999999618e-01
1.900000000000000000e+01 1.700000000000000000e+03 -1.000000000000000000e+00 -1.000000000000000000e+00 -1.000000000000000000e+00 -1.000000000000000000e+00 -1.000000000000000000e+00 5.134410000000000309e+02 1.389232999999999947e+03 1.038999999999999924e+00 9.669999999999999707e-01 2.310500000000000220e+00 8.345000000000000195e-01
1.900000000000000000e+01 1.703000000000000000e+03 -1.000000000000000000e+00 -1.000000000000000000e+00 -1.000000000000000000e+00 -1.000000000000000000e+00 -1.000000000000000000e+00 5.475000000000000000e+02 1.362242999999999938e+03 1.890000000000000013e-01 9.094999999999999751e-01 2.194999999999999840e+00 7.734999999999999654e-01
1.900000000000000000e+01 1.697000000000000000e+03 -1.000000000000000000e+00 -1.000000000000000000e+00 -1.000000000000000000e+00 -1.000000000000000000e+00 -1.000000000000000000e+00 5.115360000000000014e+02 1.382172000000000025e+03 7.680000000000000160e-01 9.190000000000000391e-01 2.117500000000000160e+00 7.870000000000000329e-01
2.000000000000000000e+01 1.702000000000000000e+03 -1.000000000000000000e+00 -1.000000000000000000e+00 -1.000000000000000000e+00 -1.000000000000000000e+00 -1.000000000000000000e+00 5.199840000000000373e+02 1.406976000000000113e+03 9.949999999999999956e-01 1.006999999999999895e+00 2.083499999999999908e+00 8.034999999999999920e-01
2.000000000000000000e+01 1.693000000000000000e+03 -1.000000000000000000e+00 -1.000000000000000000e+00 -1.000000000000000000e+00 -1.000000000000000000e+00 -1.000000000000000000e+00 5.321960000000000264e+02 1.361775000000000091e+03 3.689999999999999947e-01 9.659999999999999698e-01 2.415500000000000203e+00 7.744999999999999662e-01
2.000000000000000000e+01 1.695000000000000000e+03 -1.000000000000000000e+00 -1.000000000000000000e+00 -1.000000000000000000e+00 -1.000000000000000000e+00 -1.000000000000000000e+00 4.773179999999999836e+02 1.357695999999999913e+03 1.137000000000000011e+00 9.559999999999999609e-01 2.402000000000000135e+00 8.485000000000000320e-01
2.000000000000000000e+01 1.701000000000000000e+03 -1.000000000000000000e+00 -1.000000000000000000e+00 -1.000000000000000000e+00 -1.000000000000000000e+00 -1.000000000000000000e+00 5.385489999999999782e+02 1.361676999999999907e+03 3.870000000000000107e-01 9.689999999999999725e-01 2.023499999999999854e+00 8.944999999999999618e-01
2.000000000000000000e+01 1.700000000000000000e+03 -1.000000000000000000e+00 -1.000000000000000000e+00 -1.000000000000000000e+00 -1.000000000000000000e+00 -1.000000000000000000e+00 5.132580000000000382e+02 1.388778000000000020e+03 1.030000000000000027e+00 9.669999999999999707e-01 2.310500000000000220e+00 8.345000000000000195e-01
2.000000000000000000e+01 1.703000000000000000e+03 -1.000000000000000000e+00 -1.000000000000000000e+00 -1.000000000000000000e+00 -1.000000000000000000e+00 -1.000000000000000000e+00 5.471929999999999836e+02 1.362259999999999991e+03 2.389999999999999902e-01 9.094999999999999751e-01 2.194999999999999840e+00 7.734999999999999654e-01
2.000000000000000000e+01 1.697000000000000000e+03 -1.000000000000000000e+00 -1.000000000000000000e+00 -1.000000000000000000e+00 -1.000000000000000000e+00 -1.000000000000000000e+00 5.114479999999999791e+02 1.381681000000000040e+03 7.680000000000000160e-01 9.190000000000000391e-01 2.117500000000000160e+00 7.870000000000000329e-01
2.100000000000000000e+01 1.702000000000000000e+03 -1.000000000000000000e+00 -1.000000000000000000e+00 -1.000000000000000000e+00 -1.000000000000000000e+00 -1.000000000000000000e+00 5.195739999999999554e+02 1.406046000000000049e+03 1.096000000000000085e+00 1.006999999999999895e+00 2.083499999999999908e+00 8.034999999999999920e-01
2.100000000000000000e+01 1.693000000000000000e+03 -1.000000000000000000e+00 -1.000000000000000000e+00 -1.000000000000000000e+00 -1.000000000000000000e+00 -1.000000000000000000e+00 5.322269999999999754e+02 1.361730999999999995e+03 4.440000000000000058e-01 9.659999999999999698e-01 2.415500000000000203e+00 7.744999999999999662e-01
2.100000000000000000e+01 1.695000000000000000e+03 -1.000000000000000000e+00 -1.000000000000000000e+00 -1.000000000000000000e+00 -1.000000000000000000e+00 -1.000000000000000000e+00 4.727300000000000182e+02 1.357461000000000013e+03 1.042999999999999927e+00 9.559999999999999609e-01 2.402000000000000135e+00 8.485000000000000320e-01
2.100000000000000000e+01 1.701000000000000000e+03 -1.000000000000000000e+00 -1.000000000000000000e+00 -1.000000000000000000e+00 -1.000000000000000000e+00 -1.000000000000000000e+00 5.385499999999999545e+02 1.361665999999999940e+03 4.699999999999999734e-01 9.689999999999999725e-01 2.023499999999999854e+00 8.944999999999999618e-01
2.100000000000000000e+01 1.700000000000000000e+03 -1.000000000000000000e+00 -1.000000000000000000e+00 -1.000000000000000000e+00 -1.000000000000000000e+00 -1.000000000000000000e+00 5.130860000000000127e+02 1.388317999999999984e+03 1.022000000000000020e+00 9.669999999999999707e-01 2.310500000000000220e+00 8.345000000000000195e-01
2.100000000000000000e+01 1.703000000000000000e+03 -1.000000000000000000e+00 -1.000000000000000000e+00 -1.000000000000000000e+00 -1.000000000000000000e+00 -1.000000000000000000e+00 5.468859999999999673e+02 1.362278000000000020e+03 2.889999999999999791e-01 9.094999999999999751e-01 2.194999999999999840e+00 7.734999999999999654e-01
2.100000000000000000e+01 1.697000000000000000e+03 -1.000000000000000000e+00 -1.000000000000000000e+00 -1.000000000000000000e+00 -1.000000000000000000e+00 -1.000000000000000000e+00 5.113600000000000136e+02 1.381189000000000078e+03 7.680000000000000160e-01 9.190000000000000391e-01 2.117500000000000160e+00 7.870000000000000329e-01
2.200000000000000000e+01 1.702000000000000000e+03 -1.000000000000000000e+00 -1.000000000000000000e+00 -1.000000000000000000e+00 -1.000000000000000000e+00 -1.000000000000000000e+00 5.191639999999999873e+02 1.405115000000000009e+03 1.197999999999999954e+00 1.006999999999999895e+00 2.083499999999999908e+00 8.034999999999999920e-01
2.200000000000000000e+01 1.693000000000000000e+03 -1.000000000000000000e+00 -1.000000000000000000e+00 -1.000000000000000000e+00 -1.000000000000000000e+00 -1.000000000000000000e+00 5.322580000000000382e+02 1.361685999999999922e+03 5.190000000000000169e-01 9.659999999999999698e-01 2.415500000000000203e+00 7.744999999999999662e-01
2.200000000000000000e+01 1.695000000000000000e+03 -1.000000000000000000e+00 -1.000000000000000000e+00 -1.000000000000000000e+00 -1.000000000000000000e+00 -1.000000000000000000e+00 4.680869999999999891e+02 1.357320999999999913e+03 1.401000000000000023e+00 9.559999999999999609e-01 2.402000000000000135e+00 8.485000000000000320e-01
2.200000000000000000e+01 1.701000000000000000e+03 -1.000000000000000000e+00 -1.000000000000000000e+00 -1.000000000000000000e+00 -1.000000000000000000e+00 -1.000000000000000000e+00 5.385499999999999545e+02 1.361654999999999973e+03 5.530000000000000471e-01 9.689999999999999725e-01 2.023499999999999854e+00 8.944999999999999618e-01
2.200000000000000000e+01 1.700000000000000000e+03 -1.000000000000000000e+00 -1.000000000000000000e+00 -1.000000000000000000e+00 -1.000000000000000000e+00 -1.000000000000000000e+00 5.129289999999999736e+02 1.387854000000000042e+03 1.014000000000000012e+00 9.669999999999999707e-01 2.310500000000000220e+00 8.345000000000000195e-01
2.200000000000000000e+01 1.703000000000000000e+03 -1.000000000000000000e+00 -1.000000000000000000e+00 -1.000000000000000000e+00 -1.000000000000000000e+00 -1.000000000000000000e+00 5.465789999999999509e+02 1.362295000000000073e+03 4.229999999999999871e-01 9.094999999999999751e-01 2.194999999999999840e+00 7.734999999999999654e-01
2.200000000000000000e+01 1.697000000000000000e+03 -1.000000000000000000e+00 -1.000000000000000000e+00 -1.000000000000000000e+00 -1.000000000000000000e+00 -1.000000000000000000e+00 5.112719999999999914e+02 1.380021999999999935e+03 7.850000000000000311e-01 9.190000000000000391e-01 2.117500000000000160e+00 7.870000000000000329e-01
2.200000000000000000e+01 1.704000000000000000e+03 -1.000000000000000000e+00 -1.000000000000000000e+00 -1.000000000000000000e+00 -1.000000000000000000e+00 -1.000000000000000000e+00 5.157849999999999682e+02 1.395039999999999964e+03 9.270000000000000462e-01 9.264999999999999902e-01 2.098500000000000032e+00 8.199999999999999512e-01
2.300000000000000000e+01 1.702000000000000000e+03 -1.000000000000000000e+00 -1.000000000000000000e+00 -1.000000000000000000e+00 -1.000000000000000000e+00 -1.000000000000000000e+00 5.187540000000000191e+02 1.404184999999999945e+03 1.298999999999999932e+00 1.006999999999999895e+00 2.083499999999999908e+00 8.034999999999999920e-01
2.300000000000000000e+01 1.693000000000000000e+03 -1.000000000000000000e+00 -1.000000000000000000e+00 -1.000000000000000000e+00 -1.000000000000000000e+00 -1.000000000000000000e+00 5.322889999999999873e+02 1.361642000000000053e+03 5.939999999999999725e-01 9.659999999999999698e-01 2.415500000000000203e+00 7.744999999999999662e-01
2.300000000000000000e+01 1.701000000000000000e+03 -1.000000000000000000e+00 -1.000000000000000000e+00 -1.000000000000000000e+00 -1.000000000000000000e+00 -1.000000000000000000e+00 5.385499999999999545e+02 1.361644000000000005e+03 6.360000000000000098e-01 9.689999999999999725e-01 2.023499999999999854e+00 8.944999999999999618e-01
2.300000000000000000e+01 1.700000000000000000e+03 -1.000000000000000000e+00 -1.000000000000000000e+00 -1.000000000000000000e+00 -1.000000000000000000e+00 -1.000000000000000000e+00 5.127709999999999582e+02 1.387388999999999896e+03 1.004999999999999893e+00 9.669999999999999707e-01 2.310500000000000220e+00 8.345000000000000195e-01
2.300000000000000000e+01 1.703000000000000000e+03 -1.000000000000000000e+00 -1.000000000000000000e+00 -1.000000000000000000e+00 -1.000000000000000000e+00 -1.000000000000000000e+00 5.462720000000000482e+02 1.362311999999999898e+03 5.570000000000000506e-01 9.094999999999999751e-01 2.194999999999999840e+00 7.734999999999999654e-01
2.300000000000000000e+01 1.697000000000000000e+03 -1.000000000000000000e+00 -1.000000000000000000e+00 -1.000000000000000000e+00 -1.000000000000000000e+00 -1.000000000000000000e+00 5.112450000000000045e+02 1.378851000000000113e+03 8.010000000000000453e-01 9.190000000000000391e-01 2.117500000000000160e+00 7.870000000000000329e-01
2.300000000000000000e+01 1.704000000000000000e+03 -1.000000000000000000e+00 -1.000000000000000000e+00 -1.000000000000000000e+00 -1.000000000000000000e+00 -1.000000000000000000e+00 5.155539999999999736e+02 1.394403000000000020e+03 9.360000000000000542e-01 9.264999999999999902e-01 2.098500000000000032e+00 8.199999999999999512e-01
2.400000000000000000e+01 1.693000000000000000e+03 -1.000000000000000000e+00 -1.000000000000000000e+00 -1.000000000000000000e+00 -1.000000000000000000e+00 -1.000000000000000000e+00 5.322889999999999873e+02 1.361593000000000075e+03 6.360000000000000098e-01 9.659999999999999698e-01 2.415500000000000203e+00 7.744999999999999662e-01
2.400000000000000000e+01 1.701000000000000000e+03 -1.000000000000000000e+00 -1.000000000000000000e+00 -1.000000000000000000e+00 -1.000000000000000000e+00 -1.000000000000000000e+00 5.385499999999999545e+02 1.361633000000000038e+03 7.189999999999999725e-01 9.689999999999999725e-01 2.023499999999999854e+00 8.944999999999999618e-01
2.400000000000000000e+01 1.700000000000000000e+03 -1.000000000000000000e+00 -1.000000000000000000e+00 -1.000000000000000000e+00 -1.000000000000000000e+00 -1.000000000000000000e+00 5.124139999999999873e+02 1.386046000000000049e+03 1.004999999999999893e+00 9.669999999999999707e-01 2.310500000000000220e+00 8.345000000000000195e-01
2.400000000000000000e+01 1.703000000000000000e+03 -1.000000000000000000e+00 -1.000000000000000000e+00 -1.000000000000000000e+00 -1.000000000000000000e+00 -1.000000000000000000e+00 5.462649999999999864e+02 1.362237000000000080e+03 6.129999999999999893e-01 9.094999999999999751e-01 2.194999999999999840e+00 7.734999999999999654e-01
2.400000000000000000e+01 1.697000000000000000e+03 -1.000000000000000000e+00 -1.000000000000000000e+00 -1.000000000000000000e+00 -1.000000000000000000e+00 -1.000000000000000000e+00 5.114030000000000200e+02 1.377375999999999976e+03 8.010000000000000453e-01 9.190000000000000391e-01 2.117500000000000160e+00 7.870000000000000329e-01
2.400000000000000000e+01 1.704000000000000000e+03 -1.000000000000000000e+00 -1.000000000000000000e+00 -1.000000000000000000e+00 -1.000000000000000000e+00 -1.000000000000000000e+00 5.153220000000000027e+02 1.393766000000000076e+03 9.449999999999999512e-01 9.264999999999999902e-01 2.098500000000000032e+00 8.199999999999999512e-01
2.500000000000000000e+01 1.693000000000000000e+03 -1.000000000000000000e+00 -1.000000000000000000e+00 -1.000000000000000000e+00 -1.000000000000000000e+00 -1.000000000000000000e+00 5.322889999999999873e+02 1.361544000000000096e+03 6.780000000000000471e-01 9.659999999999999698e-01 2.415500000000000203e+00 7.744999999999999662e-01
2.500000000000000000e+01 1.701000000000000000e+03 -1.000000000000000000e+00 -1.000000000000000000e+00 -1.000000000000000000e+00 -1.000000000000000000e+00 -1.000000000000000000e+00 5.385510000000000446e+02 1.361622000000000071e+03 8.020000000000000462e-01 9.689999999999999725e-01 2.023499999999999854e+00 8.944999999999999618e-01
2.500000000000000000e+01 1.700000000000000000e+03 -1.000000000000000000e+00 -1.000000000000000000e+00 -1.000000000000000000e+00 -1.000000000000000000e+00 -1.000000000000000000e+00 5.120969999999999800e+02 1.384693999999999960e+03 1.004000000000000004e+00 9.669999999999999707e-01 2.310500000000000220e+00 8.345000000000000195e-01
2.500000000000000000e+01 1.703000000000000000e+03 -1.000000000000000000e+00 -1.000000000000000000e+00 -1.000000000000000000e+00 -1.000000000000000000e+00 -1.000000000000000000e+00 5.462569999999999482e+02 1.362162000000000035e+03 6.690000000000000391e-01 9.094999999999999751e-01 2.194999999999999840e+00 7.734999999999999654e-01
2.500000000000000000e+01 1.697000000000000000e+03 -1.000000000000000000e+00 -1.000000000000000000e+00 -1.000000000000000000e+00 -1.000000000000000000e+00 -1.000000000000000000e+00 5.116700000000000159e+02 1.375915999999999940e+03 8.010000000000000453e-01 9.190000000000000391e-01 2.117500000000000160e+00 7.870000000000000329e-01
2.500000000000000000e+01 1.704000000000000000e+03 -1.000000000000000000e+00 -1.000000000000000000e+00 -1.000000000000000000e+00 -1.000000000000000000e+00 -1.000000000000000000e+00 5.151369999999999436e+02 1.392962999999999965e+03 9.959999999999999964e-01 9.264999999999999902e-01 2.098500000000000032e+00 8.199999999999999512e-01
2.600000000000000000e+01 1.693000000000000000e+03 -1.000000000000000000e+00 -1.000000000000000000e+00 -1.000000000000000000e+00 -1.000000000000000000e+00 -1.000000000000000000e+00 5.322889999999999873e+02 1.361494999999999891e+03 7.189999999999999725e-01 9.659999999999999698e-01 2.415500000000000203e+00 7.744999999999999662e-01
2.600000000000000000e+01 1.701000000000000000e+03 -1.000000000000000000e+00 -1.000000000000000000e+00 -1.000000000000000000e+00 -1.000000000000000000e+00 -1.000000000000000000e+00 5.385560000000000400e+02 1.361642000000000053e+03 8.110000000000000542e-01 9.689999999999999725e-01 2.023499999999999854e+00 8.944999999999999618e-01
2.600000000000000000e+01 1.700000000000000000e+03 -1.000000000000000000e+00 -1.000000000000000000e+00 -1.000000000000000000e+00 -1.000000000000000000e+00 -1.000000000000000000e+00 5.118220000000000027e+02 1.383332000000000107e+03 1.004000000000000004e+00 9.669999999999999707e-01 2.310500000000000220e+00 8.345000000000000195e-01
2.600000000000000000e+01 1.703000000000000000e+03 -1.000000000000000000e+00 -1.000000000000000000e+00 -1.000000000000000000e+00 -1.000000000000000000e+00 -1.000000000000000000e+00 5.462500000000000000e+02 1.362086999999999989e+03 7.249999999999999778e-01 9.094999999999999751e-01 2.194999999999999840e+00 7.734999999999999654e-01
2.600000000000000000e+01 1.697000000000000000e+03 -1.000000000000000000e+00 -1.000000000000000000e+00 -1.000000000000000000e+00 -1.000000000000000000e+00 -1.000000000000000000e+00 5.120339999999999918e+02 1.374497000000000071e+03 9.000000000000000222e-01 9.190000000000000391e-01 2.117500000000000160e+00 7.870000000000000329e-01
2.600000000000000000e+01 1.704000000000000000e+03 -1.000000000000000000e+00 -1.000000000000000000e+00 -1.000000000000000000e+00 -1.000000000000000000e+00 -1.000000000000000000e+00 5.149310000000000400e+02 1.392165999999999940e+03 1.046999999999999931e+00 9.264999999999999902e-01 2.098500000000000032e+00 8.199999999999999512e-01
2.700000000000000000e+01 1.693000000000000000e+03 -1.000000000000000000e+00 -1.000000000000000000e+00 -1.000000000000000000e+00 -1.000000000000000000e+00 -1.000000000000000000e+00 5.322889999999999873e+02 1.361519000000000005e+03 7.329999999999999849e-01 9.659999999999999698e-01 2.415500000000000203e+00 7.744999999999999662e-01
2.700000000000000000e+01 1.701000000000000000e+03 -1.000000000000000000e+00 -1.000000000000000000e+00 -1.000000000000000000e+00 -1.000000000000000000e+00 -1.000000000000000000e+00 5.385610000000000355e+02 1.361663000000000011e+03 8.199999999999999512e-01 9.689999999999999725e-01 2.023499999999999854e+00 8.944999999999999618e-01
2.700000000000000000e+01 1.700000000000000000e+03 -1.000000000000000000e+00 -1.000000000000000000e+00 -1.000000000000000000e+00 -1.000000000000000000e+00 -1.000000000000000000e+00 5.115880000000000223e+02 1.381961999999999989e+03 1.004000000000000004e+00 9.669999999999999707e-01 2.310500000000000220e+00 8.345000000000000195e-01
2.700000000000000000e+01 1.703000000000000000e+03 -1.000000000000000000e+00 -1.000000000000000000e+00 -1.000000000000000000e+00 -1.000000000000000000e+00 -1.000000000000000000e+00 5.462380000000000564e+02 1.362109999999999900e+03 7.169999999999999707e-01 9.094999999999999751e-01 2.194999999999999840e+00 7.734999999999999654e-01
2.700000000000000000e+01 1.697000000000000000e+03 -1.000000000000000000e+00 -1.000000000000000000e+00 -1.000000000000000000e+00 -1.000000000000000000e+00 -1.000000000000000000e+00 5.125860000000000127e+02 1.373138999999999896e+03 1.000000000000000000e+00 9.190000000000000391e-01 2.117500000000000160e+00 7.870000000000000329e-01
2.700000000000000000e+01 1.704000000000000000e+03 -1.000000000000000000e+00 -1.000000000000000000e+00 -1.000000000000000000e+00 -1.000000000000000000e+00 -1.000000000000000000e+00 5.144560000000000173e+02 1.391178000000000111e+03 9.989999999999999991e-01 9.264999999999999902e-01 2.098500000000000032e+00 8.199999999999999512e-01
2.800000000000000000e+01 1.693000000000000000e+03 -1.000000000000000000e+00 -1.000000000000000000e+00 -1.000000000000000000e+00 -1.000000000000000000e+00 -1.000000000000000000e+00 5.322889999999999873e+02 1.361544000000000096e+03 7.469999999999999973e-01 9.659999999999999698e-01 2.415500000000000203e+00 7.744999999999999662e-01
2.800000000000000000e+01 1.701000000000000000e+03 -1.000000000000000000e+00 -1.000000000000000000e+00 -1.000000000000000000e+00 -1.000000000000000000e+00 -1.000000000000000000e+00 5.385650000000000546e+02 1.361682999999999993e+03 8.289999999999999591e-01 9.689999999999999725e-01 2.023499999999999854e+00 8.944999999999999618e-01
2.800000000000000000e+01 1.700000000000000000e+03 -1.000000000000000000e+00 -1.000000000000000000e+00 -1.000000000000000000e+00 -1.000000000000000000e+00 -1.000000000000000000e+00 5.114220000000000255e+02 1.380281999999999925e+03 1.052999999999999936e+00 9.669999999999999707e-01 2.310500000000000220e+00 8.345000000000000195e-01
2.800000000000000000e+01 1.703000000000000000e+03 -1.000000000000000000e+00 -1.000000000000000000e+00 -1.000000000000000000e+00 -1.000000000000000000e+00 -1.000000000000000000e+00 5.462259999999999991e+02 1.362134000000000015e+03 7.089999999999999636e-01 9.094999999999999751e-01 2.194999999999999840e+00 7.734999999999999654e-01
2.800000000000000000e+01 1.697000000000000000e+03 -1.000000000000000000e+00 -1.000000000000000000e+00 -1.000000000000000000e+00 -1.000000000000000000e+00 -1.000000000000000000e+00 5.133339999999999463e+02 1.371711999999999989e+03 9.250000000000000444e-01 9.190000000000000391e-01 2.117500000000000160e+00 7.870000000000000329e-01
2.800000000000000000e+01 1.704000000000000000e+03 -1.000000000000000000e+00 -1.000000000000000000e+00 -1.000000000000000000e+00 -1.000000000000000000e+00 -1.000000000000000000e+00 5.139809999999999945e+02 1.390190000000000055e+03 9.499999999999999556e-01 9.264999999999999902e-01 2.098500000000000032e+00 8.199999999999999512e-01
2.900000000000000000e+01 1.693000000000000000e+03 -1.000000000000000000e+00 -1.000000000000000000e+00 -1.000000000000000000e+00 -1.000000000000000000e+00 -1.000000000000000000e+00 5.322889999999999873e+02 1.361567999999999984e+03 7.600000000000000089e-01 9.659999999999999698e-01 2.415500000000000203e+00 7.744999999999999662e-01
2.900000000000000000e+01 1.701000000000000000e+03 -1.000000000000000000e+00 -1.000000000000000000e+00 -1.000000000000000000e+00 -1.000000000000000000e+00 -1.000000000000000000e+00 5.385700000000000500e+02 1.361702999999999975e+03 8.379999999999999671e-01 9.689999999999999725e-01 2.023499999999999854e+00 8.944999999999999618e-01
2.900000000000000000e+01 1.700000000000000000e+03 -1.000000000000000000e+00 -1.000000000000000000e+00 -1.000000000000000000e+00 -1.000000000000000000e+00 -1.000000000000000000e+00 5.113430000000000177e+02 1.378594000000000051e+03 1.100999999999999979e+00 9.669999999999999707e-01 2.310500000000000220e+00 8.345000000000000195e-01
2.900000000000000000e+01 1.703000000000000000e+03 -1.000000000000000000e+00 -1.000000000000000000e+00 -1.000000000000000000e+00 -1.000000000000000000e+00 -1.000000000000000000e+00 5.462140000000000555e+02 1.362156999999999925e+03 7.019999999999999574e-01 9.094999999999999751e-01 2.194999999999999840e+00 7.734999999999999654e-01
2.900000000000000000e+01 1.697000000000000000e+03 -1.000000000000000000e+00 -1.000000000000000000e+00 -1.000000000000000000e+00 -1.000000000000000000e+00 -1.000000000000000000e+00 5.142039999999999509e+02 1.370354000000000042e+03 8.499999999999999778e-01 9.190000000000000391e-01 2.117500000000000160e+00 7.870000000000000329e-01
2.900000000000000000e+01 1.704000000000000000e+03 -1.000000000000000000e+00 -1.000000000000000000e+00 -1.000000000000000000e+00 -1.000000000000000000e+00 -1.000000000000000000e+00 5.135069999999999482e+02 1.389201999999999998e+03 9.020000000000000240e-01 9.264999999999999902e-01 2.098500000000000032e+00 8.199999999999999512e-01
3.000000000000000000e+01 1.693000000000000000e+03 -1.000000000000000000e+00 -1.000000000000000000e+00 -1.000000000000000000e+00 -1.000000000000000000e+00 -1.000000000000000000e+00 5.322709999999999582e+02 1.361578999999999951e+03 7.359999999999999876e-01 9.659999999999999698e-01 2.415500000000000203e+00 7.744999999999999662e-01
3.000000000000000000e+01 1.701000000000000000e+03 -1.000000000000000000e+00 -1.000000000000000000e+00 -1.000000000000000000e+00 -1.000000000000000000e+00 -1.000000000000000000e+00 5.385750000000000455e+02 1.361722999999999956e+03 8.469999999999999751e-01 9.689999999999999725e-01 2.023499999999999854e+00 8.944999999999999618e-01
3.000000000000000000e+01 1.700000000000000000e+03 -1.000000000000000000e+00 -1.000000000000000000e+00 -1.000000000000000000e+00 -1.000000000000000000e+00 -1.000000000000000000e+00 5.114669999999999845e+02 1.377151000000000067e+03 1.133000000000000007e+00 9.669999999999999707e-01 2.310500000000000220e+00 8.345000000000000195e-01
3.000000000000000000e+01 1.703000000000000000e+03 -1.000000000000000000e+00 -1.000000000000000000e+00 -1.000000000000000000e+00 -1.000000000000000000e+00 -1.000000000000000000e+00 5.462019999999999982e+02 1.362180000000000064e+03 6.939999999999999503e-01 9.094999999999999751e-01 2.194999999999999840e+00 7.734999999999999654e-01
3.000000000000000000e+01 1.697000000000000000e+03 -1.000000000000000000e+00 -1.000000000000000000e+00 -1.000000000000000000e+00 -1.000000000000000000e+00 -1.000000000000000000e+00 5.151910000000000309e+02 1.369178000000000111e+03 8.589999999999999858e-01 9.190000000000000391e-01 2.117500000000000160e+00 7.870000000000000329e-01
3.000000000000000000e+01 1.704000000000000000e+03 -1.000000000000000000e+00 -1.000000000000000000e+00 -1.000000000000000000e+00 -1.000000000000000000e+00 -1.000000000000000000e+00 5.132949999999999591e+02 1.387580999999999904e+03 8.830000000000000071e-01 9.264999999999999902e-01 2.098500000000000032e+00 8.199999999999999512e-01
3.100000000000000000e+01 1.693000000000000000e+03 -1.000000000000000000e+00 -1.000000000000000000e+00 -1.000000000000000000e+00 -1.000000000000000000e+00 -1.000000000000000000e+00 5.322519999999999527e+02 1.361589999999999918e+03 7.119999999999999662e-01 9.659999999999999698e-01 2.415500000000000203e+00 7.744999999999999662e-01
3.100000000000000000e+01 1.701000000000000000e+03 -1.000000000000000000e+00 -1.000000000000000000e+00 -1.000000000000000000e+00 -1.000000000000000000e+00 -1.000000000000000000e+00 5.385480000000000018e+02 1.361712999999999965e+03 8.379999999999999671e-01 9.689999999999999725e-01 2.023499999999999854e+00 8.944999999999999618e-01
3.100000000000000000e+01 1.700000000000000000e+03 -1.000000000000000000e+00 -1.000000000000000000e+00 -1.000000000000000000e+00 -1.000000000000000000e+00 -1.000000000000000000e+00 5.117160000000000082e+02 1.375723999999999933e+03 1.163999999999999924e+00 9.669999999999999707e-01 2.310500000000000220e+00 8.345000000000000195e-01
3.100000000000000000e+01 1.703000000000000000e+03 -1.000000000000000000e+00 -1.000000000000000000e+00 -1.000000000000000000e+00 -1.000000000000000000e+00 -1.000000000000000000e+00 5.461900000000000546e+02 1.362203999999999951e+03 7.039999999999999591e-01 9.094999999999999751e-01 2.194999999999999840e+00 7.734999999999999654e-01
3.100000000000000000e+01 1.697000000000000000e+03 -1.000000000000000000e+00 -1.000000000000000000e+00 -1.000000000000000000e+00 -1.000000000000000000e+00 -1.000000000000000000e+00 5.162759999999999536e+02 1.368092000000000098e+03 8.669999999999999929e-01 9.190000000000000391e-01 2.117500000000000160e+00 7.870000000000000329e-01
3.100000000000000000e+01 1.704000000000000000e+03 -1.000000000000000000e+00 -1.000000000000000000e+00 -1.000000000000000000e+00 -1.000000000000000000e+00 -1.000000000000000000e+00 5.130839999999999463e+02 1.385961000000000013e+03 8.639999999999999902e-01 9.264999999999999902e-01 2.098500000000000032e+00 8.199999999999999512e-01
3.200000000000000000e+01 1.693000000000000000e+03 -1.000000000000000000e+00 -1.000000000000000000e+00 -1.000000000000000000e+00 -1.000000000000000000e+00 -1.000000000000000000e+00 5.322340000000000373e+02 1.361601000000000113e+03 6.879999999999999449e-01 9.659999999999999698e-01 2.415500000000000203e+00 7.744999999999999662e-01
3.200000000000000000e+01 1.701000000000000000e+03 -1.000000000000000000e+00 -1.000000000000000000e+00 -1.000000000000000000e+00 -1.000000000000000000e+00 -1.000000000000000000e+00 5.385209999999999582e+02 1.361702999999999975e+03 8.289999999999999591e-01 9.689999999999999725e-01 2.023499999999999854e+00 8.944999999999999618e-01
3.200000000000000000e+01 1.700000000000000000e+03 -1.000000000000000000e+00 -1.000000000000000000e+00 -1.000000000000000000e+00 -1.000000000000000000e+00 -1.000000000000000000e+00 5.120890000000000555e+02 1.374325000000000045e+03 1.195000000000000062e+00 9.669999999999999707e-01 2.310500000000000220e+00 8.345000000000000195e-01
3.200000000000000000e+01 1.703000000000000000e+03 -1.000000000000000000e+00 -1.000000000000000000e+00 -1.000000000000000000e+00 -1.000000000000000000e+00 -1.000000000000000000e+00 5.461779999999999973e+02 1.362227000000000089e+03 7.149999999999999689e-01 9.094999999999999751e-01 2.194999999999999840e+00 7.734999999999999654e-01
3.200000000000000000e+01 1.697000000000000000e+03 -1.000000000000000000e+00 -1.000000000000000000e+00 -1.000000000000000000e+00 -1.000000000000000000e+00 -1.000000000000000000e+00 5.174149999999999636e+02 1.367157999999999902e+03 8.790000000000000036e-01 9.190000000000000391e-01 2.117500000000000160e+00 7.870000000000000329e-01
3.200000000000000000e+01 1.704000000000000000e+03 -1.000000000000000000e+00 -1.000000000000000000e+00 -1.000000000000000000e+00 -1.000000000000000000e+00 -1.000000000000000000e+00 5.128719999999999573e+02 1.384339999999999918e+03 8.449999999999999734e-01 9.264999999999999902e-01 2.098500000000000032e+00 8.199999999999999512e-01
3.300000000000000000e+01 1.693000000000000000e+03 -1.000000000000000000e+00 -1.000000000000000000e+00 -1.000000000000000000e+00 -1.000000000000000000e+00 -1.000000000000000000e+00 5.322609999999999673e+02 1.361613000000000056e+03 7.129999999999999671e-01 9.659999999999999698e-01 2.415500000000000203e+00 7.744999999999999662e-01
3.300000000000000000e+01 1.701000000000000000e+03 -1.000000000000000000e+00 -1.000000000000000000e+00 -1.000000000000000000e+00 -1.000000000000000000e+00 -1.000000000000000000e+00 5.384940000000000282e+02 1.361693999999999960e+03 8.199999999999999512e-01 9.689999999999999725e-01 2.023499999999999854e+00 8.944999999999999618e-01
3.300000000000000000e+01 1.700000000000000000e+03 -1.000000000000000000e+00 -1.000000000000000000e+00 -1.000000000000000000e+00 -1.000000000000000000e+00 -1.000000000000000000e+00 5.125819999999999936e+02 1.372962999999999965e+03 1.225999999999999979e+00 9.669999999999999707e-01 2.310500000000000220e+00 8.345000000000000195e-01
3.300000000000000000e+01 1.703000000000000000e+03 -1.000000000000000000e+00 -1.000000000000000000e+00 -1.000000000000000000e+00 -1.000000000000000000e+00 -1.000000000000000000e+00 5.461660000000000537e+02 1.362250999999999976e+03 7.249999999999999778e-01 9.094999999999999751e-01 2.194999999999999840e+00 7.734999999999999654e-01
3.300000000000000000e+01 1.697000000000000000e+03 -1.000000000000000000e+00 -1.000000000000000000e+00 -1.000000000000000000e+00 -1.000000000000000000e+00 -1.000000000000000000e+00 5.186399999999999864e+02 1.366339999999999918e+03 8.920000000000000151e-01 9.190000000000000391e-01 2.117500000000000160e+00 7.870000000000000329e-01
3.300000000000000000e+01 1.704000000000000000e+03 -1.000000000000000000e+00 -1.000000000000000000e+00 -1.000000000000000000e+00 -1.000000000000000000e+00 -1.000000000000000000e+00 5.126599999999999682e+02 1.382720000000000027e+03 8.259999999999999565e-01 9.264999999999999902e-01 2.098500000000000032e+00 8.199999999999999512e-01
3.400000000000000000e+01 1.693000000000000000e+03 -1.000000000000000000e+00 -1.000000000000000000e+00 -1.000000000000000000e+00 -1.000000000000000000e+00 -1.000000000000000000e+00 5.322889999999999873e+02 1.361624000000000024e+03 7.389999999999999902e-01 9.659999999999999698e-01 2.415500000000000203e+00 7.744999999999999662e-01
3.400000000000000000e+01 1.701000000000000000e+03 -1.000000000000000000e+00 -1.000000000000000000e+00 -1.000000000000000000e+00 -1.000000000000000000e+00 -1.000000000000000000e+00 5.384669999999999845e+02 1.361683999999999969e+03 8.110000000000000542e-01 9.689999999999999725e-01 2.023499999999999854e+00 8.944999999999999618e-01
3.400000000000000000e+01 1.700000000000000000e+03 -1.000000000000000000e+00 -1.000000000000000000e+00 -1.000000000000000000e+00 -1.000000000000000000e+00 -1.000000000000000000e+00 5.131920000000000073e+02 1.371648999999999887e+03 1.256999999999999895e+00 9.669999999999999707e-01 2.310500000000000220e+00 8.345000000000000195e-01
3.400000000000000000e+01 1.703000000000000000e+03 -1.000000000000000000e+00 -1.000000000000000000e+00 -1.000000000000000000e+00 -1.000000000000000000e+00 -1.000000000000000000e+00 5.461539999999999964e+02 1.362273999999999887e+03 7.359999999999999876e-01 9.094999999999999751e-01 2.194999999999999840e+00 7.734999999999999654e-01
3.400000000000000000e+01 1.697000000000000000e+03 -1.000000000000000000e+00 -1.000000000000000000e+00 -1.000000000000000000e+00 -1.000000000000000000e+00 -1.000000000000000000e+00 5.197530000000000427e+02 1.365702999999999975e+03 9.370000000000000551e-01 9.190000000000000391e-01 2.117500000000000160e+00 7.870000000000000329e-01
3.400000000000000000e+01 1.704000000000000000e+03 -1.000000000000000000e+00 -1.000000000000000000e+00 -1.000000000000000000e+00 -1.000000000000000000e+00 -1.000000000000000000e+00 5.124489999999999554e+02 1.381098999999999933e+03 8.070000000000000506e-01 9.264999999999999902e-01 2.098500000000000032e+00 8.199999999999999512e-01
3.500000000000000000e+01 1.693000000000000000e+03 -1.000000000000000000e+00 -1.000000000000000000e+00 -1.000000000000000000e+00 -1.000000000000000000e+00 -1.000000000000000000e+00 5.322960000000000491e+02 1.361622000000000071e+03 7.249999999999999778e-01 9.659999999999999698e-01 2.415500000000000203e+00 7.744999999999999662e-01
3.500000000000000000e+01 1.701000000000000000e+03 -1.000000000000000000e+00 -1.000000000000000000e+00 -1.000000000000000000e+00 -1.000000000000000000e+00 -1.000000000000000000e+00 5.385330000000000155e+02 1.361678000000000111e+03 8.070000000000000506e-01 9.689999999999999725e-01 2.023499999999999854e+00 8.944999999999999618e-01
3.500000000000000000e+01 1.700000000000000000e+03 -1.000000000000000000e+00 -1.000000000000000000e+00 -1.000000000000000000e+00 -1.000000000000000000e+00 -1.000000000000000000e+00 5.137939999999999827e+02 1.370580999999999904e+03 1.243000000000000105e+00 9.669999999999999707e-01 2.310500000000000220e+00 8.345000000000000195e-01
3.500000000000000000e+01 1.703000000000000000e+03 -1.000000000000000000e+00 -1.000000000000000000e+00 -1.000000000000000000e+00 -1.000000000000000000e+00 -1.000000000000000000e+00 5.461620000000000346e+02 1.362263999999999896e+03 7.489999999999999991e-01 9.094999999999999751e-01 2.194999999999999840e+00 7.734999999999999654e-01
3.500000000000000000e+01 1.697000000000000000e+03 -1.000000000000000000e+00 -1.000000000000000000e+00 -1.000000000000000000e+00 -1.000000000000000000e+00 -1.000000000000000000e+00 5.209139999999999873e+02 1.365157999999999902e+03 9.829999999999999849e-01 9.190000000000000391e-01 2.117500000000000160e+00 7.870000000000000329e-01
3.500000000000000000e+01 1.704000000000000000e+03 -1.000000000000000000e+00 -1.000000000000000000e+00 -1.000000000000000000e+00 -1.000000000000000000e+00 -1.000000000000000000e+00 5.122369999999999663e+02 1.379479000000000042e+03 7.880000000000000338e-01 9.264999999999999902e-01 2.098500000000000032e+00 8.199999999999999512e-01
3.600000000000000000e+01 1.693000000000000000e+03 -1.000000000000000000e+00 -1.000000000000000000e+00 -1.000000000000000000e+00 -1.000000000000000000e+00 -1.000000000000000000e+00 5.323039999999999736e+02 1.361619999999999891e+03 7.109999999999999654e-01 9.659999999999999698e-01 2.415500000000000203e+00 7.744999999999999662e-01
3.600000000000000000e+01 1.701000000000000000e+03 -1.000000000000000000e+00 -1.000000000000000000e+00 -1.000000000000000000e+00 -1.000000000000000000e+00 -1.000000000000000000e+00 5.385990000000000464e+02 1.361673000000000002e+03 8.020000000000000462e-01 9.689999999999999725e-01 2.023499999999999854e+00 8.944999999999999618e-01
3.600000000000000000e+01 1.700000000000000000e+03 -1.000000000000000000e+00 -1.000000000000000000e+00 -1.000000000000000000e+00 -1.000000000000000000e+00 -1.000000000000000000e+00 5.145040000000000191e+02 1.369582000000000107e+03 1.229000000000000092e+00 9.669999999999999707e-01 2.310500000000000220e+00 8.345000000000000195e-01
3.600000000000000000e+01 1.703000000000000000e+03 -1.000000000000000000e+00 -1.000000000000000000e+00 -1.000000000000000000e+00 -1.000000000000000000e+00 -1.000000000000000000e+00 5.461689999999999827e+02 1.362253999999999905e+03 7.610000000000000098e-01 9.094999999999999751e-01 2.194999999999999840e+00 7.734999999999999654e-01
3.600000000000000000e+01 1.697000000000000000e+03 -1.000000000000000000e+00 -1.000000000000000000e+00 -1.000000000000000000e+00 -1.000000000000000000e+00 -1.000000000000000000e+00 5.221839999999999691e+02 1.364723999999999933e+03 9.859999999999999876e-01 9.190000000000000391e-01 2.117500000000000160e+00 7.870000000000000329e-01
3.600000000000000000e+01 1.704000000000000000e+03 -1.000000000000000000e+00 -1.000000000000000000e+00 -1.000000000000000000e+00 -1.000000000000000000e+00 -1.000000000000000000e+00 5.120249999999999773e+02 1.377857999999999947e+03 7.700000000000000178e-01 9.264999999999999902e-01 2.098500000000000032e+00 8.199999999999999512e-01
3.700000000000000000e+01 1.693000000000000000e+03 -1.000000000000000000e+00 -1.000000000000000000e+00 -1.000000000000000000e+00 -1.000000000000000000e+00 -1.000000000000000000e+00 5.323110000000000355e+02 1.361634000000000015e+03 7.720000000000000195e-01 9.659999999999999698e-01 2.415500000000000203e+00 7.744999999999999662e-01
3.700000000000000000e+01 1.701000000000000000e+03 -1.000000000000000000e+00 -1.000000000000000000e+00 -1.000000000000000000e+00 -1.000000000000000000e+00 -1.000000000000000000e+00 5.386639999999999873e+02 1.361666999999999916e+03 7.980000000000000426e-01 9.689999999999999725e-01 2.023499999999999854e+00 8.944999999999999618e-01
3.700000000000000000e+01 1.700000000000000000e+03 -1.000000000000000000e+00 -1.000000000000000000e+00 -1.000000000000000000e+00 -1.000000000000000000e+00 -1.000000000000000000e+00 5.153139999999999645e+02 1.368662000000000035e+03 1.213999999999999968e+00 9.669999999999999707e-01 2.310500000000000220e+00 8.345000000000000195e-01
3.700000000000000000e+01 1.703000000000000000e+03 -1.000000000000000000e+00 -1.000000000000000000e+00 -1.000000000000000000e+00 -1.000000000000000000e+00 -1.000000000000000000e+00 5.461770000000000209e+02 1.362243999999999915e+03 7.740000000000000213e-01 9.094999999999999751e-01 2.194999999999999840e+00 7.734999999999999654e-01
3.700000000000000000e+01 1.697000000000000000e+03 -1.000000000000000000e+00 -1.000000000000000000e+00 -1.000000000000000000e+00 -1.000000000000000000e+00 -1.000000000000000000e+00 5.234850000000000136e+02 1.364393000000000029e+03 9.899999999999999911e-01 9.190000000000000391e-01 2.117500000000000160e+00 7.870000000000000329e-01
3.700000000000000000e+01 1.704000000000000000e+03 -1.000000000000000000e+00 -1.000000000000000000e+00 -1.000000000000000000e+00 -1.000000000000000000e+00 -1.000000000000000000e+00 5.118140000000000214e+02 1.376238000000000056e+03 7.510000000000000009e-01 9.264999999999999902e-01 2.098500000000000032e+00 8.199999999999999512e-01
3.800000000000000000e+01 1.693000000000000000e+03 -1.000000000000000000e+00 -1.000000000000000000e+00 -1.000000000000000000e+00 -1.000000000000000000e+00 -1.000000000000000000e+00 5.323179999999999836e+02 1.361646999999999935e+03 8.329999999999999627e-01 9.659999999999999698e-01 2.415500000000000203e+00 7.744999999999999662e-01
3.800000000000000000e+01 1.701000000000000000e+03 -1.000000000000000000e+00 -1.000000000000000000e+00 -1.000000000000000000e+00 -1.000000000000000000e+00 -1.000000000000000000e+00 5.387300000000000182e+02 1.361662000000000035e+03 7.930000000000000382e-01 9.689999999999999725e-01 2.023499999999999854e+00 8.944999999999999618e-01
3.800000000000000000e+01 1.700000000000000000e+03 -1.000000000000000000e+00 -1.000000000000000000e+00 -1.000000000000000000e+00 -1.000000000000000000e+00 -1.000000000000000000e+00 5.162160000000000082e+02 1.367832000000000107e+03 1.241000000000000103e+00 9.669999999999999707e-01 2.310500000000000220e+00 8.345000000000000195e-01
3.800000000000000000e+01 1.703000000000000000e+03 -1.000000000000000000e+00 -1.000000000000000000e+00 -1.000000000000000000e+00 -1.000000000000000000e+00 -1.000000000000000000e+00 5.461839999999999691e+02 1.362233999999999924e+03 7.870000000000000329e-01 9.094999999999999751e-01 2.194999999999999840e+00 7.734999999999999654e-01
3.800000000000000000e+01 1.697000000000000000e+03 -1.000000000000000000e+00 -1.000000000000000000e+00 -1.000000000000000000e+00 -1.000000000000000000e+00 -1.000000000000000000e+00 5.248890000000000100e+02 1.364086000000000013e+03 9.769999999999999796e-01 9.190000000000000391e-01 2.117500000000000160e+00 7.870000000000000329e-01
3.800000000000000000e+01 1.704000000000000000e+03 -1.000000000000000000e+00 -1.000000000000000000e+00 -1.000000000000000000e+00 -1.000000000000000000e+00 -1.000000000000000000e+00 5.116019999999999754e+02 1.374616999999999962e+03 7.319999999999999840e-01 9.264999999999999902e-01 2.098500000000000032e+00 8.199999999999999512e-01
3.900000000000000000e+01 1.693000000000000000e+03 -1.000000000000000000e+00 -1.000000000000000000e+00 -1.000000000000000000e+00 -1.000000000000000000e+00 -1.000000000000000000e+00 5.323260000000000218e+02 1.361661000000000058e+03 8.950000000000000178e-01 9.659999999999999698e-01 2.415500000000000203e+00 7.744999999999999662e-01
3.900000000000000000e+01 1.701000000000000000e+03 -1.000000000000000000e+00 -1.000000000000000000e+00 -1.000000000000000000e+00 -1.000000000000000000e+00 -1.000000000000000000e+00 5.387960000000000491e+02 1.361655999999999949e+03 7.890000000000000346e-01 9.689999999999999725e-01 2.023499999999999854e+00 8.944999999999999618e-01
3.900000000000000000e+01 1.700000000000000000e+03 -1.000000000000000000e+00 -1.000000000000000000e+00 -1.000000000000000000e+00 -1.000000000000000000e+00 -1.000000000000000000e+00 5.172000000000000455e+02 1.367101000000000113e+03 1.268999999999999906e+00 9.669999999999999707e-01 2.310500000000000220e+00 8.345000000000000195e-01
3.900000000000000000e+01 1.703000000000000000e+03 -1.000000000000000000e+00 -1.000000000000000000e+00 -1.000000000000000000e+00 -1.000000000000000000e+00 -1.000000000000000000e+00 5.461920000000000073e+02 1.362223999999999933e+03 7.990000000000000435e-01 9.094999999999999751e-01 2.194999999999999840e+00 7.734999999999999654e-01
3.900000000000000000e+01 1.697000000000000000e+03 -1.000000000000000000e+00 -1.000000000000000000e+00 -1.000000000000000000e+00 -1.000000000000000000e+00 -1.000000000000000000e+00 5.263160000000000309e+02 1.363917999999999893e+03 9.649999999999999689e-01 9.190000000000000391e-01 2.117500000000000160e+00 7.870000000000000329e-01
