1.000000000000000000e+00 5.577000000000000000e+03 -1.000000000000000000e+00 -1.000000000000000000e+00 -1.000000000000000000e+00 -1.000000000000000000e+00 -1.000000000000000000e+00 1.314666999999999916e+03 1.276191000000000031e+03 2.069999999999999840e+00 9.415000000000000036e-01 2.226500000000000146e+00 8.305000000000000160e-01
2.000000000000000000e+00 5.577000000000000000e+03 -1.000000000000000000e+00 -1.000000000000000000e+00 -1.000000000000000000e+00 -1.000000000000000000e+00 -1.000000000000000000e+00 1.314526000000000067e+03 1.276298000000000002e+03 2.470000000000000195e+00 9.415000000000000036e-01 2.226500000000000146e+00 8.305000000000000160e-01
1.300000000000000000e+01 5.583000000000000000e+03 -1.000000000000000000e+00 -1.000000000000000000e+00 -1.000000000000000000e+00 -1.000000000000000000e+00 -1.000000000000000000e+00 1.286018000000000029e+03 1.191333000000000084e+03 -4.789999999999999813e-01 1.201500000000000012e+00 2.419000000000000039e+00 1.030000000000000027e+00
1.400000000000000000e+01 5.583000000000000000e+03 -1.000000000000000000e+00 -1.000000000000000000e+00 -1.000000000000000000e+00 -1.000000000000000000e+00 -1.000000000000000000e+00 1.286018000000000029e+03 1.191333000000000084e+03 -3.944365100598980489e-01 1.201500000000000012e+00 2.419000000000000039e+00 1.030000000000000027e+00
1.500000000000000000e+01 5.583000000000000000e+03 -1.000000000000000000e+00 -1.000000000000000000e+00 -1.000000000000000000e+00 -1.000000000000000000e+00 -1.000000000000000000e+00 1.286018000000000029e+03 1.191333000000000084e+03 -4.405667192592694348e-01 1.201500000000000012e+00 2.419000000000000039e+00 1.030000000000000027e+00
1.600000000000000000e+01 5.583000000000000000e+03 -1.000000000000000000e+00 -1.000000000000000000e+00 -1.000000000000000000e+00 -1.000000000000000000e+00 -1.000000000000000000e+00 1.286018000000000029e+03 1.191333000000000084e+03 -3.559999999999999831e-01 1.201500000000000012e+00 2.419000000000000039e+00 1.030000000000000027e+00
1.700000000000000000e+01 5.583000000000000000e+03 -1.000000000000000000e+00 -1.000000000000000000e+00 -1.000000000000000000e+00 -1.000000000000000000e+00 -1.000000000000000000e+00 1.286018000000000029e+03 1.191333000000000084e+03 -3.180000000000000049e-01 1.201500000000000012e+00 2.419000000000000039e+00 1.030000000000000027e+00
1.800000000000000000e+01 5.583000000000000000e+03 -1.000000000000000000e+00 -1.000000000000000000e+00 -1.000000000000000000e+00 -1.000000000000000000e+00 -1.000000000000000000e+00 1.286018000000000029e+03 1.191333000000000084e+03 -2.790000000000000258e-01 1.201500000000000012e+00 2.419000000000000039e+00 1.030000000000000027e+00
1.900000000000000000e+01 5.583000000000000000e+03 -1.000000000000000000e+00 -1.000000000000000000e+00 -1.000000000000000000e+00 -1.000000000000000000e+00 -1.000000000000000000e+00 1.286018000000000029e+03 1.191333000000000084e+03 -2.790000000000000258e-01 1.201500000000000012e+00 2.419000000000000039e+00 1.030000000000000027e+00
1.900000000000000000e+01 5.584000000000000000e+03 -1.000000000000000000e+00 -1.000000000000000000e+00 -1.000000000000000000e+00 -1.000000000000000000e+00 -1.000000000000000000e+00 1.274417999999999893e+03 1.203097999999999956e+03 -1.330000000000000071e-01 1.078500000000000014e+00 2.459499999999999797e+00 7.514999999999999458e-01
2.000000000000000000e+01 5.583000000000000000e+03 -1.000000000000000000e+00 -1.000000000000000000e+00 -1.000000000000000000e+00 -1.000000000000000000e+00 -1.000000000000000000e+00 1.286018000000000029e+03 1.191333000000000084e+03 -2.790000000000000258e-01 1.201500000000000012e+00 2.419000000000000039e+00 1.030000000000000027e+00
2.000000000000000000e+01 5.584000000000000000e+03 -1.000000000000000000e+00 -1.000000000000000000e+00 -1.000000000000000000e+00 -1.000000000000000000e+00 -1.000000000000000000e+00 1.279548000000000002e+03 1.205160000000000082e+03 -1.120000000000000023e-01 1.078500000000000014e+00 2.459499999999999797e+00 7.514999999999999458e-01
2.100000000000000000e+01 5.583000000000000000e+03 -1.000000000000000000e+00 -1.000000000000000000e+00 -1.000000000000000000e+00 -1.000000000000000000e+00 -1.000000000000000000e+00 1.286018000000000029e+03 1.191333000000000084e+03 -2.790000000000000258e-01 1.201500000000000012e+00 2.419000000000000039e+00 1.030000000000000027e+00
2.100000000000000000e+01 5.584000000000000000e+03 -1.000000000000000000e+00 -1.000000000000000000e+00 -1.000000000000000000e+00 -1.000000000000000000e+00 -1.000000000000000000e+00 1.284652000000000044e+03 1.207285000000000082e+03 -4.100000000000000172e-02 1.078500000000000014e+00 2.459499999999999797e+00 7.514999999999999458e-01
2.200000000000000000e+01 5.583000000000000000e+03 -1.000000000000000000e+00 -1.000000000000000000e+00 -1.000000000000000000e+00 -1.000000000000000000e+00 -1.000000000000000000e+00 1.286018000000000029e+03 1.191333000000000084e+03 -2.790000000000000258e-01 1.201500000000000012e+00 2.419000000000000039e+00 1.030000000000000027e+00
2.200000000000000000e+01 5.584000000000000000e+03 -1.000000000000000000e+00 -1.000000000000000000e+00 -1.000000000000000000e+00 -1.000000000000000000e+00 -1.000000000000000000e+00 1.290880000000000109e+03 1.209618999999999915e+03 4.399999999999999745e-02 1.078500000000000014e+00 2.459499999999999797e+00 7.514999999999999458e-01
2.300000000000000000e+01 5.583000000000000000e+03 -1.000000000000000000e+00 -1.000000000000000000e+00 -1.000000000000000000e+00 -1.000000000000000000e+00 -1.000000000000000000e+00 1.286018000000000029e+03 1.191333000000000084e+03 -2.859999999999999765e-01 1.201500000000000012e+00 2.419000000000000039e+00 1.030000000000000027e+00
2.300000000000000000e+01 5.584000000000000000e+03 -1.000000000000000000e+00 -1.000000000000000000e+00 -1.000000000000000000e+00 -1.000000000000000000e+00 -1.000000000000000000e+00 1.296135999999999967e+03 1.211375999999999976e+03 1.160000000000000059e-01 1.078500000000000014e+00 2.459499999999999797e+00 7.514999999999999458e-01
2.400000000000000000e+01 5.583000000000000000e+03 -1.000000000000000000e+00 -1.000000000000000000e+00 -1.000000000000000000e+00 -1.000000000000000000e+00 -1.000000000000000000e+00 1.286018000000000029e+03 1.191333000000000084e+03 -2.929999999999999827e-01 1.201500000000000012e+00 2.419000000000000039e+00 1.030000000000000027e+00
2.400000000000000000e+01 5.584000000000000000e+03 -1.000000000000000000e+00 -1.000000000000000000e+00 -1.000000000000000000e+00 -1.000000000000000000e+00 -1.000000000000000000e+00 1.300965999999999894e+03 1.212689000000000078e+03 1.829999999999999960e-01 1.078500000000000014e+00 2.459499999999999797e+00 7.514999999999999458e-01
2.500000000000000000e+01 5.585000000000000000e+03 -1.000000000000000000e+00 -1.000000000000000000e+00 -1.000000000000000000e+00 -1.000000000000000000e+00 -1.000000000000000000e+00 1.301542999999999893e+03 1.261843000000000075e+03 3.358000000000000096e+00 9.575000000000000178e-01 2.009999999999999787e+00 8.545000000000000373e-01
2.500000000000000000e+01 5.583000000000000000e+03 -1.000000000000000000e+00 -1.000000000000000000e+00 -1.000000000000000000e+00 -1.000000000000000000e+00 -1.000000000000000000e+00 1.286018000000000029e+03 1.191333000000000084e+03 -2.999999999999999889e-01 1.201500000000000012e+00 2.419000000000000039e+00 1.030000000000000027e+00
2.500000000000000000e+01 5.584000000000000000e+03 -1.000000000000000000e+00 -1.000000000000000000e+00 -1.000000000000000000e+00 -1.000000000000000000e+00 -1.000000000000000000e+00 1.305786000000000058e+03 1.214034000000000106e+03 2.959999999999999853e-01 1.078500000000000014e+00 2.459499999999999797e+00 7.514999999999999458e-01
2.600000000000000000e+01 5.585000000000000000e+03 -1.000000000000000000e+00 -1.000000000000000000e+00 -1.000000000000000000e+00 -1.000000000000000000e+00 -1.000000000000000000e+00 1.302757000000000062e+03 1.258903999999999996e+03 3.236000000000000210e+00 9.575000000000000178e-01 2.009999999999999787e+00 8.545000000000000373e-01
2.600000000000000000e+01 5.583000000000000000e+03 -1.000000000000000000e+00 -1.000000000000000000e+00 -1.000000000000000000e+00 -1.000000000000000000e+00 -1.000000000000000000e+00 1.286018000000000029e+03 1.191333000000000084e+03 -3.069999999999999951e-01 1.201500000000000012e+00 2.419000000000000039e+00 1.030000000000000027e+00
2.600000000000000000e+01 5.584000000000000000e+03 -1.000000000000000000e+00 -1.000000000000000000e+00 -1.000000000000000000e+00 -1.000000000000000000e+00 -1.000000000000000000e+00 1.310196999999999889e+03 1.215040999999999940e+03 3.579999999999999849e-01 1.078500000000000014e+00 2.459499999999999797e+00 7.514999999999999458e-01
2.700000000000000000e+01 5.585000000000000000e+03 -1.000000000000000000e+00 -1.000000000000000000e+00 -1.000000000000000000e+00 -1.000000000000000000e+00 -1.000000000000000000e+00 1.303862000000000080e+03 1.256223999999999933e+03 3.113999999999999879e+00 9.575000000000000178e-01 2.009999999999999787e+00 8.545000000000000373e-01
2.700000000000000000e+01 5.583000000000000000e+03 -1.000000000000000000e+00 -1.000000000000000000e+00 -1.000000000000000000e+00 -1.000000000000000000e+00 -1.000000000000000000e+00 1.286018000000000029e+03 1.191333000000000084e+03 -3.140000000000000013e-01 1.201500000000000012e+00 2.419000000000000039e+00 1.030000000000000027e+00
2.700000000000000000e+01 5.584000000000000000e+03 -1.000000000000000000e+00 -1.000000000000000000e+00 -1.000000000000000000e+00 -1.000000000000000000e+00 -1.000000000000000000e+00 1.314612000000000080e+03 1.216012999999999920e+03 3.089999999999999969e-01 1.078500000000000014e+00 2.459499999999999797e+00 7.514999999999999458e-01
2.800000000000000000e+01 5.585000000000000000e+03 -1.000000000000000000e+00 -1.000000000000000000e+00 -1.000000000000000000e+00 -1.000000000000000000e+00 -1.000000000000000000e+00 1.304759000000000015e+03 1.254114000000000033e+03 2.891999999999999904e+00 9.575000000000000178e-01 2.009999999999999787e+00 8.545000000000000373e-01
2.800000000000000000e+01 5.583000000000000000e+03 -1.000000000000000000e+00 -1.000000000000000000e+00 -1.000000000000000000e+00 -1.000000000000000000e+00 -1.000000000000000000e+00 1.286018000000000029e+03 1.191333000000000084e+03 -1.809999999999999942e-01 1.201500000000000012e+00 2.419000000000000039e+00 1.030000000000000027e+00
2.800000000000000000e+01 5.584000000000000000e+03 -1.000000000000000000e+00 -1.000000000000000000e+00 -1.000000000000000000e+00 -1.000000000000000000e+00 -1.000000000000000000e+00 1.318799999999999955e+03 1.216856999999999971e+03 3.160000000000000031e-01 1.078500000000000014e+00 2.459499999999999797e+00 7.514999999999999458e-01
2.900000000000000000e+01 5.585000000000000000e+03 -1.000000000000000000e+00 -1.000000000000000000e+00 -1.000000000000000000e+00 -1.000000000000000000e+00 -1.000000000000000000e+00 1.305628999999999905e+03 1.251994999999999891e+03 2.720000000000000195e+00 9.575000000000000178e-01 2.009999999999999787e+00 8.545000000000000373e-01
2.900000000000000000e+01 5.583000000000000000e+03 -1.000000000000000000e+00 -1.000000000000000000e+00 -1.000000000000000000e+00 -1.000000000000000000e+00 -1.000000000000000000e+00 1.286018000000000029e+03 1.191333000000000084e+03 -4.800000000000000100e-02 1.201500000000000012e+00 2.419000000000000039e+00 1.030000000000000027e+00
2.900000000000000000e+01 5.584000000000000000e+03 -1.000000000000000000e+00 -1.000000000000000000e+00 -1.000000000000000000e+00 -1.000000000000000000e+00 -1.000000000000000000e+00 1.322973999999999933e+03 1.217613000000000056e+03 3.760000000000000009e-01 1.078500000000000014e+00 2.459499999999999797e+00 7.514999999999999458e-01
3.000000000000000000e+01 5.585000000000000000e+03 -1.000000000000000000e+00 -1.000000000000000000e+00 -1.000000000000000000e+00 -1.000000000000000000e+00 -1.000000000000000000e+00 1.306442999999999984e+03 1.249939000000000078e+03 2.498000000000000220e+00 9.575000000000000178e-01 2.009999999999999787e+00 8.545000000000000373e-01
3.000000000000000000e+01 5.584000000000000000e+03 -1.000000000000000000e+00 -1.000000000000000000e+00 -1.000000000000000000e+00 -1.000000000000000000e+00 -1.000000000000000000e+00 1.327152000000000044e+03 1.218369999999999891e+03 4.359999999999999987e-01 1.078500000000000014e+00 2.459499999999999797e+00 7.514999999999999458e-01
3.000000000000000000e+01 5.583000000000000000e+03 -1.000000000000000000e+00 -1.000000000000000000e+00 -1.000000000000000000e+00 -1.000000000000000000e+00 -1.000000000000000000e+00 1.286018000000000029e+03 1.191333000000000084e+03 4.615041918881659933e-02 1.201500000000000012e+00 2.419000000000000039e+00 1.030000000000000027e+00
3.100000000000000000e+01 5.585000000000000000e+03 -1.000000000000000000e+00 -1.000000000000000000e+00 -1.000000000000000000e+00 -1.000000000000000000e+00 -1.000000000000000000e+00 1.307036000000000058e+03 1.248489000000000033e+03 2.359999999999999876e+00 9.575000000000000178e-01 2.009999999999999787e+00 8.545000000000000373e-01
3.100000000000000000e+01 5.583000000000000000e+03 -1.000000000000000000e+00 -1.000000000000000000e+00 -1.000000000000000000e+00 -1.000000000000000000e+00 -1.000000000000000000e+00 1.286018000000000029e+03 1.191333000000000084e+03 1.640000000000000069e-01 1.201500000000000012e+00 2.419000000000000039e+00 1.030000000000000027e+00
3.100000000000000000e+01 5.584000000000000000e+03 -1.000000000000000000e+00 -1.000000000000000000e+00 -1.000000000000000000e+00 -1.000000000000000000e+00 -1.000000000000000000e+00 1.330490999999999985e+03 1.218973999999999933e+03 4.839999999999999858e-01 1.078500000000000014e+00 2.459499999999999797e+00 7.514999999999999458e-01
3.200000000000000000e+01 5.585000000000000000e+03 -1.000000000000000000e+00 -1.000000000000000000e+00 -1.000000000000000000e+00 -1.000000000000000000e+00 -1.000000000000000000e+00 1.307875999999999976e+03 1.246531999999999925e+03 2.250999999999999890e+00 9.575000000000000178e-01 2.009999999999999787e+00 8.545000000000000373e-01
3.200000000000000000e+01 5.583000000000000000e+03 -1.000000000000000000e+00 -1.000000000000000000e+00 -1.000000000000000000e+00 -1.000000000000000000e+00 -1.000000000000000000e+00 1.286018000000000029e+03 1.191333000000000084e+03 2.640000000000000124e-01 1.201500000000000012e+00 2.419000000000000039e+00 1.030000000000000027e+00
3.200000000000000000e+01 5.584000000000000000e+03 -1.000000000000000000e+00 -1.000000000000000000e+00 -1.000000000000000000e+00 -1.000000000000000000e+00 -1.000000000000000000e+00 1.334660000000000082e+03 1.219729000000000042e+03 6.720000000000000417e-01 1.078500000000000014e+00 2.459499999999999797e+00 7.514999999999999458e-01
3.300000000000000000e+01 5.585000000000000000e+03 -1.000000000000000000e+00 -1.000000000000000000e+00 -1.000000000000000000e+00 -1.000000000000000000e+00 -1.000000000000000000e+00 1.308664999999999964e+03 1.244550999999999931e+03 2.141000000000000014e+00 9.575000000000000178e-01 2.009999999999999787e+00 8.545000000000000373e-01
3.300000000000000000e+01 5.583000000000000000e+03 -1.000000000000000000e+00 -1.000000000000000000e+00 -1.000000000000000000e+00 -1.000000000000000000e+00 -1.000000000000000000e+00 1.286018000000000029e+03 1.191333000000000084e+03 3.629999999999999893e-01 1.201500000000000012e+00 2.419000000000000039e+00 1.030000000000000027e+00
3.300000000000000000e+01 5.584000000000000000e+03 -1.000000000000000000e+00 -1.000000000000000000e+00 -1.000000000000000000e+00 -1.000000000000000000e+00 -1.000000000000000000e+00 1.338882000000000062e+03 1.220150000000000091e+03 5.550000000000000488e-01 1.078500000000000014e+00 2.459499999999999797e+00 7.514999999999999458e-01
3.400000000000000000e+01 5.585000000000000000e+03 -1.000000000000000000e+00 -1.000000000000000000e+00 -1.000000000000000000e+00 -1.000000000000000000e+00 -1.000000000000000000e+00 1.309557999999999993e+03 1.242611000000000104e+03 2.080999999999999961e+00 9.575000000000000178e-01 2.009999999999999787e+00 8.545000000000000373e-01
3.400000000000000000e+01 5.583000000000000000e+03 -1.000000000000000000e+00 -1.000000000000000000e+00 -1.000000000000000000e+00 -1.000000000000000000e+00 -1.000000000000000000e+00 1.286018000000000029e+03 1.191333000000000084e+03 7.630000000000000115e-01 1.201500000000000012e+00 2.419000000000000039e+00 1.030000000000000027e+00
3.400000000000000000e+01 5.584000000000000000e+03 -1.000000000000000000e+00 -1.000000000000000000e+00 -1.000000000000000000e+00 -1.000000000000000000e+00 -1.000000000000000000e+00 1.343118999999999915e+03 1.220470000000000027e+03 5.150000000000000133e-01 1.078500000000000014e+00 2.459499999999999797e+00 7.514999999999999458e-01
3.500000000000000000e+01 5.585000000000000000e+03 -1.000000000000000000e+00 -1.000000000000000000e+00 -1.000000000000000000e+00 -1.000000000000000000e+00 -1.000000000000000000e+00 1.310480999999999995e+03 1.240384000000000015e+03 1.921999999999999931e+00 9.575000000000000178e-01 2.009999999999999787e+00 8.545000000000000373e-01
3.500000000000000000e+01 5.583000000000000000e+03 -1.000000000000000000e+00 -1.000000000000000000e+00 -1.000000000000000000e+00 -1.000000000000000000e+00 -1.000000000000000000e+00 1.286018000000000029e+03 1.191333000000000084e+03 1.264000000000000012e+00 1.201500000000000012e+00 2.419000000000000039e+00 1.030000000000000027e+00
3.500000000000000000e+01 5.584000000000000000e+03 -1.000000000000000000e+00 -1.000000000000000000e+00 -1.000000000000000000e+00 -1.000000000000000000e+00 -1.000000000000000000e+00 1.347373000000000047e+03 1.220554000000000087e+03 5.250000000000000222e-01 1.078500000000000014e+00 2.459499999999999797e+00 7.514999999999999458e-01
3.600000000000000000e+01 5.585000000000000000e+03 -1.000000000000000000e+00 -1.000000000000000000e+00 -1.000000000000000000e+00 -1.000000000000000000e+00 -1.000000000000000000e+00 1.311106999999999971e+03 1.238508000000000038e+03 1.745999999999999996e+00 9.575000000000000178e-01 2.009999999999999787e+00 8.545000000000000373e-01
3.600000000000000000e+01 5.583000000000000000e+03 -1.000000000000000000e+00 -1.000000000000000000e+00 -1.000000000000000000e+00 -1.000000000000000000e+00 -1.000000000000000000e+00 1.286018000000000029e+03 1.191333000000000084e+03 1.562999999999999945e+00 1.201500000000000012e+00 2.419000000000000039e+00 1.030000000000000027e+00
3.600000000000000000e+01 5.584000000000000000e+03 -1.000000000000000000e+00 -1.000000000000000000e+00 -1.000000000000000000e+00 -1.000000000000000000e+00 -1.000000000000000000e+00 1.352218000000000075e+03 1.220873000000000047e+03 4.849999999999999867e-01 1.078500000000000014e+00 2.459499999999999797e+00 7.514999999999999458e-01
3.700000000000000000e+01 5.585000000000000000e+03 -1.000000000000000000e+00 -1.000000000000000000e+00 -1.000000000000000000e+00 -1.000000000000000000e+00 -1.000000000000000000e+00 1.312174999999999955e+03 1.235920000000000073e+03 1.552999999999999936e+00 9.575000000000000178e-01 2.009999999999999787e+00 8.545000000000000373e-01
3.700000000000000000e+01 5.584000000000000000e+03 -1.000000000000000000e+00 -1.000000000000000000e+00 -1.000000000000000000e+00 -1.000000000000000000e+00 -1.000000000000000000e+00 1.357071999999999889e+03 1.220989000000000033e+03 4.460000000000000075e-01 1.078500000000000014e+00 2.459499999999999797e+00 7.514999999999999458e-01
3.700000000000000000e+01 5.583000000000000000e+03 -1.000000000000000000e+00 -1.000000000000000000e+00 -1.000000000000000000e+00 -1.000000000000000000e+00 -1.000000000000000000e+00 1.286018000000000029e+03 1.191333000000000084e+03 1.662946515670908454e+00 1.201500000000000012e+00 2.419000000000000039e+00 1.030000000000000027e+00
3.800000000000000000e+01 5.585000000000000000e+03 -1.000000000000000000e+00 -1.000000000000000000e+00 -1.000000000000000000e+00 -1.000000000000000000e+00 -1.000000000000000000e+00 1.313060999999999922e+03 1.233263999999999896e+03 1.243000000000000105e+00 9.575000000000000178e-01 2.009999999999999787e+00 8.545000000000000373e-01
3.800000000000000000e+01 5.583000000000000000e+03 -1.000000000000000000e+00 -1.000000000000000000e+00 -1.000000000000000000e+00 -1.000000000000000000e+00 -1.000000000000000000e+00 1.286018000000000029e+03 1.191333000000000084e+03 1.762999999999999901e+00 1.201500000000000012e+00 2.419000000000000039e+00 1.030000000000000027e+00
3.800000000000000000e+01 5.584000000000000000e+03 -1.000000000000000000e+00 -1.000000000000000000e+00 -1.000000000000000000e+00 -1.000000000000000000e+00 -1.000000000000000000e+00 1.362548999999999978e+03 1.220621000000000095e+03 4.560000000000000164e-01 1.078500000000000014e+00 2.459499999999999797e+00 7.514999999999999458e-01
3.900000000000000000e+01 5.585000000000000000e+03 -1.000000000000000000e+00 -1.000000000000000000e+00 -1.000000000000000000e+00 -1.000000000000000000e+00 -1.000000000000000000e+00 1.313913000000000011e+03 1.230929000000000087e+03 1.030999999999999917e+00 9.575000000000000178e-01 2.009999999999999787e+00 8.545000000000000373e-01
3.900000000000000000e+01 5.583000000000000000e+03 -1.000000000000000000e+00 -1.000000000000000000e+00 -1.000000000000000000e+00 -1.000000000000000000e+00 -1.000000000000000000e+00 1.286018000000000029e+03 1.191333000000000084e+03 1.762999999999999901e+00 1.201500000000000012e+00 2.419000000000000039e+00 1.030000000000000027e+00
3.900000000000000000e+01 5.584000000000000000e+03 -1.000000000000000000e+00 -1.000000000000000000e+00 -1.000000000000000000e+00 -1.000000000000000000e+00 -1.000000000000000000e+00 1.367455999999999904e+03 1.220359999999999900e+03 7.159999999999999698e-01 1.078500000000000014e+00 2.459499999999999797e+00 7.514999999999999458e-01
4.000000000000000000e+01 5.585000000000000000e+03 -1.000000000000000000e+00 -1.000000000000000000e+00 -1.000000000000000000e+00 -1.000000000000000000e+00 -1.000000000000000000e+00 1.314564000000000078e+03 1.229115999999999985e+03 1.020999999999999908e+00 9.575000000000000178e-01 2.009999999999999787e+00 8.545000000000000373e-01
4.000000000000000000e+01 5.583000000000000000e+03 -1.000000000000000000e+00 -1.000000000000000000e+00 -1.000000000000000000e+00 -1.000000000000000000e+00 -1.000000000000000000e+00 1.286018000000000029e+03 1.191333000000000084e+03 1.762999999999999901e+00 1.201500000000000012e+00 2.419000000000000039e+00 1.030000000000000027e+00
4.000000000000000000e+01 5.584000000000000000e+03 -1.000000000000000000e+00 -1.000000000000000000e+00 -1.000000000000000000e+00 -1.000000000000000000e+00 -1.000000000000000000e+00 1.371378999999999905e+03 1.220049999999999955e+03 8.239999999999999547e-01 1.078500000000000014e+00 2.459499999999999797e+00 7.514999999999999458e-01
4.100000000000000000e+01 5.585000000000000000e+03 -1.000000000000000000e+00 -1.000000000000000000e+00 -1.000000000000000000e+00 -1.000000000000000000e+00 -1.000000000000000000e+00 1.315349999999999909e+03 1.227192000000000007e+03 1.020999999999999908e+00 9.575000000000000178e-01 2.009999999999999787e+00 8.545000000000000373e-01
4.100000000000000000e+01 5.584000000000000000e+03 -1.000000000000000000e+00 -1.000000000000000000e+00 -1.000000000000000000e+00 -1.000000000000000000e+00 -1.000000000000000000e+00 1.376861000000000104e+03 1.219180000000000064e+03 1.010000000000000009e+00 1.078500000000000014e+00 2.459499999999999797e+00 7.514999999999999458e-01
