1.000000000000000000e+00 4.211000000000000000e+03 -1.000000000000000000e+00 -1.000000000000000000e+00 -1.000000000000000000e+00 -1.000000000000000000e+00 -1.000000000000000000e+00 1.284556000000000040e+03 8.705289999999999964e+02 1.108000000000000096e+00 9.809999999999999831e-01 2.411500000000000199e+00 9.304999999999999938e-01
1.000000000000000000e+00 4.217000000000000000e+03 -1.000000000000000000e+00 -1.000000000000000000e+00 -1.000000000000000000e+00 -1.000000000000000000e+00 -1.000000000000000000e+00 1.287892000000000053e+03 9.134560000000000173e+02 1.987000000000000099e+00 1.492499999999999938e+00 5.199499999999999567e+00 1.728499999999999925e+00
1.000000000000000000e+00 4.221000000000000000e+03 -1.000000000000000000e+00 -1.000000000000000000e+00 -1.000000000000000000e+00 -1.000000000000000000e+00 -1.000000000000000000e+00 1.309715999999999894e+03 8.799410000000000309e+02 1.084999999999999964e+00 1.112000000000000099e+00 2.559000000000000163e+00 1.028499999999999970e+00
2.000000000000000000e+00 4.211000000000000000e+03 -1.000000000000000000e+00 -1.000000000000000000e+00 -1.000000000000000000e+00 -1.000000000000000000e+00 -1.000000000000000000e+00 1.284553000000000111e+03 8.705280000000000200e+02 1.195000000000000062e+00 9.809999999999999831e-01 2.411500000000000199e+00 9.304999999999999938e-01
2.000000000000000000e+00 4.217000000000000000e+03 -1.000000000000000000e+00 -1.000000000000000000e+00 -1.000000000000000000e+00 -1.000000000000000000e+00 -1.000000000000000000e+00 1.291310999999999922e+03 9.105099999999999909e+02 1.941999999999999948e+00 1.492499999999999938e+00 5.199499999999999567e+00 1.728499999999999925e+00
2.000000000000000000e+00 4.221000000000000000e+03 -1.000000000000000000e+00 -1.000000000000000000e+00 -1.000000000000000000e+00 -1.000000000000000000e+00 -1.000000000000000000e+00 1.309715999999999894e+03 8.799410000000000309e+02 1.078000000000000069e+00 1.112000000000000099e+00 2.559000000000000163e+00 1.028499999999999970e+00
3.000000000000000000e+00 4.211000000000000000e+03 -1.000000000000000000e+00 -1.000000000000000000e+00 -1.000000000000000000e+00 -1.000000000000000000e+00 -1.000000000000000000e+00 1.284548999999999978e+03 8.705270000000000437e+02 1.282000000000000028e+00 9.809999999999999831e-01 2.411500000000000199e+00 9.304999999999999938e-01
3.000000000000000000e+00 4.217000000000000000e+03 -1.000000000000000000e+00 -1.000000000000000000e+00 -1.000000000000000000e+00 -1.000000000000000000e+00 -1.000000000000000000e+00 1.294673999999999978e+03 9.075030000000000427e+02 1.897999999999999909e+00 1.492499999999999938e+00 5.199499999999999567e+00 1.728499999999999925e+00
3.000000000000000000e+00 4.221000000000000000e+03 -1.000000000000000000e+00 -1.000000000000000000e+00 -1.000000000000000000e+00 -1.000000000000000000e+00 -1.000000000000000000e+00 1.309715999999999894e+03 8.799410000000000309e+02 1.070999999999999952e+00 1.112000000000000099e+00 2.559000000000000163e+00 1.028499999999999970e+00
4.000000000000000000e+00 4.211000000000000000e+03 -1.000000000000000000e+00 -1.000000000000000000e+00 -1.000000000000000000e+00 -1.000000000000000000e+00 -1.000000000000000000e+00 1.284545000000000073e+03 8.705259999999999536e+02 1.370000000000000107e+00 9.809999999999999831e-01 2.411500000000000199e+00 9.304999999999999938e-01
4.000000000000000000e+00 4.217000000000000000e+03 -1.000000000000000000e+00 -1.000000000000000000e+00 -1.000000000000000000e+00 -1.000000000000000000e+00 -1.000000000000000000e+00 1.298013999999999896e+03 9.044619999999999891e+02 1.854000000000000092e+00 1.492499999999999938e+00 5.199499999999999567e+00 1.728499999999999925e+00
4.000000000000000000e+00 4.221000000000000000e+03 -1.000000000000000000e+00 -1.000000000000000000e+00 -1.000000000000000000e+00 -1.000000000000000000e+00 -1.000000000000000000e+00 1.309715999999999894e+03 8.799410000000000309e+02 1.064000000000000057e+00 1.112000000000000099e+00 2.559000000000000163e+00 1.028499999999999970e+00
5.000000000000000000e+00 4.211000000000000000e+03 -1.000000000000000000e+00 -1.000000000000000000e+00 -1.000000000000000000e+00 -1.000000000000000000e+00 -1.000000000000000000e+00 1.284540999999999940e+03 8.705259999999999536e+02 1.457000000000000073e+00 9.809999999999999831e-01 2.411500000000000199e+00 9.304999999999999938e-01
5.000000000000000000e+00 4.217000000000000000e+03 -1.000000000000000000e+00 -1.000000000000000000e+00 -1.000000000000000000e+00 -1.000000000000000000e+00 -1.000000000000000000e+00 1.301337999999999965e+03 9.014099999999999682e+02 1.808999999999999941e+00 1.492499999999999938e+00 5.199499999999999567e+00 1.728499999999999925e+00
5.000000000000000000e+00 4.221000000000000000e+03 -1.000000000000000000e+00 -1.000000000000000000e+00 -1.000000000000000000e+00 -1.000000000000000000e+00 -1.000000000000000000e+00 1.309715999999999894e+03 8.799410000000000309e+02 1.056999999999999940e+00 1.112000000000000099e+00 2.559000000000000163e+00 1.028499999999999970e+00
6.000000000000000000e+00 4.211000000000000000e+03 -1.000000000000000000e+00 -1.000000000000000000e+00 -1.000000000000000000e+00 -1.000000000000000000e+00 -1.000000000000000000e+00 1.284538000000000011e+03 8.705249999999999773e+02 1.526999999999999913e+00 9.809999999999999831e-01 2.411500000000000199e+00 9.304999999999999938e-01
6.000000000000000000e+00 4.217000000000000000e+03 -1.000000000000000000e+00 -1.000000000000000000e+00 -1.000000000000000000e+00 -1.000000000000000000e+00 -1.000000000000000000e+00 1.304000000000000000e+03 8.989660000000000082e+02 1.774000000000000021e+00 1.492499999999999938e+00 5.199499999999999567e+00 1.728499999999999925e+00
6.000000000000000000e+00 4.221000000000000000e+03 -1.000000000000000000e+00 -1.000000000000000000e+00 -1.000000000000000000e+00 -1.000000000000000000e+00 -1.000000000000000000e+00 1.309715999999999894e+03 8.799410000000000309e+02 1.052000000000000046e+00 1.112000000000000099e+00 2.559000000000000163e+00 1.028499999999999970e+00
7.000000000000000000e+00 4.211000000000000000e+03 -1.000000000000000000e+00 -1.000000000000000000e+00 -1.000000000000000000e+00 -1.000000000000000000e+00 -1.000000000000000000e+00 1.284541999999999916e+03 8.705259999999999536e+02 1.522999999999999909e+00 9.809999999999999831e-01 2.411500000000000199e+00 9.304999999999999938e-01
7.000000000000000000e+00 4.217000000000000000e+03 -1.000000000000000000e+00 -1.000000000000000000e+00 -1.000000000000000000e+00 -1.000000000000000000e+00 -1.000000000000000000e+00 1.307182000000000016e+03 8.957630000000000337e+02 1.729999999999999982e+00 1.492499999999999938e+00 5.199499999999999567e+00 1.728499999999999925e+00
7.000000000000000000e+00 4.221000000000000000e+03 -1.000000000000000000e+00 -1.000000000000000000e+00 -1.000000000000000000e+00 -1.000000000000000000e+00 -1.000000000000000000e+00 1.309715999999999894e+03 8.799410000000000309e+02 1.052000000000000046e+00 1.112000000000000099e+00 2.559000000000000163e+00 1.028499999999999970e+00
8.000000000000000000e+00 4.211000000000000000e+03 -1.000000000000000000e+00 -1.000000000000000000e+00 -1.000000000000000000e+00 -1.000000000000000000e+00 -1.000000000000000000e+00 1.284546000000000049e+03 8.705270000000000437e+02 1.518999999999999906e+00 9.809999999999999831e-01 2.411500000000000199e+00 9.304999999999999938e-01
8.000000000000000000e+00 4.217000000000000000e+03 -1.000000000000000000e+00 -1.000000000000000000e+00 -1.000000000000000000e+00 -1.000000000000000000e+00 -1.000000000000000000e+00 1.310358999999999924e+03 8.925629999999999882e+02 1.685000000000000053e+00 1.492499999999999938e+00 5.199499999999999567e+00 1.728499999999999925e+00
8.000000000000000000e+00 4.221000000000000000e+03 -1.000000000000000000e+00 -1.000000000000000000e+00 -1.000000000000000000e+00 -1.000000000000000000e+00 -1.000000000000000000e+00 1.309715999999999894e+03 8.799410000000000309e+02 1.052000000000000046e+00 1.112000000000000099e+00 2.559000000000000163e+00 1.028499999999999970e+00
9.000000000000000000e+00 4.211000000000000000e+03 -1.000000000000000000e+00 -1.000000000000000000e+00 -1.000000000000000000e+00 -1.000000000000000000e+00 -1.000000000000000000e+00 1.284548999999999978e+03 8.705270000000000437e+02 1.514999999999999902e+00 9.809999999999999831e-01 2.411500000000000199e+00 9.304999999999999938e-01
9.000000000000000000e+00 4.217000000000000000e+03 -1.000000000000000000e+00 -1.000000000000000000e+00 -1.000000000000000000e+00 -1.000000000000000000e+00 -1.000000000000000000e+00 1.313534000000000106e+03 8.893669999999999618e+02 1.641000000000000014e+00 1.492499999999999938e+00 5.199499999999999567e+00 1.728499999999999925e+00
9.000000000000000000e+00 4.221000000000000000e+03 -1.000000000000000000e+00 -1.000000000000000000e+00 -1.000000000000000000e+00 -1.000000000000000000e+00 -1.000000000000000000e+00 1.309715999999999894e+03 8.799410000000000309e+02 1.052000000000000046e+00 1.112000000000000099e+00 2.559000000000000163e+00 1.028499999999999970e+00
1.000000000000000000e+01 4.211000000000000000e+03 -1.000000000000000000e+00 -1.000000000000000000e+00 -1.000000000000000000e+00 -1.000000000000000000e+00 -1.000000000000000000e+00 1.284553000000000111e+03 8.705280000000000200e+02 1.512000000000000011e+00 9.809999999999999831e-01 2.411500000000000199e+00 9.304999999999999938e-01
1.000000000000000000e+01 4.217000000000000000e+03 -1.000000000000000000e+00 -1.000000000000000000e+00 -1.000000000000000000e+00 -1.000000000000000000e+00 -1.000000000000000000e+00 1.316711999999999989e+03 8.861670000000000300e+02 1.596999999999999975e+00 1.492499999999999938e+00 5.199499999999999567e+00 1.728499999999999925e+00
1.000000000000000000e+01 4.221000000000000000e+03 -1.000000000000000000e+00 -1.000000000000000000e+00 -1.000000000000000000e+00 -1.000000000000000000e+00 -1.000000000000000000e+00 1.309715999999999894e+03 8.799410000000000309e+02 1.052000000000000046e+00 1.112000000000000099e+00 2.559000000000000163e+00 1.028499999999999970e+00
1.100000000000000000e+01 4.211000000000000000e+03 -1.000000000000000000e+00 -1.000000000000000000e+00 -1.000000000000000000e+00 -1.000000000000000000e+00 -1.000000000000000000e+00 1.284556000000000040e+03 8.705289999999999964e+02 1.508000000000000007e+00 9.809999999999999831e-01 2.411500000000000199e+00 9.304999999999999938e-01
1.100000000000000000e+01 4.217000000000000000e+03 -1.000000000000000000e+00 -1.000000000000000000e+00 -1.000000000000000000e+00 -1.000000000000000000e+00 -1.000000000000000000e+00 1.319816000000000031e+03 8.831449999999999818e+02 1.560999999999999943e+00 1.492499999999999938e+00 5.199499999999999567e+00 1.728499999999999925e+00
1.100000000000000000e+01 4.221000000000000000e+03 -1.000000000000000000e+00 -1.000000000000000000e+00 -1.000000000000000000e+00 -1.000000000000000000e+00 -1.000000000000000000e+00 1.309715999999999894e+03 8.799410000000000309e+02 1.052000000000000046e+00 1.112000000000000099e+00 2.559000000000000163e+00 1.028499999999999970e+00
1.200000000000000000e+01 4.211000000000000000e+03 -1.000000000000000000e+00 -1.000000000000000000e+00 -1.000000000000000000e+00 -1.000000000000000000e+00 -1.000000000000000000e+00 1.284556000000000040e+03 8.705289999999999964e+02 1.508000000000000007e+00 9.809999999999999831e-01 2.411500000000000199e+00 9.304999999999999938e-01
1.200000000000000000e+01 4.217000000000000000e+03 -1.000000000000000000e+00 -1.000000000000000000e+00 -1.000000000000000000e+00 -1.000000000000000000e+00 -1.000000000000000000e+00 1.322611000000000104e+03 8.804239999999999782e+02 1.528999999999999915e+00 1.492499999999999938e+00 5.199499999999999567e+00 1.728499999999999925e+00
1.200000000000000000e+01 4.221000000000000000e+03 -1.000000000000000000e+00 -1.000000000000000000e+00 -1.000000000000000000e+00 -1.000000000000000000e+00 -1.000000000000000000e+00 1.309715999999999894e+03 8.799410000000000309e+02 1.052000000000000046e+00 1.112000000000000099e+00 2.559000000000000163e+00 1.028499999999999970e+00
1.300000000000000000e+01 4.211000000000000000e+03 -1.000000000000000000e+00 -1.000000000000000000e+00 -1.000000000000000000e+00 -1.000000000000000000e+00 -1.000000000000000000e+00 1.284556000000000040e+03 8.705289999999999964e+02 1.508000000000000007e+00 9.809999999999999831e-01 2.411500000000000199e+00 9.304999999999999938e-01
1.300000000000000000e+01 4.217000000000000000e+03 -1.000000000000000000e+00 -1.000000000000000000e+00 -1.000000000000000000e+00 -1.000000000000000000e+00 -1.000000000000000000e+00 1.325321999999999889e+03 8.778020000000000209e+02 1.592000000000000082e+00 1.492499999999999938e+00 5.199499999999999567e+00 1.728499999999999925e+00
1.300000000000000000e+01 4.221000000000000000e+03 -1.000000000000000000e+00 -1.000000000000000000e+00 -1.000000000000000000e+00 -1.000000000000000000e+00 -1.000000000000000000e+00 1.309715999999999894e+03 8.799410000000000309e+02 1.052000000000000046e+00 1.112000000000000099e+00 2.559000000000000163e+00 1.028499999999999970e+00
1.400000000000000000e+01 4.211000000000000000e+03 -1.000000000000000000e+00 -1.000000000000000000e+00 -1.000000000000000000e+00 -1.000000000000000000e+00 -1.000000000000000000e+00 1.284556000000000040e+03 8.705289999999999964e+02 1.508000000000000007e+00 9.809999999999999831e-01 2.411500000000000199e+00 9.304999999999999938e-01
1.400000000000000000e+01 4.217000000000000000e+03 -1.000000000000000000e+00 -1.000000000000000000e+00 -1.000000000000000000e+00 -1.000000000000000000e+00 -1.000000000000000000e+00 1.328034000000000106e+03 8.751799999999999500e+02 1.655000000000000027e+00 1.492499999999999938e+00 5.199499999999999567e+00 1.728499999999999925e+00
1.400000000000000000e+01 4.221000000000000000e+03 -1.000000000000000000e+00 -1.000000000000000000e+00 -1.000000000000000000e+00 -1.000000000000000000e+00 -1.000000000000000000e+00 1.309715999999999894e+03 8.799410000000000309e+02 1.052000000000000046e+00 1.112000000000000099e+00 2.559000000000000163e+00 1.028499999999999970e+00
1.500000000000000000e+01 4.211000000000000000e+03 -1.000000000000000000e+00 -1.000000000000000000e+00 -1.000000000000000000e+00 -1.000000000000000000e+00 -1.000000000000000000e+00 1.284556000000000040e+03 8.705289999999999964e+02 1.508000000000000007e+00 9.809999999999999831e-01 2.411500000000000199e+00 9.304999999999999938e-01
1.500000000000000000e+01 4.217000000000000000e+03 -1.000000000000000000e+00 -1.000000000000000000e+00 -1.000000000000000000e+00 -1.000000000000000000e+00 -1.000000000000000000e+00 1.330320999999999913e+03 8.731630000000000109e+02 1.618000000000000105e+00 1.492499999999999938e+00 5.199499999999999567e+00 1.728499999999999925e+00
1.500000000000000000e+01 4.221000000000000000e+03 -1.000000000000000000e+00 -1.000000000000000000e+00 -1.000000000000000000e+00 -1.000000000000000000e+00 -1.000000000000000000e+00 1.309715999999999894e+03 8.799410000000000309e+02 1.052000000000000046e+00 1.112000000000000099e+00 2.559000000000000163e+00 1.028499999999999970e+00
1.600000000000000000e+01 4.211000000000000000e+03 -1.000000000000000000e+00 -1.000000000000000000e+00 -1.000000000000000000e+00 -1.000000000000000000e+00 -1.000000000000000000e+00 1.284556000000000040e+03 8.705289999999999964e+02 1.508000000000000007e+00 9.809999999999999831e-01 2.411500000000000199e+00 9.304999999999999938e-01
1.600000000000000000e+01 4.217000000000000000e+03 -1.000000000000000000e+00 -1.000000000000000000e+00 -1.000000000000000000e+00 -1.000000000000000000e+00 -1.000000000000000000e+00 1.332607999999999947e+03 8.711459999999999582e+02 1.580999999999999961e+00 1.492499999999999938e+00 5.199499999999999567e+00 1.728499999999999925e+00
1.600000000000000000e+01 4.221000000000000000e+03 -1.000000000000000000e+00 -1.000000000000000000e+00 -1.000000000000000000e+00 -1.000000000000000000e+00 -1.000000000000000000e+00 1.309715999999999894e+03 8.799410000000000309e+02 1.052000000000000046e+00 1.112000000000000099e+00 2.559000000000000163e+00 1.028499999999999970e+00
1.700000000000000000e+01 4.211000000000000000e+03 -1.000000000000000000e+00 -1.000000000000000000e+00 -1.000000000000000000e+00 -1.000000000000000000e+00 -1.000000000000000000e+00 1.284556000000000040e+03 8.705289999999999964e+02 1.508000000000000007e+00 9.809999999999999831e-01 2.411500000000000199e+00 9.304999999999999938e-01
1.700000000000000000e+01 4.217000000000000000e+03 -1.000000000000000000e+00 -1.000000000000000000e+00 -1.000000000000000000e+00 -1.000000000000000000e+00 -1.000000000000000000e+00 1.334573000000000093e+03 8.693569999999999709e+02 1.550000000000000044e+00 1.492499999999999938e+00 5.199499999999999567e+00 1.728499999999999925e+00
1.700000000000000000e+01 4.221000000000000000e+03 -1.000000000000000000e+00 -1.000000000000000000e+00 -1.000000000000000000e+00 -1.000000000000000000e+00 -1.000000000000000000e+00 1.309715999999999894e+03 8.799410000000000309e+02 1.052000000000000046e+00 1.112000000000000099e+00 2.559000000000000163e+00 1.028499999999999970e+00
1.800000000000000000e+01 4.211000000000000000e+03 -1.000000000000000000e+00 -1.000000000000000000e+00 -1.000000000000000000e+00 -1.000000000000000000e+00 -1.000000000000000000e+00 1.284556000000000040e+03 8.705289999999999964e+02 1.508000000000000007e+00 9.809999999999999831e-01 2.411500000000000199e+00 9.304999999999999938e-01
1.800000000000000000e+01 4.217000000000000000e+03 -1.000000000000000000e+00 -1.000000000000000000e+00 -1.000000000000000000e+00 -1.000000000000000000e+00 -1.000000000000000000e+00 1.336028000000000020e+03 8.679650000000000318e+02 1.590999999999999970e+00 1.492499999999999938e+00 5.199499999999999567e+00 1.728499999999999925e+00
1.800000000000000000e+01 4.221000000000000000e+03 -1.000000000000000000e+00 -1.000000000000000000e+00 -1.000000000000000000e+00 -1.000000000000000000e+00 -1.000000000000000000e+00 1.309715999999999894e+03 8.799410000000000309e+02 1.052000000000000046e+00 1.112000000000000099e+00 2.559000000000000163e+00 1.028499999999999970e+00
1.900000000000000000e+01 4.211000000000000000e+03 -1.000000000000000000e+00 -1.000000000000000000e+00 -1.000000000000000000e+00 -1.000000000000000000e+00 -1.000000000000000000e+00 1.284556000000000040e+03 8.705289999999999964e+02 1.508000000000000007e+00 9.809999999999999831e-01 2.411500000000000199e+00 9.304999999999999938e-01
1.900000000000000000e+01 4.217000000000000000e+03 -1.000000000000000000e+00 -1.000000000000000000e+00 -1.000000000000000000e+00 -1.000000000000000000e+00 -1.000000000000000000e+00 1.338208000000000084e+03 8.657219999999999800e+02 1.631999999999999895e+00 1.492499999999999938e+00 5.199499999999999567e+00 1.728499999999999925e+00
1.900000000000000000e+01 4.221000000000000000e+03 -1.000000000000000000e+00 -1.000000000000000000e+00 -1.000000000000000000e+00 -1.000000000000000000e+00 -1.000000000000000000e+00 1.309715999999999894e+03 8.799410000000000309e+02 1.052000000000000046e+00 1.112000000000000099e+00 2.559000000000000163e+00 1.028499999999999970e+00
2.000000000000000000e+01 4.211000000000000000e+03 -1.000000000000000000e+00 -1.000000000000000000e+00 -1.000000000000000000e+00 -1.000000000000000000e+00 -1.000000000000000000e+00 1.284556000000000040e+03 8.705289999999999964e+02 1.508000000000000007e+00 9.809999999999999831e-01 2.411500000000000199e+00 9.304999999999999938e-01
2.000000000000000000e+01 4.221000000000000000e+03 -1.000000000000000000e+00 -1.000000000000000000e+00 -1.000000000000000000e+00 -1.000000000000000000e+00 -1.000000000000000000e+00 1.309715999999999894e+03 8.799410000000000309e+02 1.052000000000000046e+00 1.112000000000000099e+00 2.559000000000000163e+00 1.028499999999999970e+00
2.100000000000000000e+01 4.211000000000000000e+03 -1.000000000000000000e+00 -1.000000000000000000e+00 -1.000000000000000000e+00 -1.000000000000000000e+00 -1.000000000000000000e+00 1.284556000000000040e+03 8.705289999999999964e+02 1.508000000000000007e+00 9.809999999999999831e-01 2.411500000000000199e+00 9.304999999999999938e-01
2.100000000000000000e+01 4.221000000000000000e+03 -1.000000000000000000e+00 -1.000000000000000000e+00 -1.000000000000000000e+00 -1.000000000000000000e+00 -1.000000000000000000e+00 1.309715999999999894e+03 8.799410000000000309e+02 1.052000000000000046e+00 1.112000000000000099e+00 2.559000000000000163e+00 1.028499999999999970e+00
2.200000000000000000e+01 4.211000000000000000e+03 -1.000000000000000000e+00 -1.000000000000000000e+00 -1.000000000000000000e+00 -1.000000000000000000e+00 -1.000000000000000000e+00 1.284556000000000040e+03 8.705289999999999964e+02 1.508000000000000007e+00 9.809999999999999831e-01 2.411500000000000199e+00 9.304999999999999938e-01
2.200000000000000000e+01 4.221000000000000000e+03 -1.000000000000000000e+00 -1.000000000000000000e+00 -1.000000000000000000e+00 -1.000000000000000000e+00 -1.000000000000000000e+00 1.309715999999999894e+03 8.799410000000000309e+02 1.052000000000000046e+00 1.112000000000000099e+00 2.559000000000000163e+00 1.028499999999999970e+00
2.300000000000000000e+01 4.211000000000000000e+03 -1.000000000000000000e+00 -1.000000000000000000e+00 -1.000000000000000000e+00 -1.000000000000000000e+00 -1.000000000000000000e+00 1.284556000000000040e+03 8.705289999999999964e+02 1.508000000000000007e+00 9.809999999999999831e-01 2.411500000000000199e+00 9.304999999999999938e-01
2.300000000000000000e+01 4.221000000000000000e+03 -1.000000000000000000e+00 -1.000000000000000000e+00 -1.000000000000000000e+00 -1.000000000000000000e+00 -1.000000000000000000e+00 1.309715999999999894e+03 8.799410000000000309e+02 1.052000000000000046e+00 1.112000000000000099e+00 2.559000000000000163e+00 1.028499999999999970e+00
2.400000000000000000e+01 4.211000000000000000e+03 -1.000000000000000000e+00 -1.000000000000000000e+00 -1.000000000000000000e+00 -1.000000000000000000e+00 -1.000000000000000000e+00 1.284556000000000040e+03 8.705289999999999964e+02 1.508000000000000007e+00 9.809999999999999831e-01 2.411500000000000199e+00 9.304999999999999938e-01
2.400000000000000000e+01 4.221000000000000000e+03 -1.000000000000000000e+00 -1.000000000000000000e+00 -1.000000000000000000e+00 -1.000000000000000000e+00 -1.000000000000000000e+00 1.309715999999999894e+03 8.799410000000000309e+02 1.052000000000000046e+00 1.112000000000000099e+00 2.559000000000000163e+00 1.028499999999999970e+00
2.500000000000000000e+01 4.211000000000000000e+03 -1.000000000000000000e+00 -1.000000000000000000e+00 -1.000000000000000000e+00 -1.000000000000000000e+00 -1.000000000000000000e+00 1.284556000000000040e+03 8.705289999999999964e+02 1.508000000000000007e+00 9.809999999999999831e-01 2.411500000000000199e+00 9.304999999999999938e-01
2.500000000000000000e+01 4.221000000000000000e+03 -1.000000000000000000e+00 -1.000000000000000000e+00 -1.000000000000000000e+00 -1.000000000000000000e+00 -1.000000000000000000e+00 1.309715999999999894e+03 8.799410000000000309e+02 1.052000000000000046e+00 1.112000000000000099e+00 2.559000000000000163e+00 1.028499999999999970e+00
2.600000000000000000e+01 4.211000000000000000e+03 -1.000000000000000000e+00 -1.000000000000000000e+00 -1.000000000000000000e+00 -1.000000000000000000e+00 -1.000000000000000000e+00 1.284556000000000040e+03 8.705289999999999964e+02 1.508000000000000007e+00 9.809999999999999831e-01 2.411500000000000199e+00 9.304999999999999938e-01
2.600000000000000000e+01 4.221000000000000000e+03 -1.000000000000000000e+00 -1.000000000000000000e+00 -1.000000000000000000e+00 -1.000000000000000000e+00 -1.000000000000000000e+00 1.309715999999999894e+03 8.799410000000000309e+02 1.052000000000000046e+00 1.112000000000000099e+00 2.559000000000000163e+00 1.028499999999999970e+00
2.700000000000000000e+01 4.211000000000000000e+03 -1.000000000000000000e+00 -1.000000000000000000e+00 -1.000000000000000000e+00 -1.000000000000000000e+00 -1.000000000000000000e+00 1.284556000000000040e+03 8.705289999999999964e+02 1.497999999999999998e+00 9.809999999999999831e-01 2.411500000000000199e+00 9.304999999999999938e-01
2.700000000000000000e+01 4.221000000000000000e+03 -1.000000000000000000e+00 -1.000000000000000000e+00 -1.000000000000000000e+00 -1.000000000000000000e+00 -1.000000000000000000e+00 1.309715999999999894e+03 8.799410000000000309e+02 1.052000000000000046e+00 1.112000000000000099e+00 2.559000000000000163e+00 1.028499999999999970e+00
2.800000000000000000e+01 4.211000000000000000e+03 -1.000000000000000000e+00 -1.000000000000000000e+00 -1.000000000000000000e+00 -1.000000000000000000e+00 -1.000000000000000000e+00 1.284556000000000040e+03 8.705289999999999964e+02 1.487999999999999989e+00 9.809999999999999831e-01 2.411500000000000199e+00 9.304999999999999938e-01
2.800000000000000000e+01 4.221000000000000000e+03 -1.000000000000000000e+00 -1.000000000000000000e+00 -1.000000000000000000e+00 -1.000000000000000000e+00 -1.000000000000000000e+00 1.309715999999999894e+03 8.799410000000000309e+02 1.052000000000000046e+00 1.112000000000000099e+00 2.559000000000000163e+00 1.028499999999999970e+00
2.900000000000000000e+01 4.211000000000000000e+03 -1.000000000000000000e+00 -1.000000000000000000e+00 -1.000000000000000000e+00 -1.000000000000000000e+00 -1.000000000000000000e+00 1.284556000000000040e+03 8.705289999999999964e+02 1.477999999999999980e+00 9.809999999999999831e-01 2.411500000000000199e+00 9.304999999999999938e-01
2.900000000000000000e+01 4.221000000000000000e+03 -1.000000000000000000e+00 -1.000000000000000000e+00 -1.000000000000000000e+00 -1.000000000000000000e+00 -1.000000000000000000e+00 1.309715999999999894e+03 8.799410000000000309e+02 1.052000000000000046e+00 1.112000000000000099e+00 2.559000000000000163e+00 1.028499999999999970e+00
3.000000000000000000e+01 4.211000000000000000e+03 -1.000000000000000000e+00 -1.000000000000000000e+00 -1.000000000000000000e+00 -1.000000000000000000e+00 -1.000000000000000000e+00 1.284556000000000040e+03 8.705289999999999964e+02 1.467999999999999972e+00 9.809999999999999831e-01 2.411500000000000199e+00 9.304999999999999938e-01
3.000000000000000000e+01 4.221000000000000000e+03 -1.000000000000000000e+00 -1.000000000000000000e+00 -1.000000000000000000e+00 -1.000000000000000000e+00 -1.000000000000000000e+00 1.309715999999999894e+03 8.799410000000000309e+02 1.052000000000000046e+00 1.112000000000000099e+00 2.559000000000000163e+00 1.028499999999999970e+00
3.100000000000000000e+01 4.211000000000000000e+03 -1.000000000000000000e+00 -1.000000000000000000e+00 -1.000000000000000000e+00 -1.000000000000000000e+00 -1.000000000000000000e+00 1.284556000000000040e+03 8.705289999999999964e+02 1.457999999999999963e+00 9.809999999999999831e-01 2.411500000000000199e+00 9.304999999999999938e-01
3.100000000000000000e+01 4.221000000000000000e+03 -1.000000000000000000e+00 -1.000000000000000000e+00 -1.000000000000000000e+00 -1.000000000000000000e+00 -1.000000000000000000e+00 1.309715999999999894e+03 8.799410000000000309e+02 1.052000000000000046e+00 1.112000000000000099e+00 2.559000000000000163e+00 1.028499999999999970e+00
3.200000000000000000e+01 4.211000000000000000e+03 -1.000000000000000000e+00 -1.000000000000000000e+00 -1.000000000000000000e+00 -1.000000000000000000e+00 -1.000000000000000000e+00 1.284556000000000040e+03 8.705289999999999964e+02 1.457999999999999963e+00 9.809999999999999831e-01 2.411500000000000199e+00 9.304999999999999938e-01
3.200000000000000000e+01 4.221000000000000000e+03 -1.000000000000000000e+00 -1.000000000000000000e+00 -1.000000000000000000e+00 -1.000000000000000000e+00 -1.000000000000000000e+00 1.309715999999999894e+03 8.799410000000000309e+02 1.052000000000000046e+00 1.112000000000000099e+00 2.559000000000000163e+00 1.028499999999999970e+00
3.300000000000000000e+01 4.211000000000000000e+03 -1.000000000000000000e+00 -1.000000000000000000e+00 -1.000000000000000000e+00 -1.000000000000000000e+00 -1.000000000000000000e+00 1.284556000000000040e+03 8.705289999999999964e+02 1.457999999999999963e+00 9.809999999999999831e-01 2.411500000000000199e+00 9.304999999999999938e-01
3.300000000000000000e+01 4.221000000000000000e+03 -1.000000000000000000e+00 -1.000000000000000000e+00 -1.000000000000000000e+00 -1.000000000000000000e+00 -1.000000000000000000e+00 1.309715999999999894e+03 8.799410000000000309e+02 1.052000000000000046e+00 1.112000000000000099e+00 2.559000000000000163e+00 1.028499999999999970e+00
3.400000000000000000e+01 4.211000000000000000e+03 -1.000000000000000000e+00 -1.000000000000000000e+00 -1.000000000000000000e+00 -1.000000000000000000e+00 -1.000000000000000000e+00 1.284556000000000040e+03 8.705289999999999964e+02 1.457999999999999963e+00 9.809999999999999831e-01 2.411500000000000199e+00 9.304999999999999938e-01
3.400000000000000000e+01 4.221000000000000000e+03 -1.000000000000000000e+00 -1.000000000000000000e+00 -1.000000000000000000e+00 -1.000000000000000000e+00 -1.000000000000000000e+00 1.309715999999999894e+03 8.799410000000000309e+02 1.052000000000000046e+00 1.112000000000000099e+00 2.559000000000000163e+00 1.028499999999999970e+00
3.500000000000000000e+01 4.211000000000000000e+03 -1.000000000000000000e+00 -1.000000000000000000e+00 -1.000000000000000000e+00 -1.000000000000000000e+00 -1.000000000000000000e+00 1.284556000000000040e+03 8.705289999999999964e+02 1.457999999999999963e+00 9.809999999999999831e-01 2.411500000000000199e+00 9.304999999999999938e-01
3.500000000000000000e+01 4.221000000000000000e+03 -1.000000000000000000e+00 -1.000000000000000000e+00 -1.000000000000000000e+00 -1.000000000000000000e+00 -1.000000000000000000e+00 1.309715999999999894e+03 8.799410000000000309e+02 1.052000000000000046e+00 1.112000000000000099e+00 2.559000000000000163e+00 1.028499999999999970e+00
3.600000000000000000e+01 4.211000000000000000e+03 -1.000000000000000000e+00 -1.000000000000000000e+00 -1.000000000000000000e+00 -1.000000000000000000e+00 -1.000000000000000000e+00 1.284556000000000040e+03 8.705289999999999964e+02 1.457999999999999963e+00 9.809999999999999831e-01 2.411500000000000199e+00 9.304999999999999938e-01
3.600000000000000000e+01 4.221000000000000000e+03 -1.000000000000000000e+00 -1.000000000000000000e+00 -1.000000000000000000e+00 -1.000000000000000000e+00 -1.000000000000000000e+00 1.309715999999999894e+03 8.799410000000000309e+02 1.052000000000000046e+00 1.112000000000000099e+00 2.559000000000000163e+00 1.028499999999999970e+00
3.700000000000000000e+01 4.211000000000000000e+03 -1.000000000000000000e+00 -1.000000000000000000e+00 -1.000000000000000000e+00 -1.000000000000000000e+00 -1.000000000000000000e+00 1.284556000000000040e+03 8.705289999999999964e+02 1.381999999999999895e+00 9.809999999999999831e-01 2.411500000000000199e+00 9.304999999999999938e-01
3.700000000000000000e+01 4.221000000000000000e+03 -1.000000000000000000e+00 -1.000000000000000000e+00 -1.000000000000000000e+00 -1.000000000000000000e+00 -1.000000000000000000e+00 1.309715999999999894e+03 8.799410000000000309e+02 1.052000000000000046e+00 1.112000000000000099e+00 2.559000000000000163e+00 1.028499999999999970e+00
3.800000000000000000e+01 4.211000000000000000e+03 -1.000000000000000000e+00 -1.000000000000000000e+00 -1.000000000000000000e+00 -1.000000000000000000e+00 -1.000000000000000000e+00 1.284556000000000040e+03 8.705289999999999964e+02 1.306000000000000050e+00 9.809999999999999831e-01 2.411500000000000199e+00 9.304999999999999938e-01
3.800000000000000000e+01 4.221000000000000000e+03 -1.000000000000000000e+00 -1.000000000000000000e+00 -1.000000000000000000e+00 -1.000000000000000000e+00 -1.000000000000000000e+00 1.309715999999999894e+03 8.799410000000000309e+02 1.052000000000000046e+00 1.112000000000000099e+00 2.559000000000000163e+00 1.028499999999999970e+00
3.900000000000000000e+01 4.211000000000000000e+03 -1.000000000000000000e+00 -1.000000000000000000e+00 -1.000000000000000000e+00 -1.000000000000000000e+00 -1.000000000000000000e+00 1.284556000000000040e+03 8.705289999999999964e+02 1.229999999999999982e+00 9.809999999999999831e-01 2.411500000000000199e+00 9.304999999999999938e-01
3.900000000000000000e+01 4.221000000000000000e+03 -1.000000000000000000e+00 -1.000000000000000000e+00 -1.000000000000000000e+00 -1.000000000000000000e+00 -1.000000000000000000e+00 1.309715999999999894e+03 8.799410000000000309e+02 1.052000000000000046e+00 1.112000000000000099e+00 2.559000000000000163e+00 1.028499999999999970e+00
4.000000000000000000e+01 4.211000000000000000e+03 -1.000000000000000000e+00 -1.000000000000000000e+00 -1.000000000000000000e+00 -1.000000000000000000e+00 -1.000000000000000000e+00 1.284556000000000040e+03 8.705289999999999964e+02 1.153999999999999915e+00 9.809999999999999831e-01 2.411500000000000199e+00 9.304999999999999938e-01
4.000000000000000000e+01 4.221000000000000000e+03 -1.000000000000000000e+00 -1.000000000000000000e+00 -1.000000000000000000e+00 -1.000000000000000000e+00 -1.000000000000000000e+00 1.309715999999999894e+03 8.799410000000000309e+02 1.052000000000000046e+00 1.112000000000000099e+00 2.559000000000000163e+00 1.028499999999999970e+00
4.100000000000000000e+01 4.211000000000000000e+03 -1.000000000000000000e+00 -1.000000000000000000e+00 -1.000000000000000000e+00 -1.000000000000000000e+00 -1.000000000000000000e+00 1.284556000000000040e+03 8.705289999999999964e+02 1.078000000000000069e+00 9.809999999999999831e-01 2.411500000000000199e+00 9.304999999999999938e-01
4.100000000000000000e+01 4.221000000000000000e+03 -1.000000000000000000e+00 -1.000000000000000000e+00 -1.000000000000000000e+00 -1.000000000000000000e+00 -1.000000000000000000e+00 1.309715999999999894e+03 8.799410000000000309e+02 1.052000000000000046e+00 1.112000000000000099e+00 2.559000000000000163e+00 1.028499999999999970e+00
