1.000000000000000000e+00 4.431000000000000000e+03 -1.000000000000000000e+00 -1.000000000000000000e+00 -1.000000000000000000e+00 -1.000000000000000000e+00 -1.000000000000000000e+00 1.416962999999999965e+03 1.209923000000000002e+03 2.653999999999999915e+00 1.411999999999999922e+00 4.301000000000000156e+00 1.951500000000000012e+00
2.000000000000000000e+00 4.431000000000000000e+03 -1.000000000000000000e+00 -1.000000000000000000e+00 -1.000000000000000000e+00 -1.000000000000000000e+00 -1.000000000000000000e+00 1.416227000000000089e+03 1.208638999999999896e+03 2.653999999999999915e+00 1.411999999999999922e+00 4.301000000000000156e+00 1.951500000000000012e+00
3.000000000000000000e+00 4.431000000000000000e+03 -1.000000000000000000e+00 -1.000000000000000000e+00 -1.000000000000000000e+00 -1.000000000000000000e+00 -1.000000000000000000e+00 1.415492999999999938e+03 1.207355000000000018e+03 2.653999999999999915e+00 1.411999999999999922e+00 4.301000000000000156e+00 1.951500000000000012e+00
4.000000000000000000e+00 4.431000000000000000e+03 -1.000000000000000000e+00 -1.000000000000000000e+00 -1.000000000000000000e+00 -1.000000000000000000e+00 -1.000000000000000000e+00 1.414703999999999951e+03 1.205980000000000018e+03 2.653999999999999915e+00 1.411999999999999922e+00 4.301000000000000156e+00 1.951500000000000012e+00
5.000000000000000000e+00 4.431000000000000000e+03 -1.000000000000000000e+00 -1.000000000000000000e+00 -1.000000000000000000e+00 -1.000000000000000000e+00 -1.000000000000000000e+00 1.413914999999999964e+03 1.204605000000000018e+03 2.653999999999999915e+00 1.411999999999999922e+00 4.301000000000000156e+00 1.951500000000000012e+00
6.000000000000000000e+00 4.431000000000000000e+03 -1.000000000000000000e+00 -1.000000000000000000e+00 -1.000000000000000000e+00 -1.000000000000000000e+00 -1.000000000000000000e+00 1.413125999999999976e+03 1.203229000000000042e+03 2.653999999999999915e+00 1.411999999999999922e+00 4.301000000000000156e+00 1.951500000000000012e+00
7.000000000000000000e+00 4.431000000000000000e+03 -1.000000000000000000e+00 -1.000000000000000000e+00 -1.000000000000000000e+00 -1.000000000000000000e+00 -1.000000000000000000e+00 1.412336000000000013e+03 1.201852000000000089e+03 2.653999999999999915e+00 1.411999999999999922e+00 4.301000000000000156e+00 1.951500000000000012e+00
8.000000000000000000e+00 4.431000000000000000e+03 -1.000000000000000000e+00 -1.000000000000000000e+00 -1.000000000000000000e+00 -1.000000000000000000e+00 -1.000000000000000000e+00 1.411547000000000025e+03 1.200477000000000089e+03 2.653999999999999915e+00 1.411999999999999922e+00 4.301000000000000156e+00 1.951500000000000012e+00
9.000000000000000000e+00 4.431000000000000000e+03 -1.000000000000000000e+00 -1.000000000000000000e+00 -1.000000000000000000e+00 -1.000000000000000000e+00 -1.000000000000000000e+00 1.410630000000000109e+03 1.199001999999999953e+03 2.653999999999999915e+00 1.411999999999999922e+00 4.301000000000000156e+00 1.951500000000000012e+00
1.000000000000000000e+01 4.431000000000000000e+03 -1.000000000000000000e+00 -1.000000000000000000e+00 -1.000000000000000000e+00 -1.000000000000000000e+00 -1.000000000000000000e+00 1.409713999999999942e+03 1.197528999999999996e+03 2.653999999999999915e+00 1.411999999999999922e+00 4.301000000000000156e+00 1.951500000000000012e+00
1.100000000000000000e+01 4.431000000000000000e+03 -1.000000000000000000e+00 -1.000000000000000000e+00 -1.000000000000000000e+00 -1.000000000000000000e+00 -1.000000000000000000e+00 1.408799999999999955e+03 1.196058999999999969e+03 2.653999999999999915e+00 1.411999999999999922e+00 4.301000000000000156e+00 1.951500000000000012e+00
1.200000000000000000e+01 4.431000000000000000e+03 -1.000000000000000000e+00 -1.000000000000000000e+00 -1.000000000000000000e+00 -1.000000000000000000e+00 -1.000000000000000000e+00 1.407884999999999991e+03 1.194586999999999989e+03 2.653999999999999915e+00 1.411999999999999922e+00 4.301000000000000156e+00 1.951500000000000012e+00
1.300000000000000000e+01 4.431000000000000000e+03 -1.000000000000000000e+00 -1.000000000000000000e+00 -1.000000000000000000e+00 -1.000000000000000000e+00 -1.000000000000000000e+00 1.406939000000000078e+03 1.193067000000000007e+03 2.721000000000000085e+00 1.411999999999999922e+00 4.301000000000000156e+00 1.951500000000000012e+00
1.400000000000000000e+01 4.431000000000000000e+03 -1.000000000000000000e+00 -1.000000000000000000e+00 -1.000000000000000000e+00 -1.000000000000000000e+00 -1.000000000000000000e+00 1.405991999999999962e+03 1.191545000000000073e+03 2.786999999999999922e+00 1.411999999999999922e+00 4.301000000000000156e+00 1.951500000000000012e+00
1.500000000000000000e+01 4.431000000000000000e+03 -1.000000000000000000e+00 -1.000000000000000000e+00 -1.000000000000000000e+00 -1.000000000000000000e+00 -1.000000000000000000e+00 1.405045000000000073e+03 1.190022999999999911e+03 2.854000000000000092e+00 1.411999999999999922e+00 4.301000000000000156e+00 1.951500000000000012e+00
1.600000000000000000e+01 4.431000000000000000e+03 -1.000000000000000000e+00 -1.000000000000000000e+00 -1.000000000000000000e+00 -1.000000000000000000e+00 -1.000000000000000000e+00 1.404057000000000016e+03 1.188532999999999902e+03 2.842000000000000082e+00 1.411999999999999922e+00 4.301000000000000156e+00 1.951500000000000012e+00
