5.000000000000000000e+00 6.076000000000000000e+03 -1.000000000000000000e+00 -1.000000000000000000e+00 -1.000000000000000000e+00 -1.000000000000000000e+00 -1.000000000000000000e+00 3.067559999999999718e+02 9.368319999999999936e+02 1.707000000000000073e+00 1.342999999999999972e+00 3.569500000000000117e+00 1.554999999999999938e+00
6.000000000000000000e+00 6.076000000000000000e+03 -1.000000000000000000e+00 -1.000000000000000000e+00 -1.000000000000000000e+00 -1.000000000000000000e+00 -1.000000000000000000e+00 3.053860000000000241e+02 9.333880000000000337e+02 1.681000000000000050e+00 1.342999999999999972e+00 3.569500000000000117e+00 1.554999999999999938e+00
7.000000000000000000e+00 6.076000000000000000e+03 -1.000000000000000000e+00 -1.000000000000000000e+00 -1.000000000000000000e+00 -1.000000000000000000e+00 -1.000000000000000000e+00 3.040140000000000100e+02 9.299400000000000546e+02 1.655000000000000027e+00 1.342999999999999972e+00 3.569500000000000117e+00 1.554999999999999938e+00
8.000000000000000000e+00 6.076000000000000000e+03 -1.000000000000000000e+00 -1.000000000000000000e+00 -1.000000000000000000e+00 -1.000000000000000000e+00 -1.000000000000000000e+00 3.027300000000000182e+02 9.267250000000000227e+02 1.627999999999999892e+00 1.342999999999999972e+00 3.569500000000000117e+00 1.554999999999999938e+00
9.000000000000000000e+00 6.076000000000000000e+03 -1.000000000000000000e+00 -1.000000000000000000e+00 -1.000000000000000000e+00 -1.000000000000000000e+00 -1.000000000000000000e+00 3.014449999999999932e+02 9.235109999999999673e+02 1.602000000000000091e+00 1.342999999999999972e+00 3.569500000000000117e+00 1.554999999999999938e+00
1.000000000000000000e+01 6.076000000000000000e+03 -1.000000000000000000e+00 -1.000000000000000000e+00 -1.000000000000000000e+00 -1.000000000000000000e+00 -1.000000000000000000e+00 3.005009999999999764e+02 9.209940000000000282e+02 1.578000000000000069e+00 1.342999999999999972e+00 3.569500000000000117e+00 1.554999999999999938e+00
1.100000000000000000e+01 6.076000000000000000e+03 -1.000000000000000000e+00 -1.000000000000000000e+00 -1.000000000000000000e+00 -1.000000000000000000e+00 -1.000000000000000000e+00 2.994510000000000218e+02 9.181960000000000264e+02 1.552000000000000046e+00 1.342999999999999972e+00 3.569500000000000117e+00 1.554999999999999938e+00
1.200000000000000000e+01 6.076000000000000000e+03 -1.000000000000000000e+00 -1.000000000000000000e+00 -1.000000000000000000e+00 -1.000000000000000000e+00 -1.000000000000000000e+00 2.983910000000000196e+02 9.153730000000000473e+02 1.552000000000000046e+00 1.342999999999999972e+00 3.569500000000000117e+00 1.554999999999999938e+00
1.300000000000000000e+01 6.076000000000000000e+03 -1.000000000000000000e+00 -1.000000000000000000e+00 -1.000000000000000000e+00 -1.000000000000000000e+00 -1.000000000000000000e+00 2.973090000000000259e+02 9.126130000000000564e+02 1.552000000000000046e+00 1.342999999999999972e+00 3.569500000000000117e+00 1.554999999999999938e+00
1.400000000000000000e+01 6.076000000000000000e+03 -1.000000000000000000e+00 -1.000000000000000000e+00 -1.000000000000000000e+00 -1.000000000000000000e+00 -1.000000000000000000e+00 2.960799999999999841e+02 9.096480000000000246e+02 1.552000000000000046e+00 1.342999999999999972e+00 3.569500000000000117e+00 1.554999999999999938e+00
1.500000000000000000e+01 6.076000000000000000e+03 -1.000000000000000000e+00 -1.000000000000000000e+00 -1.000000000000000000e+00 -1.000000000000000000e+00 -1.000000000000000000e+00 2.947400000000000091e+02 9.066779999999999973e+02 1.552000000000000046e+00 1.342999999999999972e+00 3.569500000000000117e+00 1.554999999999999938e+00
1.600000000000000000e+01 6.093000000000000000e+03 -1.000000000000000000e+00 -1.000000000000000000e+00 -1.000000000000000000e+00 -1.000000000000000000e+00 -1.000000000000000000e+00 2.069859999999999900e+02 9.260910000000000082e+02 1.042999999999999927e+00 1.030000000000000027e+00 2.567000000000000171e+00 1.146500000000000075e+00
1.600000000000000000e+01 6.076000000000000000e+03 -1.000000000000000000e+00 -1.000000000000000000e+00 -1.000000000000000000e+00 -1.000000000000000000e+00 -1.000000000000000000e+00 2.935640000000000214e+02 9.041730000000000018e+02 1.552000000000000046e+00 1.342999999999999972e+00 3.569500000000000117e+00 1.554999999999999938e+00
1.700000000000000000e+01 6.093000000000000000e+03 -1.000000000000000000e+00 -1.000000000000000000e+00 -1.000000000000000000e+00 -1.000000000000000000e+00 -1.000000000000000000e+00 2.069590000000000032e+02 9.260739999999999554e+02 1.048000000000000043e+00 1.030000000000000027e+00 2.567000000000000171e+00 1.146500000000000075e+00
1.700000000000000000e+01 6.076000000000000000e+03 -1.000000000000000000e+00 -1.000000000000000000e+00 -1.000000000000000000e+00 -1.000000000000000000e+00 -1.000000000000000000e+00 2.919470000000000027e+02 9.006509999999999536e+02 1.602000000000000091e+00 1.342999999999999972e+00 3.569500000000000117e+00 1.554999999999999938e+00
1.800000000000000000e+01 6.093000000000000000e+03 -1.000000000000000000e+00 -1.000000000000000000e+00 -1.000000000000000000e+00 -1.000000000000000000e+00 -1.000000000000000000e+00 2.069449999999999932e+02 9.260750000000000455e+02 1.044999999999999929e+00 1.030000000000000027e+00 2.567000000000000171e+00 1.146500000000000075e+00
1.800000000000000000e+01 6.076000000000000000e+03 -1.000000000000000000e+00 -1.000000000000000000e+00 -1.000000000000000000e+00 -1.000000000000000000e+00 -1.000000000000000000e+00 2.903330000000000268e+02 8.971359999999999673e+02 1.651999999999999913e+00 1.342999999999999972e+00 3.569500000000000117e+00 1.554999999999999938e+00
1.900000000000000000e+01 6.093000000000000000e+03 -1.000000000000000000e+00 -1.000000000000000000e+00 -1.000000000000000000e+00 -1.000000000000000000e+00 -1.000000000000000000e+00 2.069310000000000116e+02 9.260760000000000218e+02 1.042999999999999927e+00 1.030000000000000027e+00 2.567000000000000171e+00 1.146500000000000075e+00
1.900000000000000000e+01 6.076000000000000000e+03 -1.000000000000000000e+00 -1.000000000000000000e+00 -1.000000000000000000e+00 -1.000000000000000000e+00 -1.000000000000000000e+00 2.888380000000000223e+02 8.936580000000000155e+02 1.725999999999999979e+00 1.342999999999999972e+00 3.569500000000000117e+00 1.554999999999999938e+00
2.000000000000000000e+01 6.093000000000000000e+03 -1.000000000000000000e+00 -1.000000000000000000e+00 -1.000000000000000000e+00 -1.000000000000000000e+00 -1.000000000000000000e+00 2.069159999999999968e+02 9.260779999999999745e+02 1.040999999999999925e+00 1.030000000000000027e+00 2.567000000000000171e+00 1.146500000000000075e+00
2.000000000000000000e+01 6.076000000000000000e+03 -1.000000000000000000e+00 -1.000000000000000000e+00 -1.000000000000000000e+00 -1.000000000000000000e+00 -1.000000000000000000e+00 2.872950000000000159e+02 8.897920000000000300e+02 1.806999999999999940e+00 1.342999999999999972e+00 3.569500000000000117e+00 1.554999999999999938e+00
2.100000000000000000e+01 6.093000000000000000e+03 -1.000000000000000000e+00 -1.000000000000000000e+00 -1.000000000000000000e+00 -1.000000000000000000e+00 -1.000000000000000000e+00 2.069019999999999868e+02 9.260789999999999509e+02 1.038999999999999924e+00 1.030000000000000027e+00 2.567000000000000171e+00 1.146500000000000075e+00
2.100000000000000000e+01 6.076000000000000000e+03 -1.000000000000000000e+00 -1.000000000000000000e+00 -1.000000000000000000e+00 -1.000000000000000000e+00 -1.000000000000000000e+00 2.858500000000000227e+02 8.862980000000000018e+02 1.881000000000000005e+00 1.342999999999999972e+00 3.569500000000000117e+00 1.554999999999999938e+00
2.200000000000000000e+01 6.093000000000000000e+03 -1.000000000000000000e+00 -1.000000000000000000e+00 -1.000000000000000000e+00 -1.000000000000000000e+00 -1.000000000000000000e+00 2.068890000000000100e+02 9.260800000000000409e+02 1.036999999999999922e+00 1.030000000000000027e+00 2.567000000000000171e+00 1.146500000000000075e+00
2.300000000000000000e+01 6.093000000000000000e+03 -1.000000000000000000e+00 -1.000000000000000000e+00 -1.000000000000000000e+00 -1.000000000000000000e+00 -1.000000000000000000e+00 2.068750000000000000e+02 9.260819999999999936e+02 1.034000000000000030e+00 1.030000000000000027e+00 2.567000000000000171e+00 1.146500000000000075e+00
2.400000000000000000e+01 6.093000000000000000e+03 -1.000000000000000000e+00 -1.000000000000000000e+00 -1.000000000000000000e+00 -1.000000000000000000e+00 -1.000000000000000000e+00 2.068629999999999995e+02 9.260829999999999700e+02 1.032000000000000028e+00 1.030000000000000027e+00 2.567000000000000171e+00 1.146500000000000075e+00
2.500000000000000000e+01 6.093000000000000000e+03 -1.000000000000000000e+00 -1.000000000000000000e+00 -1.000000000000000000e+00 -1.000000000000000000e+00 -1.000000000000000000e+00 2.068489999999999895e+02 9.260839999999999463e+02 1.030000000000000027e+00 1.030000000000000027e+00 2.567000000000000171e+00 1.146500000000000075e+00
2.600000000000000000e+01 6.093000000000000000e+03 -1.000000000000000000e+00 -1.000000000000000000e+00 -1.000000000000000000e+00 -1.000000000000000000e+00 -1.000000000000000000e+00 2.068350000000000080e+02 9.260850000000000364e+02 1.028000000000000025e+00 1.030000000000000027e+00 2.567000000000000171e+00 1.146500000000000075e+00
2.700000000000000000e+01 6.093000000000000000e+03 -1.000000000000000000e+00 -1.000000000000000000e+00 -1.000000000000000000e+00 -1.000000000000000000e+00 -1.000000000000000000e+00 2.068209999999999980e+02 9.260860000000000127e+02 1.026000000000000023e+00 1.030000000000000027e+00 2.567000000000000171e+00 1.146500000000000075e+00
2.800000000000000000e+01 6.093000000000000000e+03 -1.000000000000000000e+00 -1.000000000000000000e+00 -1.000000000000000000e+00 -1.000000000000000000e+00 -1.000000000000000000e+00 2.068079999999999927e+02 9.260879999999999654e+02 1.024000000000000021e+00 1.030000000000000027e+00 2.567000000000000171e+00 1.146500000000000075e+00
2.900000000000000000e+01 6.093000000000000000e+03 -1.000000000000000000e+00 -1.000000000000000000e+00 -1.000000000000000000e+00 -1.000000000000000000e+00 -1.000000000000000000e+00 2.067940000000000111e+02 9.260890000000000555e+02 1.022000000000000020e+00 1.030000000000000027e+00 2.567000000000000171e+00 1.146500000000000075e+00
3.000000000000000000e+01 6.093000000000000000e+03 -1.000000000000000000e+00 -1.000000000000000000e+00 -1.000000000000000000e+00 -1.000000000000000000e+00 -1.000000000000000000e+00 2.067800000000000011e+02 9.260900000000000318e+02 1.018999999999999906e+00 1.030000000000000027e+00 2.567000000000000171e+00 1.146500000000000075e+00
3.000000000000000000e+01 6.114000000000000000e+03 -1.000000000000000000e+00 -1.000000000000000000e+00 -1.000000000000000000e+00 -1.000000000000000000e+00 -1.000000000000000000e+00 1.946910000000000025e+02 9.265019999999999527e+02 1.516999999999999904e+00 1.497000000000000108e+00 3.455000000000000071e+00 1.627000000000000002e+00
3.100000000000000000e+01 6.093000000000000000e+03 -1.000000000000000000e+00 -1.000000000000000000e+00 -1.000000000000000000e+00 -1.000000000000000000e+00 -1.000000000000000000e+00 2.067669999999999959e+02 9.260910000000000082e+02 1.016999999999999904e+00 1.030000000000000027e+00 2.567000000000000171e+00 1.146500000000000075e+00
3.100000000000000000e+01 6.114000000000000000e+03 -1.000000000000000000e+00 -1.000000000000000000e+00 -1.000000000000000000e+00 -1.000000000000000000e+00 -1.000000000000000000e+00 1.946589999999999918e+02 9.263590000000000373e+02 1.616999999999999993e+00 1.497000000000000108e+00 3.455000000000000071e+00 1.627000000000000002e+00
3.200000000000000000e+01 6.093000000000000000e+03 -1.000000000000000000e+00 -1.000000000000000000e+00 -1.000000000000000000e+00 -1.000000000000000000e+00 -1.000000000000000000e+00 2.067529999999999859e+02 9.260919999999999845e+02 1.014999999999999902e+00 1.030000000000000027e+00 2.567000000000000171e+00 1.146500000000000075e+00
3.200000000000000000e+01 6.114000000000000000e+03 -1.000000000000000000e+00 -1.000000000000000000e+00 -1.000000000000000000e+00 -1.000000000000000000e+00 -1.000000000000000000e+00 1.946359999999999957e+02 9.262989999999999782e+02 1.522999999999999909e+00 1.497000000000000108e+00 3.455000000000000071e+00 1.627000000000000002e+00
3.300000000000000000e+01 6.093000000000000000e+03 -1.000000000000000000e+00 -1.000000000000000000e+00 -1.000000000000000000e+00 -1.000000000000000000e+00 -1.000000000000000000e+00 2.067390000000000043e+02 9.260940000000000509e+02 1.012999999999999901e+00 1.030000000000000027e+00 2.567000000000000171e+00 1.146500000000000075e+00
3.300000000000000000e+01 6.114000000000000000e+03 -1.000000000000000000e+00 -1.000000000000000000e+00 -1.000000000000000000e+00 -1.000000000000000000e+00 -1.000000000000000000e+00 1.946119999999999948e+02 9.262400000000000091e+02 1.427999999999999936e+00 1.497000000000000108e+00 3.455000000000000071e+00 1.627000000000000002e+00
3.400000000000000000e+01 6.093000000000000000e+03 -1.000000000000000000e+00 -1.000000000000000000e+00 -1.000000000000000000e+00 -1.000000000000000000e+00 -1.000000000000000000e+00 2.067259999999999991e+02 9.260950000000000273e+02 1.010999999999999899e+00 1.030000000000000027e+00 2.567000000000000171e+00 1.146500000000000075e+00
3.400000000000000000e+01 6.114000000000000000e+03 -1.000000000000000000e+00 -1.000000000000000000e+00 -1.000000000000000000e+00 -1.000000000000000000e+00 -1.000000000000000000e+00 1.946359999999999957e+02 9.262759999999999536e+02 1.397000000000000020e+00 1.497000000000000108e+00 3.455000000000000071e+00 1.627000000000000002e+00
3.500000000000000000e+01 6.093000000000000000e+03 -1.000000000000000000e+00 -1.000000000000000000e+00 -1.000000000000000000e+00 -1.000000000000000000e+00 -1.000000000000000000e+00 2.067119999999999891e+02 9.260960000000000036e+02 1.008999999999999897e+00 1.030000000000000027e+00 2.567000000000000171e+00 1.146500000000000075e+00
3.500000000000000000e+01 6.114000000000000000e+03 -1.000000000000000000e+00 -1.000000000000000000e+00 -1.000000000000000000e+00 -1.000000000000000000e+00 -1.000000000000000000e+00 1.946599999999999966e+02 9.263110000000000355e+02 1.366999999999999993e+00 1.497000000000000108e+00 3.455000000000000071e+00 1.627000000000000002e+00
3.600000000000000000e+01 6.093000000000000000e+03 -1.000000000000000000e+00 -1.000000000000000000e+00 -1.000000000000000000e+00 -1.000000000000000000e+00 -1.000000000000000000e+00 2.066980000000000075e+02 9.260969999999999800e+02 1.006000000000000005e+00 1.030000000000000027e+00 2.567000000000000171e+00 1.146500000000000075e+00
3.600000000000000000e+01 6.114000000000000000e+03 -1.000000000000000000e+00 -1.000000000000000000e+00 -1.000000000000000000e+00 -1.000000000000000000e+00 -1.000000000000000000e+00 1.946599999999999966e+02 9.262809999999999491e+02 1.399000000000000021e+00 1.497000000000000108e+00 3.455000000000000071e+00 1.627000000000000002e+00
3.700000000000000000e+01 6.093000000000000000e+03 -1.000000000000000000e+00 -1.000000000000000000e+00 -1.000000000000000000e+00 -1.000000000000000000e+00 -1.000000000000000000e+00 2.066829999999999927e+02 9.260990000000000464e+02 1.004000000000000004e+00 1.030000000000000027e+00 2.567000000000000171e+00 1.146500000000000075e+00
3.700000000000000000e+01 6.114000000000000000e+03 -1.000000000000000000e+00 -1.000000000000000000e+00 -1.000000000000000000e+00 -1.000000000000000000e+00 -1.000000000000000000e+00 1.946599999999999966e+02 9.262469999999999573e+02 1.435000000000000053e+00 1.497000000000000108e+00 3.455000000000000071e+00 1.627000000000000002e+00
3.800000000000000000e+01 6.093000000000000000e+03 -1.000000000000000000e+00 -1.000000000000000000e+00 -1.000000000000000000e+00 -1.000000000000000000e+00 -1.000000000000000000e+00 2.066690000000000111e+02 9.261000000000000227e+02 1.002000000000000002e+00 1.030000000000000027e+00 2.567000000000000171e+00 1.146500000000000075e+00
3.800000000000000000e+01 6.114000000000000000e+03 -1.000000000000000000e+00 -1.000000000000000000e+00 -1.000000000000000000e+00 -1.000000000000000000e+00 -1.000000000000000000e+00 1.946599999999999966e+02 9.262160000000000082e+02 1.467000000000000082e+00 1.497000000000000108e+00 3.455000000000000071e+00 1.627000000000000002e+00
3.900000000000000000e+01 6.093000000000000000e+03 -1.000000000000000000e+00 -1.000000000000000000e+00 -1.000000000000000000e+00 -1.000000000000000000e+00 -1.000000000000000000e+00 2.066560000000000059e+02 9.261009999999999991e+02 1.000000000000000000e+00 1.030000000000000027e+00 2.567000000000000171e+00 1.146500000000000075e+00
3.900000000000000000e+01 6.114000000000000000e+03 -1.000000000000000000e+00 -1.000000000000000000e+00 -1.000000000000000000e+00 -1.000000000000000000e+00 -1.000000000000000000e+00 1.945889999999999986e+02 9.262640000000000100e+02 1.491999999999999993e+00 1.497000000000000108e+00 3.455000000000000071e+00 1.627000000000000002e+00
4.000000000000000000e+01 6.093000000000000000e+03 -1.000000000000000000e+00 -1.000000000000000000e+00 -1.000000000000000000e+00 -1.000000000000000000e+00 -1.000000000000000000e+00 2.066419999999999959e+02 9.261019999999999754e+02 9.979999999999999982e-01 1.030000000000000027e+00 2.567000000000000171e+00 1.146500000000000075e+00
4.000000000000000000e+01 6.114000000000000000e+03 -1.000000000000000000e+00 -1.000000000000000000e+00 -1.000000000000000000e+00 -1.000000000000000000e+00 -1.000000000000000000e+00 1.945169999999999959e+02 9.263120000000000118e+02 1.516999999999999904e+00 1.497000000000000108e+00 3.455000000000000071e+00 1.627000000000000002e+00
