2.000000000000000000e+00 8.520000000000000000e+02 -1.000000000000000000e+00 -1.000000000000000000e+00 -1.000000000000000000e+00 -1.000000000000000000e+00 -1.000000000000000000e+00 7.095140000000000100e+02 1.445516000000000076e+03 1.264999999999999902e+00 1.401999999999999913e+00 4.200499999999999901e+00 1.612999999999999989e+00
3.000000000000000000e+00 8.520000000000000000e+02 -1.000000000000000000e+00 -1.000000000000000000e+00 -1.000000000000000000e+00 -1.000000000000000000e+00 -1.000000000000000000e+00 7.094660000000000082e+02 1.445548000000000002e+03 1.215000000000000080e+00 1.401999999999999913e+00 4.200499999999999901e+00 1.612999999999999989e+00
4.000000000000000000e+00 8.520000000000000000e+02 -1.000000000000000000e+00 -1.000000000000000000e+00 -1.000000000000000000e+00 -1.000000000000000000e+00 -1.000000000000000000e+00 7.095140000000000100e+02 1.445516000000000076e+03 1.165000000000000036e+00 1.401999999999999913e+00 4.200499999999999901e+00 1.612999999999999989e+00
5.000000000000000000e+00 8.520000000000000000e+02 -1.000000000000000000e+00 -1.000000000000000000e+00 -1.000000000000000000e+00 -1.000000000000000000e+00 -1.000000000000000000e+00 7.095140000000000100e+02 1.445516000000000076e+03 1.114999999999999991e+00 1.401999999999999913e+00 4.200499999999999901e+00 1.612999999999999989e+00
6.000000000000000000e+00 8.520000000000000000e+02 -1.000000000000000000e+00 -1.000000000000000000e+00 -1.000000000000000000e+00 -1.000000000000000000e+00 -1.000000000000000000e+00 7.095140000000000100e+02 1.445516000000000076e+03 1.064999999999999947e+00 1.401999999999999913e+00 4.200499999999999901e+00 1.612999999999999989e+00
7.000000000000000000e+00 8.520000000000000000e+02 -1.000000000000000000e+00 -1.000000000000000000e+00 -1.000000000000000000e+00 -1.000000000000000000e+00 -1.000000000000000000e+00 7.096100000000000136e+02 1.445451999999999998e+03 1.014999999999999902e+00 1.401999999999999913e+00 4.200499999999999901e+00 1.612999999999999989e+00
8.000000000000000000e+00 8.520000000000000000e+02 -1.000000000000000000e+00 -1.000000000000000000e+00 -1.000000000000000000e+00 -1.000000000000000000e+00 -1.000000000000000000e+00 7.096340000000000146e+02 1.445435999999999922e+03 1.014999999999999902e+00 1.401999999999999913e+00 4.200499999999999901e+00 1.612999999999999989e+00
9.000000000000000000e+00 8.520000000000000000e+02 -1.000000000000000000e+00 -1.000000000000000000e+00 -1.000000000000000000e+00 -1.000000000000000000e+00 -1.000000000000000000e+00 7.096580000000000155e+02 1.445420000000000073e+03 1.014999999999999902e+00 1.401999999999999913e+00 4.200499999999999901e+00 1.612999999999999989e+00
1.000000000000000000e+01 8.520000000000000000e+02 -1.000000000000000000e+00 -1.000000000000000000e+00 -1.000000000000000000e+00 -1.000000000000000000e+00 -1.000000000000000000e+00 7.096580000000000155e+02 1.445420000000000073e+03 9.150000000000000355e-01 1.401999999999999913e+00 4.200499999999999901e+00 1.612999999999999989e+00
1.100000000000000000e+01 8.520000000000000000e+02 -1.000000000000000000e+00 -1.000000000000000000e+00 -1.000000000000000000e+00 -1.000000000000000000e+00 -1.000000000000000000e+00 7.096580000000000155e+02 1.445420000000000073e+03 8.649999999999999911e-01 1.401999999999999913e+00 4.200499999999999901e+00 1.612999999999999989e+00
1.200000000000000000e+01 8.520000000000000000e+02 -1.000000000000000000e+00 -1.000000000000000000e+00 -1.000000000000000000e+00 -1.000000000000000000e+00 -1.000000000000000000e+00 7.096580000000000155e+02 1.445420000000000073e+03 8.149999999999999467e-01 1.401999999999999913e+00 4.200499999999999901e+00 1.612999999999999989e+00
1.300000000000000000e+01 8.520000000000000000e+02 -1.000000000000000000e+00 -1.000000000000000000e+00 -1.000000000000000000e+00 -1.000000000000000000e+00 -1.000000000000000000e+00 7.096580000000000155e+02 1.445420000000000073e+03 8.149999999999999467e-01 1.401999999999999913e+00 4.200499999999999901e+00 1.612999999999999989e+00
1.400000000000000000e+01 8.520000000000000000e+02 -1.000000000000000000e+00 -1.000000000000000000e+00 -1.000000000000000000e+00 -1.000000000000000000e+00 -1.000000000000000000e+00 7.097219999999999800e+02 1.445412000000000035e+03 8.399999999999999689e-01 1.401999999999999913e+00 4.200499999999999901e+00 1.612999999999999989e+00
1.500000000000000000e+01 8.520000000000000000e+02 -1.000000000000000000e+00 -1.000000000000000000e+00 -1.000000000000000000e+00 -1.000000000000000000e+00 -1.000000000000000000e+00 7.097859999999999445e+02 1.445403999999999996e+03 8.649999999999999911e-01 1.401999999999999913e+00 4.200499999999999901e+00 1.612999999999999989e+00
1.600000000000000000e+01 8.520000000000000000e+02 -1.000000000000000000e+00 -1.000000000000000000e+00 -1.000000000000000000e+00 -1.000000000000000000e+00 -1.000000000000000000e+00 7.098669999999999618e+02 1.445420000000000073e+03 1.014999999999999902e+00 1.401999999999999913e+00 4.200499999999999901e+00 1.612999999999999989e+00
1.700000000000000000e+01 8.520000000000000000e+02 -1.000000000000000000e+00 -1.000000000000000000e+00 -1.000000000000000000e+00 -1.000000000000000000e+00 -1.000000000000000000e+00 7.098179999999999836e+02 1.445451999999999998e+03 1.014999999999999902e+00 1.401999999999999913e+00 4.200499999999999901e+00 1.612999999999999989e+00
1.800000000000000000e+01 8.520000000000000000e+02 -1.000000000000000000e+00 -1.000000000000000000e+00 -1.000000000000000000e+00 -1.000000000000000000e+00 -1.000000000000000000e+00 7.098500000000000227e+02 1.445500000000000000e+03 1.064999999999999947e+00 1.401999999999999913e+00 4.200499999999999901e+00 1.612999999999999989e+00
1.900000000000000000e+01 8.520000000000000000e+02 -1.000000000000000000e+00 -1.000000000000000000e+00 -1.000000000000000000e+00 -1.000000000000000000e+00 -1.000000000000000000e+00 7.098990000000000009e+02 1.445468000000000075e+03 1.064999999999999947e+00 1.401999999999999913e+00 4.200499999999999901e+00 1.612999999999999989e+00
2.000000000000000000e+01 8.580000000000000000e+02 -1.000000000000000000e+00 -1.000000000000000000e+00 -1.000000000000000000e+00 -1.000000000000000000e+00 -1.000000000000000000e+00 6.790969999999999800e+02 1.453076000000000022e+03 1.019999999999999934e-01 1.014999999999999902e+00 2.833499999999999908e+00 9.735000000000000320e-01
2.000000000000000000e+01 8.520000000000000000e+02 -1.000000000000000000e+00 -1.000000000000000000e+00 -1.000000000000000000e+00 -1.000000000000000000e+00 -1.000000000000000000e+00 7.098500000000000227e+02 1.445500000000000000e+03 1.264999999999999902e+00 1.401999999999999913e+00 4.200499999999999901e+00 1.612999999999999989e+00
2.100000000000000000e+01 8.580000000000000000e+02 -1.000000000000000000e+00 -1.000000000000000000e+00 -1.000000000000000000e+00 -1.000000000000000000e+00 -1.000000000000000000e+00 6.854980000000000473e+02 1.449193999999999960e+03 1.079999999999999988e-01 1.014999999999999902e+00 2.833499999999999908e+00 9.735000000000000320e-01
2.100000000000000000e+01 8.520000000000000000e+02 -1.000000000000000000e+00 -1.000000000000000000e+00 -1.000000000000000000e+00 -1.000000000000000000e+00 -1.000000000000000000e+00 7.098020000000000209e+02 1.445531999999999925e+03 1.364999999999999991e+00 1.401999999999999913e+00 4.200499999999999901e+00 1.612999999999999989e+00
2.200000000000000000e+01 8.580000000000000000e+02 -1.000000000000000000e+00 -1.000000000000000000e+00 -1.000000000000000000e+00 -1.000000000000000000e+00 -1.000000000000000000e+00 6.915130000000000337e+02 1.445500000000000000e+03 4.020000000000000240e-01 1.014999999999999902e+00 2.833499999999999908e+00 9.735000000000000320e-01
2.200000000000000000e+01 8.520000000000000000e+02 -1.000000000000000000e+00 -1.000000000000000000e+00 -1.000000000000000000e+00 -1.000000000000000000e+00 -1.000000000000000000e+00 7.097730000000000246e+02 1.445521999999999935e+03 1.425999999999999934e+00 1.401999999999999913e+00 4.200499999999999901e+00 1.612999999999999989e+00
2.300000000000000000e+01 8.580000000000000000e+02 -1.000000000000000000e+00 -1.000000000000000000e+00 -1.000000000000000000e+00 -1.000000000000000000e+00 -1.000000000000000000e+00 6.964510000000000218e+02 1.442478000000000065e+03 5.769999999999999574e-01 1.014999999999999902e+00 2.833499999999999908e+00 9.735000000000000320e-01
2.300000000000000000e+01 8.520000000000000000e+02 -1.000000000000000000e+00 -1.000000000000000000e+00 -1.000000000000000000e+00 -1.000000000000000000e+00 -1.000000000000000000e+00 7.097430000000000518e+02 1.445511999999999944e+03 1.487999999999999989e+00 1.401999999999999913e+00 4.200499999999999901e+00 1.612999999999999989e+00
2.400000000000000000e+01 8.580000000000000000e+02 -1.000000000000000000e+00 -1.000000000000000000e+00 -1.000000000000000000e+00 -1.000000000000000000e+00 -1.000000000000000000e+00 7.028339999999999463e+02 1.438674999999999955e+03 7.520000000000000018e-01 1.014999999999999902e+00 2.833499999999999908e+00 9.735000000000000320e-01
2.400000000000000000e+01 8.520000000000000000e+02 -1.000000000000000000e+00 -1.000000000000000000e+00 -1.000000000000000000e+00 -1.000000000000000000e+00 -1.000000000000000000e+00 7.097129999999999654e+02 1.445502999999999929e+03 1.499000000000000110e+00 1.401999999999999913e+00 4.200499999999999901e+00 1.612999999999999989e+00
2.500000000000000000e+01 8.580000000000000000e+02 -1.000000000000000000e+00 -1.000000000000000000e+00 -1.000000000000000000e+00 -1.000000000000000000e+00 -1.000000000000000000e+00 7.085869999999999891e+02 1.435115999999999985e+03 1.026999999999999913e+00 1.014999999999999902e+00 2.833499999999999908e+00 9.735000000000000320e-01
2.500000000000000000e+01 8.520000000000000000e+02 -1.000000000000000000e+00 -1.000000000000000000e+00 -1.000000000000000000e+00 -1.000000000000000000e+00 -1.000000000000000000e+00 7.096839999999999691e+02 1.445545000000000073e+03 1.608000000000000096e+00 1.401999999999999913e+00 4.200499999999999901e+00 1.612999999999999989e+00
2.600000000000000000e+01 8.580000000000000000e+02 -1.000000000000000000e+00 -1.000000000000000000e+00 -1.000000000000000000e+00 -1.000000000000000000e+00 -1.000000000000000000e+00 7.139809999999999945e+02 1.431864000000000033e+03 1.201999999999999957e+00 1.014999999999999902e+00 2.833499999999999908e+00 9.735000000000000320e-01
2.600000000000000000e+01 8.520000000000000000e+02 -1.000000000000000000e+00 -1.000000000000000000e+00 -1.000000000000000000e+00 -1.000000000000000000e+00 -1.000000000000000000e+00 7.096539999999999964e+02 1.445587999999999965e+03 1.715999999999999970e+00 1.401999999999999913e+00 4.200499999999999901e+00 1.612999999999999989e+00
2.700000000000000000e+01 8.580000000000000000e+02 -1.000000000000000000e+00 -1.000000000000000000e+00 -1.000000000000000000e+00 -1.000000000000000000e+00 -1.000000000000000000e+00 7.194869999999999663e+02 1.428499000000000024e+03 1.427000000000000046e+00 1.014999999999999902e+00 2.833499999999999908e+00 9.735000000000000320e-01
2.700000000000000000e+01 8.520000000000000000e+02 -1.000000000000000000e+00 -1.000000000000000000e+00 -1.000000000000000000e+00 -1.000000000000000000e+00 -1.000000000000000000e+00 7.096970000000000027e+02 1.445583000000000084e+03 1.749000000000000110e+00 1.401999999999999913e+00 4.200499999999999901e+00 1.612999999999999989e+00
2.800000000000000000e+01 8.580000000000000000e+02 -1.000000000000000000e+00 -1.000000000000000000e+00 -1.000000000000000000e+00 -1.000000000000000000e+00 -1.000000000000000000e+00 7.249940000000000282e+02 1.425133000000000038e+03 1.651999999999999913e+00 1.014999999999999902e+00 2.833499999999999908e+00 9.735000000000000320e-01
2.800000000000000000e+01 8.520000000000000000e+02 -1.000000000000000000e+00 -1.000000000000000000e+00 -1.000000000000000000e+00 -1.000000000000000000e+00 -1.000000000000000000e+00 7.097019999999999982e+02 1.445556000000000040e+03 1.832999999999999963e+00 1.401999999999999913e+00 4.200499999999999901e+00 1.612999999999999989e+00
2.900000000000000000e+01 8.580000000000000000e+02 -1.000000000000000000e+00 -1.000000000000000000e+00 -1.000000000000000000e+00 -1.000000000000000000e+00 -1.000000000000000000e+00 7.304009999999999536e+02 1.421828999999999951e+03 1.877000000000000002e+00 1.014999999999999902e+00 2.833499999999999908e+00 9.735000000000000320e-01
2.900000000000000000e+01 8.520000000000000000e+02 -1.000000000000000000e+00 -1.000000000000000000e+00 -1.000000000000000000e+00 -1.000000000000000000e+00 -1.000000000000000000e+00 7.097079999999999700e+02 1.445528999999999996e+03 1.915999999999999925e+00 1.401999999999999913e+00 4.200499999999999901e+00 1.612999999999999989e+00
3.000000000000000000e+01 8.520000000000000000e+02 -1.000000000000000000e+00 -1.000000000000000000e+00 -1.000000000000000000e+00 -1.000000000000000000e+00 -1.000000000000000000e+00 7.097129999999999654e+02 1.445502999999999929e+03 1.999000000000000110e+00 1.401999999999999913e+00 4.200499999999999901e+00 1.612999999999999989e+00
3.100000000000000000e+01 8.750000000000000000e+02 -1.000000000000000000e+00 -1.000000000000000000e+00 -1.000000000000000000e+00 -1.000000000000000000e+00 -1.000000000000000000e+00 6.482580000000000382e+02 1.473481999999999971e+03 4.119999999999999774e-01 1.079499999999999904e+00 2.851500000000000146e+00 9.439999999999999503e-01
3.100000000000000000e+01 8.770000000000000000e+02 -1.000000000000000000e+00 -1.000000000000000000e+00 -1.000000000000000000e+00 -1.000000000000000000e+00 -1.000000000000000000e+00 6.420929999999999609e+02 1.472484999999999900e+03 1.405999999999999917e+00 1.489000000000000101e+00 5.250000000000000000e+00 2.063000000000000167e+00
3.100000000000000000e+01 8.520000000000000000e+02 -1.000000000000000000e+00 -1.000000000000000000e+00 -1.000000000000000000e+00 -1.000000000000000000e+00 -1.000000000000000000e+00 7.098010000000000446e+02 1.445443999999999960e+03 2.032999999999999918e+00 1.401999999999999913e+00 4.200499999999999901e+00 1.612999999999999989e+00
3.200000000000000000e+01 8.750000000000000000e+02 -1.000000000000000000e+00 -1.000000000000000000e+00 -1.000000000000000000e+00 -1.000000000000000000e+00 -1.000000000000000000e+00 6.538120000000000118e+02 1.470027000000000044e+03 5.120000000000000107e-01 1.079499999999999904e+00 2.851500000000000146e+00 9.439999999999999503e-01
3.200000000000000000e+01 8.770000000000000000e+02 -1.000000000000000000e+00 -1.000000000000000000e+00 -1.000000000000000000e+00 -1.000000000000000000e+00 -1.000000000000000000e+00 6.462849999999999682e+02 1.469680000000000064e+03 1.455999999999999961e+00 1.489000000000000101e+00 5.250000000000000000e+00 2.063000000000000167e+00
3.200000000000000000e+01 8.520000000000000000e+02 -1.000000000000000000e+00 -1.000000000000000000e+00 -1.000000000000000000e+00 -1.000000000000000000e+00 -1.000000000000000000e+00 7.097450000000000045e+02 1.445480999999999995e+03 2.165999999999999925e+00 1.401999999999999913e+00 4.200499999999999901e+00 1.612999999999999989e+00
3.300000000000000000e+01 8.750000000000000000e+02 -1.000000000000000000e+00 -1.000000000000000000e+00 -1.000000000000000000e+00 -1.000000000000000000e+00 -1.000000000000000000e+00 6.594139999999999873e+02 1.466548999999999978e+03 4.869999999999999885e-01 1.079499999999999904e+00 2.851500000000000146e+00 9.439999999999999503e-01
3.300000000000000000e+01 8.770000000000000000e+02 -1.000000000000000000e+00 -1.000000000000000000e+00 -1.000000000000000000e+00 -1.000000000000000000e+00 -1.000000000000000000e+00 6.506330000000000382e+02 1.466743999999999915e+03 1.405999999999999917e+00 1.489000000000000101e+00 5.250000000000000000e+00 2.063000000000000167e+00
3.300000000000000000e+01 8.520000000000000000e+02 -1.000000000000000000e+00 -1.000000000000000000e+00 -1.000000000000000000e+00 -1.000000000000000000e+00 -1.000000000000000000e+00 7.098089999999999691e+02 1.445439000000000078e+03 2.249000000000000110e+00 1.401999999999999913e+00 4.200499999999999901e+00 1.612999999999999989e+00
3.400000000000000000e+01 8.750000000000000000e+02 -1.000000000000000000e+00 -1.000000000000000000e+00 -1.000000000000000000e+00 -1.000000000000000000e+00 -1.000000000000000000e+00 6.649260000000000446e+02 1.462888999999999896e+03 6.620000000000000329e-01 1.079499999999999904e+00 2.851500000000000146e+00 9.439999999999999503e-01
3.400000000000000000e+01 8.770000000000000000e+02 -1.000000000000000000e+00 -1.000000000000000000e+00 -1.000000000000000000e+00 -1.000000000000000000e+00 -1.000000000000000000e+00 6.540689999999999600e+02 1.464486000000000104e+03 1.705999999999999961e+00 1.489000000000000101e+00 5.250000000000000000e+00 2.063000000000000167e+00
3.400000000000000000e+01 8.520000000000000000e+02 -1.000000000000000000e+00 -1.000000000000000000e+00 -1.000000000000000000e+00 -1.000000000000000000e+00 -1.000000000000000000e+00 7.099460000000000264e+02 1.445416999999999916e+03 2.333000000000000185e+00 1.401999999999999913e+00 4.200499999999999901e+00 1.612999999999999989e+00
3.500000000000000000e+01 8.750000000000000000e+02 -1.000000000000000000e+00 -1.000000000000000000e+00 -1.000000000000000000e+00 -1.000000000000000000e+00 -1.000000000000000000e+00 6.712169999999999845e+02 1.458627999999999929e+03 9.759999999999999787e-01 1.079499999999999904e+00 2.851500000000000146e+00 9.439999999999999503e-01
3.500000000000000000e+01 8.770000000000000000e+02 -1.000000000000000000e+00 -1.000000000000000000e+00 -1.000000000000000000e+00 -1.000000000000000000e+00 -1.000000000000000000e+00 6.593809999999999718e+02 1.461316000000000031e+03 1.806000000000000050e+00 1.489000000000000101e+00 5.250000000000000000e+00 2.063000000000000167e+00
3.500000000000000000e+01 8.520000000000000000e+02 -1.000000000000000000e+00 -1.000000000000000000e+00 -1.000000000000000000e+00 -1.000000000000000000e+00 -1.000000000000000000e+00 7.098890000000000100e+02 1.445523999999999887e+03 2.415999999999999925e+00 1.401999999999999913e+00 4.200499999999999901e+00 1.612999999999999989e+00
3.600000000000000000e+01 8.750000000000000000e+02 -1.000000000000000000e+00 -1.000000000000000000e+00 -1.000000000000000000e+00 -1.000000000000000000e+00 -1.000000000000000000e+00 6.763260000000000218e+02 1.455141000000000076e+03 1.112000000000000099e+00 1.079499999999999904e+00 2.851500000000000146e+00 9.439999999999999503e-01
3.600000000000000000e+01 8.770000000000000000e+02 -1.000000000000000000e+00 -1.000000000000000000e+00 -1.000000000000000000e+00 -1.000000000000000000e+00 -1.000000000000000000e+00 6.635460000000000491e+02 1.458734999999999900e+03 1.866999999999999993e+00 1.489000000000000101e+00 5.250000000000000000e+00 2.063000000000000167e+00
3.600000000000000000e+01 8.520000000000000000e+02 -1.000000000000000000e+00 -1.000000000000000000e+00 -1.000000000000000000e+00 -1.000000000000000000e+00 -1.000000000000000000e+00 7.098089999999999691e+02 1.445646999999999935e+03 2.499000000000000110e+00 1.401999999999999913e+00 4.200499999999999901e+00 1.612999999999999989e+00
3.700000000000000000e+01 8.750000000000000000e+02 -1.000000000000000000e+00 -1.000000000000000000e+00 -1.000000000000000000e+00 -1.000000000000000000e+00 -1.000000000000000000e+00 6.825700000000000500e+02 1.450808999999999969e+03 1.377999999999999892e+00 1.079499999999999904e+00 2.851500000000000146e+00 9.439999999999999503e-01
3.700000000000000000e+01 8.840000000000000000e+02 -1.000000000000000000e+00 -1.000000000000000000e+00 -1.000000000000000000e+00 -1.000000000000000000e+00 -1.000000000000000000e+00 6.286559999999999491e+02 1.495609999999999900e+03 8.279999999999999583e-01 1.322000000000000064e+00 3.306999999999999940e+00 1.772499999999999964e+00
3.700000000000000000e+01 8.770000000000000000e+02 -1.000000000000000000e+00 -1.000000000000000000e+00 -1.000000000000000000e+00 -1.000000000000000000e+00 -1.000000000000000000e+00 6.683070000000000164e+02 1.455922000000000025e+03 2.162999999999999812e+00 1.489000000000000101e+00 5.250000000000000000e+00 2.063000000000000167e+00
3.700000000000000000e+01 8.520000000000000000e+02 -1.000000000000000000e+00 -1.000000000000000000e+00 -1.000000000000000000e+00 -1.000000000000000000e+00 -1.000000000000000000e+00 7.098360000000000127e+02 1.445548999999999978e+03 2.583000000000000185e+00 1.401999999999999913e+00 4.200499999999999901e+00 1.612999999999999989e+00
3.800000000000000000e+01 8.750000000000000000e+02 -1.000000000000000000e+00 -1.000000000000000000e+00 -1.000000000000000000e+00 -1.000000000000000000e+00 -1.000000000000000000e+00 6.882920000000000300e+02 1.446826000000000022e+03 1.645000000000000018e+00 1.079499999999999904e+00 2.851500000000000146e+00 9.439999999999999503e-01
3.800000000000000000e+01 8.840000000000000000e+02 -1.000000000000000000e+00 -1.000000000000000000e+00 -1.000000000000000000e+00 -1.000000000000000000e+00 -1.000000000000000000e+00 6.286789999999999736e+02 1.495595000000000027e+03 8.639999999999999902e-01 1.322000000000000064e+00 3.306999999999999940e+00 1.772499999999999964e+00
3.800000000000000000e+01 8.770000000000000000e+02 -1.000000000000000000e+00 -1.000000000000000000e+00 -1.000000000000000000e+00 -1.000000000000000000e+00 -1.000000000000000000e+00 6.722599999999999909e+02 1.453446999999999889e+03 2.338000000000000078e+00 1.489000000000000101e+00 5.250000000000000000e+00 2.063000000000000167e+00
3.900000000000000000e+01 8.750000000000000000e+02 -1.000000000000000000e+00 -1.000000000000000000e+00 -1.000000000000000000e+00 -1.000000000000000000e+00 -1.000000000000000000e+00 6.940789999999999509e+02 1.442799999999999955e+03 1.836999999999999966e+00 1.079499999999999904e+00 2.851500000000000146e+00 9.439999999999999503e-01
3.900000000000000000e+01 8.840000000000000000e+02 -1.000000000000000000e+00 -1.000000000000000000e+00 -1.000000000000000000e+00 -1.000000000000000000e+00 -1.000000000000000000e+00 6.287019999999999982e+02 1.495580999999999904e+03 9.000000000000000222e-01 1.322000000000000064e+00 3.306999999999999940e+00 1.772499999999999964e+00
3.900000000000000000e+01 8.770000000000000000e+02 -1.000000000000000000e+00 -1.000000000000000000e+00 -1.000000000000000000e+00 -1.000000000000000000e+00 -1.000000000000000000e+00 6.776490000000000009e+02 1.449787000000000035e+03 2.549999999999999822e+00 1.489000000000000101e+00 5.250000000000000000e+00 2.063000000000000167e+00
