1.000000000000000000e+00 6.145000000000000000e+03 -1.000000000000000000e+00 -1.000000000000000000e+00 -1.000000000000000000e+00 -1.000000000000000000e+00 -1.000000000000000000e+00 1.559600000000000080e+02 9.368110000000000355e+02 1.008999999999999897e+00 4.074999999999999734e-01 3.800000000000000044e-01 9.014999999999999680e-01
1.000000000000000000e+00 6.165000000000000000e+03 -1.000000000000000000e+00 -1.000000000000000000e+00 -1.000000000000000000e+00 -1.000000000000000000e+00 -1.000000000000000000e+00 1.792330000000000041e+02 9.488630000000000564e+02 2.019000000000000128e+00 2.994999999999999885e-01 3.155000000000000027e-01 9.320000000000000506e-01
2.000000000000000000e+00 6.145000000000000000e+03 -1.000000000000000000e+00 -1.000000000000000000e+00 -1.000000000000000000e+00 -1.000000000000000000e+00 -1.000000000000000000e+00 1.562150000000000034e+02 9.363920000000000528e+02 1.036999999999999922e+00 4.074999999999999734e-01 3.800000000000000044e-01 9.014999999999999680e-01
2.000000000000000000e+00 6.165000000000000000e+03 -1.000000000000000000e+00 -1.000000000000000000e+00 -1.000000000000000000e+00 -1.000000000000000000e+00 -1.000000000000000000e+00 1.793160000000000025e+02 9.488529999999999518e+02 2.019000000000000128e+00 2.994999999999999885e-01 3.155000000000000027e-01 9.320000000000000506e-01
3.000000000000000000e+00 6.145000000000000000e+03 -1.000000000000000000e+00 -1.000000000000000000e+00 -1.000000000000000000e+00 -1.000000000000000000e+00 -1.000000000000000000e+00 1.564569999999999936e+02 9.359650000000000318e+02 1.064999999999999947e+00 4.074999999999999734e-01 3.800000000000000044e-01 9.014999999999999680e-01
3.000000000000000000e+00 6.165000000000000000e+03 -1.000000000000000000e+00 -1.000000000000000000e+00 -1.000000000000000000e+00 -1.000000000000000000e+00 -1.000000000000000000e+00 1.793990000000000009e+02 9.488419999999999845e+02 2.019000000000000128e+00 2.994999999999999885e-01 3.155000000000000027e-01 9.320000000000000506e-01
4.000000000000000000e+00 6.145000000000000000e+03 -1.000000000000000000e+00 -1.000000000000000000e+00 -1.000000000000000000e+00 -1.000000000000000000e+00 -1.000000000000000000e+00 1.566860000000000070e+02 9.355309999999999491e+02 1.092000000000000082e+00 4.074999999999999734e-01 3.800000000000000044e-01 9.014999999999999680e-01
4.000000000000000000e+00 6.165000000000000000e+03 -1.000000000000000000e+00 -1.000000000000000000e+00 -1.000000000000000000e+00 -1.000000000000000000e+00 -1.000000000000000000e+00 1.794819999999999993e+02 9.488319999999999936e+02 2.019000000000000128e+00 2.994999999999999885e-01 3.155000000000000027e-01 9.320000000000000506e-01
5.000000000000000000e+00 6.145000000000000000e+03 -1.000000000000000000e+00 -1.000000000000000000e+00 -1.000000000000000000e+00 -1.000000000000000000e+00 -1.000000000000000000e+00 1.569010000000000105e+02 9.350890000000000555e+02 1.120000000000000107e+00 4.074999999999999734e-01 3.800000000000000044e-01 9.014999999999999680e-01
5.000000000000000000e+00 6.165000000000000000e+03 -1.000000000000000000e+00 -1.000000000000000000e+00 -1.000000000000000000e+00 -1.000000000000000000e+00 -1.000000000000000000e+00 1.795889999999999986e+02 9.488189999999999600e+02 2.019000000000000128e+00 2.994999999999999885e-01 3.155000000000000027e-01 9.320000000000000506e-01
6.000000000000000000e+00 6.145000000000000000e+03 -1.000000000000000000e+00 -1.000000000000000000e+00 -1.000000000000000000e+00 -1.000000000000000000e+00 -1.000000000000000000e+00 1.571020000000000039e+02 9.346390000000000100e+02 1.147999999999999909e+00 4.074999999999999734e-01 3.800000000000000044e-01 9.014999999999999680e-01
6.000000000000000000e+00 6.165000000000000000e+03 -1.000000000000000000e+00 -1.000000000000000000e+00 -1.000000000000000000e+00 -1.000000000000000000e+00 -1.000000000000000000e+00 1.796959999999999980e+02 9.488060000000000400e+02 2.019000000000000128e+00 2.994999999999999885e-01 3.155000000000000027e-01 9.320000000000000506e-01
7.000000000000000000e+00 6.145000000000000000e+03 -1.000000000000000000e+00 -1.000000000000000000e+00 -1.000000000000000000e+00 -1.000000000000000000e+00 -1.000000000000000000e+00 1.572369999999999948e+02 9.341409999999999627e+02 1.135999999999999899e+00 4.074999999999999734e-01 3.800000000000000044e-01 9.014999999999999680e-01
7.000000000000000000e+00 6.165000000000000000e+03 -1.000000000000000000e+00 -1.000000000000000000e+00 -1.000000000000000000e+00 -1.000000000000000000e+00 -1.000000000000000000e+00 1.798019999999999925e+02 9.487920000000000300e+02 2.019000000000000128e+00 2.994999999999999885e-01 3.155000000000000027e-01 9.320000000000000506e-01
8.000000000000000000e+00 6.145000000000000000e+03 -1.000000000000000000e+00 -1.000000000000000000e+00 -1.000000000000000000e+00 -1.000000000000000000e+00 -1.000000000000000000e+00 1.573160000000000025e+02 9.336290000000000191e+02 1.124000000000000110e+00 4.074999999999999734e-01 3.800000000000000044e-01 9.014999999999999680e-01
8.000000000000000000e+00 6.165000000000000000e+03 -1.000000000000000000e+00 -1.000000000000000000e+00 -1.000000000000000000e+00 -1.000000000000000000e+00 -1.000000000000000000e+00 1.799089999999999918e+02 9.487789999999999964e+02 2.019000000000000128e+00 2.994999999999999885e-01 3.155000000000000027e-01 9.320000000000000506e-01
9.000000000000000000e+00 6.145000000000000000e+03 -1.000000000000000000e+00 -1.000000000000000000e+00 -1.000000000000000000e+00 -1.000000000000000000e+00 -1.000000000000000000e+00 1.573280000000000030e+02 9.331130000000000564e+02 1.112000000000000099e+00 4.074999999999999734e-01 3.800000000000000044e-01 9.014999999999999680e-01
9.000000000000000000e+00 6.165000000000000000e+03 -1.000000000000000000e+00 -1.000000000000000000e+00 -1.000000000000000000e+00 -1.000000000000000000e+00 -1.000000000000000000e+00 1.796183095858989702e+02 9.488527975664281939e+02 1.974001483885285957e+00 2.994999999999999885e-01 3.155000000000000027e-01 9.320000000000000506e-01
1.000000000000000000e+01 6.145000000000000000e+03 -1.000000000000000000e+00 -1.000000000000000000e+00 -1.000000000000000000e+00 -1.000000000000000000e+00 -1.000000000000000000e+00 1.573439999999999941e+02 9.324940000000000282e+02 1.098000000000000087e+00 4.074999999999999734e-01 3.800000000000000044e-01 9.014999999999999680e-01
1.000000000000000000e+01 6.165000000000000000e+03 -1.000000000000000000e+00 -1.000000000000000000e+00 -1.000000000000000000e+00 -1.000000000000000000e+00 -1.000000000000000000e+00 1.796570532297568832e+02 9.488429617187614440e+02 1.979998951974748289e+00 2.994999999999999885e-01 3.155000000000000027e-01 9.320000000000000506e-01
1.100000000000000000e+01 6.145000000000000000e+03 -1.000000000000000000e+00 -1.000000000000000000e+00 -1.000000000000000000e+00 -1.000000000000000000e+00 -1.000000000000000000e+00 1.573600000000000136e+02 9.319769999999999754e+02 1.086000000000000076e+00 4.074999999999999734e-01 3.800000000000000044e-01 9.014999999999999680e-01
1.100000000000000000e+01 6.165000000000000000e+03 -1.000000000000000000e+00 -1.000000000000000000e+00 -1.000000000000000000e+00 -1.000000000000000000e+00 -1.000000000000000000e+00 1.796893638498728478e+02 9.488347590226328521e+02 1.985000595955547231e+00 2.994999999999999885e-01 3.155000000000000027e-01 9.320000000000000506e-01
1.200000000000000000e+01 6.145000000000000000e+03 -1.000000000000000000e+00 -1.000000000000000000e+00 -1.000000000000000000e+00 -1.000000000000000000e+00 -1.000000000000000000e+00 1.573739999999999952e+02 9.315639999999999645e+02 1.076000000000000068e+00 4.074999999999999734e-01 3.800000000000000044e-01 9.014999999999999680e-01
1.200000000000000000e+01 6.165000000000000000e+03 -1.000000000000000000e+00 -1.000000000000000000e+00 -1.000000000000000000e+00 -1.000000000000000000e+00 -1.000000000000000000e+00 1.797152415108853916e+02 9.488281894616327463e+02 1.989006425833652392e+00 2.994999999999999885e-01 3.155000000000000027e-01 9.320000000000000506e-01
1.300000000000000000e+01 6.145000000000000000e+03 -1.000000000000000000e+00 -1.000000000000000000e+00 -1.000000000000000000e+00 -1.000000000000000000e+00 -1.000000000000000000e+00 1.573930000000000007e+02 9.310480000000000018e+02 1.064000000000000057e+00 4.074999999999999734e-01 3.800000000000000044e-01 9.014999999999999680e-01
1.300000000000000000e+01 6.165000000000000000e+03 -1.000000000000000000e+00 -1.000000000000000000e+00 -1.000000000000000000e+00 -1.000000000000000000e+00 -1.000000000000000000e+00 1.797475189714183443e+02 9.488199951837266326e+02 1.994002936752066413e+00 2.994999999999999885e-01 3.155000000000000027e-01 9.320000000000001616e-01
1.400000000000000000e+01 6.145000000000000000e+03 -1.000000000000000000e+00 -1.000000000000000000e+00 -1.000000000000000000e+00 -1.000000000000000000e+00 -1.000000000000000000e+00 1.574110000000000014e+02 9.305320000000000391e+02 1.052000000000000046e+00 4.074999999999999734e-01 3.800000000000000044e-01 9.014999999999999680e-01
1.400000000000000000e+01 6.165000000000000000e+03 -1.000000000000000000e+00 -1.000000000000000000e+00 -1.000000000000000000e+00 -1.000000000000000000e+00 -1.000000000000000000e+00 1.797798267474375109e+02 9.488117932096288314e+02 1.999004140470204582e+00 2.994999999999999885e-01 3.155000000000000027e-01 9.319999999999999396e-01
1.500000000000000000e+01 6.145000000000000000e+03 -1.000000000000000000e+00 -1.000000000000000000e+00 -1.000000000000000000e+00 -1.000000000000000000e+00 -1.000000000000000000e+00 1.574240000000000066e+02 9.299950000000000045e+02 1.040000000000000036e+00 4.074999999999999734e-01 3.800000000000000044e-01 9.014999999999999680e-01
1.500000000000000000e+01 6.165000000000000000e+03 -1.000000000000000000e+00 -1.000000000000000000e+00 -1.000000000000000000e+00 -1.000000000000000000e+00 -1.000000000000000000e+00 1.798121020748978651e+02 9.488035994732456402e+02 2.004000321191623080e+00 2.994999999999999885e-01 3.155000000000000027e-01 9.320000000000000506e-01
1.600000000000000000e+01 6.145000000000000000e+03 -1.000000000000000000e+00 -1.000000000000000000e+00 -1.000000000000000000e+00 -1.000000000000000000e+00 -1.000000000000000000e+00 1.574689999999999941e+02 9.294600000000000364e+02 1.028000000000000025e+00 4.074999999999999734e-01 3.800000000000000044e-01 9.014999999999999680e-01
1.600000000000000000e+01 6.165000000000000000e+03 -1.000000000000000000e+00 -1.000000000000000000e+00 -1.000000000000000000e+00 -1.000000000000000000e+00 -1.000000000000000000e+00 1.798443769498883000e+02 9.487954058517311751e+02 2.008996431871254540e+00 2.994999999999999885e-01 3.155000000000000027e-01 9.320000000000000506e-01
1.700000000000000000e+01 6.145000000000000000e+03 -1.000000000000000000e+00 -1.000000000000000000e+00 -1.000000000000000000e+00 -1.000000000000000000e+00 -1.000000000000000000e+00 1.576620000000000061e+02 9.289909999999999854e+02 1.016000000000000014e+00 4.074999999999999734e-01 3.800000000000000044e-01 9.014999999999999680e-01
1.700000000000000000e+01 6.165000000000000000e+03 -1.000000000000000000e+00 -1.000000000000000000e+00 -1.000000000000000000e+00 -1.000000000000000000e+00 -1.000000000000000000e+00 1.798766873760885687e+02 9.487872032048319397e+02 2.013998045834144879e+00 2.994999999999999885e-01 3.155000000000000027e-01 9.320000000000000506e-01
1.800000000000000000e+01 6.145000000000000000e+03 -1.000000000000000000e+00 -1.000000000000000000e+00 -1.000000000000000000e+00 -1.000000000000000000e+00 -1.000000000000000000e+00 1.578549999999999898e+02 9.285220000000000482e+02 1.016000000000000014e+00 4.074999999999999734e-01 3.800000000000000044e-01 9.014999999999999680e-01
1.800000000000000000e+01 6.165000000000000000e+03 -1.000000000000000000e+00 -1.000000000000000000e+00 -1.000000000000000000e+00 -1.000000000000000000e+00 -1.000000000000000000e+00 1.795860000000000127e+02 9.488609999999999900e+02 1.969000000000000083e+00 2.994999999999999885e-01 3.155000000000000027e-01 9.320000000000000506e-01
1.900000000000000000e+01 6.145000000000000000e+03 -1.000000000000000000e+00 -1.000000000000000000e+00 -1.000000000000000000e+00 -1.000000000000000000e+00 -1.000000000000000000e+00 1.580109999999999957e+02 9.282000000000000455e+02 1.016000000000000014e+00 4.074999999999999734e-01 3.800000000000000044e-01 9.014999999999999680e-01
1.900000000000000000e+01 6.165000000000000000e+03 -1.000000000000000000e+00 -1.000000000000000000e+00 -1.000000000000000000e+00 -1.000000000000000000e+00 -1.000000000000000000e+00 1.795550000000000068e+02 9.489059999999999491e+02 1.993999999999999995e+00 2.994999999999999885e-01 3.155000000000000027e-01 9.320000000000000506e-01
2.000000000000000000e+01 6.145000000000000000e+03 -1.000000000000000000e+00 -1.000000000000000000e+00 -1.000000000000000000e+00 -1.000000000000000000e+00 -1.000000000000000000e+00 1.581630000000000109e+02 9.278490000000000464e+02 9.919999999999999929e-01 4.074999999999999734e-01 3.800000000000000044e-01 9.014999999999999680e-01
2.000000000000000000e+01 6.165000000000000000e+03 -1.000000000000000000e+00 -1.000000000000000000e+00 -1.000000000000000000e+00 -1.000000000000000000e+00 -1.000000000000000000e+00 1.795250000000000057e+02 9.489519999999999982e+02 2.019000000000000128e+00 2.994999999999999885e-01 3.155000000000000027e-01 9.320000000000000506e-01
2.100000000000000000e+01 6.145000000000000000e+03 -1.000000000000000000e+00 -1.000000000000000000e+00 -1.000000000000000000e+00 -1.000000000000000000e+00 -1.000000000000000000e+00 1.584929999999999950e+02 9.275940000000000509e+02 1.024999999999999911e+00 4.074999999999999734e-01 3.800000000000000044e-01 9.014999999999999680e-01
2.100000000000000000e+01 6.165000000000000000e+03 -1.000000000000000000e+00 -1.000000000000000000e+00 -1.000000000000000000e+00 -1.000000000000000000e+00 -1.000000000000000000e+00 1.794970000000000141e+02 9.489930000000000518e+02 2.040999999999999925e+00 2.994999999999999885e-01 3.155000000000000027e-01 9.320000000000000506e-01
2.200000000000000000e+01 6.145000000000000000e+03 -1.000000000000000000e+00 -1.000000000000000000e+00 -1.000000000000000000e+00 -1.000000000000000000e+00 -1.000000000000000000e+00 1.588640000000000043e+02 9.274030000000000200e+02 9.879999999999999893e-01 4.074999999999999734e-01 3.800000000000000044e-01 9.014999999999999680e-01
2.200000000000000000e+01 6.165000000000000000e+03 -1.000000000000000000e+00 -1.000000000000000000e+00 -1.000000000000000000e+00 -1.000000000000000000e+00 -1.000000000000000000e+00 1.794720000000000084e+02 9.490289999999999964e+02 2.060999999999999943e+00 2.994999999999999885e-01 3.155000000000000027e-01 9.320000000000000506e-01
2.300000000000000000e+01 6.145000000000000000e+03 -1.000000000000000000e+00 -1.000000000000000000e+00 -1.000000000000000000e+00 -1.000000000000000000e+00 -1.000000000000000000e+00 1.592899999999999920e+02 9.271029999999999518e+02 9.399999999999999467e-01 4.074999999999999734e-01 3.800000000000000044e-01 9.014999999999999680e-01
2.300000000000000000e+01 6.165000000000000000e+03 -1.000000000000000000e+00 -1.000000000000000000e+00 -1.000000000000000000e+00 -1.000000000000000000e+00 -1.000000000000000000e+00 1.794410000000000025e+02 9.490739999999999554e+02 2.085999999999999854e+00 2.994999999999999885e-01 3.155000000000000027e-01 9.320000000000000506e-01
2.400000000000000000e+01 6.145000000000000000e+03 -1.000000000000000000e+00 -1.000000000000000000e+00 -1.000000000000000000e+00 -1.000000000000000000e+00 -1.000000000000000000e+00 1.595929999999999893e+02 9.266430000000000291e+02 1.004000000000000004e+00 4.074999999999999734e-01 3.800000000000000044e-01 9.014999999999999680e-01
2.400000000000000000e+01 6.165000000000000000e+03 -1.000000000000000000e+00 -1.000000000000000000e+00 -1.000000000000000000e+00 -1.000000000000000000e+00 -1.000000000000000000e+00 1.794099999999999966e+02 9.491200000000000045e+02 2.111000000000000210e+00 2.994999999999999885e-01 3.155000000000000027e-01 9.320000000000000506e-01
2.500000000000000000e+01 6.145000000000000000e+03 -1.000000000000000000e+00 -1.000000000000000000e+00 -1.000000000000000000e+00 -1.000000000000000000e+00 -1.000000000000000000e+00 1.599519999999999982e+02 9.262939999999999827e+02 1.056999999999999940e+00 4.074999999999999734e-01 3.800000000000000044e-01 9.014999999999999680e-01
2.500000000000000000e+01 6.165000000000000000e+03 -1.000000000000000000e+00 -1.000000000000000000e+00 -1.000000000000000000e+00 -1.000000000000000000e+00 -1.000000000000000000e+00 1.793789999999999907e+02 9.491649999999999636e+02 2.136000000000000121e+00 2.994999999999999885e-01 3.155000000000000027e-01 9.320000000000000506e-01
2.600000000000000000e+01 6.145000000000000000e+03 -1.000000000000000000e+00 -1.000000000000000000e+00 -1.000000000000000000e+00 -1.000000000000000000e+00 -1.000000000000000000e+00 1.602479999999999905e+02 9.258909999999999627e+02 1.108999999999999986e+00 4.074999999999999734e-01 3.800000000000000044e-01 9.014999999999999680e-01
2.700000000000000000e+01 6.145000000000000000e+03 -1.000000000000000000e+00 -1.000000000000000000e+00 -1.000000000000000000e+00 -1.000000000000000000e+00 -1.000000000000000000e+00 1.606239999999999952e+02 9.253479999999999563e+02 1.100999999999999979e+00 4.074999999999999734e-01 3.800000000000000044e-01 9.014999999999999680e-01
3.000000000000000000e+01 6.189000000000000000e+03 -1.000000000000000000e+00 -1.000000000000000000e+00 -1.000000000000000000e+00 -1.000000000000000000e+00 -1.000000000000000000e+00 1.270450000000000017e+02 1.005023000000000025e+03 8.549999999999999822e-01 3.305000000000000160e-01 3.380000000000000226e-01 7.730000000000000204e-01
3.100000000000000000e+01 6.189000000000000000e+03 -1.000000000000000000e+00 -1.000000000000000000e+00 -1.000000000000000000e+00 -1.000000000000000000e+00 -1.000000000000000000e+00 1.264180000000000064e+02 1.005605000000000018e+03 8.840000000000000080e-01 3.305000000000000160e-01 3.380000000000000226e-01 7.730000000000000204e-01
3.200000000000000000e+01 6.189000000000000000e+03 -1.000000000000000000e+00 -1.000000000000000000e+00 -1.000000000000000000e+00 -1.000000000000000000e+00 -1.000000000000000000e+00 1.258820000000000050e+02 1.006083999999999946e+03 9.739999999999999769e-01 3.305000000000000160e-01 3.380000000000000226e-01 7.730000000000000204e-01
3.300000000000000000e+01 6.189000000000000000e+03 -1.000000000000000000e+00 -1.000000000000000000e+00 -1.000000000000000000e+00 -1.000000000000000000e+00 -1.000000000000000000e+00 1.253799999999999955e+02 1.006597999999999956e+03 1.062999999999999945e+00 3.305000000000000160e-01 3.380000000000000226e-01 7.730000000000000204e-01
3.400000000000000000e+01 6.189000000000000000e+03 -1.000000000000000000e+00 -1.000000000000000000e+00 -1.000000000000000000e+00 -1.000000000000000000e+00 -1.000000000000000000e+00 1.249129999999999967e+02 1.007144999999999982e+03 1.153000000000000025e+00 3.305000000000000160e-01 3.380000000000000226e-01 7.730000000000000204e-01
3.500000000000000000e+01 6.189000000000000000e+03 -1.000000000000000000e+00 -1.000000000000000000e+00 -1.000000000000000000e+00 -1.000000000000000000e+00 -1.000000000000000000e+00 1.245169999999999959e+02 1.007726999999999975e+03 1.241999999999999993e+00 3.305000000000000160e-01 3.380000000000000226e-01 7.730000000000000204e-01
3.600000000000000000e+01 6.189000000000000000e+03 -1.000000000000000000e+00 -1.000000000000000000e+00 -1.000000000000000000e+00 -1.000000000000000000e+00 -1.000000000000000000e+00 1.240939999999999941e+02 1.008458999999999946e+03 1.350000000000000089e+00 3.305000000000000160e-01 3.380000000000000226e-01 7.730000000000000204e-01
3.700000000000000000e+01 6.189000000000000000e+03 -1.000000000000000000e+00 -1.000000000000000000e+00 -1.000000000000000000e+00 -1.000000000000000000e+00 -1.000000000000000000e+00 1.238050000000000068e+02 1.009158999999999992e+03 1.362999999999999989e+00 3.305000000000000160e-01 3.380000000000000226e-01 7.730000000000000204e-01
3.800000000000000000e+01 6.189000000000000000e+03 -1.000000000000000000e+00 -1.000000000000000000e+00 -1.000000000000000000e+00 -1.000000000000000000e+00 -1.000000000000000000e+00 1.235769999999999982e+02 1.009880999999999972e+03 1.375000000000000000e+00 3.305000000000000160e-01 3.380000000000000226e-01 7.730000000000000204e-01
3.900000000000000000e+01 6.189000000000000000e+03 -1.000000000000000000e+00 -1.000000000000000000e+00 -1.000000000000000000e+00 -1.000000000000000000e+00 -1.000000000000000000e+00 1.233990000000000009e+02 1.010693999999999960e+03 1.389000000000000012e+00 3.305000000000000160e-01 3.380000000000000226e-01 7.730000000000000204e-01
4.000000000000000000e+01 6.189000000000000000e+03 -1.000000000000000000e+00 -1.000000000000000000e+00 -1.000000000000000000e+00 -1.000000000000000000e+00 -1.000000000000000000e+00 1.233029999999999973e+02 1.011445000000000050e+03 1.401999999999999913e+00 3.305000000000000160e-01 3.380000000000000226e-01 7.730000000000000204e-01
