4.000000000000000000e+00 1.453000000000000000e+03 -1.000000000000000000e+00 -1.000000000000000000e+00 -1.000000000000000000e+00 -1.000000000000000000e+00 -1.000000000000000000e+00 1.035615999999999985e+03 1.394404999999999973e+03 4.660000000000000253e-01 2.590000000000000080e-01 3.629999999999999893e-01 8.349999999999999645e-01
5.000000000000000000e+00 1.453000000000000000e+03 -1.000000000000000000e+00 -1.000000000000000000e+00 -1.000000000000000000e+00 -1.000000000000000000e+00 -1.000000000000000000e+00 1.034910000000000082e+03 1.394311999999999898e+03 4.660000000000000253e-01 2.590000000000000080e-01 3.629999999999999893e-01 8.349999999999999645e-01
6.000000000000000000e+00 1.453000000000000000e+03 -1.000000000000000000e+00 -1.000000000000000000e+00 -1.000000000000000000e+00 -1.000000000000000000e+00 -1.000000000000000000e+00 1.034203999999999951e+03 1.394219000000000051e+03 4.660000000000000253e-01 2.590000000000000080e-01 3.629999999999999893e-01 8.349999999999999645e-01
7.000000000000000000e+00 1.453000000000000000e+03 -1.000000000000000000e+00 -1.000000000000000000e+00 -1.000000000000000000e+00 -1.000000000000000000e+00 -1.000000000000000000e+00 1.033498000000000047e+03 1.394125999999999976e+03 4.660000000000000253e-01 2.590000000000000080e-01 3.629999999999999893e-01 8.349999999999999645e-01
8.000000000000000000e+00 1.459000000000000000e+03 -1.000000000000000000e+00 -1.000000000000000000e+00 -1.000000000000000000e+00 -1.000000000000000000e+00 -1.000000000000000000e+00 1.046220000000000027e+03 1.394026000000000067e+03 4.819999999999999840e-01 2.675000000000000155e-01 3.579999999999999849e-01 8.084999999999999964e-01
8.000000000000000000e+00 1.453000000000000000e+03 -1.000000000000000000e+00 -1.000000000000000000e+00 -1.000000000000000000e+00 -1.000000000000000000e+00 -1.000000000000000000e+00 1.032878871414248579e+03 1.394036500119406583e+03 4.838999761186618676e-01 2.590000000000000080e-01 3.629999999999999893e-01 8.349999999999999645e-01
9.000000000000000000e+00 1.453000000000000000e+03 -1.000000000000000000e+00 -1.000000000000000000e+00 -1.000000000000000000e+00 -1.000000000000000000e+00 -1.000000000000000000e+00 1.032321999999999889e+03 1.393955999999999904e+03 5.000000000000000000e-01 2.590000000000000080e-01 3.629999999999999893e-01 8.349999999999999645e-01
9.000000000000000000e+00 1.459000000000000000e+03 -1.000000000000000000e+00 -1.000000000000000000e+00 -1.000000000000000000e+00 -1.000000000000000000e+00 -1.000000000000000000e+00 1.045569999999999936e+03 1.394099999999999909e+03 4.779999999999999805e-01 2.675000000000000155e-01 3.579999999999999849e-01 8.084999999999999964e-01
9.000000000000000000e+00 1.460000000000000000e+03 -1.000000000000000000e+00 -1.000000000000000000e+00 -1.000000000000000000e+00 -1.000000000000000000e+00 -1.000000000000000000e+00 1.043084000000000060e+03 1.410297000000000025e+03 2.760000000000000231e-01 4.465000000000000080e-01 3.629999999999999893e-01 8.810000000000000053e-01
1.000000000000000000e+01 1.453000000000000000e+03 -1.000000000000000000e+00 -1.000000000000000000e+00 -1.000000000000000000e+00 -1.000000000000000000e+00 -1.000000000000000000e+00 1.031730000000000018e+03 1.393900000000000091e+03 5.410000000000000364e-01 2.590000000000000080e-01 3.629999999999999893e-01 8.349999999999999645e-01
1.000000000000000000e+01 1.459000000000000000e+03 -1.000000000000000000e+00 -1.000000000000000000e+00 -1.000000000000000000e+00 -1.000000000000000000e+00 -1.000000000000000000e+00 1.044920000000000073e+03 1.394173999999999978e+03 5.739999999999999547e-01 2.675000000000000155e-01 3.579999999999999849e-01 8.084999999999999964e-01
1.000000000000000000e+01 1.461000000000000000e+03 -1.000000000000000000e+00 -1.000000000000000000e+00 -1.000000000000000000e+00 -1.000000000000000000e+00 -1.000000000000000000e+00 1.055885999999999967e+03 1.398844000000000051e+03 6.500000000000000222e-01 3.335000000000000187e-01 3.890000000000000124e-01 9.655000000000000249e-01
1.000000000000000000e+01 1.460000000000000000e+03 -1.000000000000000000e+00 -1.000000000000000000e+00 -1.000000000000000000e+00 -1.000000000000000000e+00 -1.000000000000000000e+00 1.043201999999999998e+03 1.409636999999999944e+03 4.069999999999999729e-01 4.465000000000000080e-01 3.629999999999999893e-01 8.810000000000000053e-01
1.100000000000000000e+01 1.453000000000000000e+03 -1.000000000000000000e+00 -1.000000000000000000e+00 -1.000000000000000000e+00 -1.000000000000000000e+00 -1.000000000000000000e+00 1.031060999999999922e+03 1.393855999999999995e+03 5.160000000000000142e-01 2.590000000000000080e-01 3.629999999999999893e-01 8.349999999999999645e-01
1.100000000000000000e+01 1.459000000000000000e+03 -1.000000000000000000e+00 -1.000000000000000000e+00 -1.000000000000000000e+00 -1.000000000000000000e+00 -1.000000000000000000e+00 1.044269999999999982e+03 1.394248000000000047e+03 6.199999999999999956e-01 2.675000000000000155e-01 3.579999999999999849e-01 8.084999999999999964e-01
1.100000000000000000e+01 1.461000000000000000e+03 -1.000000000000000000e+00 -1.000000000000000000e+00 -1.000000000000000000e+00 -1.000000000000000000e+00 -1.000000000000000000e+00 1.055319999999999936e+03 1.399540999999999940e+03 6.840000000000000524e-01 3.335000000000000187e-01 3.890000000000000124e-01 9.655000000000000249e-01
1.100000000000000000e+01 1.460000000000000000e+03 -1.000000000000000000e+00 -1.000000000000000000e+00 -1.000000000000000000e+00 -1.000000000000000000e+00 -1.000000000000000000e+00 1.043278000000000020e+03 1.409031999999999925e+03 5.370000000000000329e-01 4.465000000000000080e-01 3.629999999999999893e-01 8.810000000000000053e-01
1.200000000000000000e+01 1.453000000000000000e+03 -1.000000000000000000e+00 -1.000000000000000000e+00 -1.000000000000000000e+00 -1.000000000000000000e+00 -1.000000000000000000e+00 1.030204999999999927e+03 1.393838999999999942e+03 4.829999999999999849e-01 2.590000000000000080e-01 3.629999999999999893e-01 8.349999999999999645e-01
1.200000000000000000e+01 1.459000000000000000e+03 -1.000000000000000000e+00 -1.000000000000000000e+00 -1.000000000000000000e+00 -1.000000000000000000e+00 -1.000000000000000000e+00 1.043619999999999891e+03 1.394321999999999889e+03 6.660000000000000364e-01 2.675000000000000155e-01 3.579999999999999849e-01 8.084999999999999964e-01
1.200000000000000000e+01 1.461000000000000000e+03 -1.000000000000000000e+00 -1.000000000000000000e+00 -1.000000000000000000e+00 -1.000000000000000000e+00 -1.000000000000000000e+00 1.054823000000000093e+03 1.400250000000000000e+03 6.680000000000000382e-01 3.335000000000000187e-01 3.890000000000000124e-01 9.655000000000000249e-01
1.200000000000000000e+01 1.460000000000000000e+03 -1.000000000000000000e+00 -1.000000000000000000e+00 -1.000000000000000000e+00 -1.000000000000000000e+00 -1.000000000000000000e+00 1.043496000000000095e+03 1.408397999999999911e+03 5.010000000000000009e-01 4.465000000000000080e-01 3.629999999999999893e-01 8.810000000000000053e-01
1.300000000000000000e+01 1.453000000000000000e+03 -1.000000000000000000e+00 -1.000000000000000000e+00 -1.000000000000000000e+00 -1.000000000000000000e+00 -1.000000000000000000e+00 1.029590999999999894e+03 1.393809999999999945e+03 5.000000000000000000e-01 2.590000000000000080e-01 3.629999999999999893e-01 8.349999999999999645e-01
1.300000000000000000e+01 1.463000000000000000e+03 -1.000000000000000000e+00 -1.000000000000000000e+00 -1.000000000000000000e+00 -1.000000000000000000e+00 -1.000000000000000000e+00 1.065657999999999902e+03 1.393855000000000018e+03 9.959999999999999964e-01 3.689999999999999947e-01 4.045000000000000262e-01 8.415000000000000258e-01
1.300000000000000000e+01 1.459000000000000000e+03 -1.000000000000000000e+00 -1.000000000000000000e+00 -1.000000000000000000e+00 -1.000000000000000000e+00 -1.000000000000000000e+00 1.043019000000000005e+03 1.394261999999999944e+03 6.490000000000000213e-01 2.675000000000000155e-01 3.579999999999999849e-01 8.084999999999999964e-01
1.300000000000000000e+01 1.464000000000000000e+03 -1.000000000000000000e+00 -1.000000000000000000e+00 -1.000000000000000000e+00 -1.000000000000000000e+00 -1.000000000000000000e+00 1.065963999999999942e+03 1.394621000000000095e+03 9.599999999999999645e-01 3.220000000000000084e-01 4.570000000000000173e-01 8.589999999999999858e-01
1.300000000000000000e+01 1.461000000000000000e+03 -1.000000000000000000e+00 -1.000000000000000000e+00 -1.000000000000000000e+00 -1.000000000000000000e+00 -1.000000000000000000e+00 1.054540999999999940e+03 1.400787000000000035e+03 6.029999999999999805e-01 3.335000000000000187e-01 3.890000000000000124e-01 9.655000000000000249e-01
1.300000000000000000e+01 1.460000000000000000e+03 -1.000000000000000000e+00 -1.000000000000000000e+00 -1.000000000000000000e+00 -1.000000000000000000e+00 -1.000000000000000000e+00 1.043742999999999938e+03 1.407656999999999925e+03 4.650000000000000244e-01 4.465000000000000080e-01 3.629999999999999893e-01 8.810000000000000053e-01
1.400000000000000000e+01 1.453000000000000000e+03 -1.000000000000000000e+00 -1.000000000000000000e+00 -1.000000000000000000e+00 -1.000000000000000000e+00 -1.000000000000000000e+00 1.029185999999999922e+03 1.393857999999999947e+03 6.660000000000000364e-01 2.590000000000000080e-01 3.629999999999999893e-01 8.349999999999999645e-01
1.400000000000000000e+01 1.463000000000000000e+03 -1.000000000000000000e+00 -1.000000000000000000e+00 -1.000000000000000000e+00 -1.000000000000000000e+00 -1.000000000000000000e+00 1.065150000000000091e+03 1.393855999999999995e+03 9.799999999999999822e-01 3.689999999999999947e-01 4.045000000000000262e-01 8.415000000000000258e-01
1.400000000000000000e+01 1.459000000000000000e+03 -1.000000000000000000e+00 -1.000000000000000000e+00 -1.000000000000000000e+00 -1.000000000000000000e+00 -1.000000000000000000e+00 1.042414999999999964e+03 1.394242999999999938e+03 6.830000000000000515e-01 2.675000000000000155e-01 3.579999999999999849e-01 8.084999999999999964e-01
1.400000000000000000e+01 1.464000000000000000e+03 -1.000000000000000000e+00 -1.000000000000000000e+00 -1.000000000000000000e+00 -1.000000000000000000e+00 -1.000000000000000000e+00 1.065396999999999935e+03 1.394718000000000075e+03 1.014000000000000012e+00 3.220000000000000084e-01 4.570000000000000173e-01 8.589999999999999858e-01
1.400000000000000000e+01 1.460000000000000000e+03 -1.000000000000000000e+00 -1.000000000000000000e+00 -1.000000000000000000e+00 -1.000000000000000000e+00 -1.000000000000000000e+00 1.044080999999999904e+03 1.406888999999999896e+03 4.819999999999999840e-01 4.465000000000000080e-01 3.629999999999999893e-01 8.810000000000000053e-01
1.400000000000000000e+01 1.461000000000000000e+03 -1.000000000000000000e+00 -1.000000000000000000e+00 -1.000000000000000000e+00 -1.000000000000000000e+00 -1.000000000000000000e+00 1.054110002586579412e+03 1.401482495826065133e+03 6.020000060013441789e-01 3.335000000000000187e-01 3.890000000000000124e-01 9.655000000000000249e-01
1.500000000000000000e+01 1.453000000000000000e+03 -1.000000000000000000e+00 -1.000000000000000000e+00 -1.000000000000000000e+00 -1.000000000000000000e+00 -1.000000000000000000e+00 1.028488000000000056e+03 1.393767000000000053e+03 6.660000000000000364e-01 2.590000000000000080e-01 3.629999999999999893e-01 8.349999999999999645e-01
1.500000000000000000e+01 1.463000000000000000e+03 -1.000000000000000000e+00 -1.000000000000000000e+00 -1.000000000000000000e+00 -1.000000000000000000e+00 -1.000000000000000000e+00 1.064557000000000016e+03 1.393932999999999993e+03 8.479999999999999760e-01 3.689999999999999947e-01 4.045000000000000262e-01 8.415000000000000258e-01
1.500000000000000000e+01 1.459000000000000000e+03 -1.000000000000000000e+00 -1.000000000000000000e+00 -1.000000000000000000e+00 -1.000000000000000000e+00 -1.000000000000000000e+00 1.041634999999999991e+03 1.394219000000000051e+03 5.749999999999999556e-01 2.675000000000000155e-01 3.579999999999999849e-01 8.084999999999999964e-01
1.500000000000000000e+01 1.464000000000000000e+03 -1.000000000000000000e+00 -1.000000000000000000e+00 -1.000000000000000000e+00 -1.000000000000000000e+00 -1.000000000000000000e+00 1.064734999999999900e+03 1.394866999999999962e+03 8.169999999999999485e-01 3.220000000000000084e-01 4.570000000000000173e-01 8.589999999999999858e-01
1.500000000000000000e+01 1.461000000000000000e+03 -1.000000000000000000e+00 -1.000000000000000000e+00 -1.000000000000000000e+00 -1.000000000000000000e+00 -1.000000000000000000e+00 1.053679000000000087e+03 1.402178000000000111e+03 6.009999999999999787e-01 3.335000000000000187e-01 3.890000000000000124e-01 9.655000000000000249e-01
1.500000000000000000e+01 1.460000000000000000e+03 -1.000000000000000000e+00 -1.000000000000000000e+00 -1.000000000000000000e+00 -1.000000000000000000e+00 -1.000000000000000000e+00 1.044280999999999949e+03 1.406125999999999976e+03 4.979999999999999982e-01 4.465000000000000080e-01 3.629999999999999893e-01 8.810000000000000053e-01
1.600000000000000000e+01 1.453000000000000000e+03 -1.000000000000000000e+00 -1.000000000000000000e+00 -1.000000000000000000e+00 -1.000000000000000000e+00 -1.000000000000000000e+00 1.027784000000000106e+03 1.393726000000000113e+03 6.660000000000000364e-01 2.590000000000000080e-01 3.629999999999999893e-01 8.349999999999999645e-01
1.600000000000000000e+01 1.463000000000000000e+03 -1.000000000000000000e+00 -1.000000000000000000e+00 -1.000000000000000000e+00 -1.000000000000000000e+00 -1.000000000000000000e+00 1.063979000000000042e+03 1.394086999999999989e+03 7.409999999999999920e-01 3.689999999999999947e-01 4.045000000000000262e-01 8.415000000000000258e-01
1.600000000000000000e+01 1.459000000000000000e+03 -1.000000000000000000e+00 -1.000000000000000000e+00 -1.000000000000000000e+00 -1.000000000000000000e+00 -1.000000000000000000e+00 1.040855000000000018e+03 1.394194999999999936e+03 6.169999999999999929e-01 2.675000000000000155e-01 3.579999999999999849e-01 8.084999999999999964e-01
1.600000000000000000e+01 1.464000000000000000e+03 -1.000000000000000000e+00 -1.000000000000000000e+00 -1.000000000000000000e+00 -1.000000000000000000e+00 -1.000000000000000000e+00 1.064078999999999951e+03 1.395044000000000096e+03 7.700000000000000178e-01 3.220000000000000084e-01 4.570000000000000173e-01 8.589999999999999858e-01
1.600000000000000000e+01 1.461000000000000000e+03 -1.000000000000000000e+00 -1.000000000000000000e+00 -1.000000000000000000e+00 -1.000000000000000000e+00 -1.000000000000000000e+00 1.053259999999999991e+03 1.402880000000000109e+03 6.250000000000000000e-01 3.335000000000000187e-01 3.890000000000000124e-01 9.655000000000000249e-01
1.600000000000000000e+01 1.460000000000000000e+03 -1.000000000000000000e+00 -1.000000000000000000e+00 -1.000000000000000000e+00 -1.000000000000000000e+00 -1.000000000000000000e+00 1.044480000000000018e+03 1.405364000000000033e+03 5.150000000000000133e-01 4.465000000000000080e-01 3.629999999999999893e-01 8.810000000000000053e-01
1.700000000000000000e+01 1.453000000000000000e+03 -1.000000000000000000e+00 -1.000000000000000000e+00 -1.000000000000000000e+00 -1.000000000000000000e+00 -1.000000000000000000e+00 1.027085000000000036e+03 1.393625000000000000e+03 6.660000000000000364e-01 2.590000000000000080e-01 3.629999999999999893e-01 8.349999999999999645e-01
1.700000000000000000e+01 1.463000000000000000e+03 -1.000000000000000000e+00 -1.000000000000000000e+00 -1.000000000000000000e+00 -1.000000000000000000e+00 -1.000000000000000000e+00 1.063359999999999900e+03 1.394344000000000051e+03 7.840000000000000302e-01 3.689999999999999947e-01 4.045000000000000262e-01 8.415000000000000258e-01
1.700000000000000000e+01 1.459000000000000000e+03 -1.000000000000000000e+00 -1.000000000000000000e+00 -1.000000000000000000e+00 -1.000000000000000000e+00 -1.000000000000000000e+00 1.040075000000000045e+03 1.394170000000000073e+03 6.340000000000000080e-01 2.675000000000000155e-01 3.579999999999999849e-01 8.084999999999999964e-01
1.700000000000000000e+01 1.464000000000000000e+03 -1.000000000000000000e+00 -1.000000000000000000e+00 -1.000000000000000000e+00 -1.000000000000000000e+00 -1.000000000000000000e+00 1.063436999999999898e+03 1.395317999999999984e+03 7.850000000000000311e-01 3.220000000000000084e-01 4.570000000000000173e-01 8.589999999999999858e-01
1.700000000000000000e+01 1.461000000000000000e+03 -1.000000000000000000e+00 -1.000000000000000000e+00 -1.000000000000000000e+00 -1.000000000000000000e+00 -1.000000000000000000e+00 1.052782999999999902e+03 1.403655999999999949e+03 5.849999999999999645e-01 3.335000000000000187e-01 3.890000000000000124e-01 9.655000000000000249e-01
1.700000000000000000e+01 1.460000000000000000e+03 -1.000000000000000000e+00 -1.000000000000000000e+00 -1.000000000000000000e+00 -1.000000000000000000e+00 -1.000000000000000000e+00 1.044795000000000073e+03 1.404624000000000024e+03 5.320000000000000284e-01 4.465000000000000080e-01 3.629999999999999893e-01 8.810000000000000053e-01
1.700000000000000000e+01 1.465000000000000000e+03 -1.000000000000000000e+00 -1.000000000000000000e+00 -1.000000000000000000e+00 -1.000000000000000000e+00 -1.000000000000000000e+00 1.084731999999999971e+03 1.369134999999999991e+03 9.200000000000000400e-01 3.235000000000000098e-01 4.045000000000000262e-01 7.680000000000000160e-01
1.800000000000000000e+01 1.453000000000000000e+03 -1.000000000000000000e+00 -1.000000000000000000e+00 -1.000000000000000000e+00 -1.000000000000000000e+00 -1.000000000000000000e+00 1.026403000000000020e+03 1.393439000000000078e+03 6.660000000000000364e-01 2.590000000000000080e-01 3.629999999999999893e-01 8.349999999999999645e-01
1.800000000000000000e+01 1.463000000000000000e+03 -1.000000000000000000e+00 -1.000000000000000000e+00 -1.000000000000000000e+00 -1.000000000000000000e+00 -1.000000000000000000e+00 1.062730999999999995e+03 1.394612000000000080e+03 7.439999999999999947e-01 3.689999999999999947e-01 4.045000000000000262e-01 8.415000000000000258e-01
1.800000000000000000e+01 1.459000000000000000e+03 -1.000000000000000000e+00 -1.000000000000000000e+00 -1.000000000000000000e+00 -1.000000000000000000e+00 -1.000000000000000000e+00 1.039295000000000073e+03 1.394145999999999958e+03 6.510000000000000231e-01 2.675000000000000155e-01 3.579999999999999849e-01 8.084999999999999964e-01
1.800000000000000000e+01 1.464000000000000000e+03 -1.000000000000000000e+00 -1.000000000000000000e+00 -1.000000000000000000e+00 -1.000000000000000000e+00 -1.000000000000000000e+00 1.062795000000000073e+03 1.395593000000000075e+03 7.489999999999999991e-01 3.220000000000000084e-01 4.570000000000000173e-01 8.589999999999999858e-01
1.800000000000000000e+01 1.461000000000000000e+03 -1.000000000000000000e+00 -1.000000000000000000e+00 -1.000000000000000000e+00 -1.000000000000000000e+00 -1.000000000000000000e+00 1.052402000000000044e+03 1.404363000000000056e+03 5.590000000000000524e-01 3.335000000000000187e-01 3.890000000000000124e-01 9.655000000000000249e-01
1.800000000000000000e+01 1.460000000000000000e+03 -1.000000000000000000e+00 -1.000000000000000000e+00 -1.000000000000000000e+00 -1.000000000000000000e+00 -1.000000000000000000e+00 1.045117999999999938e+03 1.403886999999999944e+03 5.480000000000000426e-01 4.465000000000000080e-01 3.629999999999999893e-01 8.810000000000000053e-01
1.900000000000000000e+01 1.453000000000000000e+03 -1.000000000000000000e+00 -1.000000000000000000e+00 -1.000000000000000000e+00 -1.000000000000000000e+00 -1.000000000000000000e+00 1.025711000000000013e+03 1.393243999999999915e+03 6.850000000000000533e-01 2.590000000000000080e-01 3.629999999999999893e-01 8.349999999999999645e-01
1.900000000000000000e+01 1.463000000000000000e+03 -1.000000000000000000e+00 -1.000000000000000000e+00 -1.000000000000000000e+00 -1.000000000000000000e+00 -1.000000000000000000e+00 1.062055000000000064e+03 1.394941000000000031e+03 7.039999999999999591e-01 3.689999999999999947e-01 4.045000000000000262e-01 8.415000000000000258e-01
1.900000000000000000e+01 1.459000000000000000e+03 -1.000000000000000000e+00 -1.000000000000000000e+00 -1.000000000000000000e+00 -1.000000000000000000e+00 -1.000000000000000000e+00 1.038516000000000076e+03 1.394122000000000071e+03 6.430000000000000160e-01 2.675000000000000155e-01 3.579999999999999849e-01 8.084999999999999964e-01
1.900000000000000000e+01 1.464000000000000000e+03 -1.000000000000000000e+00 -1.000000000000000000e+00 -1.000000000000000000e+00 -1.000000000000000000e+00 -1.000000000000000000e+00 1.062152000000000044e+03 1.395866999999999962e+03 7.299999999999999822e-01 3.220000000000000084e-01 4.570000000000000173e-01 8.589999999999999858e-01
1.900000000000000000e+01 1.461000000000000000e+03 -1.000000000000000000e+00 -1.000000000000000000e+00 -1.000000000000000000e+00 -1.000000000000000000e+00 -1.000000000000000000e+00 1.051980999999999995e+03 1.405373000000000047e+03 5.270000000000000240e-01 3.335000000000000187e-01 3.890000000000000124e-01 9.655000000000000249e-01
1.900000000000000000e+01 1.460000000000000000e+03 -1.000000000000000000e+00 -1.000000000000000000e+00 -1.000000000000000000e+00 -1.000000000000000000e+00 -1.000000000000000000e+00 1.045365000000000009e+03 1.403318999999999960e+03 5.580000000000000515e-01 4.465000000000000080e-01 3.629999999999999893e-01 8.810000000000000053e-01
2.000000000000000000e+01 1.453000000000000000e+03 -1.000000000000000000e+00 -1.000000000000000000e+00 -1.000000000000000000e+00 -1.000000000000000000e+00 -1.000000000000000000e+00 1.025032999999999902e+03 1.393119999999999891e+03 7.039999999999999591e-01 2.590000000000000080e-01 3.629999999999999893e-01 8.349999999999999645e-01
2.000000000000000000e+01 1.463000000000000000e+03 -1.000000000000000000e+00 -1.000000000000000000e+00 -1.000000000000000000e+00 -1.000000000000000000e+00 -1.000000000000000000e+00 1.061471999999999980e+03 1.395145999999999958e+03 7.139999999999999680e-01 3.689999999999999947e-01 4.045000000000000262e-01 8.415000000000000258e-01
2.000000000000000000e+01 1.459000000000000000e+03 -1.000000000000000000e+00 -1.000000000000000000e+00 -1.000000000000000000e+00 -1.000000000000000000e+00 -1.000000000000000000e+00 1.037644000000000005e+03 1.394147999999999911e+03 7.189999999999999725e-01 2.675000000000000155e-01 3.579999999999999849e-01 8.084999999999999964e-01
2.000000000000000000e+01 1.464000000000000000e+03 -1.000000000000000000e+00 -1.000000000000000000e+00 -1.000000000000000000e+00 -1.000000000000000000e+00 -1.000000000000000000e+00 1.061539999999999964e+03 1.396088999999999942e+03 6.999999999999999556e-01 3.220000000000000084e-01 4.570000000000000173e-01 8.589999999999999858e-01
2.000000000000000000e+01 1.461000000000000000e+03 -1.000000000000000000e+00 -1.000000000000000000e+00 -1.000000000000000000e+00 -1.000000000000000000e+00 -1.000000000000000000e+00 1.051732999999999947e+03 1.406270999999999958e+03 4.809999999999999831e-01 3.335000000000000187e-01 3.890000000000000124e-01 9.655000000000000249e-01
2.000000000000000000e+01 1.460000000000000000e+03 -1.000000000000000000e+00 -1.000000000000000000e+00 -1.000000000000000000e+00 -1.000000000000000000e+00 -1.000000000000000000e+00 1.045637999999999920e+03 1.402762999999999920e+03 5.679999999999999494e-01 4.465000000000000080e-01 3.629999999999999893e-01 8.810000000000000053e-01
2.100000000000000000e+01 1.453000000000000000e+03 -1.000000000000000000e+00 -1.000000000000000000e+00 -1.000000000000000000e+00 -1.000000000000000000e+00 -1.000000000000000000e+00 1.024347999999999956e+03 1.392961000000000013e+03 7.229999999999999760e-01 2.590000000000000080e-01 3.629999999999999893e-01 8.349999999999999645e-01
2.100000000000000000e+01 1.463000000000000000e+03 -1.000000000000000000e+00 -1.000000000000000000e+00 -1.000000000000000000e+00 -1.000000000000000000e+00 -1.000000000000000000e+00 1.060910000000000082e+03 1.395417999999999893e+03 6.700000000000000400e-01 3.689999999999999947e-01 4.045000000000000262e-01 8.415000000000000258e-01
2.100000000000000000e+01 1.459000000000000000e+03 -1.000000000000000000e+00 -1.000000000000000000e+00 -1.000000000000000000e+00 -1.000000000000000000e+00 -1.000000000000000000e+00 1.036771999999999935e+03 1.394173999999999978e+03 6.949999999999999512e-01 2.675000000000000155e-01 3.579999999999999849e-01 8.084999999999999964e-01
2.100000000000000000e+01 1.464000000000000000e+03 -1.000000000000000000e+00 -1.000000000000000000e+00 -1.000000000000000000e+00 -1.000000000000000000e+00 -1.000000000000000000e+00 1.060994999999999891e+03 1.396250000000000000e+03 6.700000000000000400e-01 3.220000000000000084e-01 4.570000000000000173e-01 8.589999999999999858e-01
2.100000000000000000e+01 1.461000000000000000e+03 -1.000000000000000000e+00 -1.000000000000000000e+00 -1.000000000000000000e+00 -1.000000000000000000e+00 -1.000000000000000000e+00 1.051482999999999947e+03 1.407250999999999976e+03 5.190000000000000169e-01 3.335000000000000187e-01 3.890000000000000124e-01 9.655000000000000249e-01
2.100000000000000000e+01 1.460000000000000000e+03 -1.000000000000000000e+00 -1.000000000000000000e+00 -1.000000000000000000e+00 -1.000000000000000000e+00 -1.000000000000000000e+00 1.045844000000000051e+03 1.402161000000000058e+03 5.779999999999999583e-01 4.465000000000000080e-01 3.629999999999999893e-01 8.810000000000000053e-01
2.200000000000000000e+01 1.463000000000000000e+03 -1.000000000000000000e+00 -1.000000000000000000e+00 -1.000000000000000000e+00 -1.000000000000000000e+00 -1.000000000000000000e+00 1.060347999999999956e+03 1.395646999999999935e+03 6.770000000000000462e-01 3.689999999999999947e-01 4.045000000000000262e-01 8.415000000000000258e-01
2.200000000000000000e+01 1.459000000000000000e+03 -1.000000000000000000e+00 -1.000000000000000000e+00 -1.000000000000000000e+00 -1.000000000000000000e+00 -1.000000000000000000e+00 1.035900000000000091e+03 1.394200000000000045e+03 6.720000000000000417e-01 2.675000000000000155e-01 3.579999999999999849e-01 8.084999999999999964e-01
2.200000000000000000e+01 1.464000000000000000e+03 -1.000000000000000000e+00 -1.000000000000000000e+00 -1.000000000000000000e+00 -1.000000000000000000e+00 -1.000000000000000000e+00 1.060253999999999905e+03 1.396454999999999927e+03 6.400000000000000133e-01 3.220000000000000084e-01 4.570000000000000173e-01 8.589999999999999858e-01
2.200000000000000000e+01 1.461000000000000000e+03 -1.000000000000000000e+00 -1.000000000000000000e+00 -1.000000000000000000e+00 -1.000000000000000000e+00 -1.000000000000000000e+00 1.051185999999999922e+03 1.408089999999999918e+03 5.560000000000000497e-01 3.335000000000000187e-01 3.890000000000000124e-01 9.655000000000000249e-01
2.200000000000000000e+01 1.460000000000000000e+03 -1.000000000000000000e+00 -1.000000000000000000e+00 -1.000000000000000000e+00 -1.000000000000000000e+00 -1.000000000000000000e+00 1.046155999999999949e+03 1.401614000000000033e+03 5.879999999999999671e-01 4.465000000000000080e-01 3.629999999999999893e-01 8.810000000000000053e-01
2.300000000000000000e+01 1.463000000000000000e+03 -1.000000000000000000e+00 -1.000000000000000000e+00 -1.000000000000000000e+00 -1.000000000000000000e+00 -1.000000000000000000e+00 1.059897999999999911e+03 1.395835000000000036e+03 6.340000000000000080e-01 3.689999999999999947e-01 4.045000000000000262e-01 8.415000000000000258e-01
2.300000000000000000e+01 1.459000000000000000e+03 -1.000000000000000000e+00 -1.000000000000000000e+00 -1.000000000000000000e+00 -1.000000000000000000e+00 -1.000000000000000000e+00 1.035058999999999969e+03 1.394172000000000025e+03 6.979999999999999538e-01 2.675000000000000155e-01 3.579999999999999849e-01 8.084999999999999964e-01
2.300000000000000000e+01 1.464000000000000000e+03 -1.000000000000000000e+00 -1.000000000000000000e+00 -1.000000000000000000e+00 -1.000000000000000000e+00 -1.000000000000000000e+00 1.059741999999999962e+03 1.396693999999999960e+03 6.600000000000000311e-01 3.220000000000000084e-01 4.570000000000000173e-01 8.589999999999999858e-01
2.300000000000000000e+01 1.460000000000000000e+03 -1.000000000000000000e+00 -1.000000000000000000e+00 -1.000000000000000000e+00 -1.000000000000000000e+00 -1.000000000000000000e+00 1.046528000000000020e+03 1.401108999999999924e+03 5.979999999999999760e-01 4.465000000000000080e-01 3.629999999999999893e-01 8.810000000000000053e-01
2.400000000000000000e+01 1.463000000000000000e+03 -1.000000000000000000e+00 -1.000000000000000000e+00 -1.000000000000000000e+00 -1.000000000000000000e+00 -1.000000000000000000e+00 1.059306000000000040e+03 1.395851000000000113e+03 7.409999999999999920e-01 3.689999999999999947e-01 4.045000000000000262e-01 8.415000000000000258e-01
2.400000000000000000e+01 1.464000000000000000e+03 -1.000000000000000000e+00 -1.000000000000000000e+00 -1.000000000000000000e+00 -1.000000000000000000e+00 -1.000000000000000000e+00 1.059094000000000051e+03 1.396788000000000011e+03 6.800000000000000488e-01 3.220000000000000084e-01 4.570000000000000173e-01 8.589999999999999858e-01
2.400000000000000000e+01 1.460000000000000000e+03 -1.000000000000000000e+00 -1.000000000000000000e+00 -1.000000000000000000e+00 -1.000000000000000000e+00 -1.000000000000000000e+00 1.047086000000000013e+03 1.400730000000000018e+03 7.399999999999999911e-01 4.465000000000000080e-01 3.629999999999999893e-01 8.810000000000000053e-01
2.500000000000000000e+01 1.463000000000000000e+03 -1.000000000000000000e+00 -1.000000000000000000e+00 -1.000000000000000000e+00 -1.000000000000000000e+00 -1.000000000000000000e+00 1.058714999999999918e+03 1.395801999999999907e+03 6.730000000000000426e-01 3.689999999999999947e-01 4.045000000000000262e-01 8.415000000000000258e-01
2.500000000000000000e+01 1.464000000000000000e+03 -1.000000000000000000e+00 -1.000000000000000000e+00 -1.000000000000000000e+00 -1.000000000000000000e+00 -1.000000000000000000e+00 1.058441000000000031e+03 1.396838999999999942e+03 6.999999999999999556e-01 3.220000000000000084e-01 4.570000000000000173e-01 8.589999999999999858e-01
2.600000000000000000e+01 1.463000000000000000e+03 -1.000000000000000000e+00 -1.000000000000000000e+00 -1.000000000000000000e+00 -1.000000000000000000e+00 -1.000000000000000000e+00 1.058134000000000015e+03 1.395685999999999922e+03 6.049999999999999822e-01 3.689999999999999947e-01 4.045000000000000262e-01 8.415000000000000258e-01
2.600000000000000000e+01 1.464000000000000000e+03 -1.000000000000000000e+00 -1.000000000000000000e+00 -1.000000000000000000e+00 -1.000000000000000000e+00 -1.000000000000000000e+00 1.057787000000000035e+03 1.396846999999999980e+03 5.200000000000000178e-01 3.220000000000000084e-01 4.570000000000000173e-01 8.589999999999999858e-01
2.700000000000000000e+01 1.463000000000000000e+03 -1.000000000000000000e+00 -1.000000000000000000e+00 -1.000000000000000000e+00 -1.000000000000000000e+00 -1.000000000000000000e+00 1.057545000000000073e+03 1.395519000000000005e+03 6.590000000000000302e-01 3.689999999999999947e-01 4.045000000000000262e-01 8.415000000000000258e-01
2.700000000000000000e+01 1.464000000000000000e+03 -1.000000000000000000e+00 -1.000000000000000000e+00 -1.000000000000000000e+00 -1.000000000000000000e+00 -1.000000000000000000e+00 1.057133000000000038e+03 1.396810999999999922e+03 5.899999999999999689e-01 3.220000000000000084e-01 4.570000000000000173e-01 8.589999999999999858e-01
2.800000000000000000e+01 1.463000000000000000e+03 -1.000000000000000000e+00 -1.000000000000000000e+00 -1.000000000000000000e+00 -1.000000000000000000e+00 -1.000000000000000000e+00 1.056951000000000022e+03 1.395367999999999938e+03 6.630000000000000338e-01 3.689999999999999947e-01 4.045000000000000262e-01 8.415000000000000258e-01
2.800000000000000000e+01 1.464000000000000000e+03 -1.000000000000000000e+00 -1.000000000000000000e+00 -1.000000000000000000e+00 -1.000000000000000000e+00 -1.000000000000000000e+00 1.056482999999999947e+03 1.396732999999999947e+03 5.600000000000000533e-01 3.220000000000000084e-01 4.570000000000000173e-01 8.589999999999999858e-01
2.900000000000000000e+01 1.463000000000000000e+03 -1.000000000000000000e+00 -1.000000000000000000e+00 -1.000000000000000000e+00 -1.000000000000000000e+00 -1.000000000000000000e+00 1.056356999999999971e+03 1.395217000000000098e+03 7.159999999999999698e-01 3.689999999999999947e-01 4.045000000000000262e-01 8.415000000000000258e-01
2.900000000000000000e+01 1.464000000000000000e+03 -1.000000000000000000e+00 -1.000000000000000000e+00 -1.000000000000000000e+00 -1.000000000000000000e+00 -1.000000000000000000e+00 1.055874000000000024e+03 1.396511999999999944e+03 6.199999999999999956e-01 3.220000000000000084e-01 4.570000000000000173e-01 8.589999999999999858e-01
3.800000000000000000e+01 1.469000000000000000e+03 -1.000000000000000000e+00 -1.000000000000000000e+00 -1.000000000000000000e+00 -1.000000000000000000e+00 -1.000000000000000000e+00 1.154260999999999967e+03 1.401738000000000056e+03 5.010000000000000009e-01 3.004999999999999893e-01 3.699999999999999956e-01 9.515000000000000124e-01
3.900000000000000000e+01 1.469000000000000000e+03 -1.000000000000000000e+00 -1.000000000000000000e+00 -1.000000000000000000e+00 -1.000000000000000000e+00 -1.000000000000000000e+00 1.154268000000000029e+03 1.401155999999999949e+03 6.209999999999999964e-01 3.004999999999999893e-01 3.699999999999999956e-01 9.515000000000000124e-01
4.000000000000000000e+01 1.469000000000000000e+03 -1.000000000000000000e+00 -1.000000000000000000e+00 -1.000000000000000000e+00 -1.000000000000000000e+00 -1.000000000000000000e+00 1.154275000000000091e+03 1.400573000000000093e+03 6.420000000000000151e-01 3.004999999999999893e-01 3.699999999999999956e-01 9.515000000000000124e-01
