1.000000000000000000e+00 2.017000000000000000e+03 -1.000000000000000000e+00 -1.000000000000000000e+00 -1.000000000000000000e+00 -1.000000000000000000e+00 -1.000000000000000000e+00 3.536549999999999727e+02 1.112334000000000060e+03 1.082999999999999963e+00 1.213500000000000023e+00 2.555499999999999883e+00 9.699999999999999734e-01
2.000000000000000000e+00 2.017000000000000000e+03 -1.000000000000000000e+00 -1.000000000000000000e+00 -1.000000000000000000e+00 -1.000000000000000000e+00 -1.000000000000000000e+00 3.536549999999999727e+02 1.112334000000000060e+03 1.082999999999999963e+00 1.213500000000000023e+00 2.555499999999999883e+00 9.699999999999999734e-01
3.000000000000000000e+00 2.017000000000000000e+03 -1.000000000000000000e+00 -1.000000000000000000e+00 -1.000000000000000000e+00 -1.000000000000000000e+00 -1.000000000000000000e+00 3.536549999999999727e+02 1.112334000000000060e+03 1.082999999999999963e+00 1.213500000000000023e+00 2.555499999999999883e+00 9.699999999999999734e-01
4.000000000000000000e+00 2.017000000000000000e+03 -1.000000000000000000e+00 -1.000000000000000000e+00 -1.000000000000000000e+00 -1.000000000000000000e+00 -1.000000000000000000e+00 3.536549999999999727e+02 1.112334000000000060e+03 1.082999999999999963e+00 1.213500000000000023e+00 2.555499999999999883e+00 9.699999999999999734e-01
5.000000000000000000e+00 2.017000000000000000e+03 -1.000000000000000000e+00 -1.000000000000000000e+00 -1.000000000000000000e+00 -1.000000000000000000e+00 -1.000000000000000000e+00 3.536549999999999727e+02 1.112334000000000060e+03 1.082999999999999963e+00 1.213500000000000023e+00 2.555499999999999883e+00 9.699999999999999734e-01
6.000000000000000000e+00 2.017000000000000000e+03 -1.000000000000000000e+00 -1.000000000000000000e+00 -1.000000000000000000e+00 -1.000000000000000000e+00 -1.000000000000000000e+00 3.536549999999999727e+02 1.112334000000000060e+03 1.082999999999999963e+00 1.213500000000000023e+00 2.555499999999999883e+00 9.699999999999999734e-01
7.000000000000000000e+00 2.017000000000000000e+03 -1.000000000000000000e+00 -1.000000000000000000e+00 -1.000000000000000000e+00 -1.000000000000000000e+00 -1.000000000000000000e+00 3.536549999999999727e+02 1.112334000000000060e+03 1.100000000000000089e+00 1.213500000000000023e+00 2.555499999999999883e+00 9.699999999999999734e-01
8.000000000000000000e+00 2.017000000000000000e+03 -1.000000000000000000e+00 -1.000000000000000000e+00 -1.000000000000000000e+00 -1.000000000000000000e+00 -1.000000000000000000e+00 3.536549999999999727e+02 1.112334000000000060e+03 1.116000000000000103e+00 1.213500000000000023e+00 2.555499999999999883e+00 9.699999999999999734e-01
9.000000000000000000e+00 2.017000000000000000e+03 -1.000000000000000000e+00 -1.000000000000000000e+00 -1.000000000000000000e+00 -1.000000000000000000e+00 -1.000000000000000000e+00 3.536549999999999727e+02 1.112334000000000060e+03 1.133000000000000007e+00 1.213500000000000023e+00 2.555499999999999883e+00 9.699999999999999734e-01
1.000000000000000000e+01 2.017000000000000000e+03 -1.000000000000000000e+00 -1.000000000000000000e+00 -1.000000000000000000e+00 -1.000000000000000000e+00 -1.000000000000000000e+00 3.536549999999999727e+02 1.112334000000000060e+03 1.171000000000000041e+00 1.213500000000000023e+00 2.555499999999999883e+00 9.699999999999999734e-01
1.100000000000000000e+01 2.017000000000000000e+03 -1.000000000000000000e+00 -1.000000000000000000e+00 -1.000000000000000000e+00 -1.000000000000000000e+00 -1.000000000000000000e+00 3.536549999999999727e+02 1.112334000000000060e+03 1.141000000000000014e+00 1.213500000000000023e+00 2.555499999999999883e+00 9.699999999999999734e-01
1.200000000000000000e+01 2.017000000000000000e+03 -1.000000000000000000e+00 -1.000000000000000000e+00 -1.000000000000000000e+00 -1.000000000000000000e+00 -1.000000000000000000e+00 3.536549999999999727e+02 1.112334000000000060e+03 1.112000000000000099e+00 1.213500000000000023e+00 2.555499999999999883e+00 9.699999999999999734e-01
1.300000000000000000e+01 2.017000000000000000e+03 -1.000000000000000000e+00 -1.000000000000000000e+00 -1.000000000000000000e+00 -1.000000000000000000e+00 -1.000000000000000000e+00 3.536549999999999727e+02 1.112334000000000060e+03 1.082999999999999963e+00 1.213500000000000023e+00 2.555499999999999883e+00 9.699999999999999734e-01
1.400000000000000000e+01 2.017000000000000000e+03 -1.000000000000000000e+00 -1.000000000000000000e+00 -1.000000000000000000e+00 -1.000000000000000000e+00 -1.000000000000000000e+00 3.536549999999999727e+02 1.112334000000000060e+03 1.082999999999999963e+00 1.213500000000000023e+00 2.555499999999999883e+00 9.699999999999999734e-01
1.500000000000000000e+01 2.017000000000000000e+03 -1.000000000000000000e+00 -1.000000000000000000e+00 -1.000000000000000000e+00 -1.000000000000000000e+00 -1.000000000000000000e+00 3.536200000000000045e+02 1.112372000000000071e+03 1.082999999999999963e+00 1.213500000000000023e+00 2.555499999999999883e+00 9.699999999999999734e-01
1.600000000000000000e+01 2.017000000000000000e+03 -1.000000000000000000e+00 -1.000000000000000000e+00 -1.000000000000000000e+00 -1.000000000000000000e+00 -1.000000000000000000e+00 3.536320000000000050e+02 1.112359999999999900e+03 1.082999999999999963e+00 1.213500000000000023e+00 2.555499999999999883e+00 9.699999999999999734e-01
1.700000000000000000e+01 2.017000000000000000e+03 -1.000000000000000000e+00 -1.000000000000000000e+00 -1.000000000000000000e+00 -1.000000000000000000e+00 -1.000000000000000000e+00 3.536429999999999723e+02 1.112346999999999980e+03 1.082999999999999963e+00 1.213500000000000023e+00 2.555499999999999883e+00 9.699999999999999734e-01
1.800000000000000000e+01 2.017000000000000000e+03 -1.000000000000000000e+00 -1.000000000000000000e+00 -1.000000000000000000e+00 -1.000000000000000000e+00 -1.000000000000000000e+00 3.536549999999999727e+02 1.112334000000000060e+03 1.082999999999999963e+00 1.213500000000000023e+00 2.555499999999999883e+00 9.699999999999999734e-01
1.900000000000000000e+01 2.017000000000000000e+03 -1.000000000000000000e+00 -1.000000000000000000e+00 -1.000000000000000000e+00 -1.000000000000000000e+00 -1.000000000000000000e+00 3.536549999999999727e+02 1.112334000000000060e+03 1.082999999999999963e+00 1.213500000000000023e+00 2.555499999999999883e+00 9.699999999999999734e-01
2.000000000000000000e+01 2.017000000000000000e+03 -1.000000000000000000e+00 -1.000000000000000000e+00 -1.000000000000000000e+00 -1.000000000000000000e+00 -1.000000000000000000e+00 3.536549999999999727e+02 1.112334000000000060e+03 1.082999999999999963e+00 1.213500000000000023e+00 2.555499999999999883e+00 9.699999999999999734e-01
2.100000000000000000e+01 2.017000000000000000e+03 -1.000000000000000000e+00 -1.000000000000000000e+00 -1.000000000000000000e+00 -1.000000000000000000e+00 -1.000000000000000000e+00 3.536549999999999727e+02 1.112334000000000060e+03 1.082999999999999963e+00 1.213500000000000023e+00 2.555499999999999883e+00 9.699999999999999734e-01
2.200000000000000000e+01 2.017000000000000000e+03 -1.000000000000000000e+00 -1.000000000000000000e+00 -1.000000000000000000e+00 -1.000000000000000000e+00 -1.000000000000000000e+00 3.536549999999999727e+02 1.112334000000000060e+03 1.082999999999999963e+00 1.213500000000000023e+00 2.555499999999999883e+00 9.699999999999999734e-01
2.300000000000000000e+01 2.017000000000000000e+03 -1.000000000000000000e+00 -1.000000000000000000e+00 -1.000000000000000000e+00 -1.000000000000000000e+00 -1.000000000000000000e+00 3.536549999999999727e+02 1.112334000000000060e+03 1.082999999999999963e+00 1.213500000000000023e+00 2.555499999999999883e+00 9.699999999999999734e-01
2.400000000000000000e+01 2.017000000000000000e+03 -1.000000000000000000e+00 -1.000000000000000000e+00 -1.000000000000000000e+00 -1.000000000000000000e+00 -1.000000000000000000e+00 3.536549999999999727e+02 1.112334000000000060e+03 1.082999999999999963e+00 1.213500000000000023e+00 2.555499999999999883e+00 9.699999999999999734e-01
2.500000000000000000e+01 2.017000000000000000e+03 -1.000000000000000000e+00 -1.000000000000000000e+00 -1.000000000000000000e+00 -1.000000000000000000e+00 -1.000000000000000000e+00 3.536549999999999727e+02 1.112334000000000060e+03 1.082999999999999963e+00 1.213500000000000023e+00 2.555499999999999883e+00 9.699999999999999734e-01
2.600000000000000000e+01 2.017000000000000000e+03 -1.000000000000000000e+00 -1.000000000000000000e+00 -1.000000000000000000e+00 -1.000000000000000000e+00 -1.000000000000000000e+00 3.536549999999999727e+02 1.112334000000000060e+03 1.082999999999999963e+00 1.213500000000000023e+00 2.555499999999999883e+00 9.699999999999999734e-01
2.700000000000000000e+01 2.017000000000000000e+03 -1.000000000000000000e+00 -1.000000000000000000e+00 -1.000000000000000000e+00 -1.000000000000000000e+00 -1.000000000000000000e+00 3.536549999999999727e+02 1.112334000000000060e+03 1.082999999999999963e+00 1.213500000000000023e+00 2.555499999999999883e+00 9.699999999999999734e-01
