1.000000000000000000e+00 5.587000000000000000e+03 -1.000000000000000000e+00 -1.000000000000000000e+00 -1.000000000000000000e+00 -1.000000000000000000e+00 -1.000000000000000000e+00 1.702423000000000002e+03 9.721470000000000482e+02 7.359999999999999876e-01 8.695000000000000506e-01 1.952499999999999902e+00 9.114999999999999769e-01
2.000000000000000000e+00 5.590000000000000000e+03 -1.000000000000000000e+00 -1.000000000000000000e+00 -1.000000000000000000e+00 -1.000000000000000000e+00 -1.000000000000000000e+00 1.746007000000000062e+03 9.983809999999999718e+02 3.910000000000000142e-01 9.505000000000000115e-01 2.359999999999999876e+00 1.050000000000000044e+00
2.000000000000000000e+00 5.587000000000000000e+03 -1.000000000000000000e+00 -1.000000000000000000e+00 -1.000000000000000000e+00 -1.000000000000000000e+00 -1.000000000000000000e+00 1.699815000000000055e+03 9.744550000000000409e+02 7.940000000000000391e-01 8.695000000000000506e-01 1.952499999999999902e+00 9.114999999999999769e-01
2.000000000000000000e+00 5.592000000000000000e+03 -1.000000000000000000e+00 -1.000000000000000000e+00 -1.000000000000000000e+00 -1.000000000000000000e+00 -1.000000000000000000e+00 1.732170000000000073e+03 9.984890000000000327e+02 2.889999999999999791e-01 8.349999999999999645e-01 2.209499999999999797e+00 9.244999999999999885e-01
2.000000000000000000e+00 5.593000000000000000e+03 -1.000000000000000000e+00 -1.000000000000000000e+00 -1.000000000000000000e+00 -1.000000000000000000e+00 -1.000000000000000000e+00 1.735022999999999911e+03 1.002508000000000038e+03 4.169999999999999818e-01 1.000499999999999945e+00 2.515000000000000124e+00 1.052000000000000046e+00
3.000000000000000000e+00 5.590000000000000000e+03 -1.000000000000000000e+00 -1.000000000000000000e+00 -1.000000000000000000e+00 -1.000000000000000000e+00 -1.000000000000000000e+00 1.746007000000000062e+03 9.983809999999999718e+02 5.160000000000000142e-01 9.505000000000000115e-01 2.359999999999999876e+00 1.050000000000000044e+00
3.000000000000000000e+00 5.587000000000000000e+03 -1.000000000000000000e+00 -1.000000000000000000e+00 -1.000000000000000000e+00 -1.000000000000000000e+00 -1.000000000000000000e+00 1.697212999999999965e+03 9.767580000000000382e+02 8.529999999999999805e-01 8.695000000000000506e-01 1.952499999999999902e+00 9.114999999999999769e-01
3.000000000000000000e+00 5.592000000000000000e+03 -1.000000000000000000e+00 -1.000000000000000000e+00 -1.000000000000000000e+00 -1.000000000000000000e+00 -1.000000000000000000e+00 1.732328999999999951e+03 9.983460000000000036e+02 3.890000000000000124e-01 8.349999999999999645e-01 2.209499999999999797e+00 9.244999999999999885e-01
4.000000000000000000e+00 5.590000000000000000e+03 -1.000000000000000000e+00 -1.000000000000000000e+00 -1.000000000000000000e+00 -1.000000000000000000e+00 -1.000000000000000000e+00 1.746007000000000062e+03 9.983809999999999718e+02 6.410000000000000142e-01 9.505000000000000115e-01 2.359999999999999876e+00 1.050000000000000044e+00
4.000000000000000000e+00 5.587000000000000000e+03 -1.000000000000000000e+00 -1.000000000000000000e+00 -1.000000000000000000e+00 -1.000000000000000000e+00 -1.000000000000000000e+00 1.694605999999999995e+03 9.790660000000000309e+02 9.110000000000000320e-01 8.695000000000000506e-01 1.952499999999999902e+00 9.114999999999999769e-01
5.000000000000000000e+00 5.590000000000000000e+03 -1.000000000000000000e+00 -1.000000000000000000e+00 -1.000000000000000000e+00 -1.000000000000000000e+00 -1.000000000000000000e+00 1.746007000000000062e+03 9.983809999999999718e+02 6.410000000000000142e-01 9.505000000000000115e-01 2.359999999999999876e+00 1.050000000000000044e+00
