9.000000000000000000e+00 3.868000000000000000e+03 -1.000000000000000000e+00 -1.000000000000000000e+00 -1.000000000000000000e+00 -1.000000000000000000e+00 -1.000000000000000000e+00 2.117280999999999949e+03 1.142742999999999938e+03 2.164000000000000146e+00 1.681000000000000050e+00 5.982499999999999929e+00 2.149500000000000188e+00
1.000000000000000000e+01 3.868000000000000000e+03 -1.000000000000000000e+00 -1.000000000000000000e+00 -1.000000000000000000e+00 -1.000000000000000000e+00 -1.000000000000000000e+00 2.117235999999999876e+03 1.142770999999999958e+03 2.164000000000000146e+00 1.681000000000000050e+00 5.982499999999999929e+00 2.149500000000000188e+00
1.100000000000000000e+01 3.868000000000000000e+03 -1.000000000000000000e+00 -1.000000000000000000e+00 -1.000000000000000000e+00 -1.000000000000000000e+00 -1.000000000000000000e+00 2.117186999999999898e+03 1.142801999999999907e+03 2.164000000000000146e+00 1.681000000000000050e+00 5.982499999999999929e+00 2.149500000000000188e+00
1.100000000000000000e+01 3.870000000000000000e+03 -1.000000000000000000e+00 -1.000000000000000000e+00 -1.000000000000000000e+00 -1.000000000000000000e+00 -1.000000000000000000e+00 2.111021999999999935e+03 1.133134000000000015e+03 1.963999999999999968e+00 1.635000000000000009e+00 5.631000000000000227e+00 2.035499999999999865e+00
1.200000000000000000e+01 3.868000000000000000e+03 -1.000000000000000000e+00 -1.000000000000000000e+00 -1.000000000000000000e+00 -1.000000000000000000e+00 -1.000000000000000000e+00 2.117141999999999825e+03 1.142829999999999927e+03 2.164000000000000146e+00 1.681000000000000050e+00 5.982499999999999929e+00 2.149500000000000188e+00
1.200000000000000000e+01 3.871000000000000000e+03 -1.000000000000000000e+00 -1.000000000000000000e+00 -1.000000000000000000e+00 -1.000000000000000000e+00 -1.000000000000000000e+00 2.109974999999999909e+03 1.125511999999999944e+03 1.727000000000000091e+00 9.234999999999999876e-01 2.390000000000000124e+00 1.141000000000000014e+00
1.200000000000000000e+01 3.870000000000000000e+03 -1.000000000000000000e+00 -1.000000000000000000e+00 -1.000000000000000000e+00 -1.000000000000000000e+00 -1.000000000000000000e+00 2.110989999999999782e+03 1.133155999999999949e+03 1.963999999999999968e+00 1.635000000000000009e+00 5.631000000000000227e+00 2.035499999999999865e+00
1.300000000000000000e+01 3.868000000000000000e+03 -1.000000000000000000e+00 -1.000000000000000000e+00 -1.000000000000000000e+00 -1.000000000000000000e+00 -1.000000000000000000e+00 2.117192000000000007e+03 1.142872000000000071e+03 2.164000000000000146e+00 1.681000000000000050e+00 5.982499999999999929e+00 2.149500000000000188e+00
1.300000000000000000e+01 3.871000000000000000e+03 -1.000000000000000000e+00 -1.000000000000000000e+00 -1.000000000000000000e+00 -1.000000000000000000e+00 -1.000000000000000000e+00 2.109925999999999931e+03 1.125545000000000073e+03 1.616000000000000103e+00 9.234999999999999876e-01 2.390000000000000124e+00 1.141000000000000014e+00
1.300000000000000000e+01 3.870000000000000000e+03 -1.000000000000000000e+00 -1.000000000000000000e+00 -1.000000000000000000e+00 -1.000000000000000000e+00 -1.000000000000000000e+00 2.110956999999999880e+03 1.133178000000000111e+03 1.963999999999999968e+00 1.635000000000000009e+00 5.631000000000000227e+00 2.035499999999999865e+00
1.400000000000000000e+01 3.868000000000000000e+03 -1.000000000000000000e+00 -1.000000000000000000e+00 -1.000000000000000000e+00 -1.000000000000000000e+00 -1.000000000000000000e+00 2.117242000000000189e+03 1.142913000000000011e+03 2.164000000000000146e+00 1.681000000000000050e+00 5.982499999999999929e+00 2.149500000000000188e+00
1.400000000000000000e+01 3.871000000000000000e+03 -1.000000000000000000e+00 -1.000000000000000000e+00 -1.000000000000000000e+00 -1.000000000000000000e+00 -1.000000000000000000e+00 2.109876999999999953e+03 1.125576999999999998e+03 1.504000000000000004e+00 9.234999999999999876e-01 2.390000000000000124e+00 1.141000000000000014e+00
1.400000000000000000e+01 3.870000000000000000e+03 -1.000000000000000000e+00 -1.000000000000000000e+00 -1.000000000000000000e+00 -1.000000000000000000e+00 -1.000000000000000000e+00 2.110849999999999909e+03 1.133156999999999925e+03 1.963999999999999968e+00 1.635000000000000009e+00 5.631000000000000227e+00 2.035499999999999865e+00
1.500000000000000000e+01 3.868000000000000000e+03 -1.000000000000000000e+00 -1.000000000000000000e+00 -1.000000000000000000e+00 -1.000000000000000000e+00 -1.000000000000000000e+00 2.117291999999999916e+03 1.142954999999999927e+03 2.164000000000000146e+00 1.681000000000000050e+00 5.982499999999999929e+00 2.149500000000000188e+00
1.500000000000000000e+01 3.870000000000000000e+03 -1.000000000000000000e+00 -1.000000000000000000e+00 -1.000000000000000000e+00 -1.000000000000000000e+00 -1.000000000000000000e+00 2.110967999999999847e+03 1.133263999999999896e+03 2.039000000000000146e+00 1.635000000000000009e+00 5.631000000000000227e+00 2.035499999999999865e+00
1.500000000000000000e+01 3.871000000000000000e+03 -1.000000000000000000e+00 -1.000000000000000000e+00 -1.000000000000000000e+00 -1.000000000000000000e+00 -1.000000000000000000e+00 2.109827471448064898e+03 1.125609018457816546e+03 1.392935974448559655e+00 9.234999999999999876e-01 2.390000000000000124e+00 1.141000000000000014e+00
1.600000000000000000e+01 3.868000000000000000e+03 -1.000000000000000000e+00 -1.000000000000000000e+00 -1.000000000000000000e+00 -1.000000000000000000e+00 -1.000000000000000000e+00 2.117342000000000098e+03 1.142996000000000095e+03 2.164000000000000146e+00 1.681000000000000050e+00 5.982499999999999929e+00 2.149500000000000188e+00
1.600000000000000000e+01 3.871000000000000000e+03 -1.000000000000000000e+00 -1.000000000000000000e+00 -1.000000000000000000e+00 -1.000000000000000000e+00 -1.000000000000000000e+00 2.109777999999999793e+03 1.125641000000000076e+03 1.282000000000000028e+00 9.234999999999999876e-01 2.390000000000000124e+00 1.141000000000000014e+00
1.600000000000000000e+01 3.870000000000000000e+03 -1.000000000000000000e+00 -1.000000000000000000e+00 -1.000000000000000000e+00 -1.000000000000000000e+00 -1.000000000000000000e+00 2.110956999999999880e+03 1.133178000000000111e+03 2.113999999999999879e+00 1.635000000000000009e+00 5.631000000000000227e+00 2.035499999999999865e+00
1.700000000000000000e+01 3.868000000000000000e+03 -1.000000000000000000e+00 -1.000000000000000000e+00 -1.000000000000000000e+00 -1.000000000000000000e+00 -1.000000000000000000e+00 2.117342000000000098e+03 1.142996000000000095e+03 2.213999999999999968e+00 1.681000000000000050e+00 5.982499999999999929e+00 2.149500000000000188e+00
1.700000000000000000e+01 3.871000000000000000e+03 -1.000000000000000000e+00 -1.000000000000000000e+00 -1.000000000000000000e+00 -1.000000000000000000e+00 -1.000000000000000000e+00 2.109860000000000127e+03 1.125586999999999989e+03 1.306999999999999940e+00 9.234999999999999876e-01 2.390000000000000124e+00 1.141000000000000014e+00
1.700000000000000000e+01 3.870000000000000000e+03 -1.000000000000000000e+00 -1.000000000000000000e+00 -1.000000000000000000e+00 -1.000000000000000000e+00 -1.000000000000000000e+00 2.110936999999999898e+03 1.133285000000000082e+03 2.164000000000000146e+00 1.635000000000000009e+00 5.631000000000000227e+00 2.035499999999999865e+00
1.800000000000000000e+01 3.868000000000000000e+03 -1.000000000000000000e+00 -1.000000000000000000e+00 -1.000000000000000000e+00 -1.000000000000000000e+00 -1.000000000000000000e+00 2.117342000000000098e+03 1.142996000000000095e+03 2.263999999999999790e+00 1.681000000000000050e+00 5.982499999999999929e+00 2.149500000000000188e+00
1.800000000000000000e+01 3.870000000000000000e+03 -1.000000000000000000e+00 -1.000000000000000000e+00 -1.000000000000000000e+00 -1.000000000000000000e+00 -1.000000000000000000e+00 2.111010999999999967e+03 1.133188000000000102e+03 2.088999999999999968e+00 1.635000000000000009e+00 5.631000000000000227e+00 2.035499999999999865e+00
1.900000000000000000e+01 3.868000000000000000e+03 -1.000000000000000000e+00 -1.000000000000000000e+00 -1.000000000000000000e+00 -1.000000000000000000e+00 -1.000000000000000000e+00 2.117342000000000098e+03 1.142996000000000095e+03 2.314000000000000057e+00 1.681000000000000050e+00 5.982499999999999929e+00 2.149500000000000188e+00
1.900000000000000000e+01 3.870000000000000000e+03 -1.000000000000000000e+00 -1.000000000000000000e+00 -1.000000000000000000e+00 -1.000000000000000000e+00 -1.000000000000000000e+00 2.111085999999999785e+03 1.133090999999999894e+03 2.013999999999999790e+00 1.635000000000000009e+00 5.631000000000000227e+00 2.035499999999999865e+00
2.000000000000000000e+01 3.868000000000000000e+03 -1.000000000000000000e+00 -1.000000000000000000e+00 -1.000000000000000000e+00 -1.000000000000000000e+00 -1.000000000000000000e+00 2.117342000000000098e+03 1.142996000000000095e+03 2.363999999999999879e+00 1.681000000000000050e+00 5.982499999999999929e+00 2.149500000000000188e+00
2.000000000000000000e+01 3.870000000000000000e+03 -1.000000000000000000e+00 -1.000000000000000000e+00 -1.000000000000000000e+00 -1.000000000000000000e+00 -1.000000000000000000e+00 2.111085999999999785e+03 1.133090999999999894e+03 2.013999999999999790e+00 1.635000000000000009e+00 5.631000000000000227e+00 2.035499999999999865e+00
2.100000000000000000e+01 3.868000000000000000e+03 -1.000000000000000000e+00 -1.000000000000000000e+00 -1.000000000000000000e+00 -1.000000000000000000e+00 -1.000000000000000000e+00 2.117342000000000098e+03 1.142996000000000095e+03 2.414000000000000146e+00 1.681000000000000050e+00 5.982499999999999929e+00 2.149500000000000188e+00
2.100000000000000000e+01 3.877000000000000000e+03 -1.000000000000000000e+00 -1.000000000000000000e+00 -1.000000000000000000e+00 -1.000000000000000000e+00 -1.000000000000000000e+00 2.078985000000000127e+03 1.167121000000000095e+03 1.473000000000000087e+00 1.080999999999999961e+00 2.738500000000000156e+00 1.021500000000000075e+00
2.200000000000000000e+01 3.868000000000000000e+03 -1.000000000000000000e+00 -1.000000000000000000e+00 -1.000000000000000000e+00 -1.000000000000000000e+00 -1.000000000000000000e+00 2.117396999999999935e+03 1.142961999999999989e+03 2.383999999999999897e+00 1.681000000000000050e+00 5.982499999999999929e+00 2.149500000000000188e+00
2.200000000000000000e+01 3.877000000000000000e+03 -1.000000000000000000e+00 -1.000000000000000000e+00 -1.000000000000000000e+00 -1.000000000000000000e+00 -1.000000000000000000e+00 2.078985000000000127e+03 1.167121000000000095e+03 1.473000000000000087e+00 1.080999999999999961e+00 2.738500000000000156e+00 1.021500000000000075e+00
2.300000000000000000e+01 3.868000000000000000e+03 -1.000000000000000000e+00 -1.000000000000000000e+00 -1.000000000000000000e+00 -1.000000000000000000e+00 -1.000000000000000000e+00 2.117452999999999975e+03 1.142926999999999907e+03 2.354000000000000092e+00 1.681000000000000050e+00 5.982499999999999929e+00 2.149500000000000188e+00
2.300000000000000000e+01 3.877000000000000000e+03 -1.000000000000000000e+00 -1.000000000000000000e+00 -1.000000000000000000e+00 -1.000000000000000000e+00 -1.000000000000000000e+00 2.078985000000000127e+03 1.167121000000000095e+03 1.473000000000000087e+00 1.080999999999999961e+00 2.738500000000000156e+00 1.021500000000000075e+00
2.400000000000000000e+01 3.868000000000000000e+03 -1.000000000000000000e+00 -1.000000000000000000e+00 -1.000000000000000000e+00 -1.000000000000000000e+00 -1.000000000000000000e+00 2.117509000000000015e+03 1.142892000000000053e+03 2.323999999999999844e+00 1.681000000000000050e+00 5.982499999999999929e+00 2.149500000000000188e+00
2.400000000000000000e+01 3.877000000000000000e+03 -1.000000000000000000e+00 -1.000000000000000000e+00 -1.000000000000000000e+00 -1.000000000000000000e+00 -1.000000000000000000e+00 2.078987999999999829e+03 1.167109999999999900e+03 1.477999999999999980e+00 1.080999999999999961e+00 2.738500000000000156e+00 1.021500000000000075e+00
2.500000000000000000e+01 3.868000000000000000e+03 -1.000000000000000000e+00 -1.000000000000000000e+00 -1.000000000000000000e+00 -1.000000000000000000e+00 -1.000000000000000000e+00 2.117565000000000055e+03 1.142856999999999971e+03 2.294000000000000039e+00 1.681000000000000050e+00 5.982499999999999929e+00 2.149500000000000188e+00
2.500000000000000000e+01 3.877000000000000000e+03 -1.000000000000000000e+00 -1.000000000000000000e+00 -1.000000000000000000e+00 -1.000000000000000000e+00 -1.000000000000000000e+00 2.078990999999999985e+03 1.167098999999999933e+03 1.481999999999999984e+00 1.080999999999999961e+00 2.738500000000000156e+00 1.021500000000000075e+00
2.600000000000000000e+01 3.868000000000000000e+03 -1.000000000000000000e+00 -1.000000000000000000e+00 -1.000000000000000000e+00 -1.000000000000000000e+00 -1.000000000000000000e+00 2.117621000000000095e+03 1.142821999999999889e+03 2.263999999999999790e+00 1.681000000000000050e+00 5.982499999999999929e+00 2.149500000000000188e+00
2.600000000000000000e+01 3.877000000000000000e+03 -1.000000000000000000e+00 -1.000000000000000000e+00 -1.000000000000000000e+00 -1.000000000000000000e+00 -1.000000000000000000e+00 2.078994999999999891e+03 1.167087999999999965e+03 1.487000000000000099e+00 1.080999999999999961e+00 2.738500000000000156e+00 1.021500000000000075e+00
2.700000000000000000e+01 3.883000000000000000e+03 -1.000000000000000000e+00 -1.000000000000000000e+00 -1.000000000000000000e+00 -1.000000000000000000e+00 -1.000000000000000000e+00 2.052043000000000120e+03 1.168795000000000073e+03 1.439000000000000057e+00 1.072000000000000064e+00 2.763999999999999790e+00 1.038499999999999979e+00
2.700000000000000000e+01 3.868000000000000000e+03 -1.000000000000000000e+00 -1.000000000000000000e+00 -1.000000000000000000e+00 -1.000000000000000000e+00 -1.000000000000000000e+00 2.117606999999999971e+03 1.142829999999999927e+03 2.303999999999999826e+00 1.681000000000000050e+00 5.982499999999999929e+00 2.149500000000000188e+00
2.700000000000000000e+01 3.877000000000000000e+03 -1.000000000000000000e+00 -1.000000000000000000e+00 -1.000000000000000000e+00 -1.000000000000000000e+00 -1.000000000000000000e+00 2.078998000000000047e+03 1.167076999999999998e+03 1.491000000000000103e+00 1.080999999999999961e+00 2.738500000000000156e+00 1.021500000000000075e+00
2.800000000000000000e+01 3.883000000000000000e+03 -1.000000000000000000e+00 -1.000000000000000000e+00 -1.000000000000000000e+00 -1.000000000000000000e+00 -1.000000000000000000e+00 2.052043000000000120e+03 1.168795000000000073e+03 1.439000000000000057e+00 1.072000000000000064e+00 2.763999999999999790e+00 1.038499999999999979e+00
2.800000000000000000e+01 3.868000000000000000e+03 -1.000000000000000000e+00 -1.000000000000000000e+00 -1.000000000000000000e+00 -1.000000000000000000e+00 -1.000000000000000000e+00 2.117592999999999847e+03 1.142838999999999942e+03 2.343999999999999861e+00 1.681000000000000050e+00 5.982499999999999929e+00 2.149500000000000188e+00
2.800000000000000000e+01 3.877000000000000000e+03 -1.000000000000000000e+00 -1.000000000000000000e+00 -1.000000000000000000e+00 -1.000000000000000000e+00 -1.000000000000000000e+00 2.079001999999999953e+03 1.167066000000000031e+03 1.495000000000000107e+00 1.080999999999999961e+00 2.738500000000000156e+00 1.021500000000000075e+00
2.900000000000000000e+01 3.883000000000000000e+03 -1.000000000000000000e+00 -1.000000000000000000e+00 -1.000000000000000000e+00 -1.000000000000000000e+00 -1.000000000000000000e+00 2.052043000000000120e+03 1.168795000000000073e+03 1.439000000000000057e+00 1.072000000000000064e+00 2.763999999999999790e+00 1.038499999999999979e+00
2.900000000000000000e+01 3.868000000000000000e+03 -1.000000000000000000e+00 -1.000000000000000000e+00 -1.000000000000000000e+00 -1.000000000000000000e+00 -1.000000000000000000e+00 2.117579000000000178e+03 1.142847999999999956e+03 2.383999999999999897e+00 1.681000000000000050e+00 5.982499999999999929e+00 2.149500000000000188e+00
2.900000000000000000e+01 3.877000000000000000e+03 -1.000000000000000000e+00 -1.000000000000000000e+00 -1.000000000000000000e+00 -1.000000000000000000e+00 -1.000000000000000000e+00 2.079005000000000109e+03 1.167055000000000064e+03 1.437999999999999945e+00 1.080999999999999961e+00 2.738500000000000156e+00 1.021500000000000075e+00
3.000000000000000000e+01 3.883000000000000000e+03 -1.000000000000000000e+00 -1.000000000000000000e+00 -1.000000000000000000e+00 -1.000000000000000000e+00 -1.000000000000000000e+00 2.052043000000000120e+03 1.168795000000000073e+03 1.439000000000000057e+00 1.072000000000000064e+00 2.763999999999999790e+00 1.038499999999999979e+00
3.000000000000000000e+01 3.868000000000000000e+03 -1.000000000000000000e+00 -1.000000000000000000e+00 -1.000000000000000000e+00 -1.000000000000000000e+00 -1.000000000000000000e+00 2.117565000000000055e+03 1.142856999999999971e+03 2.423999999999999932e+00 1.681000000000000050e+00 5.982499999999999929e+00 2.149500000000000188e+00
3.000000000000000000e+01 3.877000000000000000e+03 -1.000000000000000000e+00 -1.000000000000000000e+00 -1.000000000000000000e+00 -1.000000000000000000e+00 -1.000000000000000000e+00 2.079009000000000015e+03 1.167042999999999893e+03 1.381000000000000005e+00 1.080999999999999961e+00 2.738500000000000156e+00 1.021500000000000075e+00
3.100000000000000000e+01 3.883000000000000000e+03 -1.000000000000000000e+00 -1.000000000000000000e+00 -1.000000000000000000e+00 -1.000000000000000000e+00 -1.000000000000000000e+00 2.052043000000000120e+03 1.168795000000000073e+03 1.439000000000000057e+00 1.072000000000000064e+00 2.763999999999999790e+00 1.038499999999999979e+00
3.100000000000000000e+01 3.868000000000000000e+03 -1.000000000000000000e+00 -1.000000000000000000e+00 -1.000000000000000000e+00 -1.000000000000000000e+00 -1.000000000000000000e+00 2.117550999999999931e+03 1.142865000000000009e+03 2.463999999999999968e+00 1.681000000000000050e+00 5.982499999999999929e+00 2.149500000000000188e+00
3.100000000000000000e+01 3.877000000000000000e+03 -1.000000000000000000e+00 -1.000000000000000000e+00 -1.000000000000000000e+00 -1.000000000000000000e+00 -1.000000000000000000e+00 2.079012000000000171e+03 1.167031999999999925e+03 1.324000000000000066e+00 1.080999999999999961e+00 2.738500000000000156e+00 1.021500000000000075e+00
3.200000000000000000e+01 3.883000000000000000e+03 -1.000000000000000000e+00 -1.000000000000000000e+00 -1.000000000000000000e+00 -1.000000000000000000e+00 -1.000000000000000000e+00 2.052043000000000120e+03 1.168795000000000073e+03 1.439000000000000057e+00 1.072000000000000064e+00 2.763999999999999790e+00 1.038499999999999979e+00
3.200000000000000000e+01 3.868000000000000000e+03 -1.000000000000000000e+00 -1.000000000000000000e+00 -1.000000000000000000e+00 -1.000000000000000000e+00 -1.000000000000000000e+00 2.117536999999999807e+03 1.142874000000000024e+03 2.403999999999999915e+00 1.681000000000000050e+00 5.982499999999999929e+00 2.149500000000000188e+00
3.200000000000000000e+01 3.877000000000000000e+03 -1.000000000000000000e+00 -1.000000000000000000e+00 -1.000000000000000000e+00 -1.000000000000000000e+00 -1.000000000000000000e+00 2.079014999999999873e+03 1.167020999999999958e+03 1.266999999999999904e+00 1.080999999999999961e+00 2.738500000000000156e+00 1.021500000000000075e+00
3.300000000000000000e+01 3.883000000000000000e+03 -1.000000000000000000e+00 -1.000000000000000000e+00 -1.000000000000000000e+00 -1.000000000000000000e+00 -1.000000000000000000e+00 2.052043000000000120e+03 1.168795000000000073e+03 1.439000000000000057e+00 1.072000000000000064e+00 2.763999999999999790e+00 1.038499999999999979e+00
3.300000000000000000e+01 3.893000000000000000e+03 -1.000000000000000000e+00 -1.000000000000000000e+00 -1.000000000000000000e+00 -1.000000000000000000e+00 -1.000000000000000000e+00 2.059909000000000106e+03 1.219834000000000060e+03 1.451000000000000068e+00 1.282999999999999918e+00 3.239500000000000046e+00 1.124000000000000110e+00
3.300000000000000000e+01 3.868000000000000000e+03 -1.000000000000000000e+00 -1.000000000000000000e+00 -1.000000000000000000e+00 -1.000000000000000000e+00 -1.000000000000000000e+00 2.117523000000000138e+03 1.142883000000000038e+03 2.343999999999999861e+00 1.681000000000000050e+00 5.982499999999999929e+00 2.149500000000000188e+00
3.300000000000000000e+01 3.877000000000000000e+03 -1.000000000000000000e+00 -1.000000000000000000e+00 -1.000000000000000000e+00 -1.000000000000000000e+00 -1.000000000000000000e+00 2.079018999999999778e+03 1.167009999999999991e+03 1.209999999999999964e+00 1.080999999999999961e+00 2.738500000000000156e+00 1.021500000000000075e+00
3.400000000000000000e+01 3.883000000000000000e+03 -1.000000000000000000e+00 -1.000000000000000000e+00 -1.000000000000000000e+00 -1.000000000000000000e+00 -1.000000000000000000e+00 2.052043000000000120e+03 1.168795000000000073e+03 1.439000000000000057e+00 1.072000000000000064e+00 2.763999999999999790e+00 1.038499999999999979e+00
3.400000000000000000e+01 3.893000000000000000e+03 -1.000000000000000000e+00 -1.000000000000000000e+00 -1.000000000000000000e+00 -1.000000000000000000e+00 -1.000000000000000000e+00 2.059184999999999945e+03 1.218785000000000082e+03 1.451000000000000068e+00 1.282999999999999918e+00 3.239500000000000046e+00 1.124000000000000110e+00
3.400000000000000000e+01 3.877000000000000000e+03 -1.000000000000000000e+00 -1.000000000000000000e+00 -1.000000000000000000e+00 -1.000000000000000000e+00 -1.000000000000000000e+00 2.078996000000000095e+03 1.167023999999999887e+03 1.209999999999999964e+00 1.080999999999999961e+00 2.738500000000000156e+00 1.021500000000000075e+00
3.500000000000000000e+01 3.883000000000000000e+03 -1.000000000000000000e+00 -1.000000000000000000e+00 -1.000000000000000000e+00 -1.000000000000000000e+00 -1.000000000000000000e+00 2.052043000000000120e+03 1.168795000000000073e+03 1.439000000000000057e+00 1.072000000000000064e+00 2.763999999999999790e+00 1.038499999999999979e+00
3.500000000000000000e+01 3.893000000000000000e+03 -1.000000000000000000e+00 -1.000000000000000000e+00 -1.000000000000000000e+00 -1.000000000000000000e+00 -1.000000000000000000e+00 2.058659999999999854e+03 1.218034000000000106e+03 1.451000000000000068e+00 1.282999999999999918e+00 3.239500000000000046e+00 1.124000000000000110e+00
3.500000000000000000e+01 3.898000000000000000e+03 -1.000000000000000000e+00 -1.000000000000000000e+00 -1.000000000000000000e+00 -1.000000000000000000e+00 -1.000000000000000000e+00 2.033261999999999944e+03 1.188912000000000035e+03 2.149000000000000021e+00 1.578500000000000014e+00 4.605000000000000426e+00 1.596000000000000085e+00
3.500000000000000000e+01 3.877000000000000000e+03 -1.000000000000000000e+00 -1.000000000000000000e+00 -1.000000000000000000e+00 -1.000000000000000000e+00 -1.000000000000000000e+00 2.078974000000000160e+03 1.167038000000000011e+03 1.209999999999999964e+00 1.080999999999999961e+00 2.738500000000000156e+00 1.021500000000000075e+00
3.600000000000000000e+01 3.883000000000000000e+03 -1.000000000000000000e+00 -1.000000000000000000e+00 -1.000000000000000000e+00 -1.000000000000000000e+00 -1.000000000000000000e+00 2.052043000000000120e+03 1.168795000000000073e+03 1.439000000000000057e+00 1.072000000000000064e+00 2.763999999999999790e+00 1.038499999999999979e+00
3.600000000000000000e+01 3.893000000000000000e+03 -1.000000000000000000e+00 -1.000000000000000000e+00 -1.000000000000000000e+00 -1.000000000000000000e+00 -1.000000000000000000e+00 2.057967000000000098e+03 1.217433999999999969e+03 1.451000000000000068e+00 1.282999999999999918e+00 3.239500000000000046e+00 1.124000000000000110e+00
3.600000000000000000e+01 3.898000000000000000e+03 -1.000000000000000000e+00 -1.000000000000000000e+00 -1.000000000000000000e+00 -1.000000000000000000e+00 -1.000000000000000000e+00 2.033221999999999980e+03 1.188877999999999929e+03 2.040999999999999925e+00 1.578500000000000014e+00 4.605000000000000426e+00 1.596000000000000085e+00
3.600000000000000000e+01 3.899000000000000000e+03 -1.000000000000000000e+00 -1.000000000000000000e+00 -1.000000000000000000e+00 -1.000000000000000000e+00 -1.000000000000000000e+00 2.030665999999999940e+03 1.185839999999999918e+03 1.689999999999999947e+00 1.605499999999999927e+00 5.185999999999999943e+00 1.723000000000000087e+00
3.600000000000000000e+01 3.877000000000000000e+03 -1.000000000000000000e+00 -1.000000000000000000e+00 -1.000000000000000000e+00 -1.000000000000000000e+00 -1.000000000000000000e+00 2.078952000000000226e+03 1.167051999999999907e+03 1.209999999999999964e+00 1.080999999999999961e+00 2.738500000000000156e+00 1.021500000000000075e+00
3.700000000000000000e+01 3.883000000000000000e+03 -1.000000000000000000e+00 -1.000000000000000000e+00 -1.000000000000000000e+00 -1.000000000000000000e+00 -1.000000000000000000e+00 2.052043000000000120e+03 1.168795000000000073e+03 1.439000000000000057e+00 1.072000000000000064e+00 2.763999999999999790e+00 1.038499999999999979e+00
3.700000000000000000e+01 3.893000000000000000e+03 -1.000000000000000000e+00 -1.000000000000000000e+00 -1.000000000000000000e+00 -1.000000000000000000e+00 -1.000000000000000000e+00 2.056688999999999851e+03 1.216401000000000067e+03 1.451000000000000068e+00 1.282999999999999918e+00 3.239500000000000046e+00 1.124000000000000110e+00
3.700000000000000000e+01 3.898000000000000000e+03 -1.000000000000000000e+00 -1.000000000000000000e+00 -1.000000000000000000e+00 -1.000000000000000000e+00 -1.000000000000000000e+00 2.033182000000000016e+03 1.188844000000000051e+03 1.933999999999999941e+00 1.578500000000000014e+00 4.605000000000000426e+00 1.596000000000000085e+00
3.700000000000000000e+01 3.899000000000000000e+03 -1.000000000000000000e+00 -1.000000000000000000e+00 -1.000000000000000000e+00 -1.000000000000000000e+00 -1.000000000000000000e+00 2.030645999999999958e+03 1.185836000000000013e+03 1.689999999999999947e+00 1.605499999999999927e+00 5.185999999999999943e+00 1.723000000000000087e+00
3.700000000000000000e+01 3.877000000000000000e+03 -1.000000000000000000e+00 -1.000000000000000000e+00 -1.000000000000000000e+00 -1.000000000000000000e+00 -1.000000000000000000e+00 2.078929000000000087e+03 1.167066000000000031e+03 1.209999999999999964e+00 1.080999999999999961e+00 2.738500000000000156e+00 1.021500000000000075e+00
3.800000000000000000e+01 3.883000000000000000e+03 -1.000000000000000000e+00 -1.000000000000000000e+00 -1.000000000000000000e+00 -1.000000000000000000e+00 -1.000000000000000000e+00 2.052043000000000120e+03 1.168795000000000073e+03 1.439000000000000057e+00 1.072000000000000064e+00 2.763999999999999790e+00 1.038499999999999979e+00
3.800000000000000000e+01 3.893000000000000000e+03 -1.000000000000000000e+00 -1.000000000000000000e+00 -1.000000000000000000e+00 -1.000000000000000000e+00 -1.000000000000000000e+00 2.054797000000000025e+03 1.215551999999999907e+03 1.451000000000000068e+00 1.282999999999999918e+00 3.239500000000000046e+00 1.124000000000000110e+00
3.800000000000000000e+01 3.898000000000000000e+03 -1.000000000000000000e+00 -1.000000000000000000e+00 -1.000000000000000000e+00 -1.000000000000000000e+00 -1.000000000000000000e+00 2.033141000000000076e+03 1.188809999999999945e+03 1.826999999999999957e+00 1.578500000000000014e+00 4.605000000000000426e+00 1.596000000000000085e+00
3.800000000000000000e+01 3.899000000000000000e+03 -1.000000000000000000e+00 -1.000000000000000000e+00 -1.000000000000000000e+00 -1.000000000000000000e+00 -1.000000000000000000e+00 2.030625999999999976e+03 1.185832000000000107e+03 1.689999999999999947e+00 1.605499999999999927e+00 5.185999999999999943e+00 1.723000000000000087e+00
3.800000000000000000e+01 3.877000000000000000e+03 -1.000000000000000000e+00 -1.000000000000000000e+00 -1.000000000000000000e+00 -1.000000000000000000e+00 -1.000000000000000000e+00 2.078907000000000153e+03 1.167080999999999904e+03 1.209999999999999964e+00 1.080999999999999961e+00 2.738500000000000156e+00 1.021500000000000075e+00
3.900000000000000000e+01 3.883000000000000000e+03 -1.000000000000000000e+00 -1.000000000000000000e+00 -1.000000000000000000e+00 -1.000000000000000000e+00 -1.000000000000000000e+00 2.052043000000000120e+03 1.168795000000000073e+03 1.439000000000000057e+00 1.072000000000000064e+00 2.763999999999999790e+00 1.038499999999999979e+00
3.900000000000000000e+01 3.893000000000000000e+03 -1.000000000000000000e+00 -1.000000000000000000e+00 -1.000000000000000000e+00 -1.000000000000000000e+00 -1.000000000000000000e+00 2.052873000000000047e+03 1.215297000000000025e+03 1.451000000000000068e+00 1.282999999999999918e+00 3.239500000000000046e+00 1.124000000000000110e+00
3.900000000000000000e+01 3.898000000000000000e+03 -1.000000000000000000e+00 -1.000000000000000000e+00 -1.000000000000000000e+00 -1.000000000000000000e+00 -1.000000000000000000e+00 2.033101000000000113e+03 1.188776000000000067e+03 1.719000000000000083e+00 1.578500000000000014e+00 4.605000000000000426e+00 1.596000000000000085e+00
3.900000000000000000e+01 3.899000000000000000e+03 -1.000000000000000000e+00 -1.000000000000000000e+00 -1.000000000000000000e+00 -1.000000000000000000e+00 -1.000000000000000000e+00 2.030606999999999971e+03 1.185827999999999975e+03 1.689999999999999947e+00 1.605499999999999927e+00 5.185999999999999943e+00 1.723000000000000087e+00
3.900000000000000000e+01 3.877000000000000000e+03 -1.000000000000000000e+00 -1.000000000000000000e+00 -1.000000000000000000e+00 -1.000000000000000000e+00 -1.000000000000000000e+00 2.078871000000000095e+03 1.167058999999999969e+03 1.209999999999999964e+00 1.080999999999999961e+00 2.738500000000000156e+00 1.021500000000000075e+00
4.000000000000000000e+01 3.883000000000000000e+03 -1.000000000000000000e+00 -1.000000000000000000e+00 -1.000000000000000000e+00 -1.000000000000000000e+00 -1.000000000000000000e+00 2.052043000000000120e+03 1.168795000000000073e+03 1.439000000000000057e+00 1.072000000000000064e+00 2.763999999999999790e+00 1.038499999999999979e+00
4.000000000000000000e+01 3.893000000000000000e+03 -1.000000000000000000e+00 -1.000000000000000000e+00 -1.000000000000000000e+00 -1.000000000000000000e+00 -1.000000000000000000e+00 2.050920000000000073e+03 1.215442999999999984e+03 1.451000000000000068e+00 1.282999999999999918e+00 3.239500000000000046e+00 1.124000000000000110e+00
4.000000000000000000e+01 3.898000000000000000e+03 -1.000000000000000000e+00 -1.000000000000000000e+00 -1.000000000000000000e+00 -1.000000000000000000e+00 -1.000000000000000000e+00 2.033059999999999945e+03 1.188741999999999962e+03 1.612000000000000099e+00 1.578500000000000014e+00 4.605000000000000426e+00 1.596000000000000085e+00
4.000000000000000000e+01 3.899000000000000000e+03 -1.000000000000000000e+00 -1.000000000000000000e+00 -1.000000000000000000e+00 -1.000000000000000000e+00 -1.000000000000000000e+00 2.030586999999999989e+03 1.185824000000000069e+03 1.689999999999999947e+00 1.605499999999999927e+00 5.185999999999999943e+00 1.723000000000000087e+00
4.000000000000000000e+01 3.877000000000000000e+03 -1.000000000000000000e+00 -1.000000000000000000e+00 -1.000000000000000000e+00 -1.000000000000000000e+00 -1.000000000000000000e+00 2.078835000000000036e+03 1.167037000000000035e+03 1.209999999999999964e+00 1.080999999999999961e+00 2.738500000000000156e+00 1.021500000000000075e+00
