1.200000000000000000e+01 2.372000000000000000e+03 -1.000000000000000000e+00 -1.000000000000000000e+00 -1.000000000000000000e+00 -1.000000000000000000e+00 -1.000000000000000000e+00 2.073880999999999858e+03 9.356130000000000564e+02 8.239999999999999547e-01 9.589999999999999636e-01 2.607000000000000206e+00 9.855000000000000426e-01
1.300000000000000000e+01 2.372000000000000000e+03 -1.000000000000000000e+00 -1.000000000000000000e+00 -1.000000000000000000e+00 -1.000000000000000000e+00 -1.000000000000000000e+00 2.073929999999999836e+03 9.356269999999999527e+02 8.349999999999999645e-01 9.589999999999999636e-01 2.607000000000000206e+00 9.855000000000000426e-01
1.400000000000000000e+01 2.372000000000000000e+03 -1.000000000000000000e+00 -1.000000000000000000e+00 -1.000000000000000000e+00 -1.000000000000000000e+00 -1.000000000000000000e+00 2.073726999999999862e+03 9.357419999999999618e+02 8.870000000000000107e-01 9.589999999999999636e-01 2.607000000000000206e+00 9.855000000000000426e-01
1.500000000000000000e+01 2.372000000000000000e+03 -1.000000000000000000e+00 -1.000000000000000000e+00 -1.000000000000000000e+00 -1.000000000000000000e+00 -1.000000000000000000e+00 2.073539999999999964e+03 9.358479999999999563e+02 9.080000000000000293e-01 9.589999999999999636e-01 2.607000000000000206e+00 9.855000000000000426e-01
1.600000000000000000e+01 2.374000000000000000e+03 -1.000000000000000000e+00 -1.000000000000000000e+00 -1.000000000000000000e+00 -1.000000000000000000e+00 -1.000000000000000000e+00 2.066186999999999898e+03 9.211420000000000528e+02 1.149000000000000021e+00 1.002999999999999892e+00 2.204000000000000181e+00 1.070500000000000007e+00
1.600000000000000000e+01 2.372000000000000000e+03 -1.000000000000000000e+00 -1.000000000000000000e+00 -1.000000000000000000e+00 -1.000000000000000000e+00 -1.000000000000000000e+00 2.073677000000000135e+03 9.358110000000000355e+02 9.290000000000000480e-01 9.589999999999999636e-01 2.607000000000000206e+00 9.855000000000000426e-01
1.700000000000000000e+01 2.374000000000000000e+03 -1.000000000000000000e+00 -1.000000000000000000e+00 -1.000000000000000000e+00 -1.000000000000000000e+00 -1.000000000000000000e+00 2.066213000000000193e+03 9.211269999999999527e+02 1.149000000000000021e+00 1.002999999999999892e+00 2.204000000000000181e+00 1.070500000000000007e+00
1.700000000000000000e+01 2.372000000000000000e+03 -1.000000000000000000e+00 -1.000000000000000000e+00 -1.000000000000000000e+00 -1.000000000000000000e+00 -1.000000000000000000e+00 2.073693999999999960e+03 9.358429999999999609e+02 9.709999999999999742e-01 9.589999999999999636e-01 2.607000000000000206e+00 9.855000000000000426e-01
1.800000000000000000e+01 2.374000000000000000e+03 -1.000000000000000000e+00 -1.000000000000000000e+00 -1.000000000000000000e+00 -1.000000000000000000e+00 -1.000000000000000000e+00 2.066213000000000193e+03 9.211269999999999527e+02 1.199000000000000066e+00 1.002999999999999892e+00 2.204000000000000181e+00 1.070500000000000007e+00
1.800000000000000000e+01 2.372000000000000000e+03 -1.000000000000000000e+00 -1.000000000000000000e+00 -1.000000000000000000e+00 -1.000000000000000000e+00 -1.000000000000000000e+00 2.073550000000000182e+03 9.358419999999999845e+02 9.919999999999999929e-01 9.589999999999999636e-01 2.607000000000000206e+00 9.855000000000000426e-01
1.900000000000000000e+01 2.374000000000000000e+03 -1.000000000000000000e+00 -1.000000000000000000e+00 -1.000000000000000000e+00 -1.000000000000000000e+00 -1.000000000000000000e+00 2.066213000000000193e+03 9.211269999999999527e+02 1.249000000000000110e+00 1.002999999999999892e+00 2.204000000000000181e+00 1.070500000000000007e+00
1.900000000000000000e+01 2.372000000000000000e+03 -1.000000000000000000e+00 -1.000000000000000000e+00 -1.000000000000000000e+00 -1.000000000000000000e+00 -1.000000000000000000e+00 2.073440999999999804e+03 9.359030000000000200e+02 9.709999999999999742e-01 9.589999999999999636e-01 2.607000000000000206e+00 9.855000000000000426e-01
2.000000000000000000e+01 2.376000000000000000e+03 -1.000000000000000000e+00 -1.000000000000000000e+00 -1.000000000000000000e+00 -1.000000000000000000e+00 -1.000000000000000000e+00 2.051561999999999898e+03 9.506130000000000564e+02 1.739999999999999991e+00 1.642500000000000071e+00 4.396499999999999631e+00 2.146500000000000075e+00
2.000000000000000000e+01 2.374000000000000000e+03 -1.000000000000000000e+00 -1.000000000000000000e+00 -1.000000000000000000e+00 -1.000000000000000000e+00 -1.000000000000000000e+00 2.066090999999999894e+03 9.209170000000000300e+02 1.249000000000000110e+00 1.002999999999999892e+00 2.204000000000000181e+00 1.070500000000000007e+00
2.000000000000000000e+01 2.372000000000000000e+03 -1.000000000000000000e+00 -1.000000000000000000e+00 -1.000000000000000000e+00 -1.000000000000000000e+00 -1.000000000000000000e+00 2.073480000000000018e+03 9.358809999999999718e+02 8.469999999999999751e-01 9.589999999999999636e-01 2.607000000000000206e+00 9.855000000000000426e-01
2.100000000000000000e+01 2.376000000000000000e+03 -1.000000000000000000e+00 -1.000000000000000000e+00 -1.000000000000000000e+00 -1.000000000000000000e+00 -1.000000000000000000e+00 2.051525999999999840e+03 9.506960000000000264e+02 1.735999999999999988e+00 1.642500000000000071e+00 4.396499999999999631e+00 2.146500000000000075e+00
2.100000000000000000e+01 2.374000000000000000e+03 -1.000000000000000000e+00 -1.000000000000000000e+00 -1.000000000000000000e+00 -1.000000000000000000e+00 -1.000000000000000000e+00 2.066152000000000044e+03 9.210220000000000482e+02 1.249000000000000110e+00 1.002999999999999892e+00 2.204000000000000181e+00 1.070500000000000007e+00
2.100000000000000000e+01 2.372000000000000000e+03 -1.000000000000000000e+00 -1.000000000000000000e+00 -1.000000000000000000e+00 -1.000000000000000000e+00 -1.000000000000000000e+00 2.073398999999999887e+03 9.359270000000000209e+02 9.919999999999999929e-01 9.589999999999999636e-01 2.607000000000000206e+00 9.855000000000000426e-01
2.200000000000000000e+01 2.376000000000000000e+03 -1.000000000000000000e+00 -1.000000000000000000e+00 -1.000000000000000000e+00 -1.000000000000000000e+00 -1.000000000000000000e+00 2.051494999999999891e+03 9.505629999999999882e+02 1.731999999999999984e+00 1.642500000000000071e+00 4.396499999999999631e+00 2.146500000000000075e+00
2.200000000000000000e+01 2.374000000000000000e+03 -1.000000000000000000e+00 -1.000000000000000000e+00 -1.000000000000000000e+00 -1.000000000000000000e+00 -1.000000000000000000e+00 2.066213000000000193e+03 9.211269999999999527e+02 1.249000000000000110e+00 1.002999999999999892e+00 2.204000000000000181e+00 1.070500000000000007e+00
2.200000000000000000e+01 2.372000000000000000e+03 -1.000000000000000000e+00 -1.000000000000000000e+00 -1.000000000000000000e+00 -1.000000000000000000e+00 -1.000000000000000000e+00 2.073492999999999938e+03 9.358740000000000236e+02 9.919999999999999929e-01 9.589999999999999636e-01 2.607000000000000206e+00 9.855000000000000426e-01
2.300000000000000000e+01 2.376000000000000000e+03 -1.000000000000000000e+00 -1.000000000000000000e+00 -1.000000000000000000e+00 -1.000000000000000000e+00 -1.000000000000000000e+00 2.051438000000000102e+03 9.505979999999999563e+02 1.731999999999999984e+00 1.642500000000000071e+00 4.396499999999999631e+00 2.146500000000000075e+00
2.300000000000000000e+01 2.374000000000000000e+03 -1.000000000000000000e+00 -1.000000000000000000e+00 -1.000000000000000000e+00 -1.000000000000000000e+00 -1.000000000000000000e+00 2.066213000000000193e+03 9.211269999999999527e+02 1.399000000000000021e+00 1.002999999999999892e+00 2.204000000000000181e+00 1.070500000000000007e+00
2.300000000000000000e+01 2.372000000000000000e+03 -1.000000000000000000e+00 -1.000000000000000000e+00 -1.000000000000000000e+00 -1.000000000000000000e+00 -1.000000000000000000e+00 2.073398999999999887e+03 9.359270000000000209e+02 9.919999999999999929e-01 9.589999999999999636e-01 2.607000000000000206e+00 9.855000000000000426e-01
2.400000000000000000e+01 2.376000000000000000e+03 -1.000000000000000000e+00 -1.000000000000000000e+00 -1.000000000000000000e+00 -1.000000000000000000e+00 -1.000000000000000000e+00 2.051431000000000040e+03 9.506019999999999754e+02 1.731999999999999984e+00 1.642500000000000071e+00 4.396499999999999631e+00 2.146500000000000075e+00
2.400000000000000000e+01 2.372000000000000000e+03 -1.000000000000000000e+00 -1.000000000000000000e+00 -1.000000000000000000e+00 -1.000000000000000000e+00 -1.000000000000000000e+00 2.073429999999999836e+03 9.359089999999999918e+02 9.919999999999999929e-01 9.589999999999999636e-01 2.607000000000000206e+00 9.855000000000000426e-01
2.400000000000000000e+01 2.374000000000000000e+03 -1.000000000000000000e+00 -1.000000000000000000e+00 -1.000000000000000000e+00 -1.000000000000000000e+00 -1.000000000000000000e+00 2.066044926278520961e+03 9.212246428286689479e+02 1.238929789067326315e+00 1.002999999999999892e+00 2.204000000000000181e+00 1.070500000000000007e+00
2.500000000000000000e+01 2.376000000000000000e+03 -1.000000000000000000e+00 -1.000000000000000000e+00 -1.000000000000000000e+00 -1.000000000000000000e+00 -1.000000000000000000e+00 2.051443999999999960e+03 9.505230000000000246e+02 1.731999999999999984e+00 1.642500000000000071e+00 4.396499999999999631e+00 2.146500000000000075e+00
2.500000000000000000e+01 2.372000000000000000e+03 -1.000000000000000000e+00 -1.000000000000000000e+00 -1.000000000000000000e+00 -1.000000000000000000e+00 -1.000000000000000000e+00 2.073523999999999887e+03 9.358559999999999945e+02 9.919999999999999929e-01 9.589999999999999636e-01 2.607000000000000206e+00 9.855000000000000426e-01
2.500000000000000000e+01 2.374000000000000000e+03 -1.000000000000000000e+00 -1.000000000000000000e+00 -1.000000000000000000e+00 -1.000000000000000000e+00 -1.000000000000000000e+00 2.066086947101900023e+03 9.212002307312773155e+02 1.278949620856965286e+00 1.002999999999999892e+00 2.204000000000000181e+00 1.070500000000000007e+00
2.600000000000000000e+01 2.376000000000000000e+03 -1.000000000000000000e+00 -1.000000000000000000e+00 -1.000000000000000000e+00 -1.000000000000000000e+00 -1.000000000000000000e+00 2.051438000000000102e+03 9.505270000000000437e+02 1.731999999999999984e+00 1.642500000000000071e+00 4.396499999999999631e+00 2.146500000000000075e+00
2.600000000000000000e+01 2.372000000000000000e+03 -1.000000000000000000e+00 -1.000000000000000000e+00 -1.000000000000000000e+00 -1.000000000000000000e+00 -1.000000000000000000e+00 2.073492999999999938e+03 9.358740000000000236e+02 9.919999999999999929e-01 9.589999999999999636e-01 2.607000000000000206e+00 9.855000000000000426e-01
2.600000000000000000e+01 2.374000000000000000e+03 -1.000000000000000000e+00 -1.000000000000000000e+00 -1.000000000000000000e+00 -1.000000000000000000e+00 -1.000000000000000000e+00 2.066128964062877913e+03 9.211758208777565642e+02 1.318965774169493788e+00 1.002999999999999892e+00 2.204000000000000181e+00 1.070500000000000007e+00
2.700000000000000000e+01 2.376000000000000000e+03 -1.000000000000000000e+00 -1.000000000000000000e+00 -1.000000000000000000e+00 -1.000000000000000000e+00 -1.000000000000000000e+00 2.051431000000000040e+03 9.505309999999999491e+02 1.731999999999999984e+00 1.642500000000000071e+00 4.396499999999999631e+00 2.146500000000000075e+00
2.700000000000000000e+01 2.372000000000000000e+03 -1.000000000000000000e+00 -1.000000000000000000e+00 -1.000000000000000000e+00 -1.000000000000000000e+00 -1.000000000000000000e+00 2.073492999999999938e+03 9.358740000000000236e+02 9.919999999999999929e-01 9.589999999999999636e-01 2.607000000000000206e+00 9.855000000000000426e-01
2.700000000000000000e+01 2.374000000000000000e+03 -1.000000000000000000e+00 -1.000000000000000000e+00 -1.000000000000000000e+00 -1.000000000000000000e+00 -1.000000000000000000e+00 2.066170981023856257e+03 9.211514110242359266e+02 1.358981927482022511e+00 1.002999999999999892e+00 2.204000000000000181e+00 1.070500000000000007e+00
2.800000000000000000e+01 2.376000000000000000e+03 -1.000000000000000000e+00 -1.000000000000000000e+00 -1.000000000000000000e+00 -1.000000000000000000e+00 -1.000000000000000000e+00 2.051373000000000047e+03 9.505660000000000309e+02 1.731999999999999984e+00 1.642500000000000071e+00 4.396499999999999631e+00 2.146500000000000075e+00
2.800000000000000000e+01 2.374000000000000000e+03 -1.000000000000000000e+00 -1.000000000000000000e+00 -1.000000000000000000e+00 -1.000000000000000000e+00 -1.000000000000000000e+00 2.066003000000000156e+03 9.212490000000000236e+02 1.199000000000000066e+00 1.002999999999999892e+00 2.204000000000000181e+00 1.070500000000000007e+00
2.800000000000000000e+01 2.372000000000000000e+03 -1.000000000000000000e+00 -1.000000000000000000e+00 -1.000000000000000000e+00 -1.000000000000000000e+00 -1.000000000000000000e+00 2.073461999999999989e+03 9.358920000000000528e+02 9.919999999999999929e-01 9.589999999999999636e-01 2.607000000000000206e+00 9.855000000000000426e-01
2.900000000000000000e+01 2.376000000000000000e+03 -1.000000000000000000e+00 -1.000000000000000000e+00 -1.000000000000000000e+00 -1.000000000000000000e+00 -1.000000000000000000e+00 2.051369999999999891e+03 9.505700000000000500e+02 1.802000000000000046e+00 1.642500000000000071e+00 4.396499999999999631e+00 2.146500000000000075e+00
2.900000000000000000e+01 2.372000000000000000e+03 -1.000000000000000000e+00 -1.000000000000000000e+00 -1.000000000000000000e+00 -1.000000000000000000e+00 -1.000000000000000000e+00 2.073461999999999989e+03 9.358920000000000528e+02 9.919999999999999929e-01 9.589999999999999636e-01 2.607000000000000206e+00 9.855000000000000426e-01
2.900000000000000000e+01 2.374000000000000000e+03 -1.000000000000000000e+00 -1.000000000000000000e+00 -1.000000000000000000e+00 -1.000000000000000000e+00 -1.000000000000000000e+00 2.066003000000000156e+03 9.212490000000000236e+02 1.232333288829313034e+00 1.002999999999999892e+00 2.204000000000000181e+00 1.070500000000000007e+00
3.000000000000000000e+01 2.376000000000000000e+03 -1.000000000000000000e+00 -1.000000000000000000e+00 -1.000000000000000000e+00 -1.000000000000000000e+00 -1.000000000000000000e+00 2.051398999999999887e+03 9.506250000000000000e+02 1.872000000000000108e+00 1.642500000000000071e+00 4.396499999999999631e+00 2.146500000000000075e+00
3.000000000000000000e+01 2.372000000000000000e+03 -1.000000000000000000e+00 -1.000000000000000000e+00 -1.000000000000000000e+00 -1.000000000000000000e+00 -1.000000000000000000e+00 2.073367999999999938e+03 9.359450000000000500e+02 9.919999999999999929e-01 9.589999999999999636e-01 2.607000000000000206e+00 9.855000000000000426e-01
3.000000000000000000e+01 2.374000000000000000e+03 -1.000000000000000000e+00 -1.000000000000000000e+00 -1.000000000000000000e+00 -1.000000000000000000e+00 -1.000000000000000000e+00 2.066003000000000156e+03 9.212490000000000236e+02 1.215666477524579570e+00 1.002999999999999892e+00 2.204000000000000181e+00 1.070500000000000007e+00
3.100000000000000000e+01 2.376000000000000000e+03 -1.000000000000000000e+00 -1.000000000000000000e+00 -1.000000000000000000e+00 -1.000000000000000000e+00 -1.000000000000000000e+00 2.051396999999999935e+03 9.506280000000000427e+02 1.941999999999999948e+00 1.642500000000000071e+00 4.396499999999999631e+00 2.146500000000000075e+00
3.100000000000000000e+01 2.374000000000000000e+03 -1.000000000000000000e+00 -1.000000000000000000e+00 -1.000000000000000000e+00 -1.000000000000000000e+00 -1.000000000000000000e+00 2.066003000000000156e+03 9.212490000000000236e+02 1.249000000000000110e+00 1.002999999999999892e+00 2.204000000000000181e+00 1.070500000000000007e+00
3.100000000000000000e+01 2.372000000000000000e+03 -1.000000000000000000e+00 -1.000000000000000000e+00 -1.000000000000000000e+00 -1.000000000000000000e+00 -1.000000000000000000e+00 2.073367999999999938e+03 9.359450000000000500e+02 9.919999999999999929e-01 9.589999999999999636e-01 2.607000000000000206e+00 9.855000000000000426e-01
3.200000000000000000e+01 2.376000000000000000e+03 -1.000000000000000000e+00 -1.000000000000000000e+00 -1.000000000000000000e+00 -1.000000000000000000e+00 -1.000000000000000000e+00 2.051393999999999778e+03 9.506319999999999482e+02 2.012000000000000011e+00 1.642500000000000071e+00 4.396499999999999631e+00 2.146500000000000075e+00
3.200000000000000000e+01 2.372000000000000000e+03 -1.000000000000000000e+00 -1.000000000000000000e+00 -1.000000000000000000e+00 -1.000000000000000000e+00 -1.000000000000000000e+00 2.073367999999999938e+03 9.359450000000000500e+02 9.919999999999999929e-01 9.589999999999999636e-01 2.607000000000000206e+00 9.855000000000000426e-01
3.200000000000000000e+01 2.374000000000000000e+03 -1.000000000000000000e+00 -1.000000000000000000e+00 -1.000000000000000000e+00 -1.000000000000000000e+00 -1.000000000000000000e+00 2.065862923586442776e+03 9.213303777259714025e+02 1.249000000000000110e+00 1.002999999999999892e+00 2.204000000000000181e+00 1.070500000000000007e+00
3.300000000000000000e+01 2.376000000000000000e+03 -1.000000000000000000e+00 -1.000000000000000000e+00 -1.000000000000000000e+00 -1.000000000000000000e+00 -1.000000000000000000e+00 2.051391999999999825e+03 9.506349999999999909e+02 2.081999999999999851e+00 1.642500000000000071e+00 4.396499999999999631e+00 2.146500000000000075e+00
3.300000000000000000e+01 2.372000000000000000e+03 -1.000000000000000000e+00 -1.000000000000000000e+00 -1.000000000000000000e+00 -1.000000000000000000e+00 -1.000000000000000000e+00 2.073367999999999938e+03 9.359450000000000500e+02 9.919999999999999929e-01 9.589999999999999636e-01 2.607000000000000206e+00 9.855000000000000426e-01
3.300000000000000000e+01 2.374000000000000000e+03 -1.000000000000000000e+00 -1.000000000000000000e+00 -1.000000000000000000e+00 -1.000000000000000000e+00 -1.000000000000000000e+00 2.065932922092713852e+03 9.212897119270900248e+02 1.249000000000000110e+00 1.002999999999999892e+00 2.204000000000000181e+00 1.070500000000000007e+00
3.400000000000000000e+01 2.376000000000000000e+03 -1.000000000000000000e+00 -1.000000000000000000e+00 -1.000000000000000000e+00 -1.000000000000000000e+00 -1.000000000000000000e+00 2.051387000000000171e+03 9.506470000000000482e+02 2.095000000000000195e+00 1.642500000000000071e+00 4.396499999999999631e+00 2.146500000000000075e+00
3.400000000000000000e+01 2.374000000000000000e+03 -1.000000000000000000e+00 -1.000000000000000000e+00 -1.000000000000000000e+00 -1.000000000000000000e+00 -1.000000000000000000e+00 2.065793000000000120e+03 9.213709999999999809e+02 1.249000000000000110e+00 1.002999999999999892e+00 2.204000000000000181e+00 1.070500000000000007e+00
3.400000000000000000e+01 2.372000000000000000e+03 -1.000000000000000000e+00 -1.000000000000000000e+00 -1.000000000000000000e+00 -1.000000000000000000e+00 -1.000000000000000000e+00 2.073367999999999938e+03 9.359450000000000500e+02 9.919999999999999929e-01 9.589999999999999636e-01 2.607000000000000206e+00 9.855000000000000426e-01
3.500000000000000000e+01 2.376000000000000000e+03 -1.000000000000000000e+00 -1.000000000000000000e+00 -1.000000000000000000e+00 -1.000000000000000000e+00 -1.000000000000000000e+00 2.051382999999999811e+03 9.506589999999999918e+02 2.108999999999999986e+00 1.642500000000000071e+00 4.396499999999999631e+00 2.146500000000000075e+00
3.500000000000000000e+01 2.372000000000000000e+03 -1.000000000000000000e+00 -1.000000000000000000e+00 -1.000000000000000000e+00 -1.000000000000000000e+00 -1.000000000000000000e+00 2.073367999999999938e+03 9.359450000000000500e+02 9.919999999999999929e-01 9.589999999999999636e-01 2.607000000000000206e+00 9.855000000000000426e-01
3.500000000000000000e+01 2.374000000000000000e+03 -1.000000000000000000e+00 -1.000000000000000000e+00 -1.000000000000000000e+00 -1.000000000000000000e+00 -1.000000000000000000e+00 2.066089622046577460e+03 9.215084589971944524e+02 1.249000000000000110e+00 1.002999999999999892e+00 2.204000000000000181e+00 1.070500000000000007e+00
3.600000000000000000e+01 2.376000000000000000e+03 -1.000000000000000000e+00 -1.000000000000000000e+00 -1.000000000000000000e+00 -1.000000000000000000e+00 -1.000000000000000000e+00 2.051378000000000156e+03 9.506710000000000491e+02 2.121999999999999886e+00 1.642500000000000071e+00 4.396499999999999631e+00 2.146500000000000075e+00
3.600000000000000000e+01 2.372000000000000000e+03 -1.000000000000000000e+00 -1.000000000000000000e+00 -1.000000000000000000e+00 -1.000000000000000000e+00 -1.000000000000000000e+00 2.073367999999999938e+03 9.359450000000000500e+02 9.919999999999999929e-01 9.589999999999999636e-01 2.607000000000000206e+00 9.855000000000000426e-01
3.600000000000000000e+01 2.374000000000000000e+03 -1.000000000000000000e+00 -1.000000000000000000e+00 -1.000000000000000000e+00 -1.000000000000000000e+00 -1.000000000000000000e+00 2.066010044479771750e+03 9.214715815881870640e+02 1.249000000000000110e+00 1.002999999999999892e+00 2.204000000000000181e+00 1.070500000000000007e+00
3.700000000000000000e+01 2.376000000000000000e+03 -1.000000000000000000e+00 -1.000000000000000000e+00 -1.000000000000000000e+00 -1.000000000000000000e+00 -1.000000000000000000e+00 2.051373999999999796e+03 9.506829999999999927e+02 2.134999999999999787e+00 1.642500000000000071e+00 4.396499999999999631e+00 2.146500000000000075e+00
3.700000000000000000e+01 2.372000000000000000e+03 -1.000000000000000000e+00 -1.000000000000000000e+00 -1.000000000000000000e+00 -1.000000000000000000e+00 -1.000000000000000000e+00 2.073367999999999938e+03 9.359450000000000500e+02 9.919999999999999929e-01 9.589999999999999636e-01 2.607000000000000206e+00 9.855000000000000426e-01
3.700000000000000000e+01 2.374000000000000000e+03 -1.000000000000000000e+00 -1.000000000000000000e+00 -1.000000000000000000e+00 -1.000000000000000000e+00 -1.000000000000000000e+00 2.065937752001872013e+03 9.214380801959894143e+02 1.249000000000000110e+00 1.002999999999999892e+00 2.204000000000000181e+00 1.070500000000000007e+00
3.800000000000000000e+01 2.376000000000000000e+03 -1.000000000000000000e+00 -1.000000000000000000e+00 -1.000000000000000000e+00 -1.000000000000000000e+00 -1.000000000000000000e+00 2.051369999999999891e+03 9.506950000000000500e+02 2.149000000000000021e+00 1.642500000000000071e+00 4.396499999999999631e+00 2.146500000000000075e+00
3.800000000000000000e+01 2.372000000000000000e+03 -1.000000000000000000e+00 -1.000000000000000000e+00 -1.000000000000000000e+00 -1.000000000000000000e+00 -1.000000000000000000e+00 2.073367999999999938e+03 9.359450000000000500e+02 9.919999999999999929e-01 9.589999999999999636e-01 2.607000000000000206e+00 9.855000000000000426e-01
3.800000000000000000e+01 2.374000000000000000e+03 -1.000000000000000000e+00 -1.000000000000000000e+00 -1.000000000000000000e+00 -1.000000000000000000e+00 -1.000000000000000000e+00 2.065865374482335028e+03 9.214045393942528790e+02 1.249000000000000110e+00 1.002999999999999892e+00 2.204000000000000181e+00 1.070500000000000007e+00
3.900000000000000000e+01 2.376000000000000000e+03 -1.000000000000000000e+00 -1.000000000000000000e+00 -1.000000000000000000e+00 -1.000000000000000000e+00 -1.000000000000000000e+00 2.051376000000000204e+03 9.507240000000000464e+02 2.212000000000000188e+00 1.642500000000000071e+00 4.396499999999999631e+00 2.146500000000000075e+00
3.900000000000000000e+01 2.374000000000000000e+03 -1.000000000000000000e+00 -1.000000000000000000e+00 -1.000000000000000000e+00 -1.000000000000000000e+00 -1.000000000000000000e+00 2.066161999999999807e+03 9.215420000000000300e+02 1.249000000000000110e+00 1.002999999999999892e+00 2.204000000000000181e+00 1.070500000000000007e+00
3.900000000000000000e+01 2.372000000000000000e+03 -1.000000000000000000e+00 -1.000000000000000000e+00 -1.000000000000000000e+00 -1.000000000000000000e+00 -1.000000000000000000e+00 2.073367999999999938e+03 9.359450000000000500e+02 9.919999999999999929e-01 9.589999999999999636e-01 2.607000000000000206e+00 9.855000000000000426e-01
