1.000000000000000000e+00 3.360000000000000000e+03 -1.000000000000000000e+00 -1.000000000000000000e+00 -1.000000000000000000e+00 -1.000000000000000000e+00 -1.000000000000000000e+00 1.308635999999999967e+03 1.060682000000000016e+03 8.499999999999999778e-01 1.316000000000000059e+00 4.228500000000000369e+00 2.028500000000000192e+00
1.000000000000000000e+00 3.366000000000000000e+03 -1.000000000000000000e+00 -1.000000000000000000e+00 -1.000000000000000000e+00 -1.000000000000000000e+00 -1.000000000000000000e+00 1.334557999999999993e+03 1.094550999999999931e+03 1.407999999999999918e+00 1.193500000000000005e+00 4.487499999999999822e+00 1.322500000000000009e+00
2.000000000000000000e+00 3.360000000000000000e+03 -1.000000000000000000e+00 -1.000000000000000000e+00 -1.000000000000000000e+00 -1.000000000000000000e+00 -1.000000000000000000e+00 1.311218000000000075e+03 1.064125000000000000e+03 1.225000000000000089e+00 1.316000000000000059e+00 4.228500000000000369e+00 2.028500000000000192e+00
2.000000000000000000e+00 3.366000000000000000e+03 -1.000000000000000000e+00 -1.000000000000000000e+00 -1.000000000000000000e+00 -1.000000000000000000e+00 -1.000000000000000000e+00 1.334602000000000089e+03 1.094344000000000051e+03 1.451999999999999957e+00 1.193500000000000005e+00 4.487499999999999822e+00 1.322500000000000009e+00
2.000000000000000000e+00 3.369000000000000000e+03 -1.000000000000000000e+00 -1.000000000000000000e+00 -1.000000000000000000e+00 -1.000000000000000000e+00 -1.000000000000000000e+00 1.362171000000000049e+03 1.143788999999999987e+03 -4.879999999999999893e-01 1.305500000000000105e+00 3.148000000000000131e+00 1.088000000000000078e+00
3.000000000000000000e+00 3.366000000000000000e+03 -1.000000000000000000e+00 -1.000000000000000000e+00 -1.000000000000000000e+00 -1.000000000000000000e+00 -1.000000000000000000e+00 1.334532999999999902e+03 1.094571999999999889e+03 1.439999999999999947e+00 1.193500000000000005e+00 4.487499999999999822e+00 1.322500000000000009e+00
3.000000000000000000e+00 3.369000000000000000e+03 -1.000000000000000000e+00 -1.000000000000000000e+00 -1.000000000000000000e+00 -1.000000000000000000e+00 -1.000000000000000000e+00 1.362171000000000049e+03 1.143788999999999987e+03 -4.879999999999999893e-01 1.305500000000000105e+00 3.148000000000000131e+00 1.088000000000000078e+00
4.000000000000000000e+00 3.366000000000000000e+03 -1.000000000000000000e+00 -1.000000000000000000e+00 -1.000000000000000000e+00 -1.000000000000000000e+00 -1.000000000000000000e+00 1.334532999999999902e+03 1.094571999999999889e+03 1.596000000000000085e+00 1.193500000000000005e+00 4.487499999999999822e+00 1.322500000000000009e+00
4.000000000000000000e+00 3.369000000000000000e+03 -1.000000000000000000e+00 -1.000000000000000000e+00 -1.000000000000000000e+00 -1.000000000000000000e+00 -1.000000000000000000e+00 1.362171000000000049e+03 1.143788999999999987e+03 -4.879999999999999893e-01 1.305500000000000105e+00 3.148000000000000131e+00 1.088000000000000078e+00
5.000000000000000000e+00 3.366000000000000000e+03 -1.000000000000000000e+00 -1.000000000000000000e+00 -1.000000000000000000e+00 -1.000000000000000000e+00 -1.000000000000000000e+00 1.334532999999999902e+03 1.094571999999999889e+03 1.651999999999999913e+00 1.193500000000000005e+00 4.487499999999999822e+00 1.322500000000000009e+00
5.000000000000000000e+00 3.369000000000000000e+03 -1.000000000000000000e+00 -1.000000000000000000e+00 -1.000000000000000000e+00 -1.000000000000000000e+00 -1.000000000000000000e+00 1.362124000000000024e+03 1.143703999999999951e+03 -4.709999999999999742e-01 1.305500000000000105e+00 3.148000000000000131e+00 1.088000000000000078e+00
6.000000000000000000e+00 3.366000000000000000e+03 -1.000000000000000000e+00 -1.000000000000000000e+00 -1.000000000000000000e+00 -1.000000000000000000e+00 -1.000000000000000000e+00 1.334532999999999902e+03 1.094571999999999889e+03 1.802000000000000046e+00 1.193500000000000005e+00 4.487499999999999822e+00 1.322500000000000009e+00
6.000000000000000000e+00 3.369000000000000000e+03 -1.000000000000000000e+00 -1.000000000000000000e+00 -1.000000000000000000e+00 -1.000000000000000000e+00 -1.000000000000000000e+00 1.362082000000000107e+03 1.143626999999999953e+03 -4.560000000000000164e-01 1.305500000000000105e+00 3.148000000000000131e+00 1.088000000000000078e+00
7.000000000000000000e+00 3.366000000000000000e+03 -1.000000000000000000e+00 -1.000000000000000000e+00 -1.000000000000000000e+00 -1.000000000000000000e+00 -1.000000000000000000e+00 1.334532999999999902e+03 1.094571999999999889e+03 1.901999999999999913e+00 1.193500000000000005e+00 4.487499999999999822e+00 1.322500000000000009e+00
7.000000000000000000e+00 3.369000000000000000e+03 -1.000000000000000000e+00 -1.000000000000000000e+00 -1.000000000000000000e+00 -1.000000000000000000e+00 -1.000000000000000000e+00 1.362030999999999949e+03 1.143534000000000106e+03 -4.380000000000000004e-01 1.305500000000000105e+00 3.148000000000000131e+00 1.088000000000000078e+00
8.000000000000000000e+00 3.366000000000000000e+03 -1.000000000000000000e+00 -1.000000000000000000e+00 -1.000000000000000000e+00 -1.000000000000000000e+00 -1.000000000000000000e+00 1.334532999999999902e+03 1.094571999999999889e+03 2.001999999999999780e+00 1.193500000000000005e+00 4.487499999999999822e+00 1.322500000000000009e+00
8.000000000000000000e+00 3.369000000000000000e+03 -1.000000000000000000e+00 -1.000000000000000000e+00 -1.000000000000000000e+00 -1.000000000000000000e+00 -1.000000000000000000e+00 1.361897999999999911e+03 1.143362000000000080e+03 -2.550000000000000044e-01 1.305500000000000105e+00 3.148000000000000131e+00 1.088000000000000078e+00
9.000000000000000000e+00 3.366000000000000000e+03 -1.000000000000000000e+00 -1.000000000000000000e+00 -1.000000000000000000e+00 -1.000000000000000000e+00 -1.000000000000000000e+00 1.334532999999999902e+03 1.094571999999999889e+03 2.101999999999999869e+00 1.193500000000000005e+00 4.487499999999999822e+00 1.322500000000000009e+00
9.000000000000000000e+00 3.369000000000000000e+03 -1.000000000000000000e+00 -1.000000000000000000e+00 -1.000000000000000000e+00 -1.000000000000000000e+00 -1.000000000000000000e+00 1.361765000000000100e+03 1.143189000000000078e+03 -7.099999999999999367e-02 1.305500000000000105e+00 3.148000000000000131e+00 1.088000000000000078e+00
1.000000000000000000e+01 3.366000000000000000e+03 -1.000000000000000000e+00 -1.000000000000000000e+00 -1.000000000000000000e+00 -1.000000000000000000e+00 -1.000000000000000000e+00 1.334532999999999902e+03 1.094571999999999889e+03 2.201999999999999957e+00 1.193500000000000005e+00 4.487499999999999822e+00 1.322500000000000009e+00
1.000000000000000000e+01 3.369000000000000000e+03 -1.000000000000000000e+00 -1.000000000000000000e+00 -1.000000000000000000e+00 -1.000000000000000000e+00 -1.000000000000000000e+00 1.361632000000000062e+03 1.143016000000000076e+03 1.120000000000000023e-01 1.305500000000000105e+00 3.148000000000000131e+00 1.088000000000000078e+00
1.100000000000000000e+01 3.366000000000000000e+03 -1.000000000000000000e+00 -1.000000000000000000e+00 -1.000000000000000000e+00 -1.000000000000000000e+00 -1.000000000000000000e+00 1.334532999999999902e+03 1.094571999999999889e+03 2.501999999999999780e+00 1.193500000000000005e+00 4.487499999999999822e+00 1.322500000000000009e+00
1.100000000000000000e+01 3.369000000000000000e+03 -1.000000000000000000e+00 -1.000000000000000000e+00 -1.000000000000000000e+00 -1.000000000000000000e+00 -1.000000000000000000e+00 1.361654999999999973e+03 1.143001999999999953e+03 3.019999999999999907e-01 1.305500000000000105e+00 3.148000000000000131e+00 1.088000000000000078e+00
1.200000000000000000e+01 3.377000000000000000e+03 -1.000000000000000000e+00 -1.000000000000000000e+00 -1.000000000000000000e+00 -1.000000000000000000e+00 -1.000000000000000000e+00 1.388007000000000062e+03 1.141421000000000049e+03 -2.159999999999999976e-01 1.147499999999999964e+00 2.720499999999999918e+00 1.000000000000000000e+00
1.200000000000000000e+01 3.366000000000000000e+03 -1.000000000000000000e+00 -1.000000000000000000e+00 -1.000000000000000000e+00 -1.000000000000000000e+00 -1.000000000000000000e+00 1.334532999999999902e+03 1.094571999999999889e+03 2.603000000000000203e+00 1.193500000000000005e+00 4.487499999999999822e+00 1.322500000000000009e+00
1.200000000000000000e+01 3.369000000000000000e+03 -1.000000000000000000e+00 -1.000000000000000000e+00 -1.000000000000000000e+00 -1.000000000000000000e+00 -1.000000000000000000e+00 1.361676999999999907e+03 1.142987000000000080e+03 4.919999999999999929e-01 1.305500000000000105e+00 3.148000000000000131e+00 1.088000000000000078e+00
1.300000000000000000e+01 3.377000000000000000e+03 -1.000000000000000000e+00 -1.000000000000000000e+00 -1.000000000000000000e+00 -1.000000000000000000e+00 -1.000000000000000000e+00 1.388007000000000062e+03 1.141421000000000049e+03 -2.900000000000000147e-02 1.147499999999999964e+00 2.720499999999999918e+00 1.000000000000000000e+00
1.300000000000000000e+01 3.369000000000000000e+03 -1.000000000000000000e+00 -1.000000000000000000e+00 -1.000000000000000000e+00 -1.000000000000000000e+00 -1.000000000000000000e+00 1.361700000000000045e+03 1.142972999999999956e+03 6.810000000000000497e-01 1.305500000000000105e+00 3.148000000000000131e+00 1.088000000000000078e+00
1.400000000000000000e+01 3.378000000000000000e+03 -1.000000000000000000e+00 -1.000000000000000000e+00 -1.000000000000000000e+00 -1.000000000000000000e+00 -1.000000000000000000e+00 1.404903000000000020e+03 1.166226000000000113e+03 -5.320000000000000284e-01 1.273500000000000076e+00 3.779500000000000082e+00 1.732499999999999929e+00
1.400000000000000000e+01 3.377000000000000000e+03 -1.000000000000000000e+00 -1.000000000000000000e+00 -1.000000000000000000e+00 -1.000000000000000000e+00 -1.000000000000000000e+00 1.388007000000000062e+03 1.141421000000000049e+03 1.570000000000000007e-01 1.147499999999999964e+00 2.720499999999999918e+00 1.000000000000000000e+00
1.400000000000000000e+01 3.369000000000000000e+03 -1.000000000000000000e+00 -1.000000000000000000e+00 -1.000000000000000000e+00 -1.000000000000000000e+00 -1.000000000000000000e+00 1.361702999999999975e+03 1.142939000000000078e+03 8.709999999999999964e-01 1.305500000000000105e+00 3.148000000000000131e+00 1.088000000000000078e+00
1.500000000000000000e+01 3.378000000000000000e+03 -1.000000000000000000e+00 -1.000000000000000000e+00 -1.000000000000000000e+00 -1.000000000000000000e+00 -1.000000000000000000e+00 1.404892000000000053e+03 1.166376999999999953e+03 -4.299999999999999933e-01 1.273500000000000076e+00 3.779500000000000082e+00 1.732499999999999929e+00
1.500000000000000000e+01 3.377000000000000000e+03 -1.000000000000000000e+00 -1.000000000000000000e+00 -1.000000000000000000e+00 -1.000000000000000000e+00 -1.000000000000000000e+00 1.388007000000000062e+03 1.141421000000000049e+03 2.929999999999999827e-01 1.147499999999999964e+00 2.720499999999999918e+00 1.000000000000000000e+00
1.500000000000000000e+01 3.369000000000000000e+03 -1.000000000000000000e+00 -1.000000000000000000e+00 -1.000000000000000000e+00 -1.000000000000000000e+00 -1.000000000000000000e+00 1.361707000000000107e+03 1.142904999999999973e+03 1.060999999999999943e+00 1.305500000000000105e+00 3.148000000000000131e+00 1.088000000000000078e+00
1.600000000000000000e+01 3.378000000000000000e+03 -1.000000000000000000e+00 -1.000000000000000000e+00 -1.000000000000000000e+00 -1.000000000000000000e+00 -1.000000000000000000e+00 1.404881000000000085e+03 1.166528000000000020e+03 -3.270000000000000129e-01 1.273500000000000076e+00 3.779500000000000082e+00 1.732499999999999929e+00
1.600000000000000000e+01 3.377000000000000000e+03 -1.000000000000000000e+00 -1.000000000000000000e+00 -1.000000000000000000e+00 -1.000000000000000000e+00 -1.000000000000000000e+00 1.388007000000000062e+03 1.141421000000000049e+03 3.290000000000000147e-01 1.147499999999999964e+00 2.720499999999999918e+00 1.000000000000000000e+00
1.600000000000000000e+01 3.369000000000000000e+03 -1.000000000000000000e+00 -1.000000000000000000e+00 -1.000000000000000000e+00 -1.000000000000000000e+00 -1.000000000000000000e+00 1.361710000000000036e+03 1.142871000000000095e+03 1.201000000000000068e+00 1.305500000000000105e+00 3.148000000000000131e+00 1.088000000000000078e+00
1.700000000000000000e+01 3.378000000000000000e+03 -1.000000000000000000e+00 -1.000000000000000000e+00 -1.000000000000000000e+00 -1.000000000000000000e+00 -1.000000000000000000e+00 1.404936999999999898e+03 1.166407999999999902e+03 -2.349999999999999867e-01 1.273500000000000076e+00 3.779500000000000082e+00 1.732499999999999929e+00
1.700000000000000000e+01 3.377000000000000000e+03 -1.000000000000000000e+00 -1.000000000000000000e+00 -1.000000000000000000e+00 -1.000000000000000000e+00 -1.000000000000000000e+00 1.388007000000000062e+03 1.141421000000000049e+03 4.650000000000000244e-01 1.147499999999999964e+00 2.720499999999999918e+00 1.000000000000000000e+00
1.700000000000000000e+01 3.369000000000000000e+03 -1.000000000000000000e+00 -1.000000000000000000e+00 -1.000000000000000000e+00 -1.000000000000000000e+00 -1.000000000000000000e+00 1.361624000000000024e+03 1.142782999999999902e+03 1.350999999999999979e+00 1.305500000000000105e+00 3.148000000000000131e+00 1.088000000000000078e+00
1.800000000000000000e+01 3.378000000000000000e+03 -1.000000000000000000e+00 -1.000000000000000000e+00 -1.000000000000000000e+00 -1.000000000000000000e+00 -1.000000000000000000e+00 1.404993999999999915e+03 1.166288999999999987e+03 -1.419999999999999873e-01 1.273500000000000076e+00 3.779500000000000082e+00 1.732499999999999929e+00
1.800000000000000000e+01 3.377000000000000000e+03 -1.000000000000000000e+00 -1.000000000000000000e+00 -1.000000000000000000e+00 -1.000000000000000000e+00 -1.000000000000000000e+00 1.388007000000000062e+03 1.141421000000000049e+03 7.409999999999999920e-01 1.147499999999999964e+00 2.720499999999999918e+00 1.000000000000000000e+00
1.800000000000000000e+01 3.382000000000000000e+03 -1.000000000000000000e+00 -1.000000000000000000e+00 -1.000000000000000000e+00 -1.000000000000000000e+00 -1.000000000000000000e+00 1.382412000000000035e+03 1.190825000000000045e+03 -1.020999999999999908e+00 1.564999999999999947e+00 3.971000000000000085e+00 1.439500000000000002e+00
1.800000000000000000e+01 3.369000000000000000e+03 -1.000000000000000000e+00 -1.000000000000000000e+00 -1.000000000000000000e+00 -1.000000000000000000e+00 -1.000000000000000000e+00 1.361566000000000031e+03 1.142724999999999909e+03 1.600999999999999979e+00 1.305500000000000105e+00 3.148000000000000131e+00 1.088000000000000078e+00
1.900000000000000000e+01 3.378000000000000000e+03 -1.000000000000000000e+00 -1.000000000000000000e+00 -1.000000000000000000e+00 -1.000000000000000000e+00 -1.000000000000000000e+00 1.405417999999999893e+03 1.166800999999999931e+03 6.500000000000000222e-02 1.273500000000000076e+00 3.779500000000000082e+00 1.732499999999999929e+00
1.900000000000000000e+01 3.377000000000000000e+03 -1.000000000000000000e+00 -1.000000000000000000e+00 -1.000000000000000000e+00 -1.000000000000000000e+00 -1.000000000000000000e+00 1.388007000000000062e+03 1.141421000000000049e+03 7.339999999999999858e-01 1.147499999999999964e+00 2.720499999999999918e+00 1.000000000000000000e+00
1.900000000000000000e+01 3.382000000000000000e+03 -1.000000000000000000e+00 -1.000000000000000000e+00 -1.000000000000000000e+00 -1.000000000000000000e+00 -1.000000000000000000e+00 1.382326000000000022e+03 1.190952999999999975e+03 -8.780000000000000027e-01 1.564999999999999947e+00 3.971000000000000085e+00 1.439500000000000002e+00
1.900000000000000000e+01 3.369000000000000000e+03 -1.000000000000000000e+00 -1.000000000000000000e+00 -1.000000000000000000e+00 -1.000000000000000000e+00 -1.000000000000000000e+00 1.361624000000000024e+03 1.142782999999999902e+03 1.701999999999999957e+00 1.305500000000000105e+00 3.148000000000000131e+00 1.088000000000000078e+00
2.000000000000000000e+01 3.378000000000000000e+03 -1.000000000000000000e+00 -1.000000000000000000e+00 -1.000000000000000000e+00 -1.000000000000000000e+00 -1.000000000000000000e+00 1.405925999999999931e+03 1.167415999999999940e+03 3.130000000000000004e-01 1.273500000000000076e+00 3.779500000000000082e+00 1.732499999999999929e+00
2.000000000000000000e+01 3.377000000000000000e+03 -1.000000000000000000e+00 -1.000000000000000000e+00 -1.000000000000000000e+00 -1.000000000000000000e+00 -1.000000000000000000e+00 1.388007000000000062e+03 1.141421000000000049e+03 1.088999999999999968e+00 1.147499999999999964e+00 2.720499999999999918e+00 1.000000000000000000e+00
2.000000000000000000e+01 3.382000000000000000e+03 -1.000000000000000000e+00 -1.000000000000000000e+00 -1.000000000000000000e+00 -1.000000000000000000e+00 -1.000000000000000000e+00 1.382222999999999956e+03 1.191106999999999971e+03 -7.059999999999999609e-01 1.564999999999999947e+00 3.971000000000000085e+00 1.439500000000000002e+00
2.000000000000000000e+01 3.369000000000000000e+03 -1.000000000000000000e+00 -1.000000000000000000e+00 -1.000000000000000000e+00 -1.000000000000000000e+00 -1.000000000000000000e+00 1.361624000000000024e+03 1.142782999999999902e+03 1.752000000000000002e+00 1.305500000000000105e+00 3.148000000000000131e+00 1.088000000000000078e+00
2.100000000000000000e+01 3.378000000000000000e+03 -1.000000000000000000e+00 -1.000000000000000000e+00 -1.000000000000000000e+00 -1.000000000000000000e+00 -1.000000000000000000e+00 1.406521999999999935e+03 1.168428000000000111e+03 3.810000000000000053e-01 1.273500000000000076e+00 3.779500000000000082e+00 1.732499999999999929e+00
2.100000000000000000e+01 3.377000000000000000e+03 -1.000000000000000000e+00 -1.000000000000000000e+00 -1.000000000000000000e+00 -1.000000000000000000e+00 -1.000000000000000000e+00 1.388007000000000062e+03 1.141421000000000049e+03 1.344000000000000083e+00 1.147499999999999964e+00 2.720499999999999918e+00 1.000000000000000000e+00
2.100000000000000000e+01 3.382000000000000000e+03 -1.000000000000000000e+00 -1.000000000000000000e+00 -1.000000000000000000e+00 -1.000000000000000000e+00 -1.000000000000000000e+00 1.382136999999999944e+03 1.191234999999999900e+03 -5.629999999999999449e-01 1.564999999999999947e+00 3.971000000000000085e+00 1.439500000000000002e+00
2.100000000000000000e+01 3.369000000000000000e+03 -1.000000000000000000e+00 -1.000000000000000000e+00 -1.000000000000000000e+00 -1.000000000000000000e+00 -1.000000000000000000e+00 1.361653000000000020e+03 1.142811999999999898e+03 1.951999999999999957e+00 1.305500000000000105e+00 3.148000000000000131e+00 1.088000000000000078e+00
2.200000000000000000e+01 3.378000000000000000e+03 -1.000000000000000000e+00 -1.000000000000000000e+00 -1.000000000000000000e+00 -1.000000000000000000e+00 -1.000000000000000000e+00 1.407144000000000005e+03 1.169423000000000002e+03 4.490000000000000102e-01 1.273500000000000076e+00 3.779500000000000082e+00 1.732499999999999929e+00
2.200000000000000000e+01 3.377000000000000000e+03 -1.000000000000000000e+00 -1.000000000000000000e+00 -1.000000000000000000e+00 -1.000000000000000000e+00 -1.000000000000000000e+00 1.388007000000000062e+03 1.141421000000000049e+03 1.233999999999999986e+00 1.147499999999999964e+00 2.720499999999999918e+00 1.000000000000000000e+00
2.200000000000000000e+01 3.382000000000000000e+03 -1.000000000000000000e+00 -1.000000000000000000e+00 -1.000000000000000000e+00 -1.000000000000000000e+00 -1.000000000000000000e+00 1.382251999999999953e+03 1.191220000000000027e+03 -3.880000000000000115e-01 1.564999999999999947e+00 3.971000000000000085e+00 1.439500000000000002e+00
2.200000000000000000e+01 3.369000000000000000e+03 -1.000000000000000000e+00 -1.000000000000000000e+00 -1.000000000000000000e+00 -1.000000000000000000e+00 -1.000000000000000000e+00 1.361854000000000042e+03 1.143017000000000053e+03 2.126999999999999780e+00 1.305500000000000105e+00 3.148000000000000131e+00 1.088000000000000078e+00
2.300000000000000000e+01 3.378000000000000000e+03 -1.000000000000000000e+00 -1.000000000000000000e+00 -1.000000000000000000e+00 -1.000000000000000000e+00 -1.000000000000000000e+00 1.408082000000000107e+03 1.170663000000000011e+03 6.580000000000000293e-01 1.273500000000000076e+00 3.779500000000000082e+00 1.732499999999999929e+00
2.300000000000000000e+01 3.382000000000000000e+03 -1.000000000000000000e+00 -1.000000000000000000e+00 -1.000000000000000000e+00 -1.000000000000000000e+00 -1.000000000000000000e+00 1.382366999999999962e+03 1.191205999999999904e+03 -2.129999999999999949e-01 1.564999999999999947e+00 3.971000000000000085e+00 1.439500000000000002e+00
2.300000000000000000e+01 3.369000000000000000e+03 -1.000000000000000000e+00 -1.000000000000000000e+00 -1.000000000000000000e+00 -1.000000000000000000e+00 -1.000000000000000000e+00 1.362056000000000040e+03 1.143221999999999980e+03 2.301000000000000156e+00 1.305500000000000105e+00 3.148000000000000131e+00 1.088000000000000078e+00
2.400000000000000000e+01 3.378000000000000000e+03 -1.000000000000000000e+00 -1.000000000000000000e+00 -1.000000000000000000e+00 -1.000000000000000000e+00 -1.000000000000000000e+00 1.409446999999999889e+03 1.172306000000000040e+03 7.179999999999999716e-01 1.273500000000000076e+00 3.779500000000000082e+00 1.732499999999999929e+00
2.400000000000000000e+01 3.389000000000000000e+03 -1.000000000000000000e+00 -1.000000000000000000e+00 -1.000000000000000000e+00 -1.000000000000000000e+00 -1.000000000000000000e+00 1.406917999999999893e+03 1.202386999999999944e+03 -3.559999999999999831e-01 1.368500000000000050e+00 4.580000000000000071e+00 1.545500000000000096e+00
2.400000000000000000e+01 3.382000000000000000e+03 -1.000000000000000000e+00 -1.000000000000000000e+00 -1.000000000000000000e+00 -1.000000000000000000e+00 -1.000000000000000000e+00 1.382482999999999947e+03 1.191191000000000031e+03 -3.799999999999999906e-02 1.564999999999999947e+00 3.971000000000000085e+00 1.439500000000000002e+00
2.400000000000000000e+01 3.369000000000000000e+03 -1.000000000000000000e+00 -1.000000000000000000e+00 -1.000000000000000000e+00 -1.000000000000000000e+00 -1.000000000000000000e+00 1.361794000000000096e+03 1.143249000000000024e+03 2.576000000000000068e+00 1.305500000000000105e+00 3.148000000000000131e+00 1.088000000000000078e+00
2.500000000000000000e+01 3.378000000000000000e+03 -1.000000000000000000e+00 -1.000000000000000000e+00 -1.000000000000000000e+00 -1.000000000000000000e+00 -1.000000000000000000e+00 1.410681000000000040e+03 1.173796000000000049e+03 7.770000000000000240e-01 1.273500000000000076e+00 3.779500000000000082e+00 1.732499999999999929e+00
2.500000000000000000e+01 3.389000000000000000e+03 -1.000000000000000000e+00 -1.000000000000000000e+00 -1.000000000000000000e+00 -1.000000000000000000e+00 -1.000000000000000000e+00 1.407058999999999969e+03 1.202365999999999985e+03 -1.469999999999999918e-01 1.368500000000000050e+00 4.580000000000000071e+00 1.545500000000000096e+00
2.500000000000000000e+01 3.382000000000000000e+03 -1.000000000000000000e+00 -1.000000000000000000e+00 -1.000000000000000000e+00 -1.000000000000000000e+00 -1.000000000000000000e+00 1.382597999999999956e+03 1.191175999999999931e+03 1.370000000000000107e-01 1.564999999999999947e+00 3.971000000000000085e+00 1.439500000000000002e+00
2.500000000000000000e+01 3.369000000000000000e+03 -1.000000000000000000e+00 -1.000000000000000000e+00 -1.000000000000000000e+00 -1.000000000000000000e+00 -1.000000000000000000e+00 1.361806000000000040e+03 1.143282999999999902e+03 2.770999999999999908e+00 1.305500000000000105e+00 3.148000000000000131e+00 1.088000000000000078e+00
2.600000000000000000e+01 3.378000000000000000e+03 -1.000000000000000000e+00 -1.000000000000000000e+00 -1.000000000000000000e+00 -1.000000000000000000e+00 -1.000000000000000000e+00 1.412406999999999925e+03 1.175876999999999953e+03 7.930000000000000382e-01 1.273500000000000076e+00 3.779500000000000082e+00 1.732499999999999929e+00
2.600000000000000000e+01 3.389000000000000000e+03 -1.000000000000000000e+00 -1.000000000000000000e+00 -1.000000000000000000e+00 -1.000000000000000000e+00 -1.000000000000000000e+00 1.407200000000000045e+03 1.202344000000000051e+03 6.099999999999999867e-02 1.368500000000000050e+00 4.580000000000000071e+00 1.545500000000000096e+00
2.600000000000000000e+01 3.382000000000000000e+03 -1.000000000000000000e+00 -1.000000000000000000e+00 -1.000000000000000000e+00 -1.000000000000000000e+00 -1.000000000000000000e+00 1.382712999999999965e+03 1.191161000000000058e+03 3.119999999999999996e-01 1.564999999999999947e+00 3.971000000000000085e+00 1.439500000000000002e+00
2.600000000000000000e+01 3.369000000000000000e+03 -1.000000000000000000e+00 -1.000000000000000000e+00 -1.000000000000000000e+00 -1.000000000000000000e+00 -1.000000000000000000e+00 1.361817000000000007e+03 1.143317999999999984e+03 2.966000000000000192e+00 1.305500000000000105e+00 3.148000000000000131e+00 1.088000000000000078e+00
2.700000000000000000e+01 3.378000000000000000e+03 -1.000000000000000000e+00 -1.000000000000000000e+00 -1.000000000000000000e+00 -1.000000000000000000e+00 -1.000000000000000000e+00 1.414280999999999949e+03 1.178142000000000053e+03 8.080000000000000515e-01 1.273500000000000076e+00 3.779500000000000082e+00 1.732499999999999929e+00
2.700000000000000000e+01 3.382000000000000000e+03 -1.000000000000000000e+00 -1.000000000000000000e+00 -1.000000000000000000e+00 -1.000000000000000000e+00 -1.000000000000000000e+00 1.382827999999999975e+03 1.191145999999999958e+03 4.869999999999999885e-01 1.564999999999999947e+00 3.971000000000000085e+00 1.439500000000000002e+00
2.700000000000000000e+01 3.369000000000000000e+03 -1.000000000000000000e+00 -1.000000000000000000e+00 -1.000000000000000000e+00 -1.000000000000000000e+00 -1.000000000000000000e+00 1.361828500184045424e+03 1.143352500552136007e+03 3.160503112765740585e+00 1.305500000000000105e+00 3.148000000000000131e+00 1.088000000000000078e+00
2.700000000000000000e+01 3.389000000000000000e+03 -1.000000000000000000e+00 -1.000000000000000000e+00 -1.000000000000000000e+00 -1.000000000000000000e+00 -1.000000000000000000e+00 1.407340502248553094e+03 1.202322499655915180e+03 2.690033288188894423e-01 1.368500000000000050e+00 4.580000000000000071e+00 1.545500000000000096e+00
2.800000000000000000e+01 3.378000000000000000e+03 -1.000000000000000000e+00 -1.000000000000000000e+00 -1.000000000000000000e+00 -1.000000000000000000e+00 -1.000000000000000000e+00 1.416270999999999958e+03 1.180548000000000002e+03 8.739999999999999991e-01 1.273500000000000076e+00 3.779500000000000082e+00 1.732499999999999929e+00
2.800000000000000000e+01 3.389000000000000000e+03 -1.000000000000000000e+00 -1.000000000000000000e+00 -1.000000000000000000e+00 -1.000000000000000000e+00 -1.000000000000000000e+00 1.407480999999999995e+03 1.202300999999999931e+03 4.769999999999999796e-01 1.368500000000000050e+00 4.580000000000000071e+00 1.545500000000000096e+00
2.800000000000000000e+01 3.382000000000000000e+03 -1.000000000000000000e+00 -1.000000000000000000e+00 -1.000000000000000000e+00 -1.000000000000000000e+00 -1.000000000000000000e+00 1.382942999999999984e+03 1.191131000000000085e+03 6.620000000000000329e-01 1.564999999999999947e+00 3.971000000000000085e+00 1.439500000000000002e+00
2.800000000000000000e+01 3.369000000000000000e+03 -1.000000000000000000e+00 -1.000000000000000000e+00 -1.000000000000000000e+00 -1.000000000000000000e+00 -1.000000000000000000e+00 1.361839999999999918e+03 1.143386999999999944e+03 3.354999999999999982e+00 1.305500000000000105e+00 3.148000000000000131e+00 1.088000000000000078e+00
2.900000000000000000e+01 3.378000000000000000e+03 -1.000000000000000000e+00 -1.000000000000000000e+00 -1.000000000000000000e+00 -1.000000000000000000e+00 -1.000000000000000000e+00 1.418337999999999965e+03 1.183044000000000096e+03 9.220000000000000417e-01 1.273500000000000076e+00 3.779500000000000082e+00 1.732499999999999929e+00
2.900000000000000000e+01 3.382000000000000000e+03 -1.000000000000000000e+00 -1.000000000000000000e+00 -1.000000000000000000e+00 -1.000000000000000000e+00 -1.000000000000000000e+00 1.383057999999999993e+03 1.191115999999999985e+03 8.369999999999999662e-01 1.564999999999999947e+00 3.971000000000000085e+00 1.439500000000000002e+00
2.900000000000000000e+01 3.369000000000000000e+03 -1.000000000000000000e+00 -1.000000000000000000e+00 -1.000000000000000000e+00 -1.000000000000000000e+00 -1.000000000000000000e+00 1.361852000000000089e+03 1.143422000000000025e+03 3.548999999999999932e+00 1.305500000000000105e+00 3.148000000000000131e+00 1.088000000000000078e+00
2.900000000000000000e+01 3.389000000000000000e+03 -1.000000000000000000e+00 -1.000000000000000000e+00 -1.000000000000000000e+00 -1.000000000000000000e+00 -1.000000000000000000e+00 1.407480999999999995e+03 1.202300999999999931e+03 4.769999999999999796e-01 1.368500000000000050e+00 4.580000000000000071e+00 1.545500000000000096e+00
3.000000000000000000e+01 3.378000000000000000e+03 -1.000000000000000000e+00 -1.000000000000000000e+00 -1.000000000000000000e+00 -1.000000000000000000e+00 -1.000000000000000000e+00 1.420672000000000025e+03 1.185776000000000067e+03 9.190000000000000391e-01 1.273500000000000076e+00 3.779500000000000082e+00 1.732499999999999929e+00
3.000000000000000000e+01 3.389000000000000000e+03 -1.000000000000000000e+00 -1.000000000000000000e+00 -1.000000000000000000e+00 -1.000000000000000000e+00 -1.000000000000000000e+00 1.407480999999999995e+03 1.202300999999999931e+03 4.769999999999999796e-01 1.368500000000000050e+00 4.580000000000000071e+00 1.545500000000000096e+00
3.000000000000000000e+01 3.382000000000000000e+03 -1.000000000000000000e+00 -1.000000000000000000e+00 -1.000000000000000000e+00 -1.000000000000000000e+00 -1.000000000000000000e+00 1.383036000000000058e+03 1.190813000000000102e+03 1.012000000000000011e+00 1.564999999999999947e+00 3.971000000000000085e+00 1.439500000000000002e+00
3.100000000000000000e+01 3.378000000000000000e+03 -1.000000000000000000e+00 -1.000000000000000000e+00 -1.000000000000000000e+00 -1.000000000000000000e+00 -1.000000000000000000e+00 1.423048000000000002e+03 1.188556000000000040e+03 9.160000000000000364e-01 1.273500000000000076e+00 3.779500000000000082e+00 1.732499999999999929e+00
3.100000000000000000e+01 3.389000000000000000e+03 -1.000000000000000000e+00 -1.000000000000000000e+00 -1.000000000000000000e+00 -1.000000000000000000e+00 -1.000000000000000000e+00 1.407480999999999995e+03 1.202300999999999931e+03 4.769999999999999796e-01 1.368500000000000050e+00 4.580000000000000071e+00 1.545500000000000096e+00
3.100000000000000000e+01 3.382000000000000000e+03 -1.000000000000000000e+00 -1.000000000000000000e+00 -1.000000000000000000e+00 -1.000000000000000000e+00 -1.000000000000000000e+00 1.383012999999999920e+03 1.190510999999999967e+03 1.187000000000000055e+00 1.564999999999999947e+00 3.971000000000000085e+00 1.439500000000000002e+00
3.200000000000000000e+01 3.378000000000000000e+03 -1.000000000000000000e+00 -1.000000000000000000e+00 -1.000000000000000000e+00 -1.000000000000000000e+00 -1.000000000000000000e+00 1.425424999999999955e+03 1.191337999999999965e+03 9.130000000000000338e-01 1.273500000000000076e+00 3.779500000000000082e+00 1.732499999999999929e+00
3.200000000000000000e+01 3.393000000000000000e+03 -1.000000000000000000e+00 -1.000000000000000000e+00 -1.000000000000000000e+00 -1.000000000000000000e+00 -1.000000000000000000e+00 1.420527000000000044e+03 1.217395999999999958e+03 1.469999999999999918e-01 1.042999999999999927e+00 2.921499999999999986e+00 1.000000000000000000e+00
3.200000000000000000e+01 3.389000000000000000e+03 -1.000000000000000000e+00 -1.000000000000000000e+00 -1.000000000000000000e+00 -1.000000000000000000e+00 -1.000000000000000000e+00 1.407467000000000098e+03 1.202271999999999935e+03 6.440000000000000169e-01 1.368500000000000050e+00 4.580000000000000071e+00 1.545500000000000096e+00
3.200000000000000000e+01 3.382000000000000000e+03 -1.000000000000000000e+00 -1.000000000000000000e+00 -1.000000000000000000e+00 -1.000000000000000000e+00 -1.000000000000000000e+00 1.383095273987074279e+03 1.190538572903776185e+03 1.327088140153341422e+00 1.564999999999999947e+00 3.971000000000000085e+00 1.439500000000000002e+00
3.300000000000000000e+01 3.378000000000000000e+03 -1.000000000000000000e+00 -1.000000000000000000e+00 -1.000000000000000000e+00 -1.000000000000000000e+00 -1.000000000000000000e+00 1.427461000000000013e+03 1.193719000000000051e+03 1.114999999999999991e+00 1.273500000000000076e+00 3.779500000000000082e+00 1.732499999999999929e+00
3.300000000000000000e+01 3.389000000000000000e+03 -1.000000000000000000e+00 -1.000000000000000000e+00 -1.000000000000000000e+00 -1.000000000000000000e+00 -1.000000000000000000e+00 1.407454999999999927e+03 1.202248000000000047e+03 7.770000000000000240e-01 1.368500000000000050e+00 4.580000000000000071e+00 1.545500000000000096e+00
3.300000000000000000e+01 3.382000000000000000e+03 -1.000000000000000000e+00 -1.000000000000000000e+00 -1.000000000000000000e+00 -1.000000000000000000e+00 -1.000000000000000000e+00 1.383198000000000093e+03 1.190573000000000093e+03 1.502000000000000002e+00 1.564999999999999947e+00 3.971000000000000085e+00 1.439500000000000002e+00
3.300000000000000000e+01 3.393000000000000000e+03 -1.000000000000000000e+00 -1.000000000000000000e+00 -1.000000000000000000e+00 -1.000000000000000000e+00 -1.000000000000000000e+00 1.420527000000000044e+03 1.217395999999999958e+03 2.786036299128457072e-01 1.042999999999999927e+00 2.921499999999999986e+00 1.000000000000000000e+00
3.400000000000000000e+01 3.378000000000000000e+03 -1.000000000000000000e+00 -1.000000000000000000e+00 -1.000000000000000000e+00 -1.000000000000000000e+00 -1.000000000000000000e+00 1.429801999999999907e+03 1.196459000000000060e+03 1.243000000000000105e+00 1.273500000000000076e+00 3.779500000000000082e+00 1.732499999999999929e+00
3.400000000000000000e+01 3.393000000000000000e+03 -1.000000000000000000e+00 -1.000000000000000000e+00 -1.000000000000000000e+00 -1.000000000000000000e+00 -1.000000000000000000e+00 1.420527000000000044e+03 1.217395999999999958e+03 3.840000000000000080e-01 1.042999999999999927e+00 2.921499999999999986e+00 1.000000000000000000e+00
3.400000000000000000e+01 3.389000000000000000e+03 -1.000000000000000000e+00 -1.000000000000000000e+00 -1.000000000000000000e+00 -1.000000000000000000e+00 -1.000000000000000000e+00 1.407440000000000055e+03 1.202218000000000075e+03 9.439999999999999503e-01 1.368500000000000050e+00 4.580000000000000071e+00 1.545500000000000096e+00
3.400000000000000000e+01 3.382000000000000000e+03 -1.000000000000000000e+00 -1.000000000000000000e+00 -1.000000000000000000e+00 -1.000000000000000000e+00 -1.000000000000000000e+00 1.383299999999999955e+03 1.190607999999999947e+03 1.677000000000000046e+00 1.564999999999999947e+00 3.971000000000000085e+00 1.439500000000000002e+00
3.500000000000000000e+01 3.378000000000000000e+03 -1.000000000000000000e+00 -1.000000000000000000e+00 -1.000000000000000000e+00 -1.000000000000000000e+00 -1.000000000000000000e+00 1.432111000000000104e+03 1.199241999999999962e+03 1.328000000000000069e+00 1.273500000000000076e+00 3.779500000000000082e+00 1.732499999999999929e+00
3.500000000000000000e+01 3.393000000000000000e+03 -1.000000000000000000e+00 -1.000000000000000000e+00 -1.000000000000000000e+00 -1.000000000000000000e+00 -1.000000000000000000e+00 1.420527000000000044e+03 1.217395999999999958e+03 4.339999999999999969e-01 1.042999999999999927e+00 2.921499999999999986e+00 1.000000000000000000e+00
3.500000000000000000e+01 3.389000000000000000e+03 -1.000000000000000000e+00 -1.000000000000000000e+00 -1.000000000000000000e+00 -1.000000000000000000e+00 -1.000000000000000000e+00 1.407424999999999955e+03 1.202189000000000078e+03 1.110000000000000098e+00 1.368500000000000050e+00 4.580000000000000071e+00 1.545500000000000096e+00
3.500000000000000000e+01 3.382000000000000000e+03 -1.000000000000000000e+00 -1.000000000000000000e+00 -1.000000000000000000e+00 -1.000000000000000000e+00 -1.000000000000000000e+00 1.383433999999999969e+03 1.190619999999999891e+03 1.852000000000000091e+00 1.564999999999999947e+00 3.971000000000000085e+00 1.439500000000000002e+00
3.600000000000000000e+01 3.378000000000000000e+03 -1.000000000000000000e+00 -1.000000000000000000e+00 -1.000000000000000000e+00 -1.000000000000000000e+00 -1.000000000000000000e+00 1.434015000000000100e+03 1.201393000000000029e+03 1.437000000000000055e+00 1.273500000000000076e+00 3.779500000000000082e+00 1.732499999999999929e+00
3.600000000000000000e+01 3.393000000000000000e+03 -1.000000000000000000e+00 -1.000000000000000000e+00 -1.000000000000000000e+00 -1.000000000000000000e+00 -1.000000000000000000e+00 1.420527000000000044e+03 1.217395999999999958e+03 4.839999999999999858e-01 1.042999999999999927e+00 2.921499999999999986e+00 1.000000000000000000e+00
3.600000000000000000e+01 3.389000000000000000e+03 -1.000000000000000000e+00 -1.000000000000000000e+00 -1.000000000000000000e+00 -1.000000000000000000e+00 -1.000000000000000000e+00 1.407412000000000035e+03 1.202162000000000035e+03 1.260000000000000009e+00 1.368500000000000050e+00 4.580000000000000071e+00 1.545500000000000096e+00
3.600000000000000000e+01 3.382000000000000000e+03 -1.000000000000000000e+00 -1.000000000000000000e+00 -1.000000000000000000e+00 -1.000000000000000000e+00 -1.000000000000000000e+00 1.383683999999999969e+03 1.190810999999999922e+03 1.909000000000000030e+00 1.564999999999999947e+00 3.971000000000000085e+00 1.439500000000000002e+00
3.700000000000000000e+01 3.378000000000000000e+03 -1.000000000000000000e+00 -1.000000000000000000e+00 -1.000000000000000000e+00 -1.000000000000000000e+00 -1.000000000000000000e+00 1.436243999999999915e+03 1.203798000000000002e+03 1.453999999999999959e+00 1.273500000000000076e+00 3.779500000000000082e+00 1.732499999999999929e+00
3.700000000000000000e+01 3.389000000000000000e+03 -1.000000000000000000e+00 -1.000000000000000000e+00 -1.000000000000000000e+00 -1.000000000000000000e+00 -1.000000000000000000e+00 1.407396999999999935e+03 1.202132000000000062e+03 1.427000000000000046e+00 1.368500000000000050e+00 4.580000000000000071e+00 1.545500000000000096e+00
3.700000000000000000e+01 3.382000000000000000e+03 -1.000000000000000000e+00 -1.000000000000000000e+00 -1.000000000000000000e+00 -1.000000000000000000e+00 -1.000000000000000000e+00 1.383546000000000049e+03 1.190979000000000042e+03 2.000999999999999890e+00 1.564999999999999947e+00 3.971000000000000085e+00 1.439500000000000002e+00
3.700000000000000000e+01 3.393000000000000000e+03 -1.000000000000000000e+00 -1.000000000000000000e+00 -1.000000000000000000e+00 -1.000000000000000000e+00 -1.000000000000000000e+00 1.420527000000000044e+03 1.217395999999999958e+03 6.041924448003628267e-01 1.042999999999999927e+00 2.921499999999999986e+00 1.000000000000000000e+00
3.800000000000000000e+01 3.378000000000000000e+03 -1.000000000000000000e+00 -1.000000000000000000e+00 -1.000000000000000000e+00 -1.000000000000000000e+00 -1.000000000000000000e+00 1.437617999999999938e+03 1.205375999999999976e+03 1.467999999999999972e+00 1.273500000000000076e+00 3.779500000000000082e+00 1.732499999999999929e+00
3.800000000000000000e+01 3.389000000000000000e+03 -1.000000000000000000e+00 -1.000000000000000000e+00 -1.000000000000000000e+00 -1.000000000000000000e+00 -1.000000000000000000e+00 1.407384999999999991e+03 1.202152000000000044e+03 1.538000000000000034e+00 1.368500000000000050e+00 4.580000000000000071e+00 1.545500000000000096e+00
3.800000000000000000e+01 3.382000000000000000e+03 -1.000000000000000000e+00 -1.000000000000000000e+00 -1.000000000000000000e+00 -1.000000000000000000e+00 -1.000000000000000000e+00 1.383435999999999922e+03 1.191113000000000056e+03 2.075000000000000178e+00 1.564999999999999947e+00 3.971000000000000085e+00 1.439500000000000002e+00
3.800000000000000000e+01 3.393000000000000000e+03 -1.000000000000000000e+00 -1.000000000000000000e+00 -1.000000000000000000e+00 -1.000000000000000000e+00 -1.000000000000000000e+00 1.420527000000000044e+03 1.217395999999999958e+03 5.507331455966866240e-01 1.042999999999999927e+00 2.921499999999999986e+00 1.000000000000000000e+00
3.900000000000000000e+01 3.378000000000000000e+03 -1.000000000000000000e+00 -1.000000000000000000e+00 -1.000000000000000000e+00 -1.000000000000000000e+00 -1.000000000000000000e+00 1.439157999999999902e+03 1.207300999999999931e+03 1.441999999999999948e+00 1.273500000000000076e+00 3.779500000000000082e+00 1.732499999999999929e+00
3.900000000000000000e+01 3.393000000000000000e+03 -1.000000000000000000e+00 -1.000000000000000000e+00 -1.000000000000000000e+00 -1.000000000000000000e+00 -1.000000000000000000e+00 1.420527000000000044e+03 1.217395999999999958e+03 6.710000000000000409e-01 1.042999999999999927e+00 2.921499999999999986e+00 1.000000000000000000e+00
3.900000000000000000e+01 3.389000000000000000e+03 -1.000000000000000000e+00 -1.000000000000000000e+00 -1.000000000000000000e+00 -1.000000000000000000e+00 -1.000000000000000000e+00 1.407369999999999891e+03 1.202175999999999931e+03 1.675999999999999934e+00 1.368500000000000050e+00 4.580000000000000071e+00 1.545500000000000096e+00
3.900000000000000000e+01 3.382000000000000000e+03 -1.000000000000000000e+00 -1.000000000000000000e+00 -1.000000000000000000e+00 -1.000000000000000000e+00 -1.000000000000000000e+00 1.383151000000000067e+03 1.191076999999999998e+03 2.088999999999999968e+00 1.564999999999999947e+00 3.971000000000000085e+00 1.439500000000000002e+00
4.000000000000000000e+01 3.378000000000000000e+03 -1.000000000000000000e+00 -1.000000000000000000e+00 -1.000000000000000000e+00 -1.000000000000000000e+00 -1.000000000000000000e+00 1.440369999999999891e+03 1.208690000000000055e+03 1.481999999999999984e+00 1.273500000000000076e+00 3.779500000000000082e+00 1.732499999999999929e+00
4.000000000000000000e+01 3.393000000000000000e+03 -1.000000000000000000e+00 -1.000000000000000000e+00 -1.000000000000000000e+00 -1.000000000000000000e+00 -1.000000000000000000e+00 1.420527000000000044e+03 1.217395999999999958e+03 7.239999999999999769e-01 1.042999999999999927e+00 2.921499999999999986e+00 1.000000000000000000e+00
4.000000000000000000e+01 3.389000000000000000e+03 -1.000000000000000000e+00 -1.000000000000000000e+00 -1.000000000000000000e+00 -1.000000000000000000e+00 -1.000000000000000000e+00 1.407358999999999924e+03 1.202195999999999913e+03 1.786999999999999922e+00 1.368500000000000050e+00 4.580000000000000071e+00 1.545500000000000096e+00
4.000000000000000000e+01 3.382000000000000000e+03 -1.000000000000000000e+00 -1.000000000000000000e+00 -1.000000000000000000e+00 -1.000000000000000000e+00 -1.000000000000000000e+00 1.383952999999999975e+03 1.190553000000000111e+03 2.140000000000000124e+00 1.564999999999999947e+00 3.971000000000000085e+00 1.439500000000000002e+00
4.100000000000000000e+01 3.378000000000000000e+03 -1.000000000000000000e+00 -1.000000000000000000e+00 -1.000000000000000000e+00 -1.000000000000000000e+00 -1.000000000000000000e+00 1.441638999999999896e+03 1.210144000000000005e+03 1.530999999999999917e+00 1.273500000000000076e+00 3.779500000000000082e+00 1.732499999999999929e+00
4.100000000000000000e+01 3.393000000000000000e+03 -1.000000000000000000e+00 -1.000000000000000000e+00 -1.000000000000000000e+00 -1.000000000000000000e+00 -1.000000000000000000e+00 1.420527000000000044e+03 1.217395999999999958e+03 7.850000000000000311e-01 1.042999999999999927e+00 2.921499999999999986e+00 1.000000000000000000e+00
4.100000000000000000e+01 3.389000000000000000e+03 -1.000000000000000000e+00 -1.000000000000000000e+00 -1.000000000000000000e+00 -1.000000000000000000e+00 -1.000000000000000000e+00 1.407345000000000027e+03 1.202309999999999945e+03 1.911000000000000032e+00 1.368500000000000050e+00 4.580000000000000071e+00 1.545500000000000096e+00
4.100000000000000000e+01 3.382000000000000000e+03 -1.000000000000000000e+00 -1.000000000000000000e+00 -1.000000000000000000e+00 -1.000000000000000000e+00 -1.000000000000000000e+00 1.384202999999999975e+03 1.190743999999999915e+03 2.197999999999999954e+00 1.564999999999999947e+00 3.971000000000000085e+00 1.439500000000000002e+00
