1.000000000000000000e+00 8.900000000000000000e+02 -1.000000000000000000e+00 -1.000000000000000000e+00 -1.000000000000000000e+00 -1.000000000000000000e+00 -1.000000000000000000e+00 6.056119999999999663e+02 1.523778000000000020e+03 1.332999999999999963e+00 4.699999999999999734e-01 1.044999999999999929e+00 8.830000000000000071e-01
1.000000000000000000e+00 8.940000000000000000e+02 -1.000000000000000000e+00 -1.000000000000000000e+00 -1.000000000000000000e+00 -1.000000000000000000e+00 -1.000000000000000000e+00 5.890209999999999582e+02 1.498297000000000025e+03 3.489999999999999769e-01 3.145000000000000018e-01 9.495000000000000107e-01 5.909999999999999698e-01
2.000000000000000000e+00 8.900000000000000000e+02 -1.000000000000000000e+00 -1.000000000000000000e+00 -1.000000000000000000e+00 -1.000000000000000000e+00 -1.000000000000000000e+00 6.052889999999999873e+02 1.523313000000000102e+03 1.312000000000000055e+00 4.699999999999999734e-01 1.044999999999999929e+00 8.830000000000000071e-01
2.000000000000000000e+00 8.940000000000000000e+02 -1.000000000000000000e+00 -1.000000000000000000e+00 -1.000000000000000000e+00 -1.000000000000000000e+00 -1.000000000000000000e+00 5.890209999999999582e+02 1.498297000000000025e+03 3.669999999999999929e-01 3.145000000000000018e-01 9.495000000000000107e-01 5.909999999999999698e-01
3.000000000000000000e+00 8.900000000000000000e+02 -1.000000000000000000e+00 -1.000000000000000000e+00 -1.000000000000000000e+00 -1.000000000000000000e+00 -1.000000000000000000e+00 6.049809999999999945e+02 1.522873000000000047e+03 1.292000000000000037e+00 4.699999999999999734e-01 1.044999999999999929e+00 8.830000000000000071e-01
3.000000000000000000e+00 8.940000000000000000e+02 -1.000000000000000000e+00 -1.000000000000000000e+00 -1.000000000000000000e+00 -1.000000000000000000e+00 -1.000000000000000000e+00 5.890209999999999582e+02 1.498297000000000025e+03 3.850000000000000089e-01 3.145000000000000018e-01 9.495000000000000107e-01 5.909999999999999698e-01
4.000000000000000000e+00 8.900000000000000000e+02 -1.000000000000000000e+00 -1.000000000000000000e+00 -1.000000000000000000e+00 -1.000000000000000000e+00 -1.000000000000000000e+00 6.047039999999999509e+02 1.522453999999999951e+03 1.258999999999999897e+00 4.699999999999999734e-01 1.044999999999999929e+00 8.830000000000000071e-01
4.000000000000000000e+00 8.940000000000000000e+02 -1.000000000000000000e+00 -1.000000000000000000e+00 -1.000000000000000000e+00 -1.000000000000000000e+00 -1.000000000000000000e+00 5.890209999999999582e+02 1.498297000000000025e+03 3.850000000000000089e-01 3.145000000000000018e-01 9.495000000000000107e-01 5.909999999999999698e-01
5.000000000000000000e+00 8.900000000000000000e+02 -1.000000000000000000e+00 -1.000000000000000000e+00 -1.000000000000000000e+00 -1.000000000000000000e+00 -1.000000000000000000e+00 6.044729999999999563e+02 1.522107999999999947e+03 1.227000000000000091e+00 4.699999999999999734e-01 1.044999999999999929e+00 8.830000000000000071e-01
5.000000000000000000e+00 8.940000000000000000e+02 -1.000000000000000000e+00 -1.000000000000000000e+00 -1.000000000000000000e+00 -1.000000000000000000e+00 -1.000000000000000000e+00 5.890209999999999582e+02 1.498297000000000025e+03 3.850000000000000089e-01 3.145000000000000018e-01 9.495000000000000107e-01 5.909999999999999698e-01
6.000000000000000000e+00 8.900000000000000000e+02 -1.000000000000000000e+00 -1.000000000000000000e+00 -1.000000000000000000e+00 -1.000000000000000000e+00 -1.000000000000000000e+00 6.041810000000000400e+02 1.521751999999999953e+03 1.195000000000000062e+00 4.699999999999999734e-01 1.044999999999999929e+00 8.830000000000000071e-01
6.000000000000000000e+00 8.940000000000000000e+02 -1.000000000000000000e+00 -1.000000000000000000e+00 -1.000000000000000000e+00 -1.000000000000000000e+00 -1.000000000000000000e+00 5.890209999999999582e+02 1.498297000000000025e+03 3.850000000000000089e-01 3.145000000000000018e-01 9.495000000000000107e-01 5.909999999999999698e-01
7.000000000000000000e+00 8.900000000000000000e+02 -1.000000000000000000e+00 -1.000000000000000000e+00 -1.000000000000000000e+00 -1.000000000000000000e+00 -1.000000000000000000e+00 6.040259999999999536e+02 1.521583000000000084e+03 1.229999999999999982e+00 4.699999999999999734e-01 1.044999999999999929e+00 8.830000000000000071e-01
7.000000000000000000e+00 8.940000000000000000e+02 -1.000000000000000000e+00 -1.000000000000000000e+00 -1.000000000000000000e+00 -1.000000000000000000e+00 -1.000000000000000000e+00 5.890209999999999582e+02 1.498297000000000025e+03 3.850000000000000089e-01 3.145000000000000018e-01 9.495000000000000107e-01 5.909999999999999698e-01
8.000000000000000000e+00 9.020000000000000000e+02 -1.000000000000000000e+00 -1.000000000000000000e+00 -1.000000000000000000e+00 -1.000000000000000000e+00 -1.000000000000000000e+00 5.565960000000000036e+02 1.524595000000000027e+03 3.220000000000000084e-01 3.995000000000000218e-01 9.599999999999999645e-01 9.310000000000000497e-01
8.000000000000000000e+00 8.900000000000000000e+02 -1.000000000000000000e+00 -1.000000000000000000e+00 -1.000000000000000000e+00 -1.000000000000000000e+00 -1.000000000000000000e+00 6.037830000000000155e+02 1.521258000000000038e+03 1.213999999999999968e+00 4.699999999999999734e-01 1.044999999999999929e+00 8.830000000000000071e-01
8.000000000000000000e+00 8.940000000000000000e+02 -1.000000000000000000e+00 -1.000000000000000000e+00 -1.000000000000000000e+00 -1.000000000000000000e+00 -1.000000000000000000e+00 5.890209999999999582e+02 1.498297000000000025e+03 3.850000000000000089e-01 3.145000000000000018e-01 9.495000000000000107e-01 5.909999999999999698e-01
9.000000000000000000e+00 9.020000000000000000e+02 -1.000000000000000000e+00 -1.000000000000000000e+00 -1.000000000000000000e+00 -1.000000000000000000e+00 -1.000000000000000000e+00 5.581989999999999554e+02 1.523871000000000095e+03 3.629999999999999893e-01 3.995000000000000218e-01 9.599999999999999645e-01 9.310000000000000497e-01
9.000000000000000000e+00 8.900000000000000000e+02 -1.000000000000000000e+00 -1.000000000000000000e+00 -1.000000000000000000e+00 -1.000000000000000000e+00 -1.000000000000000000e+00 6.034829999999999472e+02 1.520983999999999924e+03 1.199000000000000066e+00 4.699999999999999734e-01 1.044999999999999929e+00 8.830000000000000071e-01
9.000000000000000000e+00 8.940000000000000000e+02 -1.000000000000000000e+00 -1.000000000000000000e+00 -1.000000000000000000e+00 -1.000000000000000000e+00 -1.000000000000000000e+00 5.890209999999999582e+02 1.498297000000000025e+03 3.850000000000000089e-01 3.145000000000000018e-01 9.495000000000000107e-01 5.909999999999999698e-01
1.000000000000000000e+01 9.020000000000000000e+02 -1.000000000000000000e+00 -1.000000000000000000e+00 -1.000000000000000000e+00 -1.000000000000000000e+00 -1.000000000000000000e+00 5.597469999999999573e+02 1.523099999999999909e+03 4.050000000000000266e-01 3.995000000000000218e-01 9.599999999999999645e-01 9.310000000000000497e-01
1.000000000000000000e+01 8.900000000000000000e+02 -1.000000000000000000e+00 -1.000000000000000000e+00 -1.000000000000000000e+00 -1.000000000000000000e+00 -1.000000000000000000e+00 6.031369999999999436e+02 1.520771999999999935e+03 1.183000000000000052e+00 4.699999999999999734e-01 1.044999999999999929e+00 8.830000000000000071e-01
1.000000000000000000e+01 8.940000000000000000e+02 -1.000000000000000000e+00 -1.000000000000000000e+00 -1.000000000000000000e+00 -1.000000000000000000e+00 -1.000000000000000000e+00 5.890209999999999582e+02 1.498297000000000025e+03 3.850000000000000089e-01 3.145000000000000018e-01 9.495000000000000107e-01 5.909999999999999698e-01
1.100000000000000000e+01 9.020000000000000000e+02 -1.000000000000000000e+00 -1.000000000000000000e+00 -1.000000000000000000e+00 -1.000000000000000000e+00 -1.000000000000000000e+00 5.613479999999999563e+02 1.522153999999999996e+03 4.430000000000000049e-01 3.995000000000000218e-01 9.599999999999999645e-01 9.310000000000000497e-01
1.100000000000000000e+01 8.900000000000000000e+02 -1.000000000000000000e+00 -1.000000000000000000e+00 -1.000000000000000000e+00 -1.000000000000000000e+00 -1.000000000000000000e+00 6.027290000000000418e+02 1.520699000000000069e+03 1.175000000000000044e+00 4.699999999999999734e-01 1.044999999999999929e+00 8.830000000000000071e-01
1.100000000000000000e+01 8.940000000000000000e+02 -1.000000000000000000e+00 -1.000000000000000000e+00 -1.000000000000000000e+00 -1.000000000000000000e+00 -1.000000000000000000e+00 5.890209999999999582e+02 1.498297000000000025e+03 3.850000000000000089e-01 3.145000000000000018e-01 9.495000000000000107e-01 5.909999999999999698e-01
1.200000000000000000e+01 9.020000000000000000e+02 -1.000000000000000000e+00 -1.000000000000000000e+00 -1.000000000000000000e+00 -1.000000000000000000e+00 -1.000000000000000000e+00 5.627789999999999964e+02 1.521296000000000049e+03 4.809999999999999831e-01 3.995000000000000218e-01 9.599999999999999645e-01 9.310000000000000497e-01
1.200000000000000000e+01 8.900000000000000000e+02 -1.000000000000000000e+00 -1.000000000000000000e+00 -1.000000000000000000e+00 -1.000000000000000000e+00 -1.000000000000000000e+00 6.023150000000000546e+02 1.520704999999999927e+03 1.167000000000000037e+00 4.699999999999999734e-01 1.044999999999999929e+00 8.830000000000000071e-01
1.200000000000000000e+01 8.940000000000000000e+02 -1.000000000000000000e+00 -1.000000000000000000e+00 -1.000000000000000000e+00 -1.000000000000000000e+00 -1.000000000000000000e+00 5.890209999999999582e+02 1.498297000000000025e+03 3.850000000000000089e-01 3.145000000000000018e-01 9.495000000000000107e-01 5.909999999999999698e-01
1.300000000000000000e+01 9.020000000000000000e+02 -1.000000000000000000e+00 -1.000000000000000000e+00 -1.000000000000000000e+00 -1.000000000000000000e+00 -1.000000000000000000e+00 5.642219999999999800e+02 1.520278999999999996e+03 5.190000000000000169e-01 3.995000000000000218e-01 9.599999999999999645e-01 9.310000000000000497e-01
1.300000000000000000e+01 8.900000000000000000e+02 -1.000000000000000000e+00 -1.000000000000000000e+00 -1.000000000000000000e+00 -1.000000000000000000e+00 -1.000000000000000000e+00 6.018129999999999882e+02 1.520920000000000073e+03 1.175000000000000044e+00 4.699999999999999734e-01 1.044999999999999929e+00 8.830000000000000071e-01
1.300000000000000000e+01 8.940000000000000000e+02 -1.000000000000000000e+00 -1.000000000000000000e+00 -1.000000000000000000e+00 -1.000000000000000000e+00 -1.000000000000000000e+00 5.890209999999999582e+02 1.498297000000000025e+03 3.850000000000000089e-01 3.145000000000000018e-01 9.495000000000000107e-01 5.909999999999999698e-01
1.400000000000000000e+01 9.020000000000000000e+02 -1.000000000000000000e+00 -1.000000000000000000e+00 -1.000000000000000000e+00 -1.000000000000000000e+00 -1.000000000000000000e+00 5.656839999999999691e+02 1.519301999999999907e+03 5.580000000000000515e-01 3.995000000000000218e-01 9.599999999999999645e-01 9.310000000000000497e-01
1.400000000000000000e+01 8.900000000000000000e+02 -1.000000000000000000e+00 -1.000000000000000000e+00 -1.000000000000000000e+00 -1.000000000000000000e+00 -1.000000000000000000e+00 6.013809999999999718e+02 1.521175999999999931e+03 1.183000000000000052e+00 4.699999999999999734e-01 1.044999999999999929e+00 8.830000000000000071e-01
1.400000000000000000e+01 8.940000000000000000e+02 -1.000000000000000000e+00 -1.000000000000000000e+00 -1.000000000000000000e+00 -1.000000000000000000e+00 -1.000000000000000000e+00 5.890209999999999582e+02 1.498297000000000025e+03 3.850000000000000089e-01 3.145000000000000018e-01 9.495000000000000107e-01 5.909999999999999698e-01
1.500000000000000000e+01 9.020000000000000000e+02 -1.000000000000000000e+00 -1.000000000000000000e+00 -1.000000000000000000e+00 -1.000000000000000000e+00 -1.000000000000000000e+00 5.670929999999999609e+02 1.518340999999999894e+03 5.610000000000000542e-01 3.995000000000000218e-01 9.599999999999999645e-01 9.310000000000000497e-01
1.500000000000000000e+01 8.900000000000000000e+02 -1.000000000000000000e+00 -1.000000000000000000e+00 -1.000000000000000000e+00 -1.000000000000000000e+00 -1.000000000000000000e+00 6.010249999999999773e+02 1.521458000000000084e+03 1.116999999999999993e+00 4.699999999999999734e-01 1.044999999999999929e+00 8.830000000000000071e-01
1.500000000000000000e+01 8.940000000000000000e+02 -1.000000000000000000e+00 -1.000000000000000000e+00 -1.000000000000000000e+00 -1.000000000000000000e+00 -1.000000000000000000e+00 5.890209999999999582e+02 1.498297000000000025e+03 3.850000000000000089e-01 3.145000000000000018e-01 9.495000000000000107e-01 5.909999999999999698e-01
1.600000000000000000e+01 9.020000000000000000e+02 -1.000000000000000000e+00 -1.000000000000000000e+00 -1.000000000000000000e+00 -1.000000000000000000e+00 -1.000000000000000000e+00 5.685019999999999527e+02 1.517378999999999905e+03 5.649999999999999467e-01 3.995000000000000218e-01 9.599999999999999645e-01 9.310000000000000497e-01
1.600000000000000000e+01 8.900000000000000000e+02 -1.000000000000000000e+00 -1.000000000000000000e+00 -1.000000000000000000e+00 -1.000000000000000000e+00 -1.000000000000000000e+00 6.007340000000000373e+02 1.521638999999999896e+03 1.066999999999999948e+00 4.699999999999999734e-01 1.044999999999999929e+00 8.830000000000000071e-01
1.600000000000000000e+01 8.940000000000000000e+02 -1.000000000000000000e+00 -1.000000000000000000e+00 -1.000000000000000000e+00 -1.000000000000000000e+00 -1.000000000000000000e+00 5.890209999999999582e+02 1.498297000000000025e+03 3.850000000000000089e-01 3.145000000000000018e-01 9.495000000000000107e-01 5.909999999999999698e-01
1.700000000000000000e+01 9.020000000000000000e+02 -1.000000000000000000e+00 -1.000000000000000000e+00 -1.000000000000000000e+00 -1.000000000000000000e+00 -1.000000000000000000e+00 5.699320000000000164e+02 1.516482999999999947e+03 5.689999999999999503e-01 3.995000000000000218e-01 9.599999999999999645e-01 9.310000000000000497e-01
1.700000000000000000e+01 8.900000000000000000e+02 -1.000000000000000000e+00 -1.000000000000000000e+00 -1.000000000000000000e+00 -1.000000000000000000e+00 -1.000000000000000000e+00 6.006520000000000437e+02 1.521692999999999984e+03 1.066999999999999948e+00 4.699999999999999734e-01 1.044999999999999929e+00 8.830000000000000071e-01
1.700000000000000000e+01 8.940000000000000000e+02 -1.000000000000000000e+00 -1.000000000000000000e+00 -1.000000000000000000e+00 -1.000000000000000000e+00 -1.000000000000000000e+00 5.890209999999999582e+02 1.498297000000000025e+03 3.850000000000000089e-01 3.145000000000000018e-01 9.495000000000000107e-01 5.909999999999999698e-01
1.800000000000000000e+01 9.020000000000000000e+02 -1.000000000000000000e+00 -1.000000000000000000e+00 -1.000000000000000000e+00 -1.000000000000000000e+00 -1.000000000000000000e+00 5.713619999999999663e+02 1.515586999999999989e+03 5.729999999999999538e-01 3.995000000000000218e-01 9.599999999999999645e-01 9.310000000000000497e-01
1.800000000000000000e+01 8.900000000000000000e+02 -1.000000000000000000e+00 -1.000000000000000000e+00 -1.000000000000000000e+00 -1.000000000000000000e+00 -1.000000000000000000e+00 6.006480000000000246e+02 1.521695999999999913e+03 1.066999999999999948e+00 4.699999999999999734e-01 1.044999999999999929e+00 8.830000000000000071e-01
1.800000000000000000e+01 8.940000000000000000e+02 -1.000000000000000000e+00 -1.000000000000000000e+00 -1.000000000000000000e+00 -1.000000000000000000e+00 -1.000000000000000000e+00 5.890209999999999582e+02 1.498297000000000025e+03 3.850000000000000089e-01 3.145000000000000018e-01 9.495000000000000107e-01 5.909999999999999698e-01
1.900000000000000000e+01 9.020000000000000000e+02 -1.000000000000000000e+00 -1.000000000000000000e+00 -1.000000000000000000e+00 -1.000000000000000000e+00 -1.000000000000000000e+00 5.727419999999999618e+02 1.514644999999999982e+03 5.769999999999999574e-01 3.995000000000000218e-01 9.599999999999999645e-01 9.310000000000000497e-01
1.900000000000000000e+01 8.900000000000000000e+02 -1.000000000000000000e+00 -1.000000000000000000e+00 -1.000000000000000000e+00 -1.000000000000000000e+00 -1.000000000000000000e+00 6.006359999999999673e+02 1.521703999999999951e+03 1.066999999999999948e+00 4.699999999999999734e-01 1.044999999999999929e+00 8.830000000000000071e-01
1.900000000000000000e+01 8.940000000000000000e+02 -1.000000000000000000e+00 -1.000000000000000000e+00 -1.000000000000000000e+00 -1.000000000000000000e+00 -1.000000000000000000e+00 5.890209999999999582e+02 1.498297000000000025e+03 3.850000000000000089e-01 3.145000000000000018e-01 9.495000000000000107e-01 5.909999999999999698e-01
2.000000000000000000e+01 9.020000000000000000e+02 -1.000000000000000000e+00 -1.000000000000000000e+00 -1.000000000000000000e+00 -1.000000000000000000e+00 -1.000000000000000000e+00 5.741050000000000182e+02 1.513676999999999907e+03 5.799999999999999600e-01 3.995000000000000218e-01 9.599999999999999645e-01 9.310000000000000497e-01
2.000000000000000000e+01 8.900000000000000000e+02 -1.000000000000000000e+00 -1.000000000000000000e+00 -1.000000000000000000e+00 -1.000000000000000000e+00 -1.000000000000000000e+00 6.005119999999999436e+02 1.521847999999999956e+03 1.179000000000000048e+00 4.699999999999999734e-01 1.044999999999999929e+00 8.830000000000000071e-01
2.000000000000000000e+01 8.940000000000000000e+02 -1.000000000000000000e+00 -1.000000000000000000e+00 -1.000000000000000000e+00 -1.000000000000000000e+00 -1.000000000000000000e+00 5.890209999999999582e+02 1.498297000000000025e+03 3.850000000000000089e-01 3.145000000000000018e-01 9.495000000000000107e-01 5.909999999999999698e-01
2.100000000000000000e+01 9.020000000000000000e+02 -1.000000000000000000e+00 -1.000000000000000000e+00 -1.000000000000000000e+00 -1.000000000000000000e+00 -1.000000000000000000e+00 5.754470000000000027e+02 1.512681000000000040e+03 5.180000000000000160e-01 3.995000000000000218e-01 9.599999999999999645e-01 9.310000000000000497e-01
2.100000000000000000e+01 8.900000000000000000e+02 -1.000000000000000000e+00 -1.000000000000000000e+00 -1.000000000000000000e+00 -1.000000000000000000e+00 -1.000000000000000000e+00 6.003869999999999436e+02 1.521991999999999962e+03 1.191999999999999948e+00 4.699999999999999734e-01 1.044999999999999929e+00 8.830000000000000071e-01
2.100000000000000000e+01 8.940000000000000000e+02 -1.000000000000000000e+00 -1.000000000000000000e+00 -1.000000000000000000e+00 -1.000000000000000000e+00 -1.000000000000000000e+00 5.890209999999999582e+02 1.498297000000000025e+03 3.850000000000000089e-01 3.145000000000000018e-01 9.495000000000000107e-01 5.909999999999999698e-01
2.200000000000000000e+01 9.020000000000000000e+02 -1.000000000000000000e+00 -1.000000000000000000e+00 -1.000000000000000000e+00 -1.000000000000000000e+00 -1.000000000000000000e+00 5.767000000000000455e+02 1.511701000000000022e+03 5.260000000000000231e-01 3.995000000000000218e-01 9.599999999999999645e-01 9.310000000000000497e-01
2.200000000000000000e+01 8.900000000000000000e+02 -1.000000000000000000e+00 -1.000000000000000000e+00 -1.000000000000000000e+00 -1.000000000000000000e+00 -1.000000000000000000e+00 6.000449999999999591e+02 1.522275000000000091e+03 1.104000000000000092e+00 4.699999999999999734e-01 1.044999999999999929e+00 8.830000000000000071e-01
2.200000000000000000e+01 8.940000000000000000e+02 -1.000000000000000000e+00 -1.000000000000000000e+00 -1.000000000000000000e+00 -1.000000000000000000e+00 -1.000000000000000000e+00 5.890209999999999582e+02 1.498297000000000025e+03 3.850000000000000089e-01 3.145000000000000018e-01 9.495000000000000107e-01 5.909999999999999698e-01
2.300000000000000000e+01 9.020000000000000000e+02 -1.000000000000000000e+00 -1.000000000000000000e+00 -1.000000000000000000e+00 -1.000000000000000000e+00 -1.000000000000000000e+00 5.779779999999999518e+02 1.510757000000000062e+03 5.340000000000000302e-01 3.995000000000000218e-01 9.599999999999999645e-01 9.310000000000000497e-01
2.300000000000000000e+01 8.900000000000000000e+02 -1.000000000000000000e+00 -1.000000000000000000e+00 -1.000000000000000000e+00 -1.000000000000000000e+00 -1.000000000000000000e+00 5.991889999999999645e+02 1.522859999999999900e+03 1.116999999999999993e+00 4.699999999999999734e-01 1.044999999999999929e+00 8.830000000000000071e-01
2.300000000000000000e+01 8.940000000000000000e+02 -1.000000000000000000e+00 -1.000000000000000000e+00 -1.000000000000000000e+00 -1.000000000000000000e+00 -1.000000000000000000e+00 5.890209999999999582e+02 1.498297000000000025e+03 3.850000000000000089e-01 3.145000000000000018e-01 9.495000000000000107e-01 5.909999999999999698e-01
2.400000000000000000e+01 9.020000000000000000e+02 -1.000000000000000000e+00 -1.000000000000000000e+00 -1.000000000000000000e+00 -1.000000000000000000e+00 -1.000000000000000000e+00 5.792050000000000409e+02 1.509741999999999962e+03 5.430000000000000382e-01 3.995000000000000218e-01 9.599999999999999645e-01 9.310000000000000497e-01
2.400000000000000000e+01 8.900000000000000000e+02 -1.000000000000000000e+00 -1.000000000000000000e+00 -1.000000000000000000e+00 -1.000000000000000000e+00 -1.000000000000000000e+00 5.984919999999999618e+02 1.523378999999999905e+03 1.092000000000000082e+00 4.699999999999999734e-01 1.044999999999999929e+00 8.830000000000000071e-01
2.400000000000000000e+01 8.940000000000000000e+02 -1.000000000000000000e+00 -1.000000000000000000e+00 -1.000000000000000000e+00 -1.000000000000000000e+00 -1.000000000000000000e+00 5.890209999999999582e+02 1.498297000000000025e+03 3.850000000000000089e-01 3.145000000000000018e-01 9.495000000000000107e-01 5.909999999999999698e-01
2.500000000000000000e+01 9.020000000000000000e+02 -1.000000000000000000e+00 -1.000000000000000000e+00 -1.000000000000000000e+00 -1.000000000000000000e+00 -1.000000000000000000e+00 5.804579999999999700e+02 1.508761999999999944e+03 5.510000000000000453e-01 3.995000000000000218e-01 9.599999999999999645e-01 9.310000000000000497e-01
2.500000000000000000e+01 8.900000000000000000e+02 -1.000000000000000000e+00 -1.000000000000000000e+00 -1.000000000000000000e+00 -1.000000000000000000e+00 -1.000000000000000000e+00 5.976470000000000482e+02 1.523959000000000060e+03 9.170000000000000373e-01 4.699999999999999734e-01 1.044999999999999929e+00 8.830000000000000071e-01
2.500000000000000000e+01 8.940000000000000000e+02 -1.000000000000000000e+00 -1.000000000000000000e+00 -1.000000000000000000e+00 -1.000000000000000000e+00 -1.000000000000000000e+00 5.890209999999999582e+02 1.498297000000000025e+03 3.850000000000000089e-01 3.145000000000000018e-01 9.495000000000000107e-01 5.909999999999999698e-01
2.600000000000000000e+01 9.020000000000000000e+02 -1.000000000000000000e+00 -1.000000000000000000e+00 -1.000000000000000000e+00 -1.000000000000000000e+00 -1.000000000000000000e+00 5.816219999999999573e+02 1.507762999999999920e+03 5.969999999999999751e-01 3.995000000000000218e-01 9.599999999999999645e-01 9.310000000000000497e-01
2.600000000000000000e+01 8.900000000000000000e+02 -1.000000000000000000e+00 -1.000000000000000000e+00 -1.000000000000000000e+00 -1.000000000000000000e+00 -1.000000000000000000e+00 5.966889999999999645e+02 1.524630000000000109e+03 9.170000000000000373e-01 4.699999999999999734e-01 1.044999999999999929e+00 8.830000000000000071e-01
2.600000000000000000e+01 8.940000000000000000e+02 -1.000000000000000000e+00 -1.000000000000000000e+00 -1.000000000000000000e+00 -1.000000000000000000e+00 -1.000000000000000000e+00 5.890209999999999582e+02 1.498297000000000025e+03 3.850000000000000089e-01 3.145000000000000018e-01 9.495000000000000107e-01 5.909999999999999698e-01
2.700000000000000000e+01 9.020000000000000000e+02 -1.000000000000000000e+00 -1.000000000000000000e+00 -1.000000000000000000e+00 -1.000000000000000000e+00 -1.000000000000000000e+00 5.828239999999999554e+02 1.506810999999999922e+03 6.430000000000000160e-01 3.995000000000000218e-01 9.599999999999999645e-01 9.310000000000000497e-01
2.700000000000000000e+01 8.900000000000000000e+02 -1.000000000000000000e+00 -1.000000000000000000e+00 -1.000000000000000000e+00 -1.000000000000000000e+00 -1.000000000000000000e+00 5.955389999999999873e+02 1.525429000000000087e+03 8.830000000000000071e-01 4.699999999999999734e-01 1.044999999999999929e+00 8.830000000000000071e-01
2.700000000000000000e+01 8.940000000000000000e+02 -1.000000000000000000e+00 -1.000000000000000000e+00 -1.000000000000000000e+00 -1.000000000000000000e+00 -1.000000000000000000e+00 5.890209999999999582e+02 1.498297000000000025e+03 3.850000000000000089e-01 3.145000000000000018e-01 9.495000000000000107e-01 5.909999999999999698e-01
2.800000000000000000e+01 9.020000000000000000e+02 -1.000000000000000000e+00 -1.000000000000000000e+00 -1.000000000000000000e+00 -1.000000000000000000e+00 -1.000000000000000000e+00 5.840510000000000446e+02 1.505914999999999964e+03 6.129999999999999893e-01 3.995000000000000218e-01 9.599999999999999645e-01 9.310000000000000497e-01
2.800000000000000000e+01 8.900000000000000000e+02 -1.000000000000000000e+00 -1.000000000000000000e+00 -1.000000000000000000e+00 -1.000000000000000000e+00 -1.000000000000000000e+00 5.943899999999999864e+02 1.526227000000000089e+03 8.499999999999999778e-01 4.699999999999999734e-01 1.044999999999999929e+00 8.830000000000000071e-01
2.800000000000000000e+01 8.940000000000000000e+02 -1.000000000000000000e+00 -1.000000000000000000e+00 -1.000000000000000000e+00 -1.000000000000000000e+00 -1.000000000000000000e+00 5.890209999999999582e+02 1.498297000000000025e+03 3.850000000000000089e-01 3.145000000000000018e-01 9.495000000000000107e-01 5.909999999999999698e-01
2.900000000000000000e+01 9.020000000000000000e+02 -1.000000000000000000e+00 -1.000000000000000000e+00 -1.000000000000000000e+00 -1.000000000000000000e+00 -1.000000000000000000e+00 5.852989999999999782e+02 1.505074000000000069e+03 6.340000000000000080e-01 3.995000000000000218e-01 9.599999999999999645e-01 9.310000000000000497e-01
2.900000000000000000e+01 8.900000000000000000e+02 -1.000000000000000000e+00 -1.000000000000000000e+00 -1.000000000000000000e+00 -1.000000000000000000e+00 -1.000000000000000000e+00 5.932210000000000036e+02 1.527021999999999935e+03 8.419999999999999707e-01 4.699999999999999734e-01 1.044999999999999929e+00 8.830000000000000071e-01
2.900000000000000000e+01 8.940000000000000000e+02 -1.000000000000000000e+00 -1.000000000000000000e+00 -1.000000000000000000e+00 -1.000000000000000000e+00 -1.000000000000000000e+00 5.890209999999999582e+02 1.498297000000000025e+03 3.850000000000000089e-01 3.145000000000000018e-01 9.495000000000000107e-01 5.909999999999999698e-01
3.000000000000000000e+01 9.020000000000000000e+02 -1.000000000000000000e+00 -1.000000000000000000e+00 -1.000000000000000000e+00 -1.000000000000000000e+00 -1.000000000000000000e+00 5.864289999999999736e+02 1.504358999999999924e+03 6.680000000000000382e-01 3.995000000000000218e-01 9.599999999999999645e-01 9.310000000000000497e-01
3.000000000000000000e+01 8.900000000000000000e+02 -1.000000000000000000e+00 -1.000000000000000000e+00 -1.000000000000000000e+00 -1.000000000000000000e+00 -1.000000000000000000e+00 5.920510000000000446e+02 1.527816000000000031e+03 7.329999999999999849e-01 4.699999999999999734e-01 1.044999999999999929e+00 8.830000000000000071e-01
3.000000000000000000e+01 8.940000000000000000e+02 -1.000000000000000000e+00 -1.000000000000000000e+00 -1.000000000000000000e+00 -1.000000000000000000e+00 -1.000000000000000000e+00 5.890209999999999582e+02 1.498297000000000025e+03 3.850000000000000089e-01 3.145000000000000018e-01 9.495000000000000107e-01 5.909999999999999698e-01
3.100000000000000000e+01 9.020000000000000000e+02 -1.000000000000000000e+00 -1.000000000000000000e+00 -1.000000000000000000e+00 -1.000000000000000000e+00 -1.000000000000000000e+00 5.876230000000000473e+02 1.503606999999999971e+03 6.750000000000000444e-01 3.995000000000000218e-01 9.599999999999999645e-01 9.310000000000000497e-01
3.100000000000000000e+01 8.940000000000000000e+02 -1.000000000000000000e+00 -1.000000000000000000e+00 -1.000000000000000000e+00 -1.000000000000000000e+00 -1.000000000000000000e+00 5.890209999999999582e+02 1.498297000000000025e+03 3.850000000000000089e-01 3.145000000000000018e-01 9.495000000000000107e-01 5.909999999999999698e-01
3.200000000000000000e+01 9.020000000000000000e+02 -1.000000000000000000e+00 -1.000000000000000000e+00 -1.000000000000000000e+00 -1.000000000000000000e+00 -1.000000000000000000e+00 5.888210000000000264e+02 1.502853000000000065e+03 7.339999999999999858e-01 3.995000000000000218e-01 9.599999999999999645e-01 9.310000000000000497e-01
3.200000000000000000e+01 8.940000000000000000e+02 -1.000000000000000000e+00 -1.000000000000000000e+00 -1.000000000000000000e+00 -1.000000000000000000e+00 -1.000000000000000000e+00 5.890209999999999582e+02 1.498297000000000025e+03 3.850000000000000089e-01 3.145000000000000018e-01 9.495000000000000107e-01 5.909999999999999698e-01
3.300000000000000000e+01 9.020000000000000000e+02 -1.000000000000000000e+00 -1.000000000000000000e+00 -1.000000000000000000e+00 -1.000000000000000000e+00 -1.000000000000000000e+00 5.897619999999999436e+02 1.502249000000000024e+03 7.680000000000000160e-01 3.995000000000000218e-01 9.599999999999999645e-01 9.310000000000000497e-01
3.300000000000000000e+01 8.940000000000000000e+02 -1.000000000000000000e+00 -1.000000000000000000e+00 -1.000000000000000000e+00 -1.000000000000000000e+00 -1.000000000000000000e+00 5.890209999999999582e+02 1.498297000000000025e+03 3.850000000000000089e-01 3.145000000000000018e-01 9.495000000000000107e-01 5.909999999999999698e-01
3.400000000000000000e+01 9.020000000000000000e+02 -1.000000000000000000e+00 -1.000000000000000000e+00 -1.000000000000000000e+00 -1.000000000000000000e+00 -1.000000000000000000e+00 5.909299999999999500e+02 1.501460000000000036e+03 7.880000000000000338e-01 3.995000000000000218e-01 9.599999999999999645e-01 9.310000000000000497e-01
3.400000000000000000e+01 8.940000000000000000e+02 -1.000000000000000000e+00 -1.000000000000000000e+00 -1.000000000000000000e+00 -1.000000000000000000e+00 -1.000000000000000000e+00 5.890209999999999582e+02 1.498297000000000025e+03 3.850000000000000089e-01 3.145000000000000018e-01 9.495000000000000107e-01 5.909999999999999698e-01
3.500000000000000000e+01 9.020000000000000000e+02 -1.000000000000000000e+00 -1.000000000000000000e+00 -1.000000000000000000e+00 -1.000000000000000000e+00 -1.000000000000000000e+00 5.919819999999999709e+02 1.500738000000000056e+03 8.090000000000000524e-01 3.995000000000000218e-01 9.599999999999999645e-01 9.310000000000000497e-01
3.500000000000000000e+01 8.940000000000000000e+02 -1.000000000000000000e+00 -1.000000000000000000e+00 -1.000000000000000000e+00 -1.000000000000000000e+00 -1.000000000000000000e+00 5.890209999999999582e+02 1.498297000000000025e+03 3.850000000000000089e-01 3.145000000000000018e-01 9.495000000000000107e-01 5.909999999999999698e-01
3.600000000000000000e+01 9.020000000000000000e+02 -1.000000000000000000e+00 -1.000000000000000000e+00 -1.000000000000000000e+00 -1.000000000000000000e+00 -1.000000000000000000e+00 5.931209999999999809e+02 1.499906999999999925e+03 8.299999999999999600e-01 3.995000000000000218e-01 9.599999999999999645e-01 9.310000000000000497e-01
3.600000000000000000e+01 8.940000000000000000e+02 -1.000000000000000000e+00 -1.000000000000000000e+00 -1.000000000000000000e+00 -1.000000000000000000e+00 -1.000000000000000000e+00 5.890209999999999582e+02 1.498297000000000025e+03 3.850000000000000089e-01 3.145000000000000018e-01 9.495000000000000107e-01 5.909999999999999698e-01
3.700000000000000000e+01 9.020000000000000000e+02 -1.000000000000000000e+00 -1.000000000000000000e+00 -1.000000000000000000e+00 -1.000000000000000000e+00 -1.000000000000000000e+00 5.940349999999999682e+02 1.499215999999999894e+03 8.509999999999999787e-01 3.995000000000000218e-01 9.599999999999999645e-01 9.310000000000000497e-01
3.700000000000000000e+01 8.940000000000000000e+02 -1.000000000000000000e+00 -1.000000000000000000e+00 -1.000000000000000000e+00 -1.000000000000000000e+00 -1.000000000000000000e+00 5.890209999999999582e+02 1.498297000000000025e+03 3.850000000000000089e-01 3.145000000000000018e-01 9.495000000000000107e-01 5.909999999999999698e-01
3.800000000000000000e+01 9.020000000000000000e+02 -1.000000000000000000e+00 -1.000000000000000000e+00 -1.000000000000000000e+00 -1.000000000000000000e+00 -1.000000000000000000e+00 5.950449999999999591e+02 1.498560999999999922e+03 8.840000000000000080e-01 3.995000000000000218e-01 9.599999999999999645e-01 9.310000000000000497e-01
3.800000000000000000e+01 8.940000000000000000e+02 -1.000000000000000000e+00 -1.000000000000000000e+00 -1.000000000000000000e+00 -1.000000000000000000e+00 -1.000000000000000000e+00 5.890209999999999582e+02 1.498297000000000025e+03 3.850000000000000089e-01 3.145000000000000018e-01 9.495000000000000107e-01 5.909999999999999698e-01
3.900000000000000000e+01 9.020000000000000000e+02 -1.000000000000000000e+00 -1.000000000000000000e+00 -1.000000000000000000e+00 -1.000000000000000000e+00 -1.000000000000000000e+00 5.962319999999999709e+02 1.497891000000000076e+03 9.180000000000000382e-01 3.995000000000000218e-01 9.599999999999999645e-01 9.310000000000000497e-01
3.900000000000000000e+01 8.940000000000000000e+02 -1.000000000000000000e+00 -1.000000000000000000e+00 -1.000000000000000000e+00 -1.000000000000000000e+00 -1.000000000000000000e+00 5.890209999999999582e+02 1.498297000000000025e+03 3.850000000000000089e-01 3.145000000000000018e-01 9.495000000000000107e-01 5.909999999999999698e-01
4.000000000000000000e+01 9.020000000000000000e+02 -1.000000000000000000e+00 -1.000000000000000000e+00 -1.000000000000000000e+00 -1.000000000000000000e+00 -1.000000000000000000e+00 5.974109999999999445e+02 1.497320999999999913e+03 9.509999999999999565e-01 3.995000000000000218e-01 9.599999999999999645e-01 9.310000000000000497e-01
4.000000000000000000e+01 8.940000000000000000e+02 -1.000000000000000000e+00 -1.000000000000000000e+00 -1.000000000000000000e+00 -1.000000000000000000e+00 -1.000000000000000000e+00 5.890209999999999582e+02 1.498297000000000025e+03 3.850000000000000089e-01 3.145000000000000018e-01 9.495000000000000107e-01 5.909999999999999698e-01
