1.000000000000000000e+00 6.020000000000000000e+03 -1.000000000000000000e+00 -1.000000000000000000e+00 -1.000000000000000000e+00 -1.000000000000000000e+00 -1.000000000000000000e+00 3.838360000000000127e+02 9.651180000000000518e+02 1.042999999999999927e+00 9.244999999999999885e-01 2.234999999999999876e+00 8.605000000000000426e-01
1.000000000000000000e+00 6.021000000000000000e+03 -1.000000000000000000e+00 -1.000000000000000000e+00 -1.000000000000000000e+00 -1.000000000000000000e+00 -1.000000000000000000e+00 3.936779999999999973e+02 9.606939999999999600e+02 8.649999999999999911e-01 9.425000000000000044e-01 2.349000000000000199e+00 7.059999999999999609e-01
1.000000000000000000e+00 6.022000000000000000e+03 -1.000000000000000000e+00 -1.000000000000000000e+00 -1.000000000000000000e+00 -1.000000000000000000e+00 -1.000000000000000000e+00 4.431630000000000109e+02 9.190449999999999591e+02 7.840000000000000302e-01 9.755000000000000338e-01 2.208000000000000185e+00 8.209999999999999520e-01
2.000000000000000000e+00 6.020000000000000000e+03 -1.000000000000000000e+00 -1.000000000000000000e+00 -1.000000000000000000e+00 -1.000000000000000000e+00 -1.000000000000000000e+00 3.838380000000000223e+02 9.651240000000000236e+02 1.032999999999999918e+00 9.244999999999999885e-01 2.234999999999999876e+00 8.605000000000000426e-01
2.000000000000000000e+00 6.021000000000000000e+03 -1.000000000000000000e+00 -1.000000000000000000e+00 -1.000000000000000000e+00 -1.000000000000000000e+00 -1.000000000000000000e+00 3.936610000000000014e+02 9.607019999999999982e+02 8.589999999999999858e-01 9.425000000000000044e-01 2.349000000000000199e+00 7.059999999999999609e-01
2.000000000000000000e+00 6.022000000000000000e+03 -1.000000000000000000e+00 -1.000000000000000000e+00 -1.000000000000000000e+00 -1.000000000000000000e+00 -1.000000000000000000e+00 4.404379999999999882e+02 9.208909999999999627e+02 7.830000000000000293e-01 9.755000000000000338e-01 2.208000000000000185e+00 8.209999999999999520e-01
3.000000000000000000e+00 6.020000000000000000e+03 -1.000000000000000000e+00 -1.000000000000000000e+00 -1.000000000000000000e+00 -1.000000000000000000e+00 -1.000000000000000000e+00 3.838399999999999750e+02 9.651290000000000191e+02 1.022999999999999909e+00 9.244999999999999885e-01 2.234999999999999876e+00 8.605000000000000426e-01
3.000000000000000000e+00 6.021000000000000000e+03 -1.000000000000000000e+00 -1.000000000000000000e+00 -1.000000000000000000e+00 -1.000000000000000000e+00 -1.000000000000000000e+00 3.936440000000000055e+02 9.607110000000000127e+02 8.529999999999999805e-01 9.425000000000000044e-01 2.349000000000000199e+00 7.059999999999999609e-01
3.000000000000000000e+00 6.022000000000000000e+03 -1.000000000000000000e+00 -1.000000000000000000e+00 -1.000000000000000000e+00 -1.000000000000000000e+00 -1.000000000000000000e+00 4.377169999999999845e+02 9.227359999999999900e+02 7.810000000000000275e-01 9.755000000000000338e-01 2.208000000000000185e+00 8.209999999999999520e-01
4.000000000000000000e+00 6.020000000000000000e+03 -1.000000000000000000e+00 -1.000000000000000000e+00 -1.000000000000000000e+00 -1.000000000000000000e+00 -1.000000000000000000e+00 3.838430000000000177e+02 9.651349999999999909e+02 1.012999999999999901e+00 9.244999999999999885e-01 2.234999999999999876e+00 8.605000000000000426e-01
4.000000000000000000e+00 6.021000000000000000e+03 -1.000000000000000000e+00 -1.000000000000000000e+00 -1.000000000000000000e+00 -1.000000000000000000e+00 -1.000000000000000000e+00 3.936259999999999764e+02 9.607200000000000273e+02 8.469999999999999751e-01 9.425000000000000044e-01 2.349000000000000199e+00 7.059999999999999609e-01
4.000000000000000000e+00 6.022000000000000000e+03 -1.000000000000000000e+00 -1.000000000000000000e+00 -1.000000000000000000e+00 -1.000000000000000000e+00 -1.000000000000000000e+00 4.349889999999999759e+02 9.245839999999999463e+02 8.040000000000000480e-01 9.755000000000000338e-01 2.208000000000000185e+00 8.209999999999999520e-01
5.000000000000000000e+00 6.020000000000000000e+03 -1.000000000000000000e+00 -1.000000000000000000e+00 -1.000000000000000000e+00 -1.000000000000000000e+00 -1.000000000000000000e+00 3.838450000000000273e+02 9.651409999999999627e+02 1.002999999999999892e+00 9.244999999999999885e-01 2.234999999999999876e+00 8.605000000000000426e-01
5.000000000000000000e+00 6.021000000000000000e+03 -1.000000000000000000e+00 -1.000000000000000000e+00 -1.000000000000000000e+00 -1.000000000000000000e+00 -1.000000000000000000e+00 3.936089999999999804e+02 9.607290000000000418e+02 8.409999999999999698e-01 9.425000000000000044e-01 2.349000000000000199e+00 7.059999999999999609e-01
5.000000000000000000e+00 6.022000000000000000e+03 -1.000000000000000000e+00 -1.000000000000000000e+00 -1.000000000000000000e+00 -1.000000000000000000e+00 -1.000000000000000000e+00 4.322710000000000150e+02 9.264510000000000218e+02 7.359999999999999876e-01 9.755000000000000338e-01 2.208000000000000185e+00 8.209999999999999520e-01
6.000000000000000000e+00 6.020000000000000000e+03 -1.000000000000000000e+00 -1.000000000000000000e+00 -1.000000000000000000e+00 -1.000000000000000000e+00 -1.000000000000000000e+00 3.838480000000000132e+02 9.651459999999999582e+02 9.929999999999999938e-01 9.244999999999999885e-01 2.234999999999999876e+00 8.605000000000000426e-01
6.000000000000000000e+00 6.021000000000000000e+03 -1.000000000000000000e+00 -1.000000000000000000e+00 -1.000000000000000000e+00 -1.000000000000000000e+00 -1.000000000000000000e+00 3.935919999999999845e+02 9.607369999999999663e+02 8.339999999999999636e-01 9.425000000000000044e-01 2.349000000000000199e+00 7.059999999999999609e-01
6.000000000000000000e+00 6.022000000000000000e+03 -1.000000000000000000e+00 -1.000000000000000000e+00 -1.000000000000000000e+00 -1.000000000000000000e+00 -1.000000000000000000e+00 4.295600000000000023e+02 9.283129999999999882e+02 7.680000000000000160e-01 9.755000000000000338e-01 2.208000000000000185e+00 8.209999999999999520e-01
7.000000000000000000e+00 6.020000000000000000e+03 -1.000000000000000000e+00 -1.000000000000000000e+00 -1.000000000000000000e+00 -1.000000000000000000e+00 -1.000000000000000000e+00 3.838389999999999986e+02 9.651430000000000291e+02 9.829999999999999849e-01 9.244999999999999885e-01 2.234999999999999876e+00 8.605000000000000426e-01
7.000000000000000000e+00 6.021000000000000000e+03 -1.000000000000000000e+00 -1.000000000000000000e+00 -1.000000000000000000e+00 -1.000000000000000000e+00 -1.000000000000000000e+00 3.935919999999999845e+02 9.607369999999999663e+02 8.090000000000000524e-01 9.425000000000000044e-01 2.349000000000000199e+00 7.059999999999999609e-01
7.000000000000000000e+00 6.022000000000000000e+03 -1.000000000000000000e+00 -1.000000000000000000e+00 -1.000000000000000000e+00 -1.000000000000000000e+00 -1.000000000000000000e+00 4.268419999999999845e+02 9.301789999999999736e+02 7.740000000000000213e-01 9.755000000000000338e-01 2.208000000000000185e+00 8.209999999999999520e-01
8.000000000000000000e+00 6.020000000000000000e+03 -1.000000000000000000e+00 -1.000000000000000000e+00 -1.000000000000000000e+00 -1.000000000000000000e+00 -1.000000000000000000e+00 3.838310000000000173e+02 9.651399999999999864e+02 9.729999999999999760e-01 9.244999999999999885e-01 2.234999999999999876e+00 8.605000000000000426e-01
8.000000000000000000e+00 6.021000000000000000e+03 -1.000000000000000000e+00 -1.000000000000000000e+00 -1.000000000000000000e+00 -1.000000000000000000e+00 -1.000000000000000000e+00 3.935919999999999845e+02 9.607369999999999663e+02 7.840000000000000302e-01 9.425000000000000044e-01 2.349000000000000199e+00 7.059999999999999609e-01
8.000000000000000000e+00 6.022000000000000000e+03 -1.000000000000000000e+00 -1.000000000000000000e+00 -1.000000000000000000e+00 -1.000000000000000000e+00 -1.000000000000000000e+00 4.241589999999999918e+02 9.319489999999999554e+02 7.840000000000000302e-01 9.755000000000000338e-01 2.208000000000000185e+00 8.209999999999999520e-01
9.000000000000000000e+00 6.020000000000000000e+03 -1.000000000000000000e+00 -1.000000000000000000e+00 -1.000000000000000000e+00 -1.000000000000000000e+00 -1.000000000000000000e+00 3.838229999999999791e+02 9.651359999999999673e+02 9.629999999999999671e-01 9.244999999999999885e-01 2.234999999999999876e+00 8.605000000000000426e-01
9.000000000000000000e+00 6.021000000000000000e+03 -1.000000000000000000e+00 -1.000000000000000000e+00 -1.000000000000000000e+00 -1.000000000000000000e+00 -1.000000000000000000e+00 3.935919999999999845e+02 9.607369999999999663e+02 8.010000000000000453e-01 9.425000000000000044e-01 2.349000000000000199e+00 7.059999999999999609e-01
9.000000000000000000e+00 6.022000000000000000e+03 -1.000000000000000000e+00 -1.000000000000000000e+00 -1.000000000000000000e+00 -1.000000000000000000e+00 -1.000000000000000000e+00 4.214719999999999800e+02 9.337210000000000036e+02 7.940000000000000391e-01 9.755000000000000338e-01 2.208000000000000185e+00 8.209999999999999520e-01
1.000000000000000000e+01 6.020000000000000000e+03 -1.000000000000000000e+00 -1.000000000000000000e+00 -1.000000000000000000e+00 -1.000000000000000000e+00 -1.000000000000000000e+00 3.838149999999999977e+02 9.651330000000000382e+02 9.529999999999999583e-01 9.244999999999999885e-01 2.234999999999999876e+00 8.605000000000000426e-01
1.000000000000000000e+01 6.021000000000000000e+03 -1.000000000000000000e+00 -1.000000000000000000e+00 -1.000000000000000000e+00 -1.000000000000000000e+00 -1.000000000000000000e+00 3.935919999999999845e+02 9.607369999999999663e+02 8.179999999999999494e-01 9.425000000000000044e-01 2.349000000000000199e+00 7.059999999999999609e-01
1.000000000000000000e+01 6.022000000000000000e+03 -1.000000000000000000e+00 -1.000000000000000000e+00 -1.000000000000000000e+00 -1.000000000000000000e+00 -1.000000000000000000e+00 4.188299999999999841e+02 9.355000000000000000e+02 7.880000000000000338e-01 9.755000000000000338e-01 2.208000000000000185e+00 8.209999999999999520e-01
1.100000000000000000e+01 6.020000000000000000e+03 -1.000000000000000000e+00 -1.000000000000000000e+00 -1.000000000000000000e+00 -1.000000000000000000e+00 -1.000000000000000000e+00 3.838070000000000164e+02 9.651299999999999955e+02 9.429999999999999494e-01 9.244999999999999885e-01 2.234999999999999876e+00 8.605000000000000426e-01
1.100000000000000000e+01 6.021000000000000000e+03 -1.000000000000000000e+00 -1.000000000000000000e+00 -1.000000000000000000e+00 -1.000000000000000000e+00 -1.000000000000000000e+00 3.935919999999999845e+02 9.607369999999999663e+02 8.339999999999999636e-01 9.425000000000000044e-01 2.349000000000000199e+00 7.059999999999999609e-01
1.100000000000000000e+01 6.022000000000000000e+03 -1.000000000000000000e+00 -1.000000000000000000e+00 -1.000000000000000000e+00 -1.000000000000000000e+00 -1.000000000000000000e+00 4.161850000000000023e+02 9.372809999999999491e+02 7.810000000000000275e-01 9.755000000000000338e-01 2.208000000000000185e+00 8.209999999999999520e-01
1.200000000000000000e+01 6.020000000000000000e+03 -1.000000000000000000e+00 -1.000000000000000000e+00 -1.000000000000000000e+00 -1.000000000000000000e+00 -1.000000000000000000e+00 3.838190000000000168e+02 9.651250000000000000e+02 9.429999999999999494e-01 9.244999999999999885e-01 2.234999999999999876e+00 8.605000000000000426e-01
1.200000000000000000e+01 6.021000000000000000e+03 -1.000000000000000000e+00 -1.000000000000000000e+00 -1.000000000000000000e+00 -1.000000000000000000e+00 -1.000000000000000000e+00 3.935919999999999845e+02 9.607369999999999663e+02 8.239999999999999547e-01 9.425000000000000044e-01 2.349000000000000199e+00 7.059999999999999609e-01
1.200000000000000000e+01 6.022000000000000000e+03 -1.000000000000000000e+00 -1.000000000000000000e+00 -1.000000000000000000e+00 -1.000000000000000000e+00 -1.000000000000000000e+00 4.135360000000000014e+02 9.390639999999999645e+02 7.740000000000000213e-01 9.755000000000000338e-01 2.208000000000000185e+00 8.209999999999999520e-01
1.300000000000000000e+01 6.020000000000000000e+03 -1.000000000000000000e+00 -1.000000000000000000e+00 -1.000000000000000000e+00 -1.000000000000000000e+00 -1.000000000000000000e+00 3.838299999999999841e+02 9.651200000000000045e+02 9.429999999999999494e-01 9.244999999999999885e-01 2.234999999999999876e+00 8.605000000000000426e-01
1.300000000000000000e+01 6.021000000000000000e+03 -1.000000000000000000e+00 -1.000000000000000000e+00 -1.000000000000000000e+00 -1.000000000000000000e+00 -1.000000000000000000e+00 3.935919999999999845e+02 9.607369999999999663e+02 8.139999999999999458e-01 9.425000000000000044e-01 2.349000000000000199e+00 7.059999999999999609e-01
1.300000000000000000e+01 6.022000000000000000e+03 -1.000000000000000000e+00 -1.000000000000000000e+00 -1.000000000000000000e+00 -1.000000000000000000e+00 -1.000000000000000000e+00 4.112760000000000105e+02 9.404850000000000136e+02 7.780000000000000249e-01 9.755000000000000338e-01 2.208000000000000185e+00 8.209999999999999520e-01
1.400000000000000000e+01 6.020000000000000000e+03 -1.000000000000000000e+00 -1.000000000000000000e+00 -1.000000000000000000e+00 -1.000000000000000000e+00 -1.000000000000000000e+00 3.838419999999999845e+02 9.651150000000000091e+02 9.429999999999999494e-01 9.244999999999999885e-01 2.234999999999999876e+00 8.605000000000000426e-01
1.400000000000000000e+01 6.021000000000000000e+03 -1.000000000000000000e+00 -1.000000000000000000e+00 -1.000000000000000000e+00 -1.000000000000000000e+00 -1.000000000000000000e+00 3.935919999999999845e+02 9.607369999999999663e+02 8.040000000000000480e-01 9.425000000000000044e-01 2.349000000000000199e+00 7.059999999999999609e-01
1.400000000000000000e+01 6.022000000000000000e+03 -1.000000000000000000e+00 -1.000000000000000000e+00 -1.000000000000000000e+00 -1.000000000000000000e+00 -1.000000000000000000e+00 4.088260000000000218e+02 9.420249999999999773e+02 7.810000000000000275e-01 9.755000000000000338e-01 2.208000000000000185e+00 8.209999999999999520e-01
1.500000000000000000e+01 6.020000000000000000e+03 -1.000000000000000000e+00 -1.000000000000000000e+00 -1.000000000000000000e+00 -1.000000000000000000e+00 -1.000000000000000000e+00 3.838539999999999850e+02 9.651100000000000136e+02 9.429999999999999494e-01 9.244999999999999885e-01 2.234999999999999876e+00 8.605000000000000426e-01
1.500000000000000000e+01 6.021000000000000000e+03 -1.000000000000000000e+00 -1.000000000000000000e+00 -1.000000000000000000e+00 -1.000000000000000000e+00 -1.000000000000000000e+00 3.935919999999999845e+02 9.607369999999999663e+02 7.930000000000000382e-01 9.425000000000000044e-01 2.349000000000000199e+00 7.059999999999999609e-01
1.500000000000000000e+01 6.022000000000000000e+03 -1.000000000000000000e+00 -1.000000000000000000e+00 -1.000000000000000000e+00 -1.000000000000000000e+00 -1.000000000000000000e+00 4.066209999999999809e+02 9.434070000000000391e+02 7.850000000000000311e-01 9.755000000000000338e-01 2.208000000000000185e+00 8.209999999999999520e-01
1.600000000000000000e+01 6.020000000000000000e+03 -1.000000000000000000e+00 -1.000000000000000000e+00 -1.000000000000000000e+00 -1.000000000000000000e+00 -1.000000000000000000e+00 3.838639999999999759e+02 9.651059999999999945e+02 9.429999999999999494e-01 9.244999999999999885e-01 2.234999999999999876e+00 8.605000000000000426e-01
1.600000000000000000e+01 6.021000000000000000e+03 -1.000000000000000000e+00 -1.000000000000000000e+00 -1.000000000000000000e+00 -1.000000000000000000e+00 -1.000000000000000000e+00 3.935919999999999845e+02 9.607369999999999663e+02 7.840000000000000302e-01 9.425000000000000044e-01 2.349000000000000199e+00 7.059999999999999609e-01
1.600000000000000000e+01 6.022000000000000000e+03 -1.000000000000000000e+00 -1.000000000000000000e+00 -1.000000000000000000e+00 -1.000000000000000000e+00 -1.000000000000000000e+00 4.048100000000000023e+02 9.445449999999999591e+02 7.870000000000000329e-01 9.755000000000000338e-01 2.208000000000000185e+00 8.209999999999999520e-01
1.700000000000000000e+01 6.020000000000000000e+03 -1.000000000000000000e+00 -1.000000000000000000e+00 -1.000000000000000000e+00 -1.000000000000000000e+00 -1.000000000000000000e+00 3.838580000000000041e+02 9.651079999999999472e+02 9.429999999999999494e-01 9.244999999999999885e-01 2.234999999999999876e+00 8.605000000000000426e-01
1.700000000000000000e+01 6.021000000000000000e+03 -1.000000000000000000e+00 -1.000000000000000000e+00 -1.000000000000000000e+00 -1.000000000000000000e+00 -1.000000000000000000e+00 3.936030000000000086e+02 9.607319999999999709e+02 7.840000000000000302e-01 9.425000000000000044e-01 2.349000000000000199e+00 7.059999999999999609e-01
1.700000000000000000e+01 6.022000000000000000e+03 -1.000000000000000000e+00 -1.000000000000000000e+00 -1.000000000000000000e+00 -1.000000000000000000e+00 -1.000000000000000000e+00 4.027830000000000155e+02 9.457340000000000373e+02 7.770000000000000240e-01 9.755000000000000338e-01 2.208000000000000185e+00 8.209999999999999520e-01
1.800000000000000000e+01 6.020000000000000000e+03 -1.000000000000000000e+00 -1.000000000000000000e+00 -1.000000000000000000e+00 -1.000000000000000000e+00 -1.000000000000000000e+00 3.838530000000000086e+02 9.651109999999999900e+02 9.429999999999999494e-01 9.244999999999999885e-01 2.234999999999999876e+00 8.605000000000000426e-01
1.800000000000000000e+01 6.021000000000000000e+03 -1.000000000000000000e+00 -1.000000000000000000e+00 -1.000000000000000000e+00 -1.000000000000000000e+00 -1.000000000000000000e+00 3.936150000000000091e+02 9.607259999999999991e+02 7.840000000000000302e-01 9.425000000000000044e-01 2.349000000000000199e+00 7.059999999999999609e-01
1.800000000000000000e+01 6.022000000000000000e+03 -1.000000000000000000e+00 -1.000000000000000000e+00 -1.000000000000000000e+00 -1.000000000000000000e+00 -1.000000000000000000e+00 4.007529999999999859e+02 9.469239999999999782e+02 7.670000000000000151e-01 9.755000000000000338e-01 2.208000000000000185e+00 8.209999999999999520e-01
1.900000000000000000e+01 6.020000000000000000e+03 -1.000000000000000000e+00 -1.000000000000000000e+00 -1.000000000000000000e+00 -1.000000000000000000e+00 -1.000000000000000000e+00 3.838469999999999800e+02 9.651130000000000564e+02 9.429999999999999494e-01 9.244999999999999885e-01 2.234999999999999876e+00 8.605000000000000426e-01
1.900000000000000000e+01 6.021000000000000000e+03 -1.000000000000000000e+00 -1.000000000000000000e+00 -1.000000000000000000e+00 -1.000000000000000000e+00 -1.000000000000000000e+00 3.936259999999999764e+02 9.607200000000000273e+02 7.840000000000000302e-01 9.425000000000000044e-01 2.349000000000000199e+00 7.059999999999999609e-01
1.900000000000000000e+01 6.022000000000000000e+03 -1.000000000000000000e+00 -1.000000000000000000e+00 -1.000000000000000000e+00 -1.000000000000000000e+00 -1.000000000000000000e+00 3.987289999999999850e+02 9.481109999999999900e+02 7.570000000000000062e-01 9.755000000000000338e-01 2.208000000000000185e+00 8.209999999999999520e-01
2.000000000000000000e+01 6.029000000000000000e+03 -1.000000000000000000e+00 -1.000000000000000000e+00 -1.000000000000000000e+00 -1.000000000000000000e+00 -1.000000000000000000e+00 3.312559999999999718e+02 9.471680000000000064e+02 2.560999999999999943e+00 9.475000000000000089e-01 2.060000000000000053e+00 8.339999999999999636e-01
2.000000000000000000e+01 6.020000000000000000e+03 -1.000000000000000000e+00 -1.000000000000000000e+00 -1.000000000000000000e+00 -1.000000000000000000e+00 -1.000000000000000000e+00 3.838410000000000082e+02 9.651159999999999854e+02 9.429999999999999494e-01 9.244999999999999885e-01 2.234999999999999876e+00 8.605000000000000426e-01
2.000000000000000000e+01 6.021000000000000000e+03 -1.000000000000000000e+00 -1.000000000000000000e+00 -1.000000000000000000e+00 -1.000000000000000000e+00 -1.000000000000000000e+00 3.936379999999999768e+02 9.607140000000000555e+02 7.840000000000000302e-01 9.425000000000000044e-01 2.349000000000000199e+00 7.059999999999999609e-01
2.000000000000000000e+01 6.022000000000000000e+03 -1.000000000000000000e+00 -1.000000000000000000e+00 -1.000000000000000000e+00 -1.000000000000000000e+00 -1.000000000000000000e+00 3.968770000000000095e+02 9.491900000000000546e+02 7.469999999999999973e-01 9.755000000000000338e-01 2.208000000000000185e+00 8.209999999999999520e-01
2.100000000000000000e+01 6.029000000000000000e+03 -1.000000000000000000e+00 -1.000000000000000000e+00 -1.000000000000000000e+00 -1.000000000000000000e+00 -1.000000000000000000e+00 3.312559999999999718e+02 9.471680000000000064e+02 2.568000000000000060e+00 9.475000000000000089e-01 2.060000000000000053e+00 8.339999999999999636e-01
2.100000000000000000e+01 6.020000000000000000e+03 -1.000000000000000000e+00 -1.000000000000000000e+00 -1.000000000000000000e+00 -1.000000000000000000e+00 -1.000000000000000000e+00 3.838360000000000127e+02 9.651180000000000518e+02 9.429999999999999494e-01 9.244999999999999885e-01 2.234999999999999876e+00 8.605000000000000426e-01
2.100000000000000000e+01 6.021000000000000000e+03 -1.000000000000000000e+00 -1.000000000000000000e+00 -1.000000000000000000e+00 -1.000000000000000000e+00 -1.000000000000000000e+00 3.936490000000000009e+02 9.607079999999999700e+02 7.840000000000000302e-01 9.425000000000000044e-01 2.349000000000000199e+00 7.059999999999999609e-01
2.100000000000000000e+01 6.022000000000000000e+03 -1.000000000000000000e+00 -1.000000000000000000e+00 -1.000000000000000000e+00 -1.000000000000000000e+00 -1.000000000000000000e+00 3.949950000000000045e+02 9.502179999999999609e+02 7.369999999999999885e-01 9.755000000000000338e-01 2.208000000000000185e+00 8.209999999999999520e-01
2.200000000000000000e+01 6.020000000000000000e+03 -1.000000000000000000e+00 -1.000000000000000000e+00 -1.000000000000000000e+00 -1.000000000000000000e+00 -1.000000000000000000e+00 3.838980000000000246e+02 9.650850000000000364e+02 9.330000000000000515e-01 9.244999999999999885e-01 2.234999999999999876e+00 8.605000000000000426e-01
2.200000000000000000e+01 6.021000000000000000e+03 -1.000000000000000000e+00 -1.000000000000000000e+00 -1.000000000000000000e+00 -1.000000000000000000e+00 -1.000000000000000000e+00 3.936549999999999727e+02 9.607050000000000409e+02 7.740000000000000213e-01 9.425000000000000044e-01 2.349000000000000199e+00 7.059999999999999609e-01
2.200000000000000000e+01 6.022000000000000000e+03 -1.000000000000000000e+00 -1.000000000000000000e+00 -1.000000000000000000e+00 -1.000000000000000000e+00 -1.000000000000000000e+00 3.930869999999999891e+02 9.511929999999999836e+02 7.269999999999999796e-01 9.755000000000000338e-01 2.208000000000000185e+00 8.209999999999999520e-01
2.200000000000000000e+01 6.029000000000000000e+03 -1.000000000000000000e+00 -1.000000000000000000e+00 -1.000000000000000000e+00 -1.000000000000000000e+00 -1.000000000000000000e+00 3.312559999999999718e+02 9.471680000000000064e+02 2.603590090094749065e+00 9.475000000000000089e-01 2.060000000000000053e+00 8.339999999999999636e-01
2.300000000000000000e+01 6.020000000000000000e+03 -1.000000000000000000e+00 -1.000000000000000000e+00 -1.000000000000000000e+00 -1.000000000000000000e+00 -1.000000000000000000e+00 3.839479999999999791e+02 9.650579999999999927e+02 9.250000000000000444e-01 9.244999999999999885e-01 2.234999999999999876e+00 8.605000000000000426e-01
2.300000000000000000e+01 6.021000000000000000e+03 -1.000000000000000000e+00 -1.000000000000000000e+00 -1.000000000000000000e+00 -1.000000000000000000e+00 -1.000000000000000000e+00 3.936600000000000250e+02 9.607029999999999745e+02 7.660000000000000142e-01 9.425000000000000044e-01 2.349000000000000199e+00 7.059999999999999609e-01
2.300000000000000000e+01 6.022000000000000000e+03 -1.000000000000000000e+00 -1.000000000000000000e+00 -1.000000000000000000e+00 -1.000000000000000000e+00 -1.000000000000000000e+00 3.915590000000000259e+02 9.519740000000000464e+02 7.189999999999999725e-01 9.755000000000000338e-01 2.208000000000000185e+00 8.209999999999999520e-01
2.300000000000000000e+01 6.029000000000000000e+03 -1.000000000000000000e+00 -1.000000000000000000e+00 -1.000000000000000000e+00 -1.000000000000000000e+00 -1.000000000000000000e+00 3.312559999999999718e+02 9.471680000000001201e+02 2.597655663627886469e+00 9.475000000000000089e-01 2.060000000000000053e+00 8.339999999999999636e-01
2.400000000000000000e+01 6.020000000000000000e+03 -1.000000000000000000e+00 -1.000000000000000000e+00 -1.000000000000000000e+00 -1.000000000000000000e+00 -1.000000000000000000e+00 3.840099999999999909e+02 9.650249999999999773e+02 9.140000000000000346e-01 9.244999999999999885e-01 2.234999999999999876e+00 8.605000000000000426e-01
2.400000000000000000e+01 6.021000000000000000e+03 -1.000000000000000000e+00 -1.000000000000000000e+00 -1.000000000000000000e+00 -1.000000000000000000e+00 -1.000000000000000000e+00 3.936659999999999968e+02 9.607000000000000455e+02 7.550000000000000044e-01 9.425000000000000044e-01 2.349000000000000199e+00 7.059999999999999609e-01
2.400000000000000000e+01 6.022000000000000000e+03 -1.000000000000000000e+00 -1.000000000000000000e+00 -1.000000000000000000e+00 -1.000000000000000000e+00 -1.000000000000000000e+00 3.896949999999999932e+02 9.528020000000000209e+02 7.089999999999999636e-01 9.755000000000000338e-01 2.208000000000000185e+00 8.209999999999999520e-01
2.400000000000000000e+01 6.029000000000000000e+03 -1.000000000000000000e+00 -1.000000000000000000e+00 -1.000000000000000000e+00 -1.000000000000000000e+00 -1.000000000000000000e+00 3.312559999999999718e+02 9.471680000000000064e+02 2.590237600897672632e+00 9.475000000000000089e-01 2.060000000000000053e+00 8.339999999999999636e-01
2.500000000000000000e+01 6.020000000000000000e+03 -1.000000000000000000e+00 -1.000000000000000000e+00 -1.000000000000000000e+00 -1.000000000000000000e+00 -1.000000000000000000e+00 3.840729999999999791e+02 9.649909999999999854e+02 9.040000000000000258e-01 9.244999999999999885e-01 2.234999999999999876e+00 8.605000000000000426e-01
2.500000000000000000e+01 6.021000000000000000e+03 -1.000000000000000000e+00 -1.000000000000000000e+00 -1.000000000000000000e+00 -1.000000000000000000e+00 -1.000000000000000000e+00 3.936720000000000255e+02 9.606970000000000027e+02 7.449999999999999956e-01 9.425000000000000044e-01 2.349000000000000199e+00 7.059999999999999609e-01
2.500000000000000000e+01 6.022000000000000000e+03 -1.000000000000000000e+00 -1.000000000000000000e+00 -1.000000000000000000e+00 -1.000000000000000000e+00 -1.000000000000000000e+00 3.878319999999999936e+02 9.536299999999999955e+02 6.989999999999999547e-01 9.755000000000000338e-01 2.208000000000000185e+00 8.209999999999999520e-01
2.500000000000000000e+01 6.029000000000000000e+03 -1.000000000000000000e+00 -1.000000000000000000e+00 -1.000000000000000000e+00 -1.000000000000000000e+00 -1.000000000000000000e+00 3.312559999999999718e+02 9.471680000000001201e+02 2.582819671577321952e+00 9.475000000000000089e-01 2.060000000000000053e+00 8.340000000000000746e-01
2.600000000000000000e+01 6.020000000000000000e+03 -1.000000000000000000e+00 -1.000000000000000000e+00 -1.000000000000000000e+00 -1.000000000000000000e+00 -1.000000000000000000e+00 3.841349999999999909e+02 9.649579999999999700e+02 8.930000000000000160e-01 9.244999999999999885e-01 2.234999999999999876e+00 8.605000000000000426e-01
2.600000000000000000e+01 6.021000000000000000e+03 -1.000000000000000000e+00 -1.000000000000000000e+00 -1.000000000000000000e+00 -1.000000000000000000e+00 -1.000000000000000000e+00 3.936779999999999973e+02 9.606939999999999600e+02 7.339999999999999858e-01 9.425000000000000044e-01 2.349000000000000199e+00 7.059999999999999609e-01
2.600000000000000000e+01 6.022000000000000000e+03 -1.000000000000000000e+00 -1.000000000000000000e+00 -1.000000000000000000e+00 -1.000000000000000000e+00 -1.000000000000000000e+00 3.859700000000000273e+02 9.544569999999999936e+02 6.889999999999999458e-01 9.755000000000000338e-01 2.208000000000000185e+00 8.209999999999999520e-01
2.600000000000000000e+01 6.029000000000000000e+03 -1.000000000000000000e+00 -1.000000000000000000e+00 -1.000000000000000000e+00 -1.000000000000000000e+00 -1.000000000000000000e+00 3.312559999999999718e+02 9.471679999999998927e+02 2.575409732025434550e+00 9.475000000000000089e-01 2.060000000000000053e+00 8.339999999999999636e-01
2.700000000000000000e+01 6.029000000000000000e+03 -1.000000000000000000e+00 -1.000000000000000000e+00 -1.000000000000000000e+00 -1.000000000000000000e+00 -1.000000000000000000e+00 3.312559999999999718e+02 9.471680000000000064e+02 2.611000000000000210e+00 9.475000000000000089e-01 2.060000000000000053e+00 8.339999999999999636e-01
2.700000000000000000e+01 6.020000000000000000e+03 -1.000000000000000000e+00 -1.000000000000000000e+00 -1.000000000000000000e+00 -1.000000000000000000e+00 -1.000000000000000000e+00 3.841290000000000191e+02 9.649600000000000364e+02 8.830000000000000071e-01 9.244999999999999885e-01 2.234999999999999876e+00 8.605000000000000426e-01
2.700000000000000000e+01 6.021000000000000000e+03 -1.000000000000000000e+00 -1.000000000000000000e+00 -1.000000000000000000e+00 -1.000000000000000000e+00 -1.000000000000000000e+00 3.936779999999999973e+02 9.606939999999999600e+02 7.339999999999999858e-01 9.425000000000000044e-01 2.349000000000000199e+00 7.059999999999999609e-01
2.700000000000000000e+01 6.022000000000000000e+03 -1.000000000000000000e+00 -1.000000000000000000e+00 -1.000000000000000000e+00 -1.000000000000000000e+00 -1.000000000000000000e+00 3.841080000000000041e+02 9.552839999999999918e+02 6.790000000000000480e-01 9.755000000000000338e-01 2.208000000000000185e+00 8.209999999999999520e-01
2.800000000000000000e+01 6.029000000000000000e+03 -1.000000000000000000e+00 -1.000000000000000000e+00 -1.000000000000000000e+00 -1.000000000000000000e+00 -1.000000000000000000e+00 3.312559999999999718e+02 9.471680000000000064e+02 2.611000000000000210e+00 9.475000000000000089e-01 2.060000000000000053e+00 8.339999999999999636e-01
2.800000000000000000e+01 6.020000000000000000e+03 -1.000000000000000000e+00 -1.000000000000000000e+00 -1.000000000000000000e+00 -1.000000000000000000e+00 -1.000000000000000000e+00 3.841240000000000236e+02 9.649629999999999654e+02 8.729999999999999982e-01 9.244999999999999885e-01 2.234999999999999876e+00 8.605000000000000426e-01
2.800000000000000000e+01 6.021000000000000000e+03 -1.000000000000000000e+00 -1.000000000000000000e+00 -1.000000000000000000e+00 -1.000000000000000000e+00 -1.000000000000000000e+00 3.936779999999999973e+02 9.606939999999999600e+02 7.339999999999999858e-01 9.425000000000000044e-01 2.349000000000000199e+00 7.059999999999999609e-01
2.800000000000000000e+01 6.022000000000000000e+03 -1.000000000000000000e+00 -1.000000000000000000e+00 -1.000000000000000000e+00 -1.000000000000000000e+00 -1.000000000000000000e+00 3.823469999999999800e+02 9.560489999999999782e+02 6.870000000000000551e-01 9.755000000000000338e-01 2.208000000000000185e+00 8.209999999999999520e-01
2.900000000000000000e+01 6.029000000000000000e+03 -1.000000000000000000e+00 -1.000000000000000000e+00 -1.000000000000000000e+00 -1.000000000000000000e+00 -1.000000000000000000e+00 3.312559999999999718e+02 9.471680000000000064e+02 2.584999999999999964e+00 9.475000000000000089e-01 2.060000000000000053e+00 8.339999999999999636e-01
2.900000000000000000e+01 6.020000000000000000e+03 -1.000000000000000000e+00 -1.000000000000000000e+00 -1.000000000000000000e+00 -1.000000000000000000e+00 -1.000000000000000000e+00 3.841179999999999950e+02 9.649650000000000318e+02 8.629999999999999893e-01 9.244999999999999885e-01 2.234999999999999876e+00 8.605000000000000426e-01
2.900000000000000000e+01 6.021000000000000000e+03 -1.000000000000000000e+00 -1.000000000000000000e+00 -1.000000000000000000e+00 -1.000000000000000000e+00 -1.000000000000000000e+00 3.936779999999999973e+02 9.606939999999999600e+02 7.339999999999999858e-01 9.425000000000000044e-01 2.349000000000000199e+00 7.059999999999999609e-01
2.900000000000000000e+01 6.034000000000000000e+03 -1.000000000000000000e+00 -1.000000000000000000e+00 -1.000000000000000000e+00 -1.000000000000000000e+00 -1.000000000000000000e+00 3.287599999999999909e+02 9.471190000000000282e+02 2.508000000000000007e+00 8.870000000000000107e-01 2.200499999999999901e+00 8.559999999999999831e-01
2.900000000000000000e+01 6.022000000000000000e+03 -1.000000000000000000e+00 -1.000000000000000000e+00 -1.000000000000000000e+00 -1.000000000000000000e+00 -1.000000000000000000e+00 3.805849999999999795e+02 9.568150000000000546e+02 6.939999999999999503e-01 9.755000000000000338e-01 2.208000000000000185e+00 8.209999999999999520e-01
3.000000000000000000e+01 6.029000000000000000e+03 -1.000000000000000000e+00 -1.000000000000000000e+00 -1.000000000000000000e+00 -1.000000000000000000e+00 -1.000000000000000000e+00 3.312559999999999718e+02 9.471680000000000064e+02 2.561999999999999833e+00 9.475000000000000089e-01 2.060000000000000053e+00 8.339999999999999636e-01
3.000000000000000000e+01 6.020000000000000000e+03 -1.000000000000000000e+00 -1.000000000000000000e+00 -1.000000000000000000e+00 -1.000000000000000000e+00 -1.000000000000000000e+00 3.841129999999999995e+02 9.649669999999999845e+02 8.539999999999999813e-01 9.244999999999999885e-01 2.234999999999999876e+00 8.605000000000000426e-01
3.000000000000000000e+01 6.021000000000000000e+03 -1.000000000000000000e+00 -1.000000000000000000e+00 -1.000000000000000000e+00 -1.000000000000000000e+00 -1.000000000000000000e+00 3.936779999999999973e+02 9.606939999999999600e+02 7.339999999999999858e-01 9.425000000000000044e-01 2.349000000000000199e+00 7.059999999999999609e-01
3.000000000000000000e+01 6.022000000000000000e+03 -1.000000000000000000e+00 -1.000000000000000000e+00 -1.000000000000000000e+00 -1.000000000000000000e+00 -1.000000000000000000e+00 3.789990000000000236e+02 9.575040000000000191e+02 6.999999999999999556e-01 9.755000000000000338e-01 2.208000000000000185e+00 8.209999999999999520e-01
3.000000000000000000e+01 6.034000000000000000e+03 -1.000000000000000000e+00 -1.000000000000000000e+00 -1.000000000000000000e+00 -1.000000000000000000e+00 -1.000000000000000000e+00 3.287551705261676602e+02 9.473066595546273447e+02 2.439007516681128251e+00 8.870000000000000107e-01 2.200499999999999901e+00 8.559999999999999831e-01
3.100000000000000000e+01 6.035000000000000000e+03 -1.000000000000000000e+00 -1.000000000000000000e+00 -1.000000000000000000e+00 -1.000000000000000000e+00 -1.000000000000000000e+00 3.116469999999999914e+02 9.677839999999999918e+02 1.764000000000000012e+00 9.849999999999999867e-01 2.491499999999999826e+00 8.585000000000000409e-01
3.100000000000000000e+01 6.020000000000000000e+03 -1.000000000000000000e+00 -1.000000000000000000e+00 -1.000000000000000000e+00 -1.000000000000000000e+00 -1.000000000000000000e+00 3.841070000000000277e+02 9.649700000000000273e+02 8.429999999999999716e-01 9.244999999999999885e-01 2.234999999999999876e+00 8.605000000000000426e-01
3.100000000000000000e+01 6.021000000000000000e+03 -1.000000000000000000e+00 -1.000000000000000000e+00 -1.000000000000000000e+00 -1.000000000000000000e+00 -1.000000000000000000e+00 3.936779999999999973e+02 9.606939999999999600e+02 7.339999999999999858e-01 9.425000000000000044e-01 2.349000000000000199e+00 7.059999999999999609e-01
3.100000000000000000e+01 6.022000000000000000e+03 -1.000000000000000000e+00 -1.000000000000000000e+00 -1.000000000000000000e+00 -1.000000000000000000e+00 -1.000000000000000000e+00 3.770710000000000264e+02 9.582880000000000109e+02 6.899999999999999467e-01 9.755000000000000338e-01 2.208000000000000185e+00 8.209999999999999520e-01
3.100000000000000000e+01 6.029000000000000000e+03 -1.000000000000000000e+00 -1.000000000000000000e+00 -1.000000000000000000e+00 -1.000000000000000000e+00 -1.000000000000000000e+00 3.312559999999999718e+02 9.471680000000000064e+02 2.536485520083336276e+00 9.475000000000000089e-01 2.060000000000000053e+00 8.339999999999999636e-01
3.100000000000000000e+01 6.034000000000000000e+03 -1.000000000000000000e+00 -1.000000000000000000e+00 -1.000000000000000000e+00 -1.000000000000000000e+00 -1.000000000000000000e+00 3.287575838918999693e+02 9.472128830576020846e+02 2.473484169999213833e+00 8.870000000000000107e-01 2.200499999999999901e+00 8.560000000000000941e-01
3.200000000000000000e+01 6.029000000000000000e+03 -1.000000000000000000e+00 -1.000000000000000000e+00 -1.000000000000000000e+00 -1.000000000000000000e+00 -1.000000000000000000e+00 3.312559999999999718e+02 9.471680000000000064e+02 2.511000000000000121e+00 9.475000000000000089e-01 2.060000000000000053e+00 8.339999999999999636e-01
3.200000000000000000e+01 6.020000000000000000e+03 -1.000000000000000000e+00 -1.000000000000000000e+00 -1.000000000000000000e+00 -1.000000000000000000e+00 -1.000000000000000000e+00 3.840760000000000218e+02 9.649429999999999836e+02 8.229999999999999538e-01 9.244999999999999885e-01 2.234999999999999876e+00 8.605000000000000426e-01
3.200000000000000000e+01 6.021000000000000000e+03 -1.000000000000000000e+00 -1.000000000000000000e+00 -1.000000000000000000e+00 -1.000000000000000000e+00 -1.000000000000000000e+00 3.936610000000000014e+02 9.607019999999999982e+02 7.139999999999999680e-01 9.425000000000000044e-01 2.349000000000000199e+00 7.059999999999999609e-01
3.200000000000000000e+01 6.034000000000000000e+03 -1.000000000000000000e+00 -1.000000000000000000e+00 -1.000000000000000000e+00 -1.000000000000000000e+00 -1.000000000000000000e+00 3.287529999999999859e+02 9.473909999999999627e+02 2.407999999999999918e+00 8.870000000000000107e-01 2.200499999999999901e+00 8.559999999999999831e-01
3.200000000000000000e+01 6.022000000000000000e+03 -1.000000000000000000e+00 -1.000000000000000000e+00 -1.000000000000000000e+00 -1.000000000000000000e+00 -1.000000000000000000e+00 3.751399999999999864e+02 9.590729999999999791e+02 6.800000000000000488e-01 9.755000000000000338e-01 2.208000000000000185e+00 8.209999999999999520e-01
3.200000000000000000e+01 6.035000000000000000e+03 -1.000000000000000000e+00 -1.000000000000000000e+00 -1.000000000000000000e+00 -1.000000000000000000e+00 -1.000000000000000000e+00 3.133910440287032770e+02 9.719487171734135700e+02 1.677547387688917979e+00 9.849999999999999867e-01 2.491499999999999826e+00 8.585000000000000409e-01
3.300000000000000000e+01 6.035000000000000000e+03 -1.000000000000000000e+00 -1.000000000000000000e+00 -1.000000000000000000e+00 -1.000000000000000000e+00 -1.000000000000000000e+00 3.151370000000000005e+02 9.761180000000000518e+02 1.590999999999999970e+00 9.849999999999999867e-01 2.491499999999999826e+00 8.585000000000000409e-01
3.300000000000000000e+01 6.029000000000000000e+03 -1.000000000000000000e+00 -1.000000000000000000e+00 -1.000000000000000000e+00 -1.000000000000000000e+00 -1.000000000000000000e+00 3.312559999999999718e+02 9.471680000000000064e+02 2.430000000000000160e+00 9.475000000000000089e-01 2.060000000000000053e+00 8.339999999999999636e-01
3.300000000000000000e+01 6.020000000000000000e+03 -1.000000000000000000e+00 -1.000000000000000000e+00 -1.000000000000000000e+00 -1.000000000000000000e+00 -1.000000000000000000e+00 3.840439999999999827e+02 9.649160000000000537e+02 8.030000000000000471e-01 9.244999999999999885e-01 2.234999999999999876e+00 8.605000000000000426e-01
3.300000000000000000e+01 6.021000000000000000e+03 -1.000000000000000000e+00 -1.000000000000000000e+00 -1.000000000000000000e+00 -1.000000000000000000e+00 -1.000000000000000000e+00 3.936440000000000055e+02 9.607110000000000127e+02 6.939999999999999503e-01 9.425000000000000044e-01 2.349000000000000199e+00 7.059999999999999609e-01
3.300000000000000000e+01 6.022000000000000000e+03 -1.000000000000000000e+00 -1.000000000000000000e+00 -1.000000000000000000e+00 -1.000000000000000000e+00 -1.000000000000000000e+00 3.732110000000000127e+02 9.598569999999999709e+02 6.700000000000000400e-01 9.755000000000000338e-01 2.208000000000000185e+00 8.209999999999999520e-01
3.300000000000000000e+01 6.034000000000000000e+03 -1.000000000000000000e+00 -1.000000000000000000e+00 -1.000000000000000000e+00 -1.000000000000000000e+00 -1.000000000000000000e+00 3.287529999999999859e+02 9.473909999999999627e+02 2.382985754615504437e+00 8.870000000000000107e-01 2.200499999999999901e+00 8.559999999999999831e-01
3.400000000000000000e+01 6.035000000000000000e+03 -1.000000000000000000e+00 -1.000000000000000000e+00 -1.000000000000000000e+00 -1.000000000000000000e+00 -1.000000000000000000e+00 3.168829999999999814e+02 9.802880000000000109e+02 1.504999999999999893e+00 9.849999999999999867e-01 2.491499999999999826e+00 8.585000000000000409e-01
3.400000000000000000e+01 6.029000000000000000e+03 -1.000000000000000000e+00 -1.000000000000000000e+00 -1.000000000000000000e+00 -1.000000000000000000e+00 -1.000000000000000000e+00 3.312559999999999718e+02 9.471680000000000064e+02 2.349000000000000199e+00 9.475000000000000089e-01 2.060000000000000053e+00 8.339999999999999636e-01
3.400000000000000000e+01 6.020000000000000000e+03 -1.000000000000000000e+00 -1.000000000000000000e+00 -1.000000000000000000e+00 -1.000000000000000000e+00 -1.000000000000000000e+00 3.840129999999999768e+02 9.648890000000000100e+02 7.830000000000000293e-01 9.244999999999999885e-01 2.234999999999999876e+00 8.605000000000000426e-01
3.400000000000000000e+01 6.021000000000000000e+03 -1.000000000000000000e+00 -1.000000000000000000e+00 -1.000000000000000000e+00 -1.000000000000000000e+00 -1.000000000000000000e+00 3.936259999999999764e+02 9.607200000000000273e+02 6.740000000000000435e-01 9.425000000000000044e-01 2.349000000000000199e+00 7.059999999999999609e-01
3.400000000000000000e+01 6.034000000000000000e+03 -1.000000000000000000e+00 -1.000000000000000000e+00 -1.000000000000000000e+00 -1.000000000000000000e+00 -1.000000000000000000e+00 3.287529999999999859e+02 9.473909999999999627e+02 2.358000000000000096e+00 8.870000000000000107e-01 2.200499999999999901e+00 8.559999999999999831e-01
3.400000000000000000e+01 6.022000000000000000e+03 -1.000000000000000000e+00 -1.000000000000000000e+00 -1.000000000000000000e+00 -1.000000000000000000e+00 -1.000000000000000000e+00 3.712799999999999727e+02 9.606420000000000528e+02 6.600000000000000311e-01 9.755000000000000338e-01 2.208000000000000185e+00 8.209999999999999520e-01
3.500000000000000000e+01 6.035000000000000000e+03 -1.000000000000000000e+00 -1.000000000000000000e+00 -1.000000000000000000e+00 -1.000000000000000000e+00 -1.000000000000000000e+00 3.187420000000000186e+02 9.847269999999999754e+02 1.427999999999999936e+00 9.849999999999999867e-01 2.491499999999999826e+00 8.585000000000000409e-01
3.500000000000000000e+01 6.029000000000000000e+03 -1.000000000000000000e+00 -1.000000000000000000e+00 -1.000000000000000000e+00 -1.000000000000000000e+00 -1.000000000000000000e+00 3.312559999999999718e+02 9.471680000000000064e+02 2.261000000000000121e+00 9.475000000000000089e-01 2.060000000000000053e+00 8.339999999999999636e-01
3.500000000000000000e+01 6.020000000000000000e+03 -1.000000000000000000e+00 -1.000000000000000000e+00 -1.000000000000000000e+00 -1.000000000000000000e+00 -1.000000000000000000e+00 3.839780000000000086e+02 9.648600000000000136e+02 7.610000000000000098e-01 9.244999999999999885e-01 2.234999999999999876e+00 8.605000000000000426e-01
3.500000000000000000e+01 6.021000000000000000e+03 -1.000000000000000000e+00 -1.000000000000000000e+00 -1.000000000000000000e+00 -1.000000000000000000e+00 -1.000000000000000000e+00 3.936070000000000277e+02 9.607290000000000418e+02 6.520000000000000240e-01 9.425000000000000044e-01 2.349000000000000199e+00 7.059999999999999609e-01
3.500000000000000000e+01 6.022000000000000000e+03 -1.000000000000000000e+00 -1.000000000000000000e+00 -1.000000000000000000e+00 -1.000000000000000000e+00 -1.000000000000000000e+00 3.692590000000000146e+02 9.615009999999999764e+02 6.490000000000000213e-01 9.755000000000000338e-01 2.208000000000000185e+00 8.209999999999999520e-01
3.500000000000000000e+01 6.034000000000000000e+03 -1.000000000000000000e+00 -1.000000000000000000e+00 -1.000000000000000000e+00 -1.000000000000000000e+00 -1.000000000000000000e+00 3.287587992703193436e+02 9.471713526366550013e+02 2.285509121008293398e+00 8.870000000000000107e-01 2.200499999999999901e+00 8.559999999999999831e-01
3.600000000000000000e+01 6.035000000000000000e+03 -1.000000000000000000e+00 -1.000000000000000000e+00 -1.000000000000000000e+00 -1.000000000000000000e+00 -1.000000000000000000e+00 3.202620000000000005e+02 9.883579999999999472e+02 1.364000000000000101e+00 9.849999999999999867e-01 2.491499999999999826e+00 8.585000000000000409e-01
3.600000000000000000e+01 6.029000000000000000e+03 -1.000000000000000000e+00 -1.000000000000000000e+00 -1.000000000000000000e+00 -1.000000000000000000e+00 -1.000000000000000000e+00 3.312559999999999718e+02 9.471680000000000064e+02 2.210999999999999854e+00 9.475000000000000089e-01 2.060000000000000053e+00 8.339999999999999636e-01
3.600000000000000000e+01 6.020000000000000000e+03 -1.000000000000000000e+00 -1.000000000000000000e+00 -1.000000000000000000e+00 -1.000000000000000000e+00 -1.000000000000000000e+00 3.839499999999999886e+02 9.648360000000000127e+02 7.429999999999999938e-01 9.244999999999999885e-01 2.234999999999999876e+00 8.605000000000000426e-01
3.600000000000000000e+01 6.021000000000000000e+03 -1.000000000000000000e+00 -1.000000000000000000e+00 -1.000000000000000000e+00 -1.000000000000000000e+00 -1.000000000000000000e+00 3.935919999999999845e+02 9.607369999999999663e+02 6.340000000000000080e-01 9.425000000000000044e-01 2.349000000000000199e+00 7.059999999999999609e-01
3.600000000000000000e+01 6.022000000000000000e+03 -1.000000000000000000e+00 -1.000000000000000000e+00 -1.000000000000000000e+00 -1.000000000000000000e+00 -1.000000000000000000e+00 3.676050000000000182e+02 9.622039999999999509e+02 6.400000000000000133e-01 9.755000000000000338e-01 2.208000000000000185e+00 8.209999999999999520e-01
3.600000000000000000e+01 6.034000000000000000e+03 -1.000000000000000000e+00 -1.000000000000000000e+00 -1.000000000000000000e+00 -1.000000000000000000e+00 -1.000000000000000000e+00 3.287569989060290254e+02 9.472395414341518745e+02 2.308013674637622081e+00 8.870000000000000107e-01 2.200499999999999901e+00 8.559999999999998721e-01
3.700000000000000000e+01 6.035000000000000000e+03 -1.000000000000000000e+00 -1.000000000000000000e+00 -1.000000000000000000e+00 -1.000000000000000000e+00 -1.000000000000000000e+00 3.219289999999999736e+02 9.923400000000000318e+02 1.338999999999999968e+00 9.849999999999999867e-01 2.491499999999999826e+00 8.585000000000000409e-01
3.700000000000000000e+01 6.029000000000000000e+03 -1.000000000000000000e+00 -1.000000000000000000e+00 -1.000000000000000000e+00 -1.000000000000000000e+00 -1.000000000000000000e+00 3.312559999999999718e+02 9.471680000000000064e+02 2.185999999999999943e+00 9.475000000000000089e-01 2.060000000000000053e+00 8.339999999999999636e-01
3.700000000000000000e+01 6.020000000000000000e+03 -1.000000000000000000e+00 -1.000000000000000000e+00 -1.000000000000000000e+00 -1.000000000000000000e+00 -1.000000000000000000e+00 3.839409999999999741e+02 9.648460000000000036e+02 7.229999999999999760e-01 9.244999999999999885e-01 2.234999999999999876e+00 8.605000000000000426e-01
3.700000000000000000e+01 6.021000000000000000e+03 -1.000000000000000000e+00 -1.000000000000000000e+00 -1.000000000000000000e+00 -1.000000000000000000e+00 -1.000000000000000000e+00 3.935919999999999845e+02 9.607369999999999663e+02 6.049999999999999822e-01 9.425000000000000044e-01 2.349000000000000199e+00 7.059999999999999609e-01
3.700000000000000000e+01 6.022000000000000000e+03 -1.000000000000000000e+00 -1.000000000000000000e+00 -1.000000000000000000e+00 -1.000000000000000000e+00 -1.000000000000000000e+00 3.657699999999999818e+02 9.629840000000000373e+02 6.300000000000000044e-01 9.755000000000000338e-01 2.208000000000000185e+00 8.209999999999999520e-01
3.700000000000000000e+01 6.034000000000000000e+03 -1.000000000000000000e+00 -1.000000000000000000e+00 -1.000000000000000000e+00 -1.000000000000000000e+00 -1.000000000000000000e+00 3.287550016709557212e+02 9.473151867125521903e+02 2.332979113053504250e+00 8.870000000000000107e-01 2.200499999999999901e+00 8.560000000000000941e-01
3.800000000000000000e+01 6.036000000000000000e+03 -1.000000000000000000e+00 -1.000000000000000000e+00 -1.000000000000000000e+00 -1.000000000000000000e+00 -1.000000000000000000e+00 3.057060000000000173e+02 9.533189999999999600e+02 1.532999999999999918e+00 9.214999999999999858e-01 2.145500000000000185e+00 8.070000000000000506e-01
3.800000000000000000e+01 6.035000000000000000e+03 -1.000000000000000000e+00 -1.000000000000000000e+00 -1.000000000000000000e+00 -1.000000000000000000e+00 -1.000000000000000000e+00 3.236000000000000227e+02 9.963300000000000409e+02 1.314000000000000057e+00 9.849999999999999867e-01 2.491499999999999826e+00 8.585000000000000409e-01
3.800000000000000000e+01 6.029000000000000000e+03 -1.000000000000000000e+00 -1.000000000000000000e+00 -1.000000000000000000e+00 -1.000000000000000000e+00 -1.000000000000000000e+00 3.312559999999999718e+02 9.471680000000000064e+02 2.161000000000000032e+00 9.475000000000000089e-01 2.060000000000000053e+00 8.339999999999999636e-01
3.800000000000000000e+01 6.020000000000000000e+03 -1.000000000000000000e+00 -1.000000000000000000e+00 -1.000000000000000000e+00 -1.000000000000000000e+00 -1.000000000000000000e+00 3.839320000000000164e+02 9.648569999999999709e+02 7.029999999999999583e-01 9.244999999999999885e-01 2.234999999999999876e+00 8.605000000000000426e-01
3.800000000000000000e+01 6.034000000000000000e+03 -1.000000000000000000e+00 -1.000000000000000000e+00 -1.000000000000000000e+00 -1.000000000000000000e+00 -1.000000000000000000e+00 3.287610000000000241e+02 9.470879999999999654e+02 2.258000000000000007e+00 8.870000000000000107e-01 2.200499999999999901e+00 8.559999999999999831e-01
3.800000000000000000e+01 6.022000000000000000e+03 -1.000000000000000000e+00 -1.000000000000000000e+00 -1.000000000000000000e+00 -1.000000000000000000e+00 -1.000000000000000000e+00 3.639309999999999832e+02 9.637649999999999864e+02 6.199999999999999956e-01 9.755000000000000338e-01 2.208000000000000185e+00 8.209999999999999520e-01
3.900000000000000000e+01 6.035000000000000000e+03 -1.000000000000000000e+00 -1.000000000000000000e+00 -1.000000000000000000e+00 -1.000000000000000000e+00 -1.000000000000000000e+00 3.253489999999999895e+02 1.000423999999999978e+03 1.330999999999999961e+00 9.849999999999999867e-01 2.491499999999999826e+00 8.585000000000000409e-01
3.900000000000000000e+01 6.020000000000000000e+03 -1.000000000000000000e+00 -1.000000000000000000e+00 -1.000000000000000000e+00 -1.000000000000000000e+00 -1.000000000000000000e+00 3.839230000000000018e+02 9.648669999999999618e+02 6.830000000000000515e-01 9.244999999999999885e-01 2.234999999999999876e+00 8.605000000000000426e-01
3.900000000000000000e+01 6.022000000000000000e+03 -1.000000000000000000e+00 -1.000000000000000000e+00 -1.000000000000000000e+00 -1.000000000000000000e+00 -1.000000000000000000e+00 3.620939999999999941e+02 9.645460000000000491e+02 6.099999999999999867e-01 9.755000000000000338e-01 2.208000000000000185e+00 8.209999999999999520e-01
3.900000000000000000e+01 6.036000000000000000e+03 -1.000000000000000000e+00 -1.000000000000000000e+00 -1.000000000000000000e+00 -1.000000000000000000e+00 -1.000000000000000000e+00 3.074594964921300289e+02 9.570454925451510917e+02 1.532999999999999918e+00 9.214999999999999858e-01 2.145500000000000185e+00 8.069999999999999396e-01
4.000000000000000000e+01 6.036000000000000000e+03 -1.000000000000000000e+00 -1.000000000000000000e+00 -1.000000000000000000e+00 -1.000000000000000000e+00 -1.000000000000000000e+00 3.092130000000000223e+02 9.607720000000000482e+02 1.532999999999999918e+00 9.214999999999999858e-01 2.145500000000000185e+00 8.070000000000000506e-01
4.000000000000000000e+01 6.035000000000000000e+03 -1.000000000000000000e+00 -1.000000000000000000e+00 -1.000000000000000000e+00 -1.000000000000000000e+00 -1.000000000000000000e+00 3.271789999999999736e+02 1.004706999999999994e+03 1.296999999999999931e+00 9.849999999999999867e-01 2.491499999999999826e+00 8.585000000000000409e-01
4.000000000000000000e+01 6.020000000000000000e+03 -1.000000000000000000e+00 -1.000000000000000000e+00 -1.000000000000000000e+00 -1.000000000000000000e+00 -1.000000000000000000e+00 3.839139999999999873e+02 9.648780000000000427e+02 6.630000000000000338e-01 9.244999999999999885e-01 2.234999999999999876e+00 8.605000000000000426e-01
4.000000000000000000e+01 6.022000000000000000e+03 -1.000000000000000000e+00 -1.000000000000000000e+00 -1.000000000000000000e+00 -1.000000000000000000e+00 -1.000000000000000000e+00 3.602239999999999895e+02 9.653509999999999991e+02 6.099999999999999867e-01 9.755000000000000338e-01 2.208000000000000185e+00 8.209999999999999520e-01
4.100000000000000000e+01 6.036000000000000000e+03 -1.000000000000000000e+00 -1.000000000000000000e+00 -1.000000000000000000e+00 -1.000000000000000000e+00 -1.000000000000000000e+00 3.112269999999999754e+02 9.650449999999999591e+02 1.483000000000000096e+00 9.214999999999999858e-01 2.145500000000000185e+00 8.070000000000000506e-01
4.100000000000000000e+01 6.035000000000000000e+03 -1.000000000000000000e+00 -1.000000000000000000e+00 -1.000000000000000000e+00 -1.000000000000000000e+00 -1.000000000000000000e+00 3.290679999999999836e+02 1.009038000000000011e+03 1.213999999999999968e+00 9.849999999999999867e-01 2.491499999999999826e+00 8.585000000000000409e-01
4.100000000000000000e+01 6.020000000000000000e+03 -1.000000000000000000e+00 -1.000000000000000000e+00 -1.000000000000000000e+00 -1.000000000000000000e+00 -1.000000000000000000e+00 3.839049999999999727e+02 9.648880000000000337e+02 6.430000000000000160e-01 9.244999999999999885e-01 2.234999999999999876e+00 8.605000000000000426e-01
4.100000000000000000e+01 6.022000000000000000e+03 -1.000000000000000000e+00 -1.000000000000000000e+00 -1.000000000000000000e+00 -1.000000000000000000e+00 -1.000000000000000000e+00 3.583539999999999850e+02 9.661559999999999491e+02 6.099999999999999867e-01 9.755000000000000338e-01 2.208000000000000185e+00 8.209999999999999520e-01
