1.000000000000000000e+00 1.852000000000000000e+03 -1.000000000000000000e+00 -1.000000000000000000e+00 -1.000000000000000000e+00 -1.000000000000000000e+00 -1.000000000000000000e+00 5.419900000000000091e+02 1.686236000000000104e+03 1.102999999999999980e+00 9.775000000000000355e-01 2.189000000000000057e+00 8.820000000000000062e-01
1.000000000000000000e+00 1.853000000000000000e+03 -1.000000000000000000e+00 -1.000000000000000000e+00 -1.000000000000000000e+00 -1.000000000000000000e+00 -1.000000000000000000e+00 5.208319999999999936e+02 1.715230000000000018e+03 -2.000000000000000042e-02 1.072999999999999954e+00 2.236499999999999932e+00 9.609999999999999654e-01
1.000000000000000000e+00 1.856000000000000000e+03 -1.000000000000000000e+00 -1.000000000000000000e+00 -1.000000000000000000e+00 -1.000000000000000000e+00 -1.000000000000000000e+00 5.196380000000000337e+02 1.722086999999999989e+03 -4.599999999999999922e-02 1.034000000000000030e+00 2.341499999999999915e+00 9.064999999999999725e-01
2.000000000000000000e+00 1.852000000000000000e+03 -1.000000000000000000e+00 -1.000000000000000000e+00 -1.000000000000000000e+00 -1.000000000000000000e+00 -1.000000000000000000e+00 5.420739999999999554e+02 1.686181000000000040e+03 1.102999999999999980e+00 9.775000000000000355e-01 2.189000000000000057e+00 8.820000000000000062e-01
2.000000000000000000e+00 1.853000000000000000e+03 -1.000000000000000000e+00 -1.000000000000000000e+00 -1.000000000000000000e+00 -1.000000000000000000e+00 -1.000000000000000000e+00 5.205240000000000009e+02 1.715506000000000085e+03 1.899999999999999953e-02 1.072999999999999954e+00 2.236499999999999932e+00 9.609999999999999654e-01
2.000000000000000000e+00 1.856000000000000000e+03 -1.000000000000000000e+00 -1.000000000000000000e+00 -1.000000000000000000e+00 -1.000000000000000000e+00 -1.000000000000000000e+00 5.218339999999999463e+02 1.719076000000000022e+03 8.300000000000000433e-02 1.034000000000000030e+00 2.341499999999999915e+00 9.064999999999999725e-01
3.000000000000000000e+00 1.852000000000000000e+03 -1.000000000000000000e+00 -1.000000000000000000e+00 -1.000000000000000000e+00 -1.000000000000000000e+00 -1.000000000000000000e+00 5.420739999999999554e+02 1.686181000000000040e+03 1.102999999999999980e+00 9.775000000000000355e-01 2.189000000000000057e+00 8.820000000000000062e-01
3.000000000000000000e+00 1.853000000000000000e+03 -1.000000000000000000e+00 -1.000000000000000000e+00 -1.000000000000000000e+00 -1.000000000000000000e+00 -1.000000000000000000e+00 5.202809999999999491e+02 1.716086000000000013e+03 1.899999999999999953e-02 1.072999999999999954e+00 2.236499999999999932e+00 9.609999999999999654e-01
3.000000000000000000e+00 1.856000000000000000e+03 -1.000000000000000000e+00 -1.000000000000000000e+00 -1.000000000000000000e+00 -1.000000000000000000e+00 -1.000000000000000000e+00 5.240990000000000464e+02 1.716148999999999887e+03 1.630000000000000060e-01 1.034000000000000030e+00 2.341499999999999915e+00 9.064999999999999725e-01
4.000000000000000000e+00 1.852000000000000000e+03 -1.000000000000000000e+00 -1.000000000000000000e+00 -1.000000000000000000e+00 -1.000000000000000000e+00 -1.000000000000000000e+00 5.420739999999999554e+02 1.686181000000000040e+03 1.102999999999999980e+00 9.775000000000000355e-01 2.189000000000000057e+00 8.820000000000000062e-01
4.000000000000000000e+00 1.853000000000000000e+03 -1.000000000000000000e+00 -1.000000000000000000e+00 -1.000000000000000000e+00 -1.000000000000000000e+00 -1.000000000000000000e+00 5.199279999999999973e+02 1.716750999999999976e+03 1.899999999999999953e-02 1.072999999999999954e+00 2.236499999999999932e+00 9.609999999999999654e-01
4.000000000000000000e+00 1.856000000000000000e+03 -1.000000000000000000e+00 -1.000000000000000000e+00 -1.000000000000000000e+00 -1.000000000000000000e+00 -1.000000000000000000e+00 5.264589999999999463e+02 1.713163999999999987e+03 3.430000000000000271e-01 1.034000000000000030e+00 2.341499999999999915e+00 9.064999999999999725e-01
5.000000000000000000e+00 1.852000000000000000e+03 -1.000000000000000000e+00 -1.000000000000000000e+00 -1.000000000000000000e+00 -1.000000000000000000e+00 -1.000000000000000000e+00 5.420739999999999554e+02 1.686181000000000040e+03 1.102999999999999980e+00 9.775000000000000355e-01 2.189000000000000057e+00 8.820000000000000062e-01
5.000000000000000000e+00 1.853000000000000000e+03 -1.000000000000000000e+00 -1.000000000000000000e+00 -1.000000000000000000e+00 -1.000000000000000000e+00 -1.000000000000000000e+00 5.192780000000000200e+02 1.717659000000000106e+03 1.899999999999999953e-02 1.072999999999999954e+00 2.236499999999999932e+00 9.609999999999999654e-01
5.000000000000000000e+00 1.856000000000000000e+03 -1.000000000000000000e+00 -1.000000000000000000e+00 -1.000000000000000000e+00 -1.000000000000000000e+00 -1.000000000000000000e+00 5.289249999999999545e+02 1.710269999999999982e+03 4.719999999999999751e-01 1.034000000000000030e+00 2.341499999999999915e+00 9.064999999999999725e-01
6.000000000000000000e+00 1.852000000000000000e+03 -1.000000000000000000e+00 -1.000000000000000000e+00 -1.000000000000000000e+00 -1.000000000000000000e+00 -1.000000000000000000e+00 5.421480000000000246e+02 1.686079999999999927e+03 1.102999999999999980e+00 9.775000000000000355e-01 2.189000000000000057e+00 8.820000000000000062e-01
6.000000000000000000e+00 1.853000000000000000e+03 -1.000000000000000000e+00 -1.000000000000000000e+00 -1.000000000000000000e+00 -1.000000000000000000e+00 -1.000000000000000000e+00 5.187380000000000564e+02 1.718645999999999958e+03 1.899999999999999953e-02 1.072999999999999954e+00 2.236499999999999932e+00 9.609999999999999654e-01
6.000000000000000000e+00 1.856000000000000000e+03 -1.000000000000000000e+00 -1.000000000000000000e+00 -1.000000000000000000e+00 -1.000000000000000000e+00 -1.000000000000000000e+00 5.313419999999999845e+02 1.707378999999999905e+03 6.019999999999999796e-01 1.034000000000000030e+00 2.341499999999999915e+00 9.064999999999999725e-01
7.000000000000000000e+00 1.852000000000000000e+03 -1.000000000000000000e+00 -1.000000000000000000e+00 -1.000000000000000000e+00 -1.000000000000000000e+00 -1.000000000000000000e+00 5.419980000000000473e+02 1.686125999999999976e+03 1.102999999999999980e+00 9.775000000000000355e-01 2.189000000000000057e+00 8.820000000000000062e-01
7.000000000000000000e+00 1.853000000000000000e+03 -1.000000000000000000e+00 -1.000000000000000000e+00 -1.000000000000000000e+00 -1.000000000000000000e+00 -1.000000000000000000e+00 5.180149999999999864e+02 1.719792999999999893e+03 1.899999999999999953e-02 1.072999999999999954e+00 2.236499999999999932e+00 9.609999999999999654e-01
7.000000000000000000e+00 1.856000000000000000e+03 -1.000000000000000000e+00 -1.000000000000000000e+00 -1.000000000000000000e+00 -1.000000000000000000e+00 -1.000000000000000000e+00 5.338410000000000082e+02 1.704284000000000106e+03 6.820000000000000506e-01 1.034000000000000030e+00 2.341499999999999915e+00 9.064999999999999725e-01
8.000000000000000000e+00 1.852000000000000000e+03 -1.000000000000000000e+00 -1.000000000000000000e+00 -1.000000000000000000e+00 -1.000000000000000000e+00 -1.000000000000000000e+00 5.420420000000000300e+02 1.686118999999999915e+03 1.102999999999999980e+00 9.775000000000000355e-01 2.189000000000000057e+00 8.820000000000000062e-01
8.000000000000000000e+00 1.853000000000000000e+03 -1.000000000000000000e+00 -1.000000000000000000e+00 -1.000000000000000000e+00 -1.000000000000000000e+00 -1.000000000000000000e+00 5.172640000000000100e+02 1.720922000000000025e+03 -3.099999999999999978e-02 1.072999999999999954e+00 2.236499999999999932e+00 9.609999999999999654e-01
8.000000000000000000e+00 1.856000000000000000e+03 -1.000000000000000000e+00 -1.000000000000000000e+00 -1.000000000000000000e+00 -1.000000000000000000e+00 -1.000000000000000000e+00 5.360090000000000146e+02 1.701365000000000009e+03 7.109999999999999654e-01 1.034000000000000030e+00 2.341499999999999915e+00 9.064999999999999725e-01
9.000000000000000000e+00 1.852000000000000000e+03 -1.000000000000000000e+00 -1.000000000000000000e+00 -1.000000000000000000e+00 -1.000000000000000000e+00 -1.000000000000000000e+00 5.419130000000000109e+02 1.686297000000000025e+03 1.102999999999999980e+00 9.775000000000000355e-01 2.189000000000000057e+00 8.820000000000000062e-01
9.000000000000000000e+00 1.853000000000000000e+03 -1.000000000000000000e+00 -1.000000000000000000e+00 -1.000000000000000000e+00 -1.000000000000000000e+00 -1.000000000000000000e+00 5.165639999999999645e+02 1.722281999999999925e+03 -8.100000000000000255e-02 1.072999999999999954e+00 2.236499999999999932e+00 9.609999999999999654e-01
9.000000000000000000e+00 1.856000000000000000e+03 -1.000000000000000000e+00 -1.000000000000000000e+00 -1.000000000000000000e+00 -1.000000000000000000e+00 -1.000000000000000000e+00 5.382559999999999718e+02 1.698016000000000076e+03 8.910000000000000142e-01 1.034000000000000030e+00 2.341499999999999915e+00 9.064999999999999725e-01
1.000000000000000000e+01 1.852000000000000000e+03 -1.000000000000000000e+00 -1.000000000000000000e+00 -1.000000000000000000e+00 -1.000000000000000000e+00 -1.000000000000000000e+00 5.418020000000000209e+02 1.686449000000000069e+03 1.102999999999999980e+00 9.775000000000000355e-01 2.189000000000000057e+00 8.820000000000000062e-01
1.000000000000000000e+01 1.853000000000000000e+03 -1.000000000000000000e+00 -1.000000000000000000e+00 -1.000000000000000000e+00 -1.000000000000000000e+00 -1.000000000000000000e+00 5.156100000000000136e+02 1.723609999999999900e+03 -1.310000000000000053e-01 1.072999999999999954e+00 2.236499999999999932e+00 9.609999999999999654e-01
1.000000000000000000e+01 1.856000000000000000e+03 -1.000000000000000000e+00 -1.000000000000000000e+00 -1.000000000000000000e+00 -1.000000000000000000e+00 -1.000000000000000000e+00 5.408650000000000091e+02 1.694154999999999973e+03 9.709999999999999742e-01 1.034000000000000030e+00 2.341499999999999915e+00 9.064999999999999725e-01
1.100000000000000000e+01 1.852000000000000000e+03 -1.000000000000000000e+00 -1.000000000000000000e+00 -1.000000000000000000e+00 -1.000000000000000000e+00 -1.000000000000000000e+00 5.416979999999999791e+02 1.686561999999999898e+03 1.052999999999999936e+00 9.775000000000000355e-01 2.189000000000000057e+00 8.820000000000000062e-01
1.100000000000000000e+01 1.853000000000000000e+03 -1.000000000000000000e+00 -1.000000000000000000e+00 -1.000000000000000000e+00 -1.000000000000000000e+00 -1.000000000000000000e+00 5.148049999999999500e+02 1.724835000000000036e+03 -1.809999999999999942e-01 1.072999999999999954e+00 2.236499999999999932e+00 9.609999999999999654e-01
1.100000000000000000e+01 1.856000000000000000e+03 -1.000000000000000000e+00 -1.000000000000000000e+00 -1.000000000000000000e+00 -1.000000000000000000e+00 -1.000000000000000000e+00 5.436939999999999600e+02 1.689981999999999971e+03 1.100000000000000089e+00 1.034000000000000030e+00 2.341499999999999915e+00 9.064999999999999725e-01
1.200000000000000000e+01 1.852000000000000000e+03 -1.000000000000000000e+00 -1.000000000000000000e+00 -1.000000000000000000e+00 -1.000000000000000000e+00 -1.000000000000000000e+00 5.413279999999999745e+02 1.686986000000000104e+03 1.002999999999999892e+00 9.775000000000000355e-01 2.189000000000000057e+00 8.820000000000000062e-01
1.200000000000000000e+01 1.853000000000000000e+03 -1.000000000000000000e+00 -1.000000000000000000e+00 -1.000000000000000000e+00 -1.000000000000000000e+00 -1.000000000000000000e+00 5.137849999999999682e+02 1.726362000000000080e+03 -2.310000000000000109e-01 1.072999999999999954e+00 2.236499999999999932e+00 9.609999999999999654e-01
1.200000000000000000e+01 1.856000000000000000e+03 -1.000000000000000000e+00 -1.000000000000000000e+00 -1.000000000000000000e+00 -1.000000000000000000e+00 -1.000000000000000000e+00 5.468250000000000455e+02 1.685383000000000038e+03 1.330000000000000071e+00 1.034000000000000030e+00 2.341499999999999915e+00 9.064999999999999725e-01
1.300000000000000000e+01 1.852000000000000000e+03 -1.000000000000000000e+00 -1.000000000000000000e+00 -1.000000000000000000e+00 -1.000000000000000000e+00 -1.000000000000000000e+00 5.409719999999999800e+02 1.687612000000000080e+03 1.052999999999999936e+00 9.775000000000000355e-01 2.189000000000000057e+00 8.820000000000000062e-01
1.300000000000000000e+01 1.853000000000000000e+03 -1.000000000000000000e+00 -1.000000000000000000e+00 -1.000000000000000000e+00 -1.000000000000000000e+00 -1.000000000000000000e+00 5.124740000000000464e+02 1.727828999999999951e+03 -2.810000000000000275e-01 1.072999999999999954e+00 2.236499999999999932e+00 9.609999999999999654e-01
1.300000000000000000e+01 1.856000000000000000e+03 -1.000000000000000000e+00 -1.000000000000000000e+00 -1.000000000000000000e+00 -1.000000000000000000e+00 -1.000000000000000000e+00 5.498350000000000364e+02 1.680953999999999951e+03 1.510000000000000009e+00 1.034000000000000030e+00 2.341499999999999915e+00 9.064999999999999725e-01
1.400000000000000000e+01 1.852000000000000000e+03 -1.000000000000000000e+00 -1.000000000000000000e+00 -1.000000000000000000e+00 -1.000000000000000000e+00 -1.000000000000000000e+00 5.404039999999999964e+02 1.688319999999999936e+03 1.102999999999999980e+00 9.775000000000000355e-01 2.189000000000000057e+00 8.820000000000000062e-01
1.400000000000000000e+01 1.853000000000000000e+03 -1.000000000000000000e+00 -1.000000000000000000e+00 -1.000000000000000000e+00 -1.000000000000000000e+00 -1.000000000000000000e+00 5.108700000000000045e+02 1.729166999999999916e+03 -3.310000000000000164e-01 1.072999999999999954e+00 2.236499999999999932e+00 9.609999999999999654e-01
1.400000000000000000e+01 1.856000000000000000e+03 -1.000000000000000000e+00 -1.000000000000000000e+00 -1.000000000000000000e+00 -1.000000000000000000e+00 -1.000000000000000000e+00 5.530560000000000400e+02 1.676588999999999942e+03 1.788999999999999924e+00 1.034000000000000030e+00 2.341499999999999915e+00 9.064999999999999725e-01
1.500000000000000000e+01 1.852000000000000000e+03 -1.000000000000000000e+00 -1.000000000000000000e+00 -1.000000000000000000e+00 -1.000000000000000000e+00 -1.000000000000000000e+00 5.397939999999999827e+02 1.689305000000000064e+03 1.153000000000000025e+00 9.775000000000000355e-01 2.189000000000000057e+00 8.820000000000000062e-01
1.500000000000000000e+01 1.853000000000000000e+03 -1.000000000000000000e+00 -1.000000000000000000e+00 -1.000000000000000000e+00 -1.000000000000000000e+00 -1.000000000000000000e+00 5.089920000000000186e+02 1.730317999999999984e+03 -2.810000000000000275e-01 1.072999999999999954e+00 2.236499999999999932e+00 9.609999999999999654e-01
1.500000000000000000e+01 1.856000000000000000e+03 -1.000000000000000000e+00 -1.000000000000000000e+00 -1.000000000000000000e+00 -1.000000000000000000e+00 -1.000000000000000000e+00 5.562609999999999673e+02 1.672125999999999976e+03 1.969000000000000083e+00 1.034000000000000030e+00 2.341499999999999915e+00 9.064999999999999725e-01
1.600000000000000000e+01 1.852000000000000000e+03 -1.000000000000000000e+00 -1.000000000000000000e+00 -1.000000000000000000e+00 -1.000000000000000000e+00 -1.000000000000000000e+00 5.390180000000000291e+02 1.690365000000000009e+03 1.203000000000000069e+00 9.775000000000000355e-01 2.189000000000000057e+00 8.820000000000000062e-01
1.600000000000000000e+01 1.853000000000000000e+03 -1.000000000000000000e+00 -1.000000000000000000e+00 -1.000000000000000000e+00 -1.000000000000000000e+00 -1.000000000000000000e+00 5.070539999999999736e+02 1.731022999999999911e+03 -2.310000000000000109e-01 1.072999999999999954e+00 2.236499999999999932e+00 9.609999999999999654e-01
1.600000000000000000e+01 1.856000000000000000e+03 -1.000000000000000000e+00 -1.000000000000000000e+00 -1.000000000000000000e+00 -1.000000000000000000e+00 -1.000000000000000000e+00 5.592910000000000537e+02 1.667669000000000096e+03 2.198999999999999844e+00 1.034000000000000030e+00 2.341499999999999915e+00 9.064999999999999725e-01
1.700000000000000000e+01 1.852000000000000000e+03 -1.000000000000000000e+00 -1.000000000000000000e+00 -1.000000000000000000e+00 -1.000000000000000000e+00 -1.000000000000000000e+00 5.379619999999999891e+02 1.691767000000000053e+03 1.203000000000000069e+00 9.775000000000000355e-01 2.189000000000000057e+00 8.820000000000000062e-01
1.700000000000000000e+01 1.853000000000000000e+03 -1.000000000000000000e+00 -1.000000000000000000e+00 -1.000000000000000000e+00 -1.000000000000000000e+00 -1.000000000000000000e+00 5.051750000000000114e+02 1.731510999999999967e+03 -1.809999999999999942e-01 1.072999999999999954e+00 2.236499999999999932e+00 9.609999999999999654e-01
1.800000000000000000e+01 1.852000000000000000e+03 -1.000000000000000000e+00 -1.000000000000000000e+00 -1.000000000000000000e+00 -1.000000000000000000e+00 -1.000000000000000000e+00 5.367780000000000200e+02 1.693461999999999989e+03 1.203000000000000069e+00 9.775000000000000355e-01 2.189000000000000057e+00 8.820000000000000062e-01
1.800000000000000000e+01 1.853000000000000000e+03 -1.000000000000000000e+00 -1.000000000000000000e+00 -1.000000000000000000e+00 -1.000000000000000000e+00 -1.000000000000000000e+00 5.029859999999999900e+02 1.731530999999999949e+03 -1.310000000000000053e-01 1.072999999999999954e+00 2.236499999999999932e+00 9.609999999999999654e-01
1.900000000000000000e+01 1.852000000000000000e+03 -1.000000000000000000e+00 -1.000000000000000000e+00 -1.000000000000000000e+00 -1.000000000000000000e+00 -1.000000000000000000e+00 5.355389999999999873e+02 1.695234999999999900e+03 1.153000000000000025e+00 9.775000000000000355e-01 2.189000000000000057e+00 8.820000000000000062e-01
1.900000000000000000e+01 1.853000000000000000e+03 -1.000000000000000000e+00 -1.000000000000000000e+00 -1.000000000000000000e+00 -1.000000000000000000e+00 -1.000000000000000000e+00 5.008519999999999754e+02 1.731287000000000035e+03 -8.100000000000000255e-02 1.072999999999999954e+00 2.236499999999999932e+00 9.609999999999999654e-01
2.000000000000000000e+01 1.852000000000000000e+03 -1.000000000000000000e+00 -1.000000000000000000e+00 -1.000000000000000000e+00 -1.000000000000000000e+00 -1.000000000000000000e+00 5.342690000000000055e+02 1.697214999999999918e+03 1.102999999999999980e+00 9.775000000000000355e-01 2.189000000000000057e+00 8.820000000000000062e-01
2.000000000000000000e+01 1.859000000000000000e+03 -1.000000000000000000e+00 -1.000000000000000000e+00 -1.000000000000000000e+00 -1.000000000000000000e+00 -1.000000000000000000e+00 5.052029999999999745e+02 1.743626999999999953e+03 -1.469999999999999918e-01 1.062000000000000055e+00 2.211500000000000021e+00 1.010000000000000009e+00
2.000000000000000000e+01 1.853000000000000000e+03 -1.000000000000000000e+00 -1.000000000000000000e+00 -1.000000000000000000e+00 -1.000000000000000000e+00 -1.000000000000000000e+00 4.988999999999999773e+02 1.730605999999999995e+03 -7.900000000000000078e-02 1.072999999999999954e+00 2.236499999999999932e+00 9.609999999999999654e-01
2.100000000000000000e+01 1.852000000000000000e+03 -1.000000000000000000e+00 -1.000000000000000000e+00 -1.000000000000000000e+00 -1.000000000000000000e+00 -1.000000000000000000e+00 5.328970000000000482e+02 1.699124000000000024e+03 1.102999999999999980e+00 9.775000000000000355e-01 2.189000000000000057e+00 8.820000000000000062e-01
2.100000000000000000e+01 1.859000000000000000e+03 -1.000000000000000000e+00 -1.000000000000000000e+00 -1.000000000000000000e+00 -1.000000000000000000e+00 -1.000000000000000000e+00 5.051340000000000146e+02 1.743609999999999900e+03 5.299999999999999850e-02 1.062000000000000055e+00 2.211500000000000021e+00 1.010000000000000009e+00
2.100000000000000000e+01 1.853000000000000000e+03 -1.000000000000000000e+00 -1.000000000000000000e+00 -1.000000000000000000e+00 -1.000000000000000000e+00 -1.000000000000000000e+00 4.966820000000000164e+02 1.729519000000000005e+03 -7.599999999999999811e-02 1.072999999999999954e+00 2.236499999999999932e+00 9.609999999999999654e-01
2.200000000000000000e+01 1.852000000000000000e+03 -1.000000000000000000e+00 -1.000000000000000000e+00 -1.000000000000000000e+00 -1.000000000000000000e+00 -1.000000000000000000e+00 5.315910000000000082e+02 1.701155999999999949e+03 1.102999999999999980e+00 9.775000000000000355e-01 2.189000000000000057e+00 8.820000000000000062e-01
2.200000000000000000e+01 1.860000000000000000e+03 -1.000000000000000000e+00 -1.000000000000000000e+00 -1.000000000000000000e+00 -1.000000000000000000e+00 -1.000000000000000000e+00 4.936899999999999977e+02 1.748333000000000084e+03 -3.699999999999999956e-01 1.534000000000000030e+00 2.273000000000000131e+00 1.050999999999999934e+00
2.200000000000000000e+01 1.859000000000000000e+03 -1.000000000000000000e+00 -1.000000000000000000e+00 -1.000000000000000000e+00 -1.000000000000000000e+00 -1.000000000000000000e+00 5.051340000000000146e+02 1.743609999999999900e+03 5.299999999999999850e-02 1.062000000000000055e+00 2.211500000000000021e+00 1.010000000000000009e+00
2.200000000000000000e+01 1.853000000000000000e+03 -1.000000000000000000e+00 -1.000000000000000000e+00 -1.000000000000000000e+00 -1.000000000000000000e+00 -1.000000000000000000e+00 4.944169999999999732e+02 1.728105999999999995e+03 1.000000000000000021e-03 1.072999999999999954e+00 2.236499999999999932e+00 9.609999999999999654e-01
2.300000000000000000e+01 1.852000000000000000e+03 -1.000000000000000000e+00 -1.000000000000000000e+00 -1.000000000000000000e+00 -1.000000000000000000e+00 -1.000000000000000000e+00 5.302849999999999682e+02 1.703188000000000102e+03 1.153000000000000025e+00 9.775000000000000355e-01 2.189000000000000057e+00 8.820000000000000062e-01
2.300000000000000000e+01 1.860000000000000000e+03 -1.000000000000000000e+00 -1.000000000000000000e+00 -1.000000000000000000e+00 -1.000000000000000000e+00 -1.000000000000000000e+00 4.936899999999999977e+02 1.748333000000000084e+03 -3.699999999999999956e-01 1.534000000000000030e+00 2.273000000000000131e+00 1.050999999999999934e+00
2.300000000000000000e+01 1.859000000000000000e+03 -1.000000000000000000e+00 -1.000000000000000000e+00 -1.000000000000000000e+00 -1.000000000000000000e+00 -1.000000000000000000e+00 5.051340000000000146e+02 1.743609999999999900e+03 1.029999999999999943e-01 1.062000000000000055e+00 2.211500000000000021e+00 1.010000000000000009e+00
2.300000000000000000e+01 1.853000000000000000e+03 -1.000000000000000000e+00 -1.000000000000000000e+00 -1.000000000000000000e+00 -1.000000000000000000e+00 -1.000000000000000000e+00 4.918469999999999800e+02 1.726509999999999991e+03 -7.099999999999999367e-02 1.072999999999999954e+00 2.236499999999999932e+00 9.609999999999999654e-01
2.400000000000000000e+01 1.852000000000000000e+03 -1.000000000000000000e+00 -1.000000000000000000e+00 -1.000000000000000000e+00 -1.000000000000000000e+00 -1.000000000000000000e+00 5.288759999999999764e+02 1.705147999999999911e+03 1.203000000000000069e+00 9.775000000000000355e-01 2.189000000000000057e+00 8.820000000000000062e-01
2.400000000000000000e+01 1.860000000000000000e+03 -1.000000000000000000e+00 -1.000000000000000000e+00 -1.000000000000000000e+00 -1.000000000000000000e+00 -1.000000000000000000e+00 4.937139999999999986e+02 1.748355000000000018e+03 -3.200000000000000067e-01 1.534000000000000030e+00 2.273000000000000131e+00 1.050999999999999934e+00
2.400000000000000000e+01 1.859000000000000000e+03 -1.000000000000000000e+00 -1.000000000000000000e+00 -1.000000000000000000e+00 -1.000000000000000000e+00 -1.000000000000000000e+00 5.050049999999999955e+02 1.743711000000000013e+03 1.029999999999999943e-01 1.062000000000000055e+00 2.211500000000000021e+00 1.010000000000000009e+00
2.400000000000000000e+01 1.853000000000000000e+03 -1.000000000000000000e+00 -1.000000000000000000e+00 -1.000000000000000000e+00 -1.000000000000000000e+00 -1.000000000000000000e+00 4.891200000000000045e+02 1.724700000000000045e+03 1.189999999999999947e-01 1.072999999999999954e+00 2.236499999999999932e+00 9.609999999999999654e-01
2.400000000000000000e+01 1.861000000000000000e+03 -1.000000000000000000e+00 -1.000000000000000000e+00 -1.000000000000000000e+00 -1.000000000000000000e+00 -1.000000000000000000e+00 4.900009999999999764e+02 1.759289999999999964e+03 -4.899999999999999911e-01 1.192499999999999893e+00 3.912999999999999812e+00 1.416500000000000092e+00
2.500000000000000000e+01 1.852000000000000000e+03 -1.000000000000000000e+00 -1.000000000000000000e+00 -1.000000000000000000e+00 -1.000000000000000000e+00 -1.000000000000000000e+00 5.275220000000000482e+02 1.707030999999999949e+03 1.302999999999999936e+00 9.775000000000000355e-01 2.189000000000000057e+00 8.820000000000000062e-01
2.500000000000000000e+01 1.860000000000000000e+03 -1.000000000000000000e+00 -1.000000000000000000e+00 -1.000000000000000000e+00 -1.000000000000000000e+00 -1.000000000000000000e+00 4.937139999999999986e+02 1.748355000000000018e+03 -3.200000000000000067e-01 1.534000000000000030e+00 2.273000000000000131e+00 1.050999999999999934e+00
2.500000000000000000e+01 1.859000000000000000e+03 -1.000000000000000000e+00 -1.000000000000000000e+00 -1.000000000000000000e+00 -1.000000000000000000e+00 -1.000000000000000000e+00 5.050049999999999955e+02 1.743711000000000013e+03 1.029999999999999943e-01 1.062000000000000055e+00 2.211500000000000021e+00 1.010000000000000009e+00
2.500000000000000000e+01 1.853000000000000000e+03 -1.000000000000000000e+00 -1.000000000000000000e+00 -1.000000000000000000e+00 -1.000000000000000000e+00 -1.000000000000000000e+00 4.862389999999999759e+02 1.722842000000000098e+03 1.089999999999999997e-01 1.072999999999999954e+00 2.236499999999999932e+00 9.609999999999999654e-01
2.500000000000000000e+01 1.861000000000000000e+03 -1.000000000000000000e+00 -1.000000000000000000e+00 -1.000000000000000000e+00 -1.000000000000000000e+00 -1.000000000000000000e+00 4.900760000000000218e+02 1.759366999999999962e+03 -4.400000000000000022e-01 1.192499999999999893e+00 3.912999999999999812e+00 1.416500000000000092e+00
2.600000000000000000e+01 1.852000000000000000e+03 -1.000000000000000000e+00 -1.000000000000000000e+00 -1.000000000000000000e+00 -1.000000000000000000e+00 -1.000000000000000000e+00 5.263010000000000446e+02 1.708778000000000020e+03 1.302999999999999936e+00 9.775000000000000355e-01 2.189000000000000057e+00 8.820000000000000062e-01
2.600000000000000000e+01 1.860000000000000000e+03 -1.000000000000000000e+00 -1.000000000000000000e+00 -1.000000000000000000e+00 -1.000000000000000000e+00 -1.000000000000000000e+00 4.936419999999999959e+02 1.748288999999999987e+03 -3.200000000000000067e-01 1.534000000000000030e+00 2.273000000000000131e+00 1.050999999999999934e+00
2.600000000000000000e+01 1.859000000000000000e+03 -1.000000000000000000e+00 -1.000000000000000000e+00 -1.000000000000000000e+00 -1.000000000000000000e+00 -1.000000000000000000e+00 5.051089999999999804e+02 1.743588999999999942e+03 2.030000000000000138e-01 1.062000000000000055e+00 2.211500000000000021e+00 1.010000000000000009e+00
2.600000000000000000e+01 1.853000000000000000e+03 -1.000000000000000000e+00 -1.000000000000000000e+00 -1.000000000000000000e+00 -1.000000000000000000e+00 -1.000000000000000000e+00 4.834909999999999854e+02 1.721151000000000067e+03 9.900000000000000466e-02 1.072999999999999954e+00 2.236499999999999932e+00 9.609999999999999654e-01
2.600000000000000000e+01 1.861000000000000000e+03 -1.000000000000000000e+00 -1.000000000000000000e+00 -1.000000000000000000e+00 -1.000000000000000000e+00 -1.000000000000000000e+00 4.900760000000000218e+02 1.759442999999999984e+03 -3.400000000000000244e-01 1.192499999999999893e+00 3.912999999999999812e+00 1.416500000000000092e+00
2.700000000000000000e+01 1.852000000000000000e+03 -1.000000000000000000e+00 -1.000000000000000000e+00 -1.000000000000000000e+00 -1.000000000000000000e+00 -1.000000000000000000e+00 5.248540000000000418e+02 1.710902000000000044e+03 1.153000000000000025e+00 9.775000000000000355e-01 2.189000000000000057e+00 8.820000000000000062e-01
2.700000000000000000e+01 1.860000000000000000e+03 -1.000000000000000000e+00 -1.000000000000000000e+00 -1.000000000000000000e+00 -1.000000000000000000e+00 -1.000000000000000000e+00 4.936659999999999968e+02 1.748310999999999922e+03 -7.000000000000000666e-02 1.534000000000000030e+00 2.273000000000000131e+00 1.050999999999999934e+00
2.700000000000000000e+01 1.859000000000000000e+03 -1.000000000000000000e+00 -1.000000000000000000e+00 -1.000000000000000000e+00 -1.000000000000000000e+00 -1.000000000000000000e+00 5.051879999999999882e+02 1.743497000000000071e+03 4.339999999999999969e-01 1.062000000000000055e+00 2.211500000000000021e+00 1.010000000000000009e+00
2.700000000000000000e+01 1.853000000000000000e+03 -1.000000000000000000e+00 -1.000000000000000000e+00 -1.000000000000000000e+00 -1.000000000000000000e+00 -1.000000000000000000e+00 4.800810000000000173e+02 1.718750000000000000e+03 8.899999999999999578e-02 1.072999999999999954e+00 2.236499999999999932e+00 9.609999999999999654e-01
2.700000000000000000e+01 1.861000000000000000e+03 -1.000000000000000000e+00 -1.000000000000000000e+00 -1.000000000000000000e+00 -1.000000000000000000e+00 -1.000000000000000000e+00 4.899630000000000223e+02 1.759327999999999975e+03 -8.999999999999999667e-02 1.192499999999999893e+00 3.912999999999999812e+00 1.416500000000000092e+00
2.800000000000000000e+01 1.852000000000000000e+03 -1.000000000000000000e+00 -1.000000000000000000e+00 -1.000000000000000000e+00 -1.000000000000000000e+00 -1.000000000000000000e+00 5.231040000000000418e+02 1.713237000000000080e+03 1.002999999999999892e+00 9.775000000000000355e-01 2.189000000000000057e+00 8.820000000000000062e-01
2.800000000000000000e+01 1.860000000000000000e+03 -1.000000000000000000e+00 -1.000000000000000000e+00 -1.000000000000000000e+00 -1.000000000000000000e+00 -1.000000000000000000e+00 4.936659999999999968e+02 1.748310999999999922e+03 1.300000000000000044e-01 1.534000000000000030e+00 2.273000000000000131e+00 1.050999999999999934e+00
2.800000000000000000e+01 1.859000000000000000e+03 -1.000000000000000000e+00 -1.000000000000000000e+00 -1.000000000000000000e+00 -1.000000000000000000e+00 -1.000000000000000000e+00 5.051510000000000105e+02 1.743539999999999964e+03 4.530000000000000138e-01 1.062000000000000055e+00 2.211500000000000021e+00 1.010000000000000009e+00
2.800000000000000000e+01 1.853000000000000000e+03 -1.000000000000000000e+00 -1.000000000000000000e+00 -1.000000000000000000e+00 -1.000000000000000000e+00 -1.000000000000000000e+00 4.761290000000000191e+02 1.716317999999999984e+03 1.290000000000000036e-01 1.072999999999999954e+00 2.236499999999999932e+00 9.609999999999999654e-01
2.800000000000000000e+01 1.861000000000000000e+03 -1.000000000000000000e+00 -1.000000000000000000e+00 -1.000000000000000000e+00 -1.000000000000000000e+00 -1.000000000000000000e+00 4.899630000000000223e+02 1.759327999999999975e+03 1.600000000000000033e-01 1.192499999999999893e+00 3.912999999999999812e+00 1.416500000000000092e+00
2.900000000000000000e+01 1.852000000000000000e+03 -1.000000000000000000e+00 -1.000000000000000000e+00 -1.000000000000000000e+00 -1.000000000000000000e+00 -1.000000000000000000e+00 5.217290000000000418e+02 1.715259000000000015e+03 1.002999999999999892e+00 9.775000000000000355e-01 2.189000000000000057e+00 8.820000000000000062e-01
2.900000000000000000e+01 1.860000000000000000e+03 -1.000000000000000000e+00 -1.000000000000000000e+00 -1.000000000000000000e+00 -1.000000000000000000e+00 -1.000000000000000000e+00 4.936659999999999968e+02 1.748310999999999922e+03 1.799999999999999933e-01 1.534000000000000030e+00 2.273000000000000131e+00 1.050999999999999934e+00
2.900000000000000000e+01 1.859000000000000000e+03 -1.000000000000000000e+00 -1.000000000000000000e+00 -1.000000000000000000e+00 -1.000000000000000000e+00 -1.000000000000000000e+00 5.051909999999999741e+02 1.743464999999999918e+03 5.330000000000000293e-01 1.062000000000000055e+00 2.211500000000000021e+00 1.010000000000000009e+00
2.900000000000000000e+01 1.853000000000000000e+03 -1.000000000000000000e+00 -1.000000000000000000e+00 -1.000000000000000000e+00 -1.000000000000000000e+00 -1.000000000000000000e+00 4.727099999999999795e+02 1.713990999999999985e+03 2.190000000000000002e-01 1.072999999999999954e+00 2.236499999999999932e+00 9.609999999999999654e-01
2.900000000000000000e+01 1.861000000000000000e+03 -1.000000000000000000e+00 -1.000000000000000000e+00 -1.000000000000000000e+00 -1.000000000000000000e+00 -1.000000000000000000e+00 4.899630000000000223e+02 1.759327999999999975e+03 2.099999999999999922e-01 1.192499999999999893e+00 3.912999999999999812e+00 1.416500000000000092e+00
3.000000000000000000e+01 1.852000000000000000e+03 -1.000000000000000000e+00 -1.000000000000000000e+00 -1.000000000000000000e+00 -1.000000000000000000e+00 -1.000000000000000000e+00 5.203540000000000418e+02 1.717280999999999949e+03 1.052999999999999936e+00 9.775000000000000355e-01 2.189000000000000057e+00 8.820000000000000062e-01
3.000000000000000000e+01 1.860000000000000000e+03 -1.000000000000000000e+00 -1.000000000000000000e+00 -1.000000000000000000e+00 -1.000000000000000000e+00 -1.000000000000000000e+00 4.933940000000000055e+02 1.748061999999999898e+03 2.300000000000000100e-01 1.534000000000000030e+00 2.273000000000000131e+00 1.050999999999999934e+00
3.000000000000000000e+01 1.859000000000000000e+03 -1.000000000000000000e+00 -1.000000000000000000e+00 -1.000000000000000000e+00 -1.000000000000000000e+00 -1.000000000000000000e+00 5.049739999999999895e+02 1.743551999999999907e+03 7.690000000000000169e-01 1.062000000000000055e+00 2.211500000000000021e+00 1.010000000000000009e+00
3.000000000000000000e+01 1.853000000000000000e+03 -1.000000000000000000e+00 -1.000000000000000000e+00 -1.000000000000000000e+00 -1.000000000000000000e+00 -1.000000000000000000e+00 4.690620000000000118e+02 1.712077999999999975e+03 4.089999999999999747e-01 1.072999999999999954e+00 2.236499999999999932e+00 9.609999999999999654e-01
3.000000000000000000e+01 1.861000000000000000e+03 -1.000000000000000000e+00 -1.000000000000000000e+00 -1.000000000000000000e+00 -1.000000000000000000e+00 -1.000000000000000000e+00 4.899630000000000223e+02 1.759327999999999975e+03 3.099999999999999978e-01 1.192499999999999893e+00 3.912999999999999812e+00 1.416500000000000092e+00
3.100000000000000000e+01 1.852000000000000000e+03 -1.000000000000000000e+00 -1.000000000000000000e+00 -1.000000000000000000e+00 -1.000000000000000000e+00 -1.000000000000000000e+00 5.190049999999999955e+02 1.719318999999999960e+03 1.102999999999999980e+00 9.775000000000000355e-01 2.189000000000000057e+00 8.820000000000000062e-01
3.100000000000000000e+01 1.860000000000000000e+03 -1.000000000000000000e+00 -1.000000000000000000e+00 -1.000000000000000000e+00 -1.000000000000000000e+00 -1.000000000000000000e+00 4.937099999999999795e+02 1.748262999999999920e+03 2.300000000000000100e-01 1.534000000000000030e+00 2.273000000000000131e+00 1.050999999999999934e+00
3.100000000000000000e+01 1.859000000000000000e+03 -1.000000000000000000e+00 -1.000000000000000000e+00 -1.000000000000000000e+00 -1.000000000000000000e+00 -1.000000000000000000e+00 5.051789999999999736e+02 1.743480999999999995e+03 7.630000000000000115e-01 1.062000000000000055e+00 2.211500000000000021e+00 1.010000000000000009e+00
3.100000000000000000e+01 1.853000000000000000e+03 -1.000000000000000000e+00 -1.000000000000000000e+00 -1.000000000000000000e+00 -1.000000000000000000e+00 -1.000000000000000000e+00 4.654839999999999804e+02 1.709686999999999898e+03 5.989999999999999769e-01 1.072999999999999954e+00 2.236499999999999932e+00 9.609999999999999654e-01
3.100000000000000000e+01 1.861000000000000000e+03 -1.000000000000000000e+00 -1.000000000000000000e+00 -1.000000000000000000e+00 -1.000000000000000000e+00 -1.000000000000000000e+00 4.900029999999999859e+02 1.759364000000000033e+03 3.099999999999999978e-01 1.192499999999999893e+00 3.912999999999999812e+00 1.416500000000000092e+00
3.200000000000000000e+01 1.852000000000000000e+03 -1.000000000000000000e+00 -1.000000000000000000e+00 -1.000000000000000000e+00 -1.000000000000000000e+00 -1.000000000000000000e+00 5.175860000000000127e+02 1.721461999999999989e+03 1.153000000000000025e+00 9.775000000000000355e-01 2.189000000000000057e+00 8.820000000000000062e-01
3.200000000000000000e+01 1.860000000000000000e+03 -1.000000000000000000e+00 -1.000000000000000000e+00 -1.000000000000000000e+00 -1.000000000000000000e+00 -1.000000000000000000e+00 4.937099999999999795e+02 1.748262999999999920e+03 2.300000000000000100e-01 1.534000000000000030e+00 2.273000000000000131e+00 1.050999999999999934e+00
3.200000000000000000e+01 1.859000000000000000e+03 -1.000000000000000000e+00 -1.000000000000000000e+00 -1.000000000000000000e+00 -1.000000000000000000e+00 -1.000000000000000000e+00 5.051789999999999736e+02 1.743480999999999995e+03 7.630000000000000115e-01 1.062000000000000055e+00 2.211500000000000021e+00 1.010000000000000009e+00
3.200000000000000000e+01 1.853000000000000000e+03 -1.000000000000000000e+00 -1.000000000000000000e+00 -1.000000000000000000e+00 -1.000000000000000000e+00 -1.000000000000000000e+00 4.618840000000000146e+02 1.707083000000000084e+03 9.389999999999999458e-01 1.072999999999999954e+00 2.236499999999999932e+00 9.609999999999999654e-01
3.200000000000000000e+01 1.861000000000000000e+03 -1.000000000000000000e+00 -1.000000000000000000e+00 -1.000000000000000000e+00 -1.000000000000000000e+00 -1.000000000000000000e+00 4.899619999999999891e+02 1.759174999999999955e+03 1.600000000000000033e-01 1.192499999999999893e+00 3.912999999999999812e+00 1.416500000000000092e+00
3.300000000000000000e+01 1.852000000000000000e+03 -1.000000000000000000e+00 -1.000000000000000000e+00 -1.000000000000000000e+00 -1.000000000000000000e+00 -1.000000000000000000e+00 5.160660000000000309e+02 1.723528999999999996e+03 1.203000000000000069e+00 9.775000000000000355e-01 2.189000000000000057e+00 8.820000000000000062e-01
3.300000000000000000e+01 1.860000000000000000e+03 -1.000000000000000000e+00 -1.000000000000000000e+00 -1.000000000000000000e+00 -1.000000000000000000e+00 -1.000000000000000000e+00 4.937320000000000277e+02 1.748239000000000033e+03 2.300000000000000100e-01 1.534000000000000030e+00 2.273000000000000131e+00 1.050999999999999934e+00
3.300000000000000000e+01 1.859000000000000000e+03 -1.000000000000000000e+00 -1.000000000000000000e+00 -1.000000000000000000e+00 -1.000000000000000000e+00 -1.000000000000000000e+00 5.051789999999999736e+02 1.743480999999999995e+03 7.630000000000000115e-01 1.062000000000000055e+00 2.211500000000000021e+00 1.010000000000000009e+00
3.300000000000000000e+01 1.853000000000000000e+03 -1.000000000000000000e+00 -1.000000000000000000e+00 -1.000000000000000000e+00 -1.000000000000000000e+00 -1.000000000000000000e+00 4.582620000000000005e+02 1.704944999999999936e+03 1.028999999999999915e+00 1.072999999999999954e+00 2.236499999999999932e+00 9.609999999999999654e-01
3.300000000000000000e+01 1.861000000000000000e+03 -1.000000000000000000e+00 -1.000000000000000000e+00 -1.000000000000000000e+00 -1.000000000000000000e+00 -1.000000000000000000e+00 4.900160000000000196e+02 1.759308999999999969e+03 1.100000000000000006e-01 1.192499999999999893e+00 3.912999999999999812e+00 1.416500000000000092e+00
3.400000000000000000e+01 1.852000000000000000e+03 -1.000000000000000000e+00 -1.000000000000000000e+00 -1.000000000000000000e+00 -1.000000000000000000e+00 -1.000000000000000000e+00 5.144239999999999782e+02 1.725551999999999907e+03 1.252999999999999892e+00 9.775000000000000355e-01 2.189000000000000057e+00 8.820000000000000062e-01
3.400000000000000000e+01 1.860000000000000000e+03 -1.000000000000000000e+00 -1.000000000000000000e+00 -1.000000000000000000e+00 -1.000000000000000000e+00 -1.000000000000000000e+00 4.937320000000000277e+02 1.748239000000000033e+03 2.300000000000000100e-01 1.534000000000000030e+00 2.273000000000000131e+00 1.050999999999999934e+00
3.400000000000000000e+01 1.859000000000000000e+03 -1.000000000000000000e+00 -1.000000000000000000e+00 -1.000000000000000000e+00 -1.000000000000000000e+00 -1.000000000000000000e+00 5.052049999999999841e+02 1.743450000000000045e+03 7.630000000000000115e-01 1.062000000000000055e+00 2.211500000000000021e+00 1.010000000000000009e+00
3.400000000000000000e+01 1.861000000000000000e+03 -1.000000000000000000e+00 -1.000000000000000000e+00 -1.000000000000000000e+00 -1.000000000000000000e+00 -1.000000000000000000e+00 4.896879999999999882e+02 1.759294000000000096e+03 1.100000000000000006e-01 1.192499999999999893e+00 3.912999999999999812e+00 1.416500000000000092e+00
3.500000000000000000e+01 1.852000000000000000e+03 -1.000000000000000000e+00 -1.000000000000000000e+00 -1.000000000000000000e+00 -1.000000000000000000e+00 -1.000000000000000000e+00 5.127569999999999482e+02 1.727425999999999931e+03 1.252999999999999892e+00 9.775000000000000355e-01 2.189000000000000057e+00 8.820000000000000062e-01
3.500000000000000000e+01 1.860000000000000000e+03 -1.000000000000000000e+00 -1.000000000000000000e+00 -1.000000000000000000e+00 -1.000000000000000000e+00 -1.000000000000000000e+00 4.936659999999999968e+02 1.748310999999999922e+03 2.300000000000000100e-01 1.534000000000000030e+00 2.273000000000000131e+00 1.050999999999999934e+00
3.500000000000000000e+01 1.859000000000000000e+03 -1.000000000000000000e+00 -1.000000000000000000e+00 -1.000000000000000000e+00 -1.000000000000000000e+00 -1.000000000000000000e+00 5.051150000000000091e+02 1.743558999999999969e+03 7.630000000000000115e-01 1.062000000000000055e+00 2.211500000000000021e+00 1.010000000000000009e+00
3.500000000000000000e+01 1.861000000000000000e+03 -1.000000000000000000e+00 -1.000000000000000000e+00 -1.000000000000000000e+00 -1.000000000000000000e+00 -1.000000000000000000e+00 4.895720000000000027e+02 1.759487000000000080e+03 1.600000000000000033e-01 1.192499999999999893e+00 3.912999999999999812e+00 1.416500000000000092e+00
3.600000000000000000e+01 1.852000000000000000e+03 -1.000000000000000000e+00 -1.000000000000000000e+00 -1.000000000000000000e+00 -1.000000000000000000e+00 -1.000000000000000000e+00 5.106279999999999859e+02 1.729421000000000049e+03 1.252999999999999892e+00 9.775000000000000355e-01 2.189000000000000057e+00 8.820000000000000062e-01
3.600000000000000000e+01 1.860000000000000000e+03 -1.000000000000000000e+00 -1.000000000000000000e+00 -1.000000000000000000e+00 -1.000000000000000000e+00 -1.000000000000000000e+00 4.939300000000000068e+02 1.748022999999999911e+03 2.300000000000000100e-01 1.534000000000000030e+00 2.273000000000000131e+00 1.050999999999999934e+00
3.600000000000000000e+01 1.859000000000000000e+03 -1.000000000000000000e+00 -1.000000000000000000e+00 -1.000000000000000000e+00 -1.000000000000000000e+00 -1.000000000000000000e+00 5.053519999999999754e+02 1.743422000000000025e+03 7.630000000000000115e-01 1.062000000000000055e+00 2.211500000000000021e+00 1.010000000000000009e+00
3.600000000000000000e+01 1.861000000000000000e+03 -1.000000000000000000e+00 -1.000000000000000000e+00 -1.000000000000000000e+00 -1.000000000000000000e+00 -1.000000000000000000e+00 4.893399999999999750e+02 1.759567000000000007e+03 2.099999999999999922e-01 1.192499999999999893e+00 3.912999999999999812e+00 1.416500000000000092e+00
3.700000000000000000e+01 1.852000000000000000e+03 -1.000000000000000000e+00 -1.000000000000000000e+00 -1.000000000000000000e+00 -1.000000000000000000e+00 -1.000000000000000000e+00 5.084379999999999882e+02 1.730617999999999938e+03 1.252999999999999892e+00 9.775000000000000355e-01 2.189000000000000057e+00 8.820000000000000062e-01
3.700000000000000000e+01 1.860000000000000000e+03 -1.000000000000000000e+00 -1.000000000000000000e+00 -1.000000000000000000e+00 -1.000000000000000000e+00 -1.000000000000000000e+00 4.936659999999999968e+02 1.748310999999999922e+03 2.800000000000000266e-01 1.534000000000000030e+00 2.273000000000000131e+00 1.050999999999999934e+00
3.700000000000000000e+01 1.859000000000000000e+03 -1.000000000000000000e+00 -1.000000000000000000e+00 -1.000000000000000000e+00 -1.000000000000000000e+00 -1.000000000000000000e+00 5.052509999999999764e+02 1.743546000000000049e+03 8.629999999999999893e-01 1.062000000000000055e+00 2.211500000000000021e+00 1.010000000000000009e+00
3.700000000000000000e+01 1.861000000000000000e+03 -1.000000000000000000e+00 -1.000000000000000000e+00 -1.000000000000000000e+00 -1.000000000000000000e+00 -1.000000000000000000e+00 4.901940000000000168e+02 1.759034000000000106e+03 2.600000000000000089e-01 1.192499999999999893e+00 3.912999999999999812e+00 1.416500000000000092e+00
3.800000000000000000e+01 1.852000000000000000e+03 -1.000000000000000000e+00 -1.000000000000000000e+00 -1.000000000000000000e+00 -1.000000000000000000e+00 -1.000000000000000000e+00 5.060609999999999786e+02 1.731446999999999889e+03 1.252999999999999892e+00 9.775000000000000355e-01 2.189000000000000057e+00 8.820000000000000062e-01
3.800000000000000000e+01 1.860000000000000000e+03 -1.000000000000000000e+00 -1.000000000000000000e+00 -1.000000000000000000e+00 -1.000000000000000000e+00 -1.000000000000000000e+00 4.936659999999999968e+02 1.748310999999999922e+03 2.300000000000000100e-01 1.534000000000000030e+00 2.273000000000000131e+00 1.050999999999999934e+00
3.800000000000000000e+01 1.859000000000000000e+03 -1.000000000000000000e+00 -1.000000000000000000e+00 -1.000000000000000000e+00 -1.000000000000000000e+00 -1.000000000000000000e+00 5.053070000000000164e+02 1.743425999999999931e+03 8.629999999999999893e-01 1.062000000000000055e+00 2.211500000000000021e+00 1.010000000000000009e+00
3.800000000000000000e+01 1.861000000000000000e+03 -1.000000000000000000e+00 -1.000000000000000000e+00 -1.000000000000000000e+00 -1.000000000000000000e+00 -1.000000000000000000e+00 4.901940000000000168e+02 1.759034000000000106e+03 2.600000000000000089e-01 1.192499999999999893e+00 3.912999999999999812e+00 1.416500000000000092e+00
3.900000000000000000e+01 1.852000000000000000e+03 -1.000000000000000000e+00 -1.000000000000000000e+00 -1.000000000000000000e+00 -1.000000000000000000e+00 -1.000000000000000000e+00 5.036360000000000241e+02 1.731711000000000013e+03 1.252999999999999892e+00 9.775000000000000355e-01 2.189000000000000057e+00 8.820000000000000062e-01
3.900000000000000000e+01 1.860000000000000000e+03 -1.000000000000000000e+00 -1.000000000000000000e+00 -1.000000000000000000e+00 -1.000000000000000000e+00 -1.000000000000000000e+00 4.937280000000000086e+02 1.748242999999999938e+03 4.799999999999999822e-01 1.534000000000000030e+00 2.273000000000000131e+00 1.050999999999999934e+00
3.900000000000000000e+01 1.859000000000000000e+03 -1.000000000000000000e+00 -1.000000000000000000e+00 -1.000000000000000000e+00 -1.000000000000000000e+00 -1.000000000000000000e+00 5.053070000000000164e+02 1.743425999999999931e+03 8.629999999999999893e-01 1.062000000000000055e+00 2.211500000000000021e+00 1.010000000000000009e+00
3.900000000000000000e+01 1.861000000000000000e+03 -1.000000000000000000e+00 -1.000000000000000000e+00 -1.000000000000000000e+00 -1.000000000000000000e+00 -1.000000000000000000e+00 4.899750000000000227e+02 1.759271999999999935e+03 2.600000000000000089e-01 1.192499999999999893e+00 3.912999999999999812e+00 1.416500000000000092e+00
