1.000000000000000000e+00 6.800000000000000000e+01 -1.000000000000000000e+00 -1.000000000000000000e+00 -1.000000000000000000e+00 -1.000000000000000000e+00 -1.000000000000000000e+00 9.881509999999999536e+02 9.497250000000000227e+02 6.039999999999999813e-01 1.473000000000000087e+00 6.298499999999999766e+00 1.690499999999999892e+00
2.000000000000000000e+00 6.800000000000000000e+01 -1.000000000000000000e+00 -1.000000000000000000e+00 -1.000000000000000000e+00 -1.000000000000000000e+00 -1.000000000000000000e+00 9.878060000000000400e+02 9.534950000000000045e+02 6.089999999999999858e-01 1.473000000000000087e+00 6.298499999999999766e+00 1.690499999999999892e+00
3.000000000000000000e+00 6.800000000000000000e+01 -1.000000000000000000e+00 -1.000000000000000000e+00 -1.000000000000000000e+00 -1.000000000000000000e+00 -1.000000000000000000e+00 9.875149999999999864e+02 9.572699999999999818e+02 6.129999999999999893e-01 1.473000000000000087e+00 6.298499999999999766e+00 1.690499999999999892e+00
4.000000000000000000e+00 6.800000000000000000e+01 -1.000000000000000000e+00 -1.000000000000000000e+00 -1.000000000000000000e+00 -1.000000000000000000e+00 -1.000000000000000000e+00 9.872789999999999964e+02 9.610489999999999782e+02 6.179999999999999938e-01 1.473000000000000087e+00 6.298499999999999766e+00 1.690499999999999892e+00
5.000000000000000000e+00 6.800000000000000000e+01 -1.000000000000000000e+00 -1.000000000000000000e+00 -1.000000000000000000e+00 -1.000000000000000000e+00 -1.000000000000000000e+00 9.870990000000000464e+02 9.648300000000000409e+02 6.219999999999999973e-01 1.473000000000000087e+00 6.298499999999999766e+00 1.690499999999999892e+00
6.000000000000000000e+00 6.800000000000000000e+01 -1.000000000000000000e+00 -1.000000000000000000e+00 -1.000000000000000000e+00 -1.000000000000000000e+00 -1.000000000000000000e+00 9.869729999999999563e+02 9.686140000000000327e+02 6.270000000000000018e-01 1.473000000000000087e+00 6.298499999999999766e+00 1.690499999999999892e+00
7.000000000000000000e+00 6.800000000000000000e+01 -1.000000000000000000e+00 -1.000000000000000000e+00 -1.000000000000000000e+00 -1.000000000000000000e+00 -1.000000000000000000e+00 9.869020000000000437e+02 9.723990000000000009e+02 6.320000000000000062e-01 1.473000000000000087e+00 6.298499999999999766e+00 1.690499999999999892e+00
8.000000000000000000e+00 6.800000000000000000e+01 -1.000000000000000000e+00 -1.000000000000000000e+00 -1.000000000000000000e+00 -1.000000000000000000e+00 -1.000000000000000000e+00 9.869840000000000373e+02 9.754439999999999600e+02 7.229999999999999760e-01 1.473000000000000087e+00 6.298499999999999766e+00 1.690499999999999892e+00
9.000000000000000000e+00 6.800000000000000000e+01 -1.000000000000000000e+00 -1.000000000000000000e+00 -1.000000000000000000e+00 -1.000000000000000000e+00 -1.000000000000000000e+00 9.870670000000000073e+02 9.784890000000000327e+02 8.149999999999999467e-01 1.473000000000000087e+00 6.298499999999999766e+00 1.690499999999999892e+00
1.000000000000000000e+01 6.800000000000000000e+01 -1.000000000000000000e+00 -1.000000000000000000e+00 -1.000000000000000000e+00 -1.000000000000000000e+00 -1.000000000000000000e+00 9.871490000000000009e+02 9.815339999999999918e+02 9.070000000000000284e-01 1.473000000000000087e+00 6.298499999999999766e+00 1.690499999999999892e+00
1.100000000000000000e+01 6.800000000000000000e+01 -1.000000000000000000e+00 -1.000000000000000000e+00 -1.000000000000000000e+00 -1.000000000000000000e+00 -1.000000000000000000e+00 9.873260000000000218e+02 9.839379999999999882e+02 9.979999999999999982e-01 1.473000000000000087e+00 6.298499999999999766e+00 1.690499999999999892e+00
1.200000000000000000e+01 6.800000000000000000e+01 -1.000000000000000000e+00 -1.000000000000000000e+00 -1.000000000000000000e+00 -1.000000000000000000e+00 -1.000000000000000000e+00 9.875030000000000427e+02 9.863429999999999609e+02 1.090000000000000080e+00 1.473000000000000087e+00 6.298499999999999766e+00 1.690499999999999892e+00
1.300000000000000000e+01 6.800000000000000000e+01 -1.000000000000000000e+00 -1.000000000000000000e+00 -1.000000000000000000e+00 -1.000000000000000000e+00 -1.000000000000000000e+00 9.876799999999999500e+02 9.887469999999999573e+02 1.181999999999999940e+00 1.473000000000000087e+00 6.298499999999999766e+00 1.690499999999999892e+00
1.400000000000000000e+01 6.800000000000000000e+01 -1.000000000000000000e+00 -1.000000000000000000e+00 -1.000000000000000000e+00 -1.000000000000000000e+00 -1.000000000000000000e+00 9.878819999999999482e+02 9.905710000000000264e+02 1.213000000000000078e+00 1.473000000000000087e+00 6.298499999999999766e+00 1.690499999999999892e+00
1.500000000000000000e+01 6.800000000000000000e+01 -1.000000000000000000e+00 -1.000000000000000000e+00 -1.000000000000000000e+00 -1.000000000000000000e+00 -1.000000000000000000e+00 9.880850000000000364e+02 9.923959999999999582e+02 1.245000000000000107e+00 1.473000000000000087e+00 6.298499999999999766e+00 1.690499999999999892e+00
1.600000000000000000e+01 6.800000000000000000e+01 -1.000000000000000000e+00 -1.000000000000000000e+00 -1.000000000000000000e+00 -1.000000000000000000e+00 -1.000000000000000000e+00 9.882870000000000346e+02 9.942200000000000273e+02 1.276999999999999913e+00 1.473000000000000087e+00 6.298499999999999766e+00 1.690499999999999892e+00
1.700000000000000000e+01 6.800000000000000000e+01 -1.000000000000000000e+00 -1.000000000000000000e+00 -1.000000000000000000e+00 -1.000000000000000000e+00 -1.000000000000000000e+00 9.884840000000000373e+02 9.959869999999999663e+02 1.308999999999999941e+00 1.473000000000000087e+00 6.298499999999999766e+00 1.690499999999999892e+00
1.800000000000000000e+01 6.800000000000000000e+01 -1.000000000000000000e+00 -1.000000000000000000e+00 -1.000000000000000000e+00 -1.000000000000000000e+00 -1.000000000000000000e+00 9.886799999999999500e+02 9.977530000000000427e+02 1.340000000000000080e+00 1.473000000000000087e+00 6.298499999999999766e+00 1.690499999999999892e+00
1.900000000000000000e+01 6.800000000000000000e+01 -1.000000000000000000e+00 -1.000000000000000000e+00 -1.000000000000000000e+00 -1.000000000000000000e+00 -1.000000000000000000e+00 9.888769999999999527e+02 9.995199999999999818e+02 1.372000000000000108e+00 1.473000000000000087e+00 6.298499999999999766e+00 1.690499999999999892e+00
2.000000000000000000e+01 6.800000000000000000e+01 -1.000000000000000000e+00 -1.000000000000000000e+00 -1.000000000000000000e+00 -1.000000000000000000e+00 -1.000000000000000000e+00 9.891720000000000255e+02 1.001821000000000026e+03 1.360000000000000098e+00 1.473000000000000087e+00 6.298499999999999766e+00 1.690499999999999892e+00
2.100000000000000000e+01 6.800000000000000000e+01 -1.000000000000000000e+00 -1.000000000000000000e+00 -1.000000000000000000e+00 -1.000000000000000000e+00 -1.000000000000000000e+00 9.894660000000000082e+02 1.004120999999999981e+03 1.348999999999999977e+00 1.473000000000000087e+00 6.298499999999999766e+00 1.690499999999999892e+00
2.200000000000000000e+01 6.800000000000000000e+01 -1.000000000000000000e+00 -1.000000000000000000e+00 -1.000000000000000000e+00 -1.000000000000000000e+00 -1.000000000000000000e+00 9.897609999999999673e+02 1.006421000000000049e+03 1.336999999999999966e+00 1.473000000000000087e+00 6.298499999999999766e+00 1.690499999999999892e+00
2.300000000000000000e+01 7.800000000000000000e+01 -1.000000000000000000e+00 -1.000000000000000000e+00 -1.000000000000000000e+00 -1.000000000000000000e+00 -1.000000000000000000e+00 9.965389999999999873e+02 1.029996000000000095e+03 9.849999999999999867e-01 1.633499999999999952e+00 6.445999999999999730e+00 1.641999999999999904e+00
2.300000000000000000e+01 6.800000000000000000e+01 -1.000000000000000000e+00 -1.000000000000000000e+00 -1.000000000000000000e+00 -1.000000000000000000e+00 -1.000000000000000000e+00 9.900549999999999500e+02 1.008721999999999980e+03 1.324999999999999956e+00 1.473000000000000087e+00 6.298499999999999766e+00 1.690499999999999892e+00
2.400000000000000000e+01 7.800000000000000000e+01 -1.000000000000000000e+00 -1.000000000000000000e+00 -1.000000000000000000e+00 -1.000000000000000000e+00 -1.000000000000000000e+00 9.964850000000000136e+02 1.029657999999999902e+03 1.054999999999999938e+00 1.633499999999999952e+00 6.445999999999999730e+00 1.641999999999999904e+00
2.400000000000000000e+01 6.800000000000000000e+01 -1.000000000000000000e+00 -1.000000000000000000e+00 -1.000000000000000000e+00 -1.000000000000000000e+00 -1.000000000000000000e+00 9.903490000000000464e+02 1.011022000000000048e+03 1.314000000000000057e+00 1.473000000000000087e+00 6.298499999999999766e+00 1.690499999999999892e+00
2.500000000000000000e+01 7.800000000000000000e+01 -1.000000000000000000e+00 -1.000000000000000000e+00 -1.000000000000000000e+00 -1.000000000000000000e+00 -1.000000000000000000e+00 9.964310000000000400e+02 1.029319999999999936e+03 1.125000000000000000e+00 1.633499999999999952e+00 6.445999999999999730e+00 1.641999999999999904e+00
2.500000000000000000e+01 6.800000000000000000e+01 -1.000000000000000000e+00 -1.000000000000000000e+00 -1.000000000000000000e+00 -1.000000000000000000e+00 -1.000000000000000000e+00 9.907029999999999745e+02 1.013783999999999992e+03 1.324000000000000066e+00 1.473000000000000087e+00 6.298499999999999766e+00 1.690499999999999892e+00
2.600000000000000000e+01 7.800000000000000000e+01 -1.000000000000000000e+00 -1.000000000000000000e+00 -1.000000000000000000e+00 -1.000000000000000000e+00 -1.000000000000000000e+00 9.963759999999999764e+02 1.028982999999999947e+03 1.195000000000000062e+00 1.633499999999999952e+00 6.445999999999999730e+00 1.641999999999999904e+00
2.600000000000000000e+01 6.800000000000000000e+01 -1.000000000000000000e+00 -1.000000000000000000e+00 -1.000000000000000000e+00 -1.000000000000000000e+00 -1.000000000000000000e+00 9.910570000000000164e+02 1.016546000000000049e+03 1.334000000000000075e+00 1.473000000000000087e+00 6.298499999999999766e+00 1.690499999999999892e+00
2.700000000000000000e+01 7.800000000000000000e+01 -1.000000000000000000e+00 -1.000000000000000000e+00 -1.000000000000000000e+00 -1.000000000000000000e+00 -1.000000000000000000e+00 9.963220000000000027e+02 1.028644999999999982e+03 1.264999999999999902e+00 1.633499999999999952e+00 6.445999999999999730e+00 1.641999999999999904e+00
2.700000000000000000e+01 6.800000000000000000e+01 -1.000000000000000000e+00 -1.000000000000000000e+00 -1.000000000000000000e+00 -1.000000000000000000e+00 -1.000000000000000000e+00 9.914109999999999445e+02 1.019307999999999993e+03 1.344999999999999973e+00 1.473000000000000087e+00 6.298499999999999766e+00 1.690499999999999892e+00
2.800000000000000000e+01 7.800000000000000000e+01 -1.000000000000000000e+00 -1.000000000000000000e+00 -1.000000000000000000e+00 -1.000000000000000000e+00 -1.000000000000000000e+00 9.962670000000000528e+02 1.028307000000000016e+03 1.334999999999999964e+00 1.633499999999999952e+00 6.445999999999999730e+00 1.641999999999999904e+00
2.800000000000000000e+01 6.800000000000000000e+01 -1.000000000000000000e+00 -1.000000000000000000e+00 -1.000000000000000000e+00 -1.000000000000000000e+00 -1.000000000000000000e+00 9.917649999999999864e+02 1.022070000000000050e+03 1.354999999999999982e+00 1.473000000000000087e+00 6.298499999999999766e+00 1.690499999999999892e+00
2.900000000000000000e+01 7.800000000000000000e+01 -1.000000000000000000e+00 -1.000000000000000000e+00 -1.000000000000000000e+00 -1.000000000000000000e+00 -1.000000000000000000e+00 9.961599999999999682e+02 1.027775000000000091e+03 1.334999999999999964e+00 1.633499999999999952e+00 6.445999999999999730e+00 1.641999999999999904e+00
2.900000000000000000e+01 6.800000000000000000e+01 -1.000000000000000000e+00 -1.000000000000000000e+00 -1.000000000000000000e+00 -1.000000000000000000e+00 -1.000000000000000000e+00 9.921190000000000282e+02 1.024830999999999904e+03 1.364999999999999991e+00 1.473000000000000087e+00 6.298499999999999766e+00 1.690499999999999892e+00
3.000000000000000000e+01 7.800000000000000000e+01 -1.000000000000000000e+00 -1.000000000000000000e+00 -1.000000000000000000e+00 -1.000000000000000000e+00 -1.000000000000000000e+00 9.960460000000000491e+02 1.027242999999999938e+03 1.334999999999999964e+00 1.633499999999999952e+00 6.445999999999999730e+00 1.641999999999999904e+00
3.000000000000000000e+01 6.800000000000000000e+01 -1.000000000000000000e+00 -1.000000000000000000e+00 -1.000000000000000000e+00 -1.000000000000000000e+00 -1.000000000000000000e+00 9.924420000000000073e+02 1.027346999999999980e+03 1.375999999999999890e+00 1.473000000000000087e+00 6.298499999999999766e+00 1.690499999999999892e+00
3.100000000000000000e+01 7.800000000000000000e+01 -1.000000000000000000e+00 -1.000000000000000000e+00 -1.000000000000000000e+00 -1.000000000000000000e+00 -1.000000000000000000e+00 9.959249999999999545e+02 1.026713999999999942e+03 1.334999999999999964e+00 1.633499999999999952e+00 6.445999999999999730e+00 1.641999999999999904e+00
3.100000000000000000e+01 6.800000000000000000e+01 -1.000000000000000000e+00 -1.000000000000000000e+00 -1.000000000000000000e+00 -1.000000000000000000e+00 -1.000000000000000000e+00 9.927649999999999864e+02 1.029862000000000080e+03 1.385999999999999899e+00 1.473000000000000087e+00 6.298499999999999766e+00 1.690499999999999892e+00
3.200000000000000000e+01 7.800000000000000000e+01 -1.000000000000000000e+00 -1.000000000000000000e+00 -1.000000000000000000e+00 -1.000000000000000000e+00 -1.000000000000000000e+00 9.957960000000000491e+02 1.026185999999999922e+03 1.334999999999999964e+00 1.633499999999999952e+00 6.445999999999999730e+00 1.641999999999999904e+00
3.200000000000000000e+01 6.800000000000000000e+01 -1.000000000000000000e+00 -1.000000000000000000e+00 -1.000000000000000000e+00 -1.000000000000000000e+00 -1.000000000000000000e+00 9.930879999999999654e+02 1.032377999999999929e+03 1.397000000000000020e+00 1.473000000000000087e+00 6.298499999999999766e+00 1.690499999999999892e+00
3.300000000000000000e+01 7.800000000000000000e+01 -1.000000000000000000e+00 -1.000000000000000000e+00 -1.000000000000000000e+00 -1.000000000000000000e+00 -1.000000000000000000e+00 9.956599999999999682e+02 1.025660000000000082e+03 1.334999999999999964e+00 1.633499999999999952e+00 6.445999999999999730e+00 1.641999999999999904e+00
3.300000000000000000e+01 6.800000000000000000e+01 -1.000000000000000000e+00 -1.000000000000000000e+00 -1.000000000000000000e+00 -1.000000000000000000e+00 -1.000000000000000000e+00 9.934109999999999445e+02 1.034893000000000029e+03 1.407000000000000028e+00 1.473000000000000087e+00 6.298499999999999766e+00 1.690499999999999892e+00
3.400000000000000000e+01 7.800000000000000000e+01 -1.000000000000000000e+00 -1.000000000000000000e+00 -1.000000000000000000e+00 -1.000000000000000000e+00 -1.000000000000000000e+00 9.955220000000000482e+02 1.024827999999999975e+03 1.334999999999999964e+00 1.633499999999999952e+00 6.445999999999999730e+00 1.641999999999999904e+00
3.400000000000000000e+01 6.800000000000000000e+01 -1.000000000000000000e+00 -1.000000000000000000e+00 -1.000000000000000000e+00 -1.000000000000000000e+00 -1.000000000000000000e+00 9.937340000000000373e+02 1.037409000000000106e+03 1.417000000000000037e+00 1.473000000000000087e+00 6.298499999999999766e+00 1.690499999999999892e+00
3.500000000000000000e+01 7.800000000000000000e+01 -1.000000000000000000e+00 -1.000000000000000000e+00 -1.000000000000000000e+00 -1.000000000000000000e+00 -1.000000000000000000e+00 9.953730000000000473e+02 1.023996999999999957e+03 1.334999999999999964e+00 1.633499999999999952e+00 6.445999999999999730e+00 1.641999999999999904e+00
3.500000000000000000e+01 6.800000000000000000e+01 -1.000000000000000000e+00 -1.000000000000000000e+00 -1.000000000000000000e+00 -1.000000000000000000e+00 -1.000000000000000000e+00 9.940579999999999927e+02 1.039923999999999978e+03 1.427999999999999936e+00 1.473000000000000087e+00 6.298499999999999766e+00 1.690499999999999892e+00
3.600000000000000000e+01 7.800000000000000000e+01 -1.000000000000000000e+00 -1.000000000000000000e+00 -1.000000000000000000e+00 -1.000000000000000000e+00 -1.000000000000000000e+00 9.952129999999999654e+02 1.023168999999999983e+03 1.334999999999999964e+00 1.633499999999999952e+00 6.445999999999999730e+00 1.641999999999999904e+00
3.600000000000000000e+01 6.800000000000000000e+01 -1.000000000000000000e+00 -1.000000000000000000e+00 -1.000000000000000000e+00 -1.000000000000000000e+00 -1.000000000000000000e+00 9.943619999999999663e+02 1.042371000000000095e+03 1.413000000000000034e+00 1.473000000000000087e+00 6.298499999999999766e+00 1.690499999999999892e+00
3.700000000000000000e+01 7.800000000000000000e+01 -1.000000000000000000e+00 -1.000000000000000000e+00 -1.000000000000000000e+00 -1.000000000000000000e+00 -1.000000000000000000e+00 9.950430000000000064e+02 1.022342999999999961e+03 1.334999999999999964e+00 1.633499999999999952e+00 6.445999999999999730e+00 1.641999999999999904e+00
3.700000000000000000e+01 6.800000000000000000e+01 -1.000000000000000000e+00 -1.000000000000000000e+00 -1.000000000000000000e+00 -1.000000000000000000e+00 -1.000000000000000000e+00 9.946670000000000300e+02 1.044817999999999984e+03 1.399000000000000021e+00 1.473000000000000087e+00 6.298499999999999766e+00 1.690499999999999892e+00
3.800000000000000000e+01 7.800000000000000000e+01 -1.000000000000000000e+00 -1.000000000000000000e+00 -1.000000000000000000e+00 -1.000000000000000000e+00 -1.000000000000000000e+00 9.947830000000000155e+02 1.021014999999999986e+03 1.431999999999999940e+00 1.633499999999999952e+00 6.445999999999999730e+00 1.641999999999999904e+00
3.800000000000000000e+01 6.800000000000000000e+01 -1.000000000000000000e+00 -1.000000000000000000e+00 -1.000000000000000000e+00 -1.000000000000000000e+00 -1.000000000000000000e+00 9.949719999999999800e+02 1.047266000000000076e+03 1.385000000000000009e+00 1.473000000000000087e+00 6.298499999999999766e+00 1.690499999999999892e+00
3.900000000000000000e+01 7.800000000000000000e+01 -1.000000000000000000e+00 -1.000000000000000000e+00 -1.000000000000000000e+00 -1.000000000000000000e+00 -1.000000000000000000e+00 9.945230000000000246e+02 1.019686000000000035e+03 1.528999999999999915e+00 1.633499999999999952e+00 6.445999999999999730e+00 1.641999999999999904e+00
3.900000000000000000e+01 6.800000000000000000e+01 -1.000000000000000000e+00 -1.000000000000000000e+00 -1.000000000000000000e+00 -1.000000000000000000e+00 -1.000000000000000000e+00 9.952770000000000437e+02 1.049712999999999965e+03 1.370000000000000107e+00 1.473000000000000087e+00 6.298499999999999766e+00 1.690499999999999892e+00
4.000000000000000000e+01 7.800000000000000000e+01 -1.000000000000000000e+00 -1.000000000000000000e+00 -1.000000000000000000e+00 -1.000000000000000000e+00 -1.000000000000000000e+00 9.941860000000000355e+02 1.017965000000000032e+03 1.627000000000000002e+00 1.633499999999999952e+00 6.445999999999999730e+00 1.641999999999999904e+00
4.000000000000000000e+01 6.800000000000000000e+01 -1.000000000000000000e+00 -1.000000000000000000e+00 -1.000000000000000000e+00 -1.000000000000000000e+00 -1.000000000000000000e+00 9.955819999999999936e+02 1.052160000000000082e+03 1.356000000000000094e+00 1.473000000000000087e+00 6.298499999999999766e+00 1.690499999999999892e+00
