1.000000000000000000e+00 7.920000000000000000e+02 -1.000000000000000000e+00 -1.000000000000000000e+00 -1.000000000000000000e+00 -1.000000000000000000e+00 -1.000000000000000000e+00 1.153713999999999942e+03 1.165183999999999969e+03 1.040999999999999925e+00 3.140000000000000013e-01 2.510000000000000009e-01 8.074999999999999956e-01
1.000000000000000000e+00 7.930000000000000000e+02 -1.000000000000000000e+00 -1.000000000000000000e+00 -1.000000000000000000e+00 -1.000000000000000000e+00 -1.000000000000000000e+00 1.133834000000000060e+03 1.143605000000000018e+03 7.600000000000000089e-01 3.019999999999999907e-01 2.620000000000000107e-01 8.715000000000000524e-01
1.000000000000000000e+00 7.980000000000000000e+02 -1.000000000000000000e+00 -1.000000000000000000e+00 -1.000000000000000000e+00 -1.000000000000000000e+00 -1.000000000000000000e+00 1.131040999999999940e+03 1.182698000000000093e+03 8.699999999999999956e-01 3.370000000000000218e-01 3.200000000000000067e-01 6.800000000000000488e-01
2.000000000000000000e+00 7.920000000000000000e+02 -1.000000000000000000e+00 -1.000000000000000000e+00 -1.000000000000000000e+00 -1.000000000000000000e+00 -1.000000000000000000e+00 1.153722999999999956e+03 1.165178000000000111e+03 1.024000000000000021e+00 3.140000000000000013e-01 2.510000000000000009e-01 8.074999999999999956e-01
2.000000000000000000e+00 7.930000000000000000e+02 -1.000000000000000000e+00 -1.000000000000000000e+00 -1.000000000000000000e+00 -1.000000000000000000e+00 -1.000000000000000000e+00 1.133804000000000087e+03 1.143692999999999984e+03 7.600000000000000089e-01 3.019999999999999907e-01 2.620000000000000107e-01 8.715000000000000524e-01
2.000000000000000000e+00 7.980000000000000000e+02 -1.000000000000000000e+00 -1.000000000000000000e+00 -1.000000000000000000e+00 -1.000000000000000000e+00 -1.000000000000000000e+00 1.131109999999999900e+03 1.182695999999999913e+03 8.419999999999999707e-01 3.370000000000000218e-01 3.200000000000000067e-01 6.800000000000000488e-01
3.000000000000000000e+00 7.920000000000000000e+02 -1.000000000000000000e+00 -1.000000000000000000e+00 -1.000000000000000000e+00 -1.000000000000000000e+00 -1.000000000000000000e+00 1.153731999999999971e+03 1.165172000000000025e+03 1.008000000000000007e+00 3.140000000000000013e-01 2.510000000000000009e-01 8.074999999999999956e-01
3.000000000000000000e+00 7.930000000000000000e+02 -1.000000000000000000e+00 -1.000000000000000000e+00 -1.000000000000000000e+00 -1.000000000000000000e+00 -1.000000000000000000e+00 1.133772999999999911e+03 1.143535000000000082e+03 7.600000000000000089e-01 3.019999999999999907e-01 2.620000000000000107e-01 8.715000000000000524e-01
3.000000000000000000e+00 7.980000000000000000e+02 -1.000000000000000000e+00 -1.000000000000000000e+00 -1.000000000000000000e+00 -1.000000000000000000e+00 -1.000000000000000000e+00 1.131101000000000113e+03 1.182660000000000082e+03 8.149999999999999467e-01 3.370000000000000218e-01 3.200000000000000067e-01 6.800000000000000488e-01
4.000000000000000000e+00 7.920000000000000000e+02 -1.000000000000000000e+00 -1.000000000000000000e+00 -1.000000000000000000e+00 -1.000000000000000000e+00 -1.000000000000000000e+00 1.153741999999999962e+03 1.165165999999999940e+03 9.909999999999999920e-01 3.140000000000000013e-01 2.510000000000000009e-01 8.074999999999999956e-01
4.000000000000000000e+00 7.930000000000000000e+02 -1.000000000000000000e+00 -1.000000000000000000e+00 -1.000000000000000000e+00 -1.000000000000000000e+00 -1.000000000000000000e+00 1.133755000000000109e+03 1.143597999999999956e+03 6.310000000000000053e-01 3.019999999999999907e-01 2.620000000000000107e-01 8.715000000000000524e-01
4.000000000000000000e+00 7.980000000000000000e+02 -1.000000000000000000e+00 -1.000000000000000000e+00 -1.000000000000000000e+00 -1.000000000000000000e+00 -1.000000000000000000e+00 1.131013999999999896e+03 1.182631000000000085e+03 7.980000000000000426e-01 3.370000000000000218e-01 3.200000000000000067e-01 6.800000000000000488e-01
5.000000000000000000e+00 7.920000000000000000e+02 -1.000000000000000000e+00 -1.000000000000000000e+00 -1.000000000000000000e+00 -1.000000000000000000e+00 -1.000000000000000000e+00 1.153699000000000069e+03 1.165265000000000100e+03 8.910000000000000142e-01 3.140000000000000013e-01 2.510000000000000009e-01 8.074999999999999956e-01
5.000000000000000000e+00 8.060000000000000000e+02 -1.000000000000000000e+00 -1.000000000000000000e+00 -1.000000000000000000e+00 -1.000000000000000000e+00 -1.000000000000000000e+00 1.085781999999999925e+03 1.163469000000000051e+03 1.030000000000000027e+00 2.775000000000000244e-01 3.965000000000000191e-01 7.800000000000000266e-01
5.000000000000000000e+00 7.980000000000000000e+02 -1.000000000000000000e+00 -1.000000000000000000e+00 -1.000000000000000000e+00 -1.000000000000000000e+00 -1.000000000000000000e+00 1.130994999999999891e+03 1.182671000000000049e+03 8.309999999999999609e-01 3.370000000000000218e-01 3.200000000000000067e-01 6.800000000000000488e-01
6.000000000000000000e+00 8.060000000000000000e+02 -1.000000000000000000e+00 -1.000000000000000000e+00 -1.000000000000000000e+00 -1.000000000000000000e+00 -1.000000000000000000e+00 1.085667999999999893e+03 1.163589999999999918e+03 1.004999999999999893e+00 2.775000000000000244e-01 3.965000000000000191e-01 7.800000000000000266e-01
6.000000000000000000e+00 7.980000000000000000e+02 -1.000000000000000000e+00 -1.000000000000000000e+00 -1.000000000000000000e+00 -1.000000000000000000e+00 -1.000000000000000000e+00 1.130967000000000098e+03 1.182707000000000107e+03 7.650000000000000133e-01 3.370000000000000218e-01 3.200000000000000067e-01 6.800000000000000488e-01
7.000000000000000000e+00 8.080000000000000000e+02 -1.000000000000000000e+00 -1.000000000000000000e+00 -1.000000000000000000e+00 -1.000000000000000000e+00 -1.000000000000000000e+00 1.085124000000000024e+03 1.163271999999999935e+03 9.419999999999999485e-01 2.700000000000000178e-01 4.329999999999999960e-01 8.415000000000000258e-01
7.000000000000000000e+00 8.060000000000000000e+02 -1.000000000000000000e+00 -1.000000000000000000e+00 -1.000000000000000000e+00 -1.000000000000000000e+00 -1.000000000000000000e+00 1.085554000000000087e+03 1.163710000000000036e+03 9.799999999999999822e-01 2.775000000000000244e-01 3.965000000000000191e-01 7.800000000000000266e-01
7.000000000000000000e+00 7.980000000000000000e+02 -1.000000000000000000e+00 -1.000000000000000000e+00 -1.000000000000000000e+00 -1.000000000000000000e+00 -1.000000000000000000e+00 1.130915999999999940e+03 1.182693999999999960e+03 7.149999999999999689e-01 3.370000000000000218e-01 3.200000000000000067e-01 6.800000000000000488e-01
8.000000000000000000e+00 8.060000000000000000e+02 -1.000000000000000000e+00 -1.000000000000000000e+00 -1.000000000000000000e+00 -1.000000000000000000e+00 -1.000000000000000000e+00 1.085613000000000056e+03 1.163646999999999935e+03 8.299999999999999600e-01 2.775000000000000244e-01 3.965000000000000191e-01 7.800000000000000266e-01
8.000000000000000000e+00 8.080000000000000000e+02 -1.000000000000000000e+00 -1.000000000000000000e+00 -1.000000000000000000e+00 -1.000000000000000000e+00 -1.000000000000000000e+00 1.085186194017561320e+03 1.163253943672320929e+03 8.998685687488612306e-01 2.700000000000000178e-01 4.329999999999999960e-01 8.415000000000000258e-01
9.000000000000000000e+00 8.080000000000000000e+02 -1.000000000000000000e+00 -1.000000000000000000e+00 -1.000000000000000000e+00 -1.000000000000000000e+00 -1.000000000000000000e+00 1.085248000000000047e+03 1.163236000000000104e+03 8.579999999999999849e-01 2.700000000000000178e-01 4.329999999999999960e-01 8.415000000000000258e-01
9.000000000000000000e+00 8.060000000000000000e+02 -1.000000000000000000e+00 -1.000000000000000000e+00 -1.000000000000000000e+00 -1.000000000000000000e+00 -1.000000000000000000e+00 1.085625999999999976e+03 1.163633000000000038e+03 8.129999999999999449e-01 2.775000000000000244e-01 3.965000000000000191e-01 7.800000000000000266e-01
1.000000000000000000e+01 8.080000000000000000e+02 -1.000000000000000000e+00 -1.000000000000000000e+00 -1.000000000000000000e+00 -1.000000000000000000e+00 -1.000000000000000000e+00 1.085308999999999969e+03 1.163218000000000075e+03 8.169999999999999485e-01 2.700000000000000178e-01 4.329999999999999960e-01 8.415000000000000258e-01
1.000000000000000000e+01 8.060000000000000000e+02 -1.000000000000000000e+00 -1.000000000000000000e+00 -1.000000000000000000e+00 -1.000000000000000000e+00 -1.000000000000000000e+00 1.085640000000000100e+03 1.163619999999999891e+03 7.970000000000000417e-01 2.775000000000000244e-01 3.965000000000000191e-01 7.800000000000000266e-01
1.100000000000000000e+01 8.080000000000000000e+02 -1.000000000000000000e+00 -1.000000000000000000e+00 -1.000000000000000000e+00 -1.000000000000000000e+00 -1.000000000000000000e+00 1.085307999999999993e+03 1.163201999999999998e+03 8.169999999999999485e-01 2.700000000000000178e-01 4.329999999999999960e-01 8.415000000000000258e-01
1.100000000000000000e+01 8.060000000000000000e+02 -1.000000000000000000e+00 -1.000000000000000000e+00 -1.000000000000000000e+00 -1.000000000000000000e+00 -1.000000000000000000e+00 1.085653000000000020e+03 1.163605999999999995e+03 7.800000000000000266e-01 2.775000000000000244e-01 3.965000000000000191e-01 7.800000000000000266e-01
1.200000000000000000e+01 8.060000000000000000e+02 -1.000000000000000000e+00 -1.000000000000000000e+00 -1.000000000000000000e+00 -1.000000000000000000e+00 -1.000000000000000000e+00 1.085653000000000020e+03 1.163602000000000089e+03 8.299999999999999600e-01 2.775000000000000244e-01 3.965000000000000191e-01 7.800000000000000266e-01
2.200000000000000000e+01 8.190000000000000000e+02 -1.000000000000000000e+00 -1.000000000000000000e+00 -1.000000000000000000e+00 -1.000000000000000000e+00 -1.000000000000000000e+00 1.018605999999999995e+03 1.260840999999999894e+03 1.280999999999999917e+00 3.519999999999999796e-01 3.775000000000000022e-01 8.930000000000000160e-01
2.200000000000000000e+01 8.200000000000000000e+02 -1.000000000000000000e+00 -1.000000000000000000e+00 -1.000000000000000000e+00 -1.000000000000000000e+00 -1.000000000000000000e+00 1.007222999999999956e+03 1.232260999999999967e+03 7.800000000000000266e-01 3.240000000000000102e-01 5.204999999999999627e-01 9.569999999999999618e-01
2.300000000000000000e+01 8.190000000000000000e+02 -1.000000000000000000e+00 -1.000000000000000000e+00 -1.000000000000000000e+00 -1.000000000000000000e+00 -1.000000000000000000e+00 1.019172000000000025e+03 1.260596999999999980e+03 1.256000000000000005e+00 3.519999999999999796e-01 3.775000000000000022e-01 8.930000000000000160e-01
2.300000000000000000e+01 8.200000000000000000e+02 -1.000000000000000000e+00 -1.000000000000000000e+00 -1.000000000000000000e+00 -1.000000000000000000e+00 -1.000000000000000000e+00 1.006730999999999995e+03 1.232599999999999909e+03 8.299999999999999600e-01 3.240000000000000102e-01 5.204999999999999627e-01 9.569999999999999618e-01
2.300000000000000000e+01 8.210000000000000000e+02 -1.000000000000000000e+00 -1.000000000000000000e+00 -1.000000000000000000e+00 -1.000000000000000000e+00 -1.000000000000000000e+00 1.016746999999999957e+03 1.261478000000000065e+03 1.258999999999999897e+00 3.599999999999999867e-01 3.350000000000000200e-01 8.900000000000000133e-01
2.400000000000000000e+01 8.190000000000000000e+02 -1.000000000000000000e+00 -1.000000000000000000e+00 -1.000000000000000000e+00 -1.000000000000000000e+00 -1.000000000000000000e+00 1.019657000000000039e+03 1.260271999999999935e+03 1.155999999999999917e+00 3.519999999999999796e-01 3.775000000000000022e-01 8.930000000000000160e-01
2.400000000000000000e+01 8.200000000000000000e+02 -1.000000000000000000e+00 -1.000000000000000000e+00 -1.000000000000000000e+00 -1.000000000000000000e+00 -1.000000000000000000e+00 1.006270999999999958e+03 1.232980999999999995e+03 8.800000000000000044e-01 3.240000000000000102e-01 5.204999999999999627e-01 9.569999999999999618e-01
2.400000000000000000e+01 8.210000000000000000e+02 -1.000000000000000000e+00 -1.000000000000000000e+00 -1.000000000000000000e+00 -1.000000000000000000e+00 -1.000000000000000000e+00 1.017288999999999987e+03 1.261576000000000022e+03 1.092000000000000082e+00 3.599999999999999867e-01 3.350000000000000200e-01 8.900000000000000133e-01
2.500000000000000000e+01 8.190000000000000000e+02 -1.000000000000000000e+00 -1.000000000000000000e+00 -1.000000000000000000e+00 -1.000000000000000000e+00 -1.000000000000000000e+00 1.020149000000000001e+03 1.259903999999999996e+03 1.106000000000000094e+00 3.519999999999999796e-01 3.775000000000000022e-01 8.930000000000000160e-01
2.500000000000000000e+01 8.200000000000000000e+02 -1.000000000000000000e+00 -1.000000000000000000e+00 -1.000000000000000000e+00 -1.000000000000000000e+00 -1.000000000000000000e+00 1.005842999999999961e+03 1.233330999999999904e+03 8.739999999999999991e-01 3.240000000000000102e-01 5.204999999999999627e-01 9.569999999999999618e-01
2.500000000000000000e+01 8.210000000000000000e+02 -1.000000000000000000e+00 -1.000000000000000000e+00 -1.000000000000000000e+00 -1.000000000000000000e+00 -1.000000000000000000e+00 1.017863000000000056e+03 1.261634000000000015e+03 1.092000000000000082e+00 3.599999999999999867e-01 3.350000000000000200e-01 8.900000000000000133e-01
2.600000000000000000e+01 8.190000000000000000e+02 -1.000000000000000000e+00 -1.000000000000000000e+00 -1.000000000000000000e+00 -1.000000000000000000e+00 -1.000000000000000000e+00 1.020601999999999975e+03 1.259710000000000036e+03 1.068000000000000060e+00 3.519999999999999796e-01 3.775000000000000022e-01 8.930000000000000160e-01
2.600000000000000000e+01 8.200000000000000000e+02 -1.000000000000000000e+00 -1.000000000000000000e+00 -1.000000000000000000e+00 -1.000000000000000000e+00 -1.000000000000000000e+00 1.005427000000000021e+03 1.233696999999999889e+03 8.669999999999999929e-01 3.240000000000000102e-01 5.204999999999999627e-01 9.569999999999999618e-01
2.600000000000000000e+01 8.210000000000000000e+02 -1.000000000000000000e+00 -1.000000000000000000e+00 -1.000000000000000000e+00 -1.000000000000000000e+00 -1.000000000000000000e+00 1.018466999999999985e+03 1.261452999999999975e+03 1.092000000000000082e+00 3.599999999999999867e-01 3.350000000000000200e-01 8.900000000000000133e-01
2.700000000000000000e+01 8.190000000000000000e+02 -1.000000000000000000e+00 -1.000000000000000000e+00 -1.000000000000000000e+00 -1.000000000000000000e+00 -1.000000000000000000e+00 1.021096000000000004e+03 1.259314000000000078e+03 1.036999999999999922e+00 3.519999999999999796e-01 3.775000000000000022e-01 8.930000000000000160e-01
2.700000000000000000e+01 8.200000000000000000e+02 -1.000000000000000000e+00 -1.000000000000000000e+00 -1.000000000000000000e+00 -1.000000000000000000e+00 -1.000000000000000000e+00 1.005024999999999977e+03 1.234076999999999998e+03 8.609999999999999876e-01 3.240000000000000102e-01 5.204999999999999627e-01 9.569999999999999618e-01
2.700000000000000000e+01 8.210000000000000000e+02 -1.000000000000000000e+00 -1.000000000000000000e+00 -1.000000000000000000e+00 -1.000000000000000000e+00 -1.000000000000000000e+00 1.019099000000000046e+03 1.261421000000000049e+03 1.042000000000000037e+00 3.599999999999999867e-01 3.350000000000000200e-01 8.900000000000000133e-01
2.800000000000000000e+01 8.190000000000000000e+02 -1.000000000000000000e+00 -1.000000000000000000e+00 -1.000000000000000000e+00 -1.000000000000000000e+00 -1.000000000000000000e+00 1.021486999999999966e+03 1.258998000000000047e+03 1.006000000000000005e+00 3.519999999999999796e-01 3.775000000000000022e-01 8.930000000000000160e-01
2.800000000000000000e+01 8.200000000000000000e+02 -1.000000000000000000e+00 -1.000000000000000000e+00 -1.000000000000000000e+00 -1.000000000000000000e+00 -1.000000000000000000e+00 1.004591000000000008e+03 1.234455999999999904e+03 8.579999999999999849e-01 3.240000000000000102e-01 5.204999999999999627e-01 9.569999999999999618e-01
2.800000000000000000e+01 8.210000000000000000e+02 -1.000000000000000000e+00 -1.000000000000000000e+00 -1.000000000000000000e+00 -1.000000000000000000e+00 -1.000000000000000000e+00 1.019700000000000045e+03 1.261220000000000027e+03 9.919999999999999929e-01 3.599999999999999867e-01 3.350000000000000200e-01 8.900000000000000133e-01
2.900000000000000000e+01 8.190000000000000000e+02 -1.000000000000000000e+00 -1.000000000000000000e+00 -1.000000000000000000e+00 -1.000000000000000000e+00 -1.000000000000000000e+00 1.021950000000000045e+03 1.258769000000000005e+03 1.006000000000000005e+00 3.519999999999999796e-01 3.775000000000000022e-01 8.930000000000000160e-01
2.900000000000000000e+01 8.200000000000000000e+02 -1.000000000000000000e+00 -1.000000000000000000e+00 -1.000000000000000000e+00 -1.000000000000000000e+00 -1.000000000000000000e+00 1.004065000000000055e+03 1.235016000000000076e+03 8.689999999999999947e-01 3.240000000000000102e-01 5.204999999999999627e-01 9.569999999999999618e-01
2.900000000000000000e+01 8.210000000000000000e+02 -1.000000000000000000e+00 -1.000000000000000000e+00 -1.000000000000000000e+00 -1.000000000000000000e+00 -1.000000000000000000e+00 1.020135999999999967e+03 1.261019999999999982e+03 9.919999999999999929e-01 3.599999999999999867e-01 3.350000000000000200e-01 8.900000000000000133e-01
3.000000000000000000e+01 8.190000000000000000e+02 -1.000000000000000000e+00 -1.000000000000000000e+00 -1.000000000000000000e+00 -1.000000000000000000e+00 -1.000000000000000000e+00 1.022328999999999951e+03 1.258597999999999956e+03 1.056000000000000050e+00 3.519999999999999796e-01 3.775000000000000022e-01 8.930000000000000160e-01
3.000000000000000000e+01 8.200000000000000000e+02 -1.000000000000000000e+00 -1.000000000000000000e+00 -1.000000000000000000e+00 -1.000000000000000000e+00 -1.000000000000000000e+00 1.003482999999999947e+03 1.235518000000000029e+03 8.800000000000000044e-01 3.240000000000000102e-01 5.204999999999999627e-01 9.569999999999999618e-01
3.000000000000000000e+01 8.210000000000000000e+02 -1.000000000000000000e+00 -1.000000000000000000e+00 -1.000000000000000000e+00 -1.000000000000000000e+00 -1.000000000000000000e+00 1.020600000000000023e+03 1.260948000000000093e+03 1.066999999999999948e+00 3.599999999999999867e-01 3.350000000000000200e-01 8.900000000000000133e-01
3.100000000000000000e+01 8.190000000000000000e+02 -1.000000000000000000e+00 -1.000000000000000000e+00 -1.000000000000000000e+00 -1.000000000000000000e+00 -1.000000000000000000e+00 1.021996999999999957e+03 1.258633000000000038e+03 1.106000000000000094e+00 3.519999999999999796e-01 3.775000000000000022e-01 8.930000000000000160e-01
3.100000000000000000e+01 8.200000000000000000e+02 -1.000000000000000000e+00 -1.000000000000000000e+00 -1.000000000000000000e+00 -1.000000000000000000e+00 -1.000000000000000000e+00 1.003056000000000040e+03 1.235880000000000109e+03 9.469999999999999529e-01 3.240000000000000102e-01 5.204999999999999627e-01 9.569999999999999618e-01
3.100000000000000000e+01 8.210000000000000000e+02 -1.000000000000000000e+00 -1.000000000000000000e+00 -1.000000000000000000e+00 -1.000000000000000000e+00 -1.000000000000000000e+00 1.020914999999999964e+03 1.260749000000000024e+03 1.042000000000000037e+00 3.599999999999999867e-01 3.350000000000000200e-01 8.900000000000000133e-01
3.200000000000000000e+01 8.190000000000000000e+02 -1.000000000000000000e+00 -1.000000000000000000e+00 -1.000000000000000000e+00 -1.000000000000000000e+00 -1.000000000000000000e+00 1.022166000000000054e+03 1.258796000000000049e+03 1.094000000000000083e+00 3.519999999999999796e-01 3.775000000000000022e-01 8.930000000000000160e-01
3.200000000000000000e+01 8.200000000000000000e+02 -1.000000000000000000e+00 -1.000000000000000000e+00 -1.000000000000000000e+00 -1.000000000000000000e+00 -1.000000000000000000e+00 1.002720000000000027e+03 1.236205999999999904e+03 1.012999999999999901e+00 3.240000000000000102e-01 5.204999999999999627e-01 9.569999999999999618e-01
3.200000000000000000e+01 8.210000000000000000e+02 -1.000000000000000000e+00 -1.000000000000000000e+00 -1.000000000000000000e+00 -1.000000000000000000e+00 -1.000000000000000000e+00 1.021306000000000040e+03 1.260563000000000102e+03 1.066999999999999948e+00 3.599999999999999867e-01 3.350000000000000200e-01 8.900000000000000133e-01
3.300000000000000000e+01 8.190000000000000000e+02 -1.000000000000000000e+00 -1.000000000000000000e+00 -1.000000000000000000e+00 -1.000000000000000000e+00 -1.000000000000000000e+00 1.022393000000000029e+03 1.258861000000000104e+03 1.080999999999999961e+00 3.519999999999999796e-01 3.775000000000000022e-01 8.930000000000000160e-01
3.300000000000000000e+01 8.200000000000000000e+02 -1.000000000000000000e+00 -1.000000000000000000e+00 -1.000000000000000000e+00 -1.000000000000000000e+00 -1.000000000000000000e+00 1.002317000000000007e+03 1.236596000000000004e+03 1.080000000000000071e+00 3.240000000000000102e-01 5.204999999999999627e-01 9.569999999999999618e-01
3.300000000000000000e+01 8.210000000000000000e+02 -1.000000000000000000e+00 -1.000000000000000000e+00 -1.000000000000000000e+00 -1.000000000000000000e+00 -1.000000000000000000e+00 1.021721000000000004e+03 1.260688000000000102e+03 1.092000000000000082e+00 3.599999999999999867e-01 3.350000000000000200e-01 8.900000000000000133e-01
3.400000000000000000e+01 8.190000000000000000e+02 -1.000000000000000000e+00 -1.000000000000000000e+00 -1.000000000000000000e+00 -1.000000000000000000e+00 -1.000000000000000000e+00 1.022623000000000047e+03 1.258813000000000102e+03 1.068999999999999950e+00 3.519999999999999796e-01 3.775000000000000022e-01 8.930000000000000160e-01
3.400000000000000000e+01 8.200000000000000000e+02 -1.000000000000000000e+00 -1.000000000000000000e+00 -1.000000000000000000e+00 -1.000000000000000000e+00 -1.000000000000000000e+00 1.001844000000000051e+03 1.236917999999999893e+03 1.080000000000000071e+00 3.240000000000000102e-01 5.204999999999999627e-01 9.569999999999999618e-01
3.400000000000000000e+01 8.210000000000000000e+02 -1.000000000000000000e+00 -1.000000000000000000e+00 -1.000000000000000000e+00 -1.000000000000000000e+00 -1.000000000000000000e+00 1.022077999999999975e+03 1.260601000000000113e+03 1.042000000000000037e+00 3.599999999999999867e-01 3.350000000000000200e-01 8.900000000000000133e-01
3.500000000000000000e+01 8.190000000000000000e+02 -1.000000000000000000e+00 -1.000000000000000000e+00 -1.000000000000000000e+00 -1.000000000000000000e+00 -1.000000000000000000e+00 1.022804999999999950e+03 1.258663000000000011e+03 1.056000000000000050e+00 3.519999999999999796e-01 3.775000000000000022e-01 8.930000000000000160e-01
3.500000000000000000e+01 8.200000000000000000e+02 -1.000000000000000000e+00 -1.000000000000000000e+00 -1.000000000000000000e+00 -1.000000000000000000e+00 -1.000000000000000000e+00 1.001273000000000025e+03 1.237321999999999889e+03 7.800000000000000266e-01 3.240000000000000102e-01 5.204999999999999627e-01 9.569999999999999618e-01
3.500000000000000000e+01 8.210000000000000000e+02 -1.000000000000000000e+00 -1.000000000000000000e+00 -1.000000000000000000e+00 -1.000000000000000000e+00 -1.000000000000000000e+00 1.022424999999999955e+03 1.260480000000000018e+03 9.919999999999999929e-01 3.599999999999999867e-01 3.350000000000000200e-01 8.900000000000000133e-01
