1.000000000000000000e+00 5.330000000000000000e+03 -1.000000000000000000e+00 -1.000000000000000000e+00 -1.000000000000000000e+00 -1.000000000000000000e+00 -1.000000000000000000e+00 6.772100000000000364e+02 1.369837999999999965e+03 1.082999999999999963e+00 1.034000000000000030e+00 2.697999999999999954e+00 9.084999999999999742e-01
1.000000000000000000e+00 5.334000000000000000e+03 -1.000000000000000000e+00 -1.000000000000000000e+00 -1.000000000000000000e+00 -1.000000000000000000e+00 -1.000000000000000000e+00 6.709120000000000346e+02 1.376287000000000035e+03 1.625999999999999890e+00 1.555500000000000105e+00 3.501500000000000057e+00 1.446499999999999897e+00
2.000000000000000000e+00 5.330000000000000000e+03 -1.000000000000000000e+00 -1.000000000000000000e+00 -1.000000000000000000e+00 -1.000000000000000000e+00 -1.000000000000000000e+00 6.772799999999999727e+02 1.369858999999999924e+03 1.054999999999999938e+00 1.034000000000000030e+00 2.697999999999999954e+00 9.084999999999999742e-01
2.000000000000000000e+00 5.334000000000000000e+03 -1.000000000000000000e+00 -1.000000000000000000e+00 -1.000000000000000000e+00 -1.000000000000000000e+00 -1.000000000000000000e+00 6.709299999999999500e+02 1.376270999999999958e+03 1.616999999999999993e+00 1.555500000000000105e+00 3.501500000000000057e+00 1.446499999999999897e+00
3.000000000000000000e+00 5.330000000000000000e+03 -1.000000000000000000e+00 -1.000000000000000000e+00 -1.000000000000000000e+00 -1.000000000000000000e+00 -1.000000000000000000e+00 6.772759999999999536e+02 1.369883000000000038e+03 1.030000000000000027e+00 1.034000000000000030e+00 2.697999999999999954e+00 9.084999999999999742e-01
3.000000000000000000e+00 5.334000000000000000e+03 -1.000000000000000000e+00 -1.000000000000000000e+00 -1.000000000000000000e+00 -1.000000000000000000e+00 -1.000000000000000000e+00 6.709470000000000027e+02 1.376253999999999905e+03 1.606999999999999984e+00 1.555500000000000105e+00 3.501500000000000057e+00 1.446499999999999897e+00
4.000000000000000000e+00 5.330000000000000000e+03 -1.000000000000000000e+00 -1.000000000000000000e+00 -1.000000000000000000e+00 -1.000000000000000000e+00 -1.000000000000000000e+00 6.772290000000000418e+02 1.369902000000000044e+03 1.028999999999999915e+00 1.034000000000000030e+00 2.697999999999999954e+00 9.084999999999999742e-01
4.000000000000000000e+00 5.334000000000000000e+03 -1.000000000000000000e+00 -1.000000000000000000e+00 -1.000000000000000000e+00 -1.000000000000000000e+00 -1.000000000000000000e+00 6.709640000000000555e+02 1.376237000000000080e+03 1.598000000000000087e+00 1.555500000000000105e+00 3.501500000000000057e+00 1.446499999999999897e+00
5.000000000000000000e+00 5.330000000000000000e+03 -1.000000000000000000e+00 -1.000000000000000000e+00 -1.000000000000000000e+00 -1.000000000000000000e+00 -1.000000000000000000e+00 6.771820000000000164e+02 1.369921000000000049e+03 1.028000000000000025e+00 1.034000000000000030e+00 2.697999999999999954e+00 9.084999999999999742e-01
5.000000000000000000e+00 5.334000000000000000e+03 -1.000000000000000000e+00 -1.000000000000000000e+00 -1.000000000000000000e+00 -1.000000000000000000e+00 -1.000000000000000000e+00 6.709809999999999945e+02 1.376220000000000027e+03 1.588999999999999968e+00 1.555500000000000105e+00 3.501500000000000057e+00 1.446499999999999897e+00
6.000000000000000000e+00 5.330000000000000000e+03 -1.000000000000000000e+00 -1.000000000000000000e+00 -1.000000000000000000e+00 -1.000000000000000000e+00 -1.000000000000000000e+00 6.772269999999999754e+02 1.369931000000000040e+03 1.080999999999999961e+00 1.034000000000000030e+00 2.697999999999999954e+00 9.084999999999999742e-01
6.000000000000000000e+00 5.334000000000000000e+03 -1.000000000000000000e+00 -1.000000000000000000e+00 -1.000000000000000000e+00 -1.000000000000000000e+00 -1.000000000000000000e+00 6.709969999999999573e+02 1.376204999999999927e+03 1.580000000000000071e+00 1.555500000000000105e+00 3.501500000000000057e+00 1.446499999999999897e+00
7.000000000000000000e+00 5.330000000000000000e+03 -1.000000000000000000e+00 -1.000000000000000000e+00 -1.000000000000000000e+00 -1.000000000000000000e+00 -1.000000000000000000e+00 6.772820000000000391e+02 1.369942000000000007e+03 1.145999999999999908e+00 1.034000000000000030e+00 2.697999999999999954e+00 9.084999999999999742e-01
7.000000000000000000e+00 5.334000000000000000e+03 -1.000000000000000000e+00 -1.000000000000000000e+00 -1.000000000000000000e+00 -1.000000000000000000e+00 -1.000000000000000000e+00 6.710149999999999864e+02 1.376185999999999922e+03 1.570000000000000062e+00 1.555500000000000105e+00 3.501500000000000057e+00 1.446499999999999897e+00
8.000000000000000000e+00 5.330000000000000000e+03 -1.000000000000000000e+00 -1.000000000000000000e+00 -1.000000000000000000e+00 -1.000000000000000000e+00 -1.000000000000000000e+00 6.772630000000000337e+02 1.369932000000000016e+03 1.104999999999999982e+00 1.034000000000000030e+00 2.697999999999999954e+00 9.084999999999999742e-01
8.000000000000000000e+00 5.334000000000000000e+03 -1.000000000000000000e+00 -1.000000000000000000e+00 -1.000000000000000000e+00 -1.000000000000000000e+00 -1.000000000000000000e+00 6.710489999999999782e+02 1.376200000000000045e+03 1.562000000000000055e+00 1.555500000000000105e+00 3.501500000000000057e+00 1.446499999999999897e+00
9.000000000000000000e+00 5.330000000000000000e+03 -1.000000000000000000e+00 -1.000000000000000000e+00 -1.000000000000000000e+00 -1.000000000000000000e+00 -1.000000000000000000e+00 6.772390000000000327e+02 1.369920000000000073e+03 1.054999999999999938e+00 1.034000000000000030e+00 2.697999999999999954e+00 9.084999999999999742e-01
9.000000000000000000e+00 5.334000000000000000e+03 -1.000000000000000000e+00 -1.000000000000000000e+00 -1.000000000000000000e+00 -1.000000000000000000e+00 -1.000000000000000000e+00 6.710900000000000318e+02 1.376215999999999894e+03 1.552999999999999936e+00 1.555500000000000105e+00 3.501500000000000057e+00 1.446499999999999897e+00
1.000000000000000000e+01 5.330000000000000000e+03 -1.000000000000000000e+00 -1.000000000000000000e+00 -1.000000000000000000e+00 -1.000000000000000000e+00 -1.000000000000000000e+00 6.772549999999999955e+02 1.369916999999999916e+03 1.030000000000000027e+00 1.034000000000000030e+00 2.697999999999999954e+00 9.084999999999999742e-01
1.000000000000000000e+01 5.334000000000000000e+03 -1.000000000000000000e+00 -1.000000000000000000e+00 -1.000000000000000000e+00 -1.000000000000000000e+00 -1.000000000000000000e+00 6.711240000000000236e+02 1.376230000000000018e+03 1.544000000000000039e+00 1.555500000000000105e+00 3.501500000000000057e+00 1.446499999999999897e+00
1.100000000000000000e+01 5.330000000000000000e+03 -1.000000000000000000e+00 -1.000000000000000000e+00 -1.000000000000000000e+00 -1.000000000000000000e+00 -1.000000000000000000e+00 6.772709999999999582e+02 1.369914999999999964e+03 1.004000000000000004e+00 1.034000000000000030e+00 2.697999999999999954e+00 9.084999999999999742e-01
1.100000000000000000e+01 5.334000000000000000e+03 -1.000000000000000000e+00 -1.000000000000000000e+00 -1.000000000000000000e+00 -1.000000000000000000e+00 -1.000000000000000000e+00 6.711580000000000155e+02 1.376242999999999938e+03 1.536000000000000032e+00 1.555500000000000105e+00 3.501500000000000057e+00 1.446499999999999897e+00
1.200000000000000000e+01 5.330000000000000000e+03 -1.000000000000000000e+00 -1.000000000000000000e+00 -1.000000000000000000e+00 -1.000000000000000000e+00 -1.000000000000000000e+00 6.772830000000000155e+02 1.369912000000000035e+03 9.839999999999999858e-01 1.034000000000000030e+00 2.697999999999999954e+00 9.084999999999999742e-01
1.200000000000000000e+01 5.334000000000000000e+03 -1.000000000000000000e+00 -1.000000000000000000e+00 -1.000000000000000000e+00 -1.000000000000000000e+00 -1.000000000000000000e+00 6.711849999999999454e+02 1.376253999999999905e+03 1.530000000000000027e+00 1.555500000000000105e+00 3.501500000000000057e+00 1.446499999999999897e+00
1.300000000000000000e+01 5.330000000000000000e+03 -1.000000000000000000e+00 -1.000000000000000000e+00 -1.000000000000000000e+00 -1.000000000000000000e+00 -1.000000000000000000e+00 6.773020000000000209e+02 1.369909000000000106e+03 9.539999999999999591e-01 1.034000000000000030e+00 2.697999999999999954e+00 9.084999999999999742e-01
1.300000000000000000e+01 5.334000000000000000e+03 -1.000000000000000000e+00 -1.000000000000000000e+00 -1.000000000000000000e+00 -1.000000000000000000e+00 -1.000000000000000000e+00 6.712259999999999991e+02 1.376269999999999982e+03 1.520000000000000018e+00 1.555500000000000105e+00 3.501500000000000057e+00 1.446499999999999897e+00
1.400000000000000000e+01 5.330000000000000000e+03 -1.000000000000000000e+00 -1.000000000000000000e+00 -1.000000000000000000e+00 -1.000000000000000000e+00 -1.000000000000000000e+00 6.773179999999999836e+02 1.369905999999999949e+03 9.280000000000000471e-01 1.034000000000000030e+00 2.697999999999999954e+00 9.084999999999999742e-01
1.400000000000000000e+01 5.334000000000000000e+03 -1.000000000000000000e+00 -1.000000000000000000e+00 -1.000000000000000000e+00 -1.000000000000000000e+00 -1.000000000000000000e+00 6.711269999999999527e+02 1.376314000000000078e+03 1.528999999999999915e+00 1.555500000000000105e+00 3.501500000000000057e+00 1.446499999999999897e+00
1.500000000000000000e+01 5.330000000000000000e+03 -1.000000000000000000e+00 -1.000000000000000000e+00 -1.000000000000000000e+00 -1.000000000000000000e+00 -1.000000000000000000e+00 6.773179999999999836e+02 1.369905999999999949e+03 9.419999999999999485e-01 1.034000000000000030e+00 2.697999999999999954e+00 9.084999999999999742e-01
1.500000000000000000e+01 5.334000000000000000e+03 -1.000000000000000000e+00 -1.000000000000000000e+00 -1.000000000000000000e+00 -1.000000000000000000e+00 -1.000000000000000000e+00 6.711559999999999491e+02 1.376238000000000056e+03 1.538000000000000034e+00 1.555500000000000105e+00 3.501500000000000057e+00 1.446499999999999897e+00
1.600000000000000000e+01 5.330000000000000000e+03 -1.000000000000000000e+00 -1.000000000000000000e+00 -1.000000000000000000e+00 -1.000000000000000000e+00 -1.000000000000000000e+00 6.773179999999999836e+02 1.369905999999999949e+03 9.549999999999999600e-01 1.034000000000000030e+00 2.697999999999999954e+00 9.084999999999999742e-01
1.600000000000000000e+01 5.334000000000000000e+03 -1.000000000000000000e+00 -1.000000000000000000e+00 -1.000000000000000000e+00 -1.000000000000000000e+00 -1.000000000000000000e+00 6.711839999999999691e+02 1.376161000000000058e+03 1.546999999999999931e+00 1.555500000000000105e+00 3.501500000000000057e+00 1.446499999999999897e+00
1.700000000000000000e+01 5.330000000000000000e+03 -1.000000000000000000e+00 -1.000000000000000000e+00 -1.000000000000000000e+00 -1.000000000000000000e+00 -1.000000000000000000e+00 6.773179999999999836e+02 1.369905999999999949e+03 9.659999999999999698e-01 1.034000000000000030e+00 2.697999999999999954e+00 9.084999999999999742e-01
1.700000000000000000e+01 5.334000000000000000e+03 -1.000000000000000000e+00 -1.000000000000000000e+00 -1.000000000000000000e+00 -1.000000000000000000e+00 -1.000000000000000000e+00 6.712069999999999936e+02 1.376099999999999909e+03 1.554000000000000048e+00 1.555500000000000105e+00 3.501500000000000057e+00 1.446499999999999897e+00
1.800000000000000000e+01 5.330000000000000000e+03 -1.000000000000000000e+00 -1.000000000000000000e+00 -1.000000000000000000e+00 -1.000000000000000000e+00 -1.000000000000000000e+00 6.773179999999999836e+02 1.369905999999999949e+03 9.779999999999999805e-01 1.034000000000000030e+00 2.697999999999999954e+00 9.084999999999999742e-01
1.800000000000000000e+01 5.334000000000000000e+03 -1.000000000000000000e+00 -1.000000000000000000e+00 -1.000000000000000000e+00 -1.000000000000000000e+00 -1.000000000000000000e+00 6.712329999999999472e+02 1.376031999999999925e+03 1.562000000000000055e+00 1.555500000000000105e+00 3.501500000000000057e+00 1.446499999999999897e+00
1.900000000000000000e+01 5.330000000000000000e+03 -1.000000000000000000e+00 -1.000000000000000000e+00 -1.000000000000000000e+00 -1.000000000000000000e+00 -1.000000000000000000e+00 6.777549999999999955e+02 1.369468000000000075e+03 9.779999999999999805e-01 1.034000000000000030e+00 2.697999999999999954e+00 9.084999999999999742e-01
1.900000000000000000e+01 5.334000000000000000e+03 -1.000000000000000000e+00 -1.000000000000000000e+00 -1.000000000000000000e+00 -1.000000000000000000e+00 -1.000000000000000000e+00 6.712619999999999436e+02 1.375955999999999904e+03 1.570000000000000062e+00 1.555500000000000105e+00 3.501500000000000057e+00 1.446499999999999897e+00
2.000000000000000000e+01 5.330000000000000000e+03 -1.000000000000000000e+00 -1.000000000000000000e+00 -1.000000000000000000e+00 -1.000000000000000000e+00 -1.000000000000000000e+00 6.781910000000000309e+02 1.369029999999999973e+03 9.779999999999999805e-01 1.034000000000000030e+00 2.697999999999999954e+00 9.084999999999999742e-01
2.000000000000000000e+01 5.334000000000000000e+03 -1.000000000000000000e+00 -1.000000000000000000e+00 -1.000000000000000000e+00 -1.000000000000000000e+00 -1.000000000000000000e+00 6.715629999999999882e+02 1.375713999999999942e+03 1.552999999999999936e+00 1.555500000000000105e+00 3.501500000000000057e+00 1.446499999999999897e+00
2.100000000000000000e+01 5.334000000000000000e+03 -1.000000000000000000e+00 -1.000000000000000000e+00 -1.000000000000000000e+00 -1.000000000000000000e+00 -1.000000000000000000e+00 6.718650000000000091e+02 1.375471999999999980e+03 1.536000000000000032e+00 1.555500000000000105e+00 3.501500000000000057e+00 1.446499999999999897e+00
2.100000000000000000e+01 5.376000000000000000e+03 -1.000000000000000000e+00 -1.000000000000000000e+00 -1.000000000000000000e+00 -1.000000000000000000e+00 -1.000000000000000000e+00 6.104310000000000400e+02 1.443200000000000045e+03 2.387999999999999901e+00 1.576999999999999957e+00 5.959500000000000242e+00 1.943000000000000060e+00
2.200000000000000000e+01 5.334000000000000000e+03 -1.000000000000000000e+00 -1.000000000000000000e+00 -1.000000000000000000e+00 -1.000000000000000000e+00 -1.000000000000000000e+00 6.722190000000000509e+02 1.375181000000000040e+03 1.518999999999999906e+00 1.555500000000000105e+00 3.501500000000000057e+00 1.446499999999999897e+00
2.200000000000000000e+01 5.376000000000000000e+03 -1.000000000000000000e+00 -1.000000000000000000e+00 -1.000000000000000000e+00 -1.000000000000000000e+00 -1.000000000000000000e+00 6.104310000000000400e+02 1.443200000000000045e+03 2.322000000000000064e+00 1.576999999999999957e+00 5.959500000000000242e+00 1.943000000000000060e+00
2.300000000000000000e+01 5.376000000000000000e+03 -1.000000000000000000e+00 -1.000000000000000000e+00 -1.000000000000000000e+00 -1.000000000000000000e+00 -1.000000000000000000e+00 6.104310000000000400e+02 1.443200000000000045e+03 2.249000000000000110e+00 1.576999999999999957e+00 5.959500000000000242e+00 1.943000000000000060e+00
2.400000000000000000e+01 5.376000000000000000e+03 -1.000000000000000000e+00 -1.000000000000000000e+00 -1.000000000000000000e+00 -1.000000000000000000e+00 -1.000000000000000000e+00 6.104310000000000400e+02 1.443200000000000045e+03 2.184000000000000163e+00 1.576999999999999957e+00 5.959500000000000242e+00 1.943000000000000060e+00
2.500000000000000000e+01 5.376000000000000000e+03 -1.000000000000000000e+00 -1.000000000000000000e+00 -1.000000000000000000e+00 -1.000000000000000000e+00 -1.000000000000000000e+00 6.104310000000000400e+02 1.443200000000000045e+03 2.124000000000000110e+00 1.576999999999999957e+00 5.959500000000000242e+00 1.943000000000000060e+00
2.600000000000000000e+01 5.376000000000000000e+03 -1.000000000000000000e+00 -1.000000000000000000e+00 -1.000000000000000000e+00 -1.000000000000000000e+00 -1.000000000000000000e+00 6.104310000000000400e+02 1.443200000000000045e+03 2.057999999999999829e+00 1.576999999999999957e+00 5.959500000000000242e+00 1.943000000000000060e+00
2.700000000000000000e+01 5.376000000000000000e+03 -1.000000000000000000e+00 -1.000000000000000000e+00 -1.000000000000000000e+00 -1.000000000000000000e+00 -1.000000000000000000e+00 6.104310000000000400e+02 1.443200000000000045e+03 1.991999999999999993e+00 1.576999999999999957e+00 5.959500000000000242e+00 1.943000000000000060e+00
2.800000000000000000e+01 5.376000000000000000e+03 -1.000000000000000000e+00 -1.000000000000000000e+00 -1.000000000000000000e+00 -1.000000000000000000e+00 -1.000000000000000000e+00 6.104310000000000400e+02 1.443200000000000045e+03 1.925999999999999934e+00 1.576999999999999957e+00 5.959500000000000242e+00 1.943000000000000060e+00
2.900000000000000000e+01 5.376000000000000000e+03 -1.000000000000000000e+00 -1.000000000000000000e+00 -1.000000000000000000e+00 -1.000000000000000000e+00 -1.000000000000000000e+00 6.104310000000000400e+02 1.443200000000000045e+03 1.925999999999999934e+00 1.576999999999999957e+00 5.959500000000000242e+00 1.943000000000000060e+00
3.000000000000000000e+01 5.376000000000000000e+03 -1.000000000000000000e+00 -1.000000000000000000e+00 -1.000000000000000000e+00 -1.000000000000000000e+00 -1.000000000000000000e+00 6.104310000000000400e+02 1.443200000000000045e+03 1.925999999999999934e+00 1.576999999999999957e+00 5.959500000000000242e+00 1.943000000000000060e+00
3.100000000000000000e+01 5.376000000000000000e+03 -1.000000000000000000e+00 -1.000000000000000000e+00 -1.000000000000000000e+00 -1.000000000000000000e+00 -1.000000000000000000e+00 6.104310000000000400e+02 1.443200000000000045e+03 1.925999999999999934e+00 1.576999999999999957e+00 5.959500000000000242e+00 1.943000000000000060e+00
3.200000000000000000e+01 5.376000000000000000e+03 -1.000000000000000000e+00 -1.000000000000000000e+00 -1.000000000000000000e+00 -1.000000000000000000e+00 -1.000000000000000000e+00 6.104310000000000400e+02 1.443200000000000045e+03 1.925999999999999934e+00 1.576999999999999957e+00 5.959500000000000242e+00 1.943000000000000060e+00
3.300000000000000000e+01 5.376000000000000000e+03 -1.000000000000000000e+00 -1.000000000000000000e+00 -1.000000000000000000e+00 -1.000000000000000000e+00 -1.000000000000000000e+00 6.104310000000000400e+02 1.443200000000000045e+03 1.925999999999999934e+00 1.576999999999999957e+00 5.959500000000000242e+00 1.943000000000000060e+00
3.400000000000000000e+01 5.376000000000000000e+03 -1.000000000000000000e+00 -1.000000000000000000e+00 -1.000000000000000000e+00 -1.000000000000000000e+00 -1.000000000000000000e+00 6.104310000000000400e+02 1.443200000000000045e+03 1.925999999999999934e+00 1.576999999999999957e+00 5.959500000000000242e+00 1.943000000000000060e+00
3.500000000000000000e+01 5.376000000000000000e+03 -1.000000000000000000e+00 -1.000000000000000000e+00 -1.000000000000000000e+00 -1.000000000000000000e+00 -1.000000000000000000e+00 6.104310000000000400e+02 1.443200000000000045e+03 1.925999999999999934e+00 1.576999999999999957e+00 5.959500000000000242e+00 1.943000000000000060e+00
3.600000000000000000e+01 5.376000000000000000e+03 -1.000000000000000000e+00 -1.000000000000000000e+00 -1.000000000000000000e+00 -1.000000000000000000e+00 -1.000000000000000000e+00 6.104310000000000400e+02 1.443200000000000045e+03 1.925999999999999934e+00 1.576999999999999957e+00 5.959500000000000242e+00 1.943000000000000060e+00
3.700000000000000000e+01 5.376000000000000000e+03 -1.000000000000000000e+00 -1.000000000000000000e+00 -1.000000000000000000e+00 -1.000000000000000000e+00 -1.000000000000000000e+00 6.104310000000000400e+02 1.443200000000000045e+03 1.925999999999999934e+00 1.576999999999999957e+00 5.959500000000000242e+00 1.943000000000000060e+00
3.800000000000000000e+01 5.376000000000000000e+03 -1.000000000000000000e+00 -1.000000000000000000e+00 -1.000000000000000000e+00 -1.000000000000000000e+00 -1.000000000000000000e+00 6.104310000000000400e+02 1.443200000000000045e+03 1.925999999999999934e+00 1.576999999999999957e+00 5.959500000000000242e+00 1.943000000000000060e+00
3.900000000000000000e+01 5.376000000000000000e+03 -1.000000000000000000e+00 -1.000000000000000000e+00 -1.000000000000000000e+00 -1.000000000000000000e+00 -1.000000000000000000e+00 6.104310000000000400e+02 1.443200000000000045e+03 1.925999999999999934e+00 1.576999999999999957e+00 5.959500000000000242e+00 1.943000000000000060e+00
4.000000000000000000e+01 5.376000000000000000e+03 -1.000000000000000000e+00 -1.000000000000000000e+00 -1.000000000000000000e+00 -1.000000000000000000e+00 -1.000000000000000000e+00 6.104310000000000400e+02 1.443200000000000045e+03 1.925999999999999934e+00 1.576999999999999957e+00 5.959500000000000242e+00 1.943000000000000060e+00
4.100000000000000000e+01 5.376000000000000000e+03 -1.000000000000000000e+00 -1.000000000000000000e+00 -1.000000000000000000e+00 -1.000000000000000000e+00 -1.000000000000000000e+00 6.104310000000000400e+02 1.443200000000000045e+03 1.925999999999999934e+00 1.576999999999999957e+00 5.959500000000000242e+00 1.943000000000000060e+00
