1.000000000000000000e+00 4.834000000000000000e+03 -1.000000000000000000e+00 -1.000000000000000000e+00 -1.000000000000000000e+00 -1.000000000000000000e+00 -1.000000000000000000e+00 1.205305000000000064e+03 1.552547000000000025e+03 7.540000000000000036e-01 3.965000000000000191e-01 1.070000000000000062e+00 8.515000000000000346e-01
2.000000000000000000e+00 4.834000000000000000e+03 -1.000000000000000000e+00 -1.000000000000000000e+00 -1.000000000000000000e+00 -1.000000000000000000e+00 -1.000000000000000000e+00 1.207300999999999931e+03 1.551555000000000064e+03 7.369999999999999885e-01 3.965000000000000191e-01 1.070000000000000062e+00 8.515000000000000346e-01
3.000000000000000000e+00 4.834000000000000000e+03 -1.000000000000000000e+00 -1.000000000000000000e+00 -1.000000000000000000e+00 -1.000000000000000000e+00 -1.000000000000000000e+00 1.209240000000000009e+03 1.550454999999999927e+03 7.209999999999999742e-01 3.965000000000000191e-01 1.070000000000000062e+00 8.515000000000000346e-01
4.000000000000000000e+00 4.834000000000000000e+03 -1.000000000000000000e+00 -1.000000000000000000e+00 -1.000000000000000000e+00 -1.000000000000000000e+00 -1.000000000000000000e+00 1.211130000000000109e+03 1.549273999999999887e+03 7.039999999999999591e-01 3.965000000000000191e-01 1.070000000000000062e+00 8.515000000000000346e-01
5.000000000000000000e+00 4.834000000000000000e+03 -1.000000000000000000e+00 -1.000000000000000000e+00 -1.000000000000000000e+00 -1.000000000000000000e+00 -1.000000000000000000e+00 1.213210000000000036e+03 1.547948000000000093e+03 7.039999999999999591e-01 3.965000000000000191e-01 1.070000000000000062e+00 8.515000000000000346e-01
6.000000000000000000e+00 4.834000000000000000e+03 -1.000000000000000000e+00 -1.000000000000000000e+00 -1.000000000000000000e+00 -1.000000000000000000e+00 -1.000000000000000000e+00 1.215352000000000089e+03 1.546722999999999956e+03 6.790000000000000480e-01 3.965000000000000191e-01 1.070000000000000062e+00 8.515000000000000346e-01
7.000000000000000000e+00 4.834000000000000000e+03 -1.000000000000000000e+00 -1.000000000000000000e+00 -1.000000000000000000e+00 -1.000000000000000000e+00 -1.000000000000000000e+00 1.217617999999999938e+03 1.545748000000000047e+03 6.540000000000000258e-01 3.965000000000000191e-01 1.070000000000000062e+00 8.515000000000000346e-01
8.000000000000000000e+00 4.834000000000000000e+03 -1.000000000000000000e+00 -1.000000000000000000e+00 -1.000000000000000000e+00 -1.000000000000000000e+00 -1.000000000000000000e+00 1.219656832575642284e+03 1.544860572873525143e+03 7.504920762871403195e-01 3.965000000000000746e-01 1.070000000000000062e+00 8.515000000000001457e-01
9.000000000000000000e+00 4.834000000000000000e+03 -1.000000000000000000e+00 -1.000000000000000000e+00 -1.000000000000000000e+00 -1.000000000000000000e+00 -1.000000000000000000e+00 1.221695999999999913e+03 1.543972999999999956e+03 8.469999999999999751e-01 3.965000000000000191e-01 1.070000000000000062e+00 8.515000000000000346e-01
1.000000000000000000e+01 4.834000000000000000e+03 -1.000000000000000000e+00 -1.000000000000000000e+00 -1.000000000000000000e+00 -1.000000000000000000e+00 -1.000000000000000000e+00 1.223429000000000087e+03 1.542969000000000051e+03 9.150000000000000355e-01 3.965000000000000191e-01 1.070000000000000062e+00 8.515000000000000346e-01
