2.200000000000000000e+01 4.716000000000000000e+03 -1.000000000000000000e+00 -1.000000000000000000e+00 -1.000000000000000000e+00 -1.000000000000000000e+00 -1.000000000000000000e+00 1.517558999999999969e+03 2.986666999999999916e+03 2.467000000000000082e+00 1.418500000000000094e+00 3.867999999999999883e+00 1.692499999999999893e+00
2.300000000000000000e+01 4.716000000000000000e+03 -1.000000000000000000e+00 -1.000000000000000000e+00 -1.000000000000000000e+00 -1.000000000000000000e+00 -1.000000000000000000e+00 1.519712999999999965e+03 2.983498999999999796e+03 2.266999999999999904e+00 1.418500000000000094e+00 3.867999999999999883e+00 1.692499999999999893e+00
2.400000000000000000e+01 4.716000000000000000e+03 -1.000000000000000000e+00 -1.000000000000000000e+00 -1.000000000000000000e+00 -1.000000000000000000e+00 -1.000000000000000000e+00 1.521904999999999973e+03 2.980157999999999902e+03 2.116999999999999993e+00 1.418500000000000094e+00 3.867999999999999883e+00 1.692499999999999893e+00
2.500000000000000000e+01 4.716000000000000000e+03 -1.000000000000000000e+00 -1.000000000000000000e+00 -1.000000000000000000e+00 -1.000000000000000000e+00 -1.000000000000000000e+00 1.524323000000000093e+03 2.976583999999999833e+03 2.016999999999999904e+00 1.418500000000000094e+00 3.867999999999999883e+00 1.692499999999999893e+00
2.600000000000000000e+01 4.716000000000000000e+03 -1.000000000000000000e+00 -1.000000000000000000e+00 -1.000000000000000000e+00 -1.000000000000000000e+00 -1.000000000000000000e+00 1.526256000000000085e+03 2.973559999999999945e+03 1.949000000000000066e+00 1.418500000000000094e+00 3.867999999999999883e+00 1.692499999999999893e+00
2.700000000000000000e+01 4.716000000000000000e+03 -1.000000000000000000e+00 -1.000000000000000000e+00 -1.000000000000000000e+00 -1.000000000000000000e+00 -1.000000000000000000e+00 1.528726000000000113e+03 2.969791999999999916e+03 1.866999999999999993e+00 1.418500000000000094e+00 3.867999999999999883e+00 1.692499999999999893e+00
2.800000000000000000e+01 4.716000000000000000e+03 -1.000000000000000000e+00 -1.000000000000000000e+00 -1.000000000000000000e+00 -1.000000000000000000e+00 -1.000000000000000000e+00 1.530932999999999993e+03 2.966338999999999942e+03 1.816999999999999948e+00 1.418500000000000094e+00 3.867999999999999883e+00 1.692499999999999893e+00
2.900000000000000000e+01 4.716000000000000000e+03 -1.000000000000000000e+00 -1.000000000000000000e+00 -1.000000000000000000e+00 -1.000000000000000000e+00 -1.000000000000000000e+00 1.533153000000000020e+03 2.962764999999999873e+03 1.866999999999999993e+00 1.418500000000000094e+00 3.867999999999999883e+00 1.692499999999999893e+00
3.000000000000000000e+01 4.716000000000000000e+03 -1.000000000000000000e+00 -1.000000000000000000e+00 -1.000000000000000000e+00 -1.000000000000000000e+00 -1.000000000000000000e+00 1.535373000000000047e+03 2.959188999999999851e+03 1.866999999999999993e+00 1.418500000000000094e+00 3.867999999999999883e+00 1.692499999999999893e+00
3.100000000000000000e+01 4.716000000000000000e+03 -1.000000000000000000e+00 -1.000000000000000000e+00 -1.000000000000000000e+00 -1.000000000000000000e+00 -1.000000000000000000e+00 1.537594000000000051e+03 2.955612000000000080e+03 1.766999999999999904e+00 1.418500000000000094e+00 3.867999999999999883e+00 1.692499999999999893e+00
3.200000000000000000e+01 4.716000000000000000e+03 -1.000000000000000000e+00 -1.000000000000000000e+00 -1.000000000000000000e+00 -1.000000000000000000e+00 -1.000000000000000000e+00 1.539840999999999894e+03 2.951994999999999891e+03 1.766999999999999904e+00 1.418500000000000094e+00 3.867999999999999883e+00 1.692499999999999893e+00
3.600000000000000000e+01 4.729000000000000000e+03 -1.000000000000000000e+00 -1.000000000000000000e+00 -1.000000000000000000e+00 -1.000000000000000000e+00 -1.000000000000000000e+00 1.481702999999999975e+03 3.040260999999999967e+03 1.993000000000000105e+00 9.695000000000000284e-01 2.454000000000000181e+00 1.419000000000000039e+00
3.700000000000000000e+01 4.729000000000000000e+03 -1.000000000000000000e+00 -1.000000000000000000e+00 -1.000000000000000000e+00 -1.000000000000000000e+00 -1.000000000000000000e+00 1.483914999999999964e+03 3.036963999999999942e+03 1.893000000000000016e+00 9.695000000000000284e-01 2.454000000000000181e+00 1.419000000000000039e+00
3.800000000000000000e+01 4.729000000000000000e+03 -1.000000000000000000e+00 -1.000000000000000000e+00 -1.000000000000000000e+00 -1.000000000000000000e+00 -1.000000000000000000e+00 1.486726000000000113e+03 3.032757999999999811e+03 1.792999999999999927e+00 9.695000000000000284e-01 2.454000000000000181e+00 1.419000000000000039e+00
3.900000000000000000e+01 4.729000000000000000e+03 -1.000000000000000000e+00 -1.000000000000000000e+00 -1.000000000000000000e+00 -1.000000000000000000e+00 -1.000000000000000000e+00 1.489472999999999956e+03 3.028545000000000073e+03 1.792999999999999927e+00 9.695000000000000284e-01 2.454000000000000181e+00 1.419000000000000039e+00
4.000000000000000000e+01 4.729000000000000000e+03 -1.000000000000000000e+00 -1.000000000000000000e+00 -1.000000000000000000e+00 -1.000000000000000000e+00 -1.000000000000000000e+00 1.492824000000000069e+03 3.023431999999999789e+03 1.592999999999999972e+00 9.695000000000000284e-01 2.454000000000000181e+00 1.419000000000000039e+00
