1.000000000000000000e+00 5.289000000000000000e+03 -1.000000000000000000e+00 -1.000000000000000000e+00 -1.000000000000000000e+00 -1.000000000000000000e+00 -1.000000000000000000e+00 5.127200000000000273e+02 7.578289999999999509e+02 2.056999999999999940e+00 1.966499999999999915e+00 8.142500000000000071e+00 2.169000000000000039e+00
2.000000000000000000e+00 5.289000000000000000e+03 -1.000000000000000000e+00 -1.000000000000000000e+00 -1.000000000000000000e+00 -1.000000000000000000e+00 -1.000000000000000000e+00 5.105889999999999986e+02 7.558310000000000173e+02 2.007000000000000117e+00 1.966499999999999915e+00 8.142500000000000071e+00 2.169000000000000039e+00
3.000000000000000000e+00 5.289000000000000000e+03 -1.000000000000000000e+00 -1.000000000000000000e+00 -1.000000000000000000e+00 -1.000000000000000000e+00 -1.000000000000000000e+00 5.083690000000000282e+02 7.536029999999999518e+02 2.007000000000000117e+00 1.966499999999999915e+00 8.142500000000000071e+00 2.169000000000000039e+00
4.000000000000000000e+00 5.289000000000000000e+03 -1.000000000000000000e+00 -1.000000000000000000e+00 -1.000000000000000000e+00 -1.000000000000000000e+00 -1.000000000000000000e+00 5.061499999999999773e+02 7.512160000000000082e+02 2.056999999999999940e+00 1.966499999999999915e+00 8.142500000000000071e+00 2.169000000000000039e+00
5.000000000000000000e+00 5.289000000000000000e+03 -1.000000000000000000e+00 -1.000000000000000000e+00 -1.000000000000000000e+00 -1.000000000000000000e+00 -1.000000000000000000e+00 5.039209999999999923e+02 7.489890000000000327e+02 2.101999999999999869e+00 1.966499999999999915e+00 8.142500000000000071e+00 2.169000000000000039e+00
6.000000000000000000e+00 5.289000000000000000e+03 -1.000000000000000000e+00 -1.000000000000000000e+00 -1.000000000000000000e+00 -1.000000000000000000e+00 -1.000000000000000000e+00 5.014449999999999932e+02 7.465149999999999864e+02 2.152000000000000135e+00 1.966499999999999915e+00 8.142500000000000071e+00 2.169000000000000039e+00
3.700000000000000000e+01 5.324000000000000000e+03 -1.000000000000000000e+00 -1.000000000000000000e+00 -1.000000000000000000e+00 -1.000000000000000000e+00 -1.000000000000000000e+00 3.769850000000000136e+02 8.630739999999999554e+02 2.608999999999999986e+00 1.329499999999999904e+00 7.411999999999999922e+00 2.003000000000000114e+00
3.800000000000000000e+01 5.324000000000000000e+03 -1.000000000000000000e+00 -1.000000000000000000e+00 -1.000000000000000000e+00 -1.000000000000000000e+00 -1.000000000000000000e+00 3.769850000000000136e+02 8.630739999999999554e+02 2.608999999999999986e+00 1.329499999999999904e+00 7.411999999999999922e+00 2.003000000000000114e+00
3.900000000000000000e+01 5.324000000000000000e+03 -1.000000000000000000e+00 -1.000000000000000000e+00 -1.000000000000000000e+00 -1.000000000000000000e+00 -1.000000000000000000e+00 3.769850000000000136e+02 8.630739999999999554e+02 2.608999999999999986e+00 1.329499999999999904e+00 7.411999999999999922e+00 2.003000000000000114e+00
4.000000000000000000e+01 5.324000000000000000e+03 -1.000000000000000000e+00 -1.000000000000000000e+00 -1.000000000000000000e+00 -1.000000000000000000e+00 -1.000000000000000000e+00 3.769850000000000136e+02 8.630739999999999554e+02 2.608999999999999986e+00 1.329499999999999904e+00 7.411999999999999922e+00 2.003000000000000114e+00
4.100000000000000000e+01 5.324000000000000000e+03 -1.000000000000000000e+00 -1.000000000000000000e+00 -1.000000000000000000e+00 -1.000000000000000000e+00 -1.000000000000000000e+00 3.770790000000000077e+02 8.630349999999999682e+02 2.608999999999999986e+00 1.329499999999999904e+00 7.411999999999999922e+00 2.003000000000000114e+00
