1.000000000000000000e+00 5.221000000000000000e+03 -1.000000000000000000e+00 -1.000000000000000000e+00 -1.000000000000000000e+00 -1.000000000000000000e+00 -1.000000000000000000e+00 7.538659999999999854e+02 5.393269999999999982e+02 1.332000000000000073e+00 9.709999999999999742e-01 2.266999999999999904e+00 1.060999999999999943e+00
1.000000000000000000e+00 5.224000000000000000e+03 -1.000000000000000000e+00 -1.000000000000000000e+00 -1.000000000000000000e+00 -1.000000000000000000e+00 -1.000000000000000000e+00 7.508440000000000509e+02 5.411520000000000437e+02 1.193000000000000060e+00 1.005500000000000060e+00 2.502499999999999947e+00 1.000000000000000000e+00
2.000000000000000000e+00 5.221000000000000000e+03 -1.000000000000000000e+00 -1.000000000000000000e+00 -1.000000000000000000e+00 -1.000000000000000000e+00 -1.000000000000000000e+00 7.538460000000000036e+02 5.393029999999999973e+02 1.082000000000000073e+00 9.709999999999999742e-01 2.266999999999999904e+00 1.060999999999999943e+00
2.000000000000000000e+00 5.224000000000000000e+03 -1.000000000000000000e+00 -1.000000000000000000e+00 -1.000000000000000000e+00 -1.000000000000000000e+00 -1.000000000000000000e+00 7.507490000000000236e+02 5.411409999999999627e+02 1.193000000000000060e+00 1.005500000000000060e+00 2.502499999999999947e+00 1.000000000000000000e+00
3.000000000000000000e+00 5.221000000000000000e+03 -1.000000000000000000e+00 -1.000000000000000000e+00 -1.000000000000000000e+00 -1.000000000000000000e+00 -1.000000000000000000e+00 7.538049999999999500e+02 5.392559999999999718e+02 1.082000000000000073e+00 9.709999999999999742e-01 2.266999999999999904e+00 1.060999999999999943e+00
3.000000000000000000e+00 5.224000000000000000e+03 -1.000000000000000000e+00 -1.000000000000000000e+00 -1.000000000000000000e+00 -1.000000000000000000e+00 -1.000000000000000000e+00 7.507000000000000455e+02 5.411369999999999436e+02 9.929999999999999938e-01 1.005500000000000060e+00 2.502499999999999947e+00 1.000000000000000000e+00
4.000000000000000000e+00 5.221000000000000000e+03 -1.000000000000000000e+00 -1.000000000000000000e+00 -1.000000000000000000e+00 -1.000000000000000000e+00 -1.000000000000000000e+00 7.538049999999999500e+02 5.392559999999999718e+02 1.082000000000000073e+00 9.709999999999999742e-01 2.266999999999999904e+00 1.060999999999999943e+00
4.000000000000000000e+00 5.224000000000000000e+03 -1.000000000000000000e+00 -1.000000000000000000e+00 -1.000000000000000000e+00 -1.000000000000000000e+00 -1.000000000000000000e+00 7.506520000000000437e+02 5.411330000000000382e+02 9.429999999999999494e-01 1.005500000000000060e+00 2.502499999999999947e+00 1.000000000000000000e+00
5.000000000000000000e+00 5.221000000000000000e+03 -1.000000000000000000e+00 -1.000000000000000000e+00 -1.000000000000000000e+00 -1.000000000000000000e+00 -1.000000000000000000e+00 7.538049999999999500e+02 5.392559999999999718e+02 1.131999999999999895e+00 9.709999999999999742e-01 2.266999999999999904e+00 1.060999999999999943e+00
5.000000000000000000e+00 5.224000000000000000e+03 -1.000000000000000000e+00 -1.000000000000000000e+00 -1.000000000000000000e+00 -1.000000000000000000e+00 -1.000000000000000000e+00 7.506290000000000191e+02 5.411069999999999709e+02 1.092999999999999972e+00 1.005500000000000060e+00 2.502499999999999947e+00 1.000000000000000000e+00
6.000000000000000000e+00 5.224000000000000000e+03 -1.000000000000000000e+00 -1.000000000000000000e+00 -1.000000000000000000e+00 -1.000000000000000000e+00 -1.000000000000000000e+00 7.506520000000000437e+02 5.411330000000000382e+02 1.143000000000000016e+00 1.005500000000000060e+00 2.502499999999999947e+00 1.000000000000000000e+00
1.100000000000000000e+01 5.230000000000000000e+03 -1.000000000000000000e+00 -1.000000000000000000e+00 -1.000000000000000000e+00 -1.000000000000000000e+00 -1.000000000000000000e+00 6.696639999999999873e+02 6.128150000000000546e+02 1.731999999999999984e+00 1.299500000000000099e+00 4.007500000000000284e+00 1.538999999999999924e+00
1.100000000000000000e+01 5.231000000000000000e+03 -1.000000000000000000e+00 -1.000000000000000000e+00 -1.000000000000000000e+00 -1.000000000000000000e+00 -1.000000000000000000e+00 6.710330000000000155e+02 6.251549999999999727e+02 1.280999999999999917e+00 1.019500000000000073e+00 2.764499999999999957e+00 8.880000000000000115e-01
1.200000000000000000e+01 5.230000000000000000e+03 -1.000000000000000000e+00 -1.000000000000000000e+00 -1.000000000000000000e+00 -1.000000000000000000e+00 -1.000000000000000000e+00 6.696639999999999873e+02 6.128150000000000546e+02 1.731999999999999984e+00 1.299500000000000099e+00 4.007500000000000284e+00 1.538999999999999924e+00
1.200000000000000000e+01 5.231000000000000000e+03 -1.000000000000000000e+00 -1.000000000000000000e+00 -1.000000000000000000e+00 -1.000000000000000000e+00 -1.000000000000000000e+00 6.710599999999999454e+02 6.251829999999999927e+02 1.280999999999999917e+00 1.019500000000000073e+00 2.764499999999999957e+00 8.880000000000000115e-01
1.300000000000000000e+01 5.230000000000000000e+03 -1.000000000000000000e+00 -1.000000000000000000e+00 -1.000000000000000000e+00 -1.000000000000000000e+00 -1.000000000000000000e+00 6.696219999999999573e+02 6.128500000000000227e+02 1.731999999999999984e+00 1.299500000000000099e+00 4.007500000000000284e+00 1.538999999999999924e+00
1.300000000000000000e+01 5.236000000000000000e+03 -1.000000000000000000e+00 -1.000000000000000000e+00 -1.000000000000000000e+00 -1.000000000000000000e+00 -1.000000000000000000e+00 6.616689999999999827e+02 6.183500000000000227e+02 1.473000000000000087e+00 9.909999999999999920e-01 2.708499999999999908e+00 1.380500000000000060e+00
1.300000000000000000e+01 5.231000000000000000e+03 -1.000000000000000000e+00 -1.000000000000000000e+00 -1.000000000000000000e+00 -1.000000000000000000e+00 -1.000000000000000000e+00 6.710334854820939654e+02 6.251554849342485340e+02 1.255986303862310915e+00 1.019500000000000073e+00 2.764499999999999957e+00 8.880000000000000115e-01
1.400000000000000000e+01 5.230000000000000000e+03 -1.000000000000000000e+00 -1.000000000000000000e+00 -1.000000000000000000e+00 -1.000000000000000000e+00 -1.000000000000000000e+00 6.696169999999999618e+02 6.129279999999999973e+02 1.681999999999999940e+00 1.299500000000000099e+00 4.007500000000000284e+00 1.538999999999999924e+00
1.400000000000000000e+01 5.231000000000000000e+03 -1.000000000000000000e+00 -1.000000000000000000e+00 -1.000000000000000000e+00 -1.000000000000000000e+00 -1.000000000000000000e+00 6.710069999999999482e+02 6.251280000000000427e+02 1.231000000000000094e+00 1.019500000000000073e+00 2.764499999999999957e+00 8.880000000000000115e-01
1.400000000000000000e+01 5.236000000000000000e+03 -1.000000000000000000e+00 -1.000000000000000000e+00 -1.000000000000000000e+00 -1.000000000000000000e+00 -1.000000000000000000e+00 6.616609999999999445e+02 6.183690000000000282e+02 1.409999999999999920e+00 9.909999999999999920e-01 2.708499999999999908e+00 1.380500000000000060e+00
1.500000000000000000e+01 5.230000000000000000e+03 -1.000000000000000000e+00 -1.000000000000000000e+00 -1.000000000000000000e+00 -1.000000000000000000e+00 -1.000000000000000000e+00 6.695760000000000218e+02 6.129650000000000318e+02 1.631999999999999895e+00 1.299500000000000099e+00 4.007500000000000284e+00 1.538999999999999924e+00
1.500000000000000000e+01 5.231000000000000000e+03 -1.000000000000000000e+00 -1.000000000000000000e+00 -1.000000000000000000e+00 -1.000000000000000000e+00 -1.000000000000000000e+00 6.709800000000000182e+02 6.251009999999999991e+02 1.030999999999999917e+00 1.019500000000000073e+00 2.764499999999999957e+00 8.880000000000000115e-01
1.500000000000000000e+01 5.236000000000000000e+03 -1.000000000000000000e+00 -1.000000000000000000e+00 -1.000000000000000000e+00 -1.000000000000000000e+00 -1.000000000000000000e+00 6.616810000000000400e+02 6.183640000000000327e+02 1.409999999999999920e+00 9.909999999999999920e-01 2.708499999999999908e+00 1.380500000000000060e+00
1.600000000000000000e+01 5.230000000000000000e+03 -1.000000000000000000e+00 -1.000000000000000000e+00 -1.000000000000000000e+00 -1.000000000000000000e+00 -1.000000000000000000e+00 6.695399999999999636e+02 6.129239999999999782e+02 1.582000000000000073e+00 1.299500000000000099e+00 4.007500000000000284e+00 1.538999999999999924e+00
1.600000000000000000e+01 5.243000000000000000e+03 -1.000000000000000000e+00 -1.000000000000000000e+00 -1.000000000000000000e+00 -1.000000000000000000e+00 -1.000000000000000000e+00 6.495309999999999491e+02 6.291779999999999973e+02 1.425000000000000044e+00 1.131000000000000005e+00 2.867500000000000160e+00 1.268000000000000016e+00
1.600000000000000000e+01 5.231000000000000000e+03 -1.000000000000000000e+00 -1.000000000000000000e+00 -1.000000000000000000e+00 -1.000000000000000000e+00 -1.000000000000000000e+00 6.710069999999999482e+02 6.251280000000000427e+02 1.030999999999999917e+00 1.019500000000000073e+00 2.764499999999999957e+00 8.880000000000000115e-01
1.600000000000000000e+01 5.236000000000000000e+03 -1.000000000000000000e+00 -1.000000000000000000e+00 -1.000000000000000000e+00 -1.000000000000000000e+00 -1.000000000000000000e+00 6.617010000000000218e+02 6.183590000000000373e+02 1.409999999999999920e+00 9.909999999999999920e-01 2.708499999999999908e+00 1.380500000000000060e+00
1.700000000000000000e+01 5.230000000000000000e+03 -1.000000000000000000e+00 -1.000000000000000000e+00 -1.000000000000000000e+00 -1.000000000000000000e+00 -1.000000000000000000e+00 6.695810000000000173e+02 6.128880000000000337e+02 1.582000000000000073e+00 1.299500000000000099e+00 4.007500000000000284e+00 1.538999999999999924e+00
1.700000000000000000e+01 5.243000000000000000e+03 -1.000000000000000000e+00 -1.000000000000000000e+00 -1.000000000000000000e+00 -1.000000000000000000e+00 -1.000000000000000000e+00 6.495059999999999718e+02 6.291480000000000246e+02 1.425000000000000044e+00 1.131000000000000005e+00 2.867500000000000160e+00 1.268000000000000016e+00
1.700000000000000000e+01 5.231000000000000000e+03 -1.000000000000000000e+00 -1.000000000000000000e+00 -1.000000000000000000e+00 -1.000000000000000000e+00 -1.000000000000000000e+00 6.710330000000000155e+02 6.251549999999999727e+02 1.030999999999999917e+00 1.019500000000000073e+00 2.764499999999999957e+00 8.880000000000000115e-01
1.700000000000000000e+01 5.236000000000000000e+03 -1.000000000000000000e+00 -1.000000000000000000e+00 -1.000000000000000000e+00 -1.000000000000000000e+00 -1.000000000000000000e+00 6.617210000000000036e+02 6.183529999999999518e+02 1.409999999999999920e+00 9.909999999999999920e-01 2.708499999999999908e+00 1.380500000000000060e+00
1.800000000000000000e+01 5.230000000000000000e+03 -1.000000000000000000e+00 -1.000000000000000000e+00 -1.000000000000000000e+00 -1.000000000000000000e+00 -1.000000000000000000e+00 6.696230000000000473e+02 6.128519999999999754e+02 1.582000000000000073e+00 1.299500000000000099e+00 4.007500000000000284e+00 1.538999999999999924e+00
1.800000000000000000e+01 5.243000000000000000e+03 -1.000000000000000000e+00 -1.000000000000000000e+00 -1.000000000000000000e+00 -1.000000000000000000e+00 -1.000000000000000000e+00 6.495309999999999491e+02 6.291779999999999973e+02 1.425000000000000044e+00 1.131000000000000005e+00 2.867500000000000160e+00 1.268000000000000016e+00
1.800000000000000000e+01 5.231000000000000000e+03 -1.000000000000000000e+00 -1.000000000000000000e+00 -1.000000000000000000e+00 -1.000000000000000000e+00 -1.000000000000000000e+00 6.710599999999999454e+02 6.251829999999999927e+02 1.030999999999999917e+00 1.019500000000000073e+00 2.764499999999999957e+00 8.880000000000000115e-01
1.800000000000000000e+01 5.236000000000000000e+03 -1.000000000000000000e+00 -1.000000000000000000e+00 -1.000000000000000000e+00 -1.000000000000000000e+00 -1.000000000000000000e+00 6.617409999999999854e+02 6.183479999999999563e+02 1.409999999999999920e+00 9.909999999999999920e-01 2.708499999999999908e+00 1.380500000000000060e+00
1.900000000000000000e+01 5.230000000000000000e+03 -1.000000000000000000e+00 -1.000000000000000000e+00 -1.000000000000000000e+00 -1.000000000000000000e+00 -1.000000000000000000e+00 6.695810000000000173e+02 6.128880000000000337e+02 1.582000000000000073e+00 1.299500000000000099e+00 4.007500000000000284e+00 1.538999999999999924e+00
1.900000000000000000e+01 5.243000000000000000e+03 -1.000000000000000000e+00 -1.000000000000000000e+00 -1.000000000000000000e+00 -1.000000000000000000e+00 -1.000000000000000000e+00 6.495059999999999718e+02 6.291480000000000246e+02 1.425000000000000044e+00 1.131000000000000005e+00 2.867500000000000160e+00 1.268000000000000016e+00
1.900000000000000000e+01 5.231000000000000000e+03 -1.000000000000000000e+00 -1.000000000000000000e+00 -1.000000000000000000e+00 -1.000000000000000000e+00 -1.000000000000000000e+00 6.710330000000000155e+02 6.251549999999999727e+02 1.030999999999999917e+00 1.019500000000000073e+00 2.764499999999999957e+00 8.880000000000000115e-01
1.900000000000000000e+01 5.236000000000000000e+03 -1.000000000000000000e+00 -1.000000000000000000e+00 -1.000000000000000000e+00 -1.000000000000000000e+00 -1.000000000000000000e+00 6.617000000000000455e+02 6.183990000000000009e+02 1.348000000000000087e+00 9.909999999999999920e-01 2.708499999999999908e+00 1.380500000000000060e+00
1.900000000000000000e+01 5.251000000000000000e+03 -1.000000000000000000e+00 -1.000000000000000000e+00 -1.000000000000000000e+00 -1.000000000000000000e+00 -1.000000000000000000e+00 6.439339999999999691e+02 6.147640000000000100e+02 1.235999999999999988e+00 1.381999999999999895e+00 3.784499999999999975e+00 2.123000000000000220e+00
2.000000000000000000e+01 5.230000000000000000e+03 -1.000000000000000000e+00 -1.000000000000000000e+00 -1.000000000000000000e+00 -1.000000000000000000e+00 -1.000000000000000000e+00 6.695399999999999636e+02 6.129239999999999782e+02 1.582000000000000073e+00 1.299500000000000099e+00 4.007500000000000284e+00 1.538999999999999924e+00
2.000000000000000000e+01 5.243000000000000000e+03 -1.000000000000000000e+00 -1.000000000000000000e+00 -1.000000000000000000e+00 -1.000000000000000000e+00 -1.000000000000000000e+00 6.494800000000000182e+02 6.291180000000000518e+02 1.425000000000000044e+00 1.131000000000000005e+00 2.867500000000000160e+00 1.268000000000000016e+00
2.000000000000000000e+01 5.231000000000000000e+03 -1.000000000000000000e+00 -1.000000000000000000e+00 -1.000000000000000000e+00 -1.000000000000000000e+00 -1.000000000000000000e+00 6.711140000000000327e+02 6.251290000000000191e+02 1.030999999999999917e+00 1.019500000000000073e+00 2.764499999999999957e+00 8.880000000000000115e-01
2.000000000000000000e+01 5.236000000000000000e+03 -1.000000000000000000e+00 -1.000000000000000000e+00 -1.000000000000000000e+00 -1.000000000000000000e+00 -1.000000000000000000e+00 6.616950000000000500e+02 6.184170000000000300e+02 1.284999999999999920e+00 9.909999999999999920e-01 2.708499999999999908e+00 1.380500000000000060e+00
2.000000000000000000e+01 5.251000000000000000e+03 -1.000000000000000000e+00 -1.000000000000000000e+00 -1.000000000000000000e+00 -1.000000000000000000e+00 -1.000000000000000000e+00 6.438650000000000091e+02 6.146860000000000355e+02 1.205999999999999961e+00 1.381999999999999895e+00 3.784499999999999975e+00 2.123000000000000220e+00
2.100000000000000000e+01 5.230000000000000000e+03 -1.000000000000000000e+00 -1.000000000000000000e+00 -1.000000000000000000e+00 -1.000000000000000000e+00 -1.000000000000000000e+00 6.695399999999999636e+02 6.129239999999999782e+02 1.582000000000000073e+00 1.299500000000000099e+00 4.007500000000000284e+00 1.538999999999999924e+00
2.100000000000000000e+01 5.243000000000000000e+03 -1.000000000000000000e+00 -1.000000000000000000e+00 -1.000000000000000000e+00 -1.000000000000000000e+00 -1.000000000000000000e+00 6.495059999999999718e+02 6.291480000000000246e+02 1.375000000000000000e+00 1.131000000000000005e+00 2.867500000000000160e+00 1.268000000000000016e+00
2.100000000000000000e+01 5.231000000000000000e+03 -1.000000000000000000e+00 -1.000000000000000000e+00 -1.000000000000000000e+00 -1.000000000000000000e+00 -1.000000000000000000e+00 6.709239999999999782e+02 6.252619999999999436e+02 1.030999999999999917e+00 1.019500000000000073e+00 2.764499999999999957e+00 8.880000000000000115e-01
2.100000000000000000e+01 5.236000000000000000e+03 -1.000000000000000000e+00 -1.000000000000000000e+00 -1.000000000000000000e+00 -1.000000000000000000e+00 -1.000000000000000000e+00 6.616900000000000546e+02 6.184349999999999454e+02 1.223000000000000087e+00 9.909999999999999920e-01 2.708499999999999908e+00 1.380500000000000060e+00
2.100000000000000000e+01 5.251000000000000000e+03 -1.000000000000000000e+00 -1.000000000000000000e+00 -1.000000000000000000e+00 -1.000000000000000000e+00 -1.000000000000000000e+00 6.437960000000000491e+02 6.146079999999999472e+02 1.175999999999999934e+00 1.381999999999999895e+00 3.784499999999999975e+00 2.123000000000000220e+00
2.200000000000000000e+01 5.230000000000000000e+03 -1.000000000000000000e+00 -1.000000000000000000e+00 -1.000000000000000000e+00 -1.000000000000000000e+00 -1.000000000000000000e+00 6.695399999999999636e+02 6.129239999999999782e+02 1.532000000000000028e+00 1.299500000000000099e+00 4.007500000000000284e+00 1.538999999999999924e+00
2.200000000000000000e+01 5.243000000000000000e+03 -1.000000000000000000e+00 -1.000000000000000000e+00 -1.000000000000000000e+00 -1.000000000000000000e+00 -1.000000000000000000e+00 6.497699999999999818e+02 6.293379999999999654e+02 1.375000000000000000e+00 1.131000000000000005e+00 2.867500000000000160e+00 1.268000000000000016e+00
2.200000000000000000e+01 5.231000000000000000e+03 -1.000000000000000000e+00 -1.000000000000000000e+00 -1.000000000000000000e+00 -1.000000000000000000e+00 -1.000000000000000000e+00 6.708429999999999609e+02 6.252880000000000109e+02 9.310000000000000497e-01 1.019500000000000073e+00 2.764499999999999957e+00 8.880000000000000115e-01
2.200000000000000000e+01 5.236000000000000000e+03 -1.000000000000000000e+00 -1.000000000000000000e+00 -1.000000000000000000e+00 -1.000000000000000000e+00 -1.000000000000000000e+00 6.616860000000000355e+02 6.184529999999999745e+02 1.159999999999999920e+00 9.909999999999999920e-01 2.708499999999999908e+00 1.380500000000000060e+00
2.200000000000000000e+01 5.251000000000000000e+03 -1.000000000000000000e+00 -1.000000000000000000e+00 -1.000000000000000000e+00 -1.000000000000000000e+00 -1.000000000000000000e+00 6.438310000000000173e+02 6.146470000000000482e+02 1.175999999999999934e+00 1.381999999999999895e+00 3.784499999999999975e+00 2.123000000000000220e+00
2.300000000000000000e+01 5.230000000000000000e+03 -1.000000000000000000e+00 -1.000000000000000000e+00 -1.000000000000000000e+00 -1.000000000000000000e+00 -1.000000000000000000e+00 6.694619999999999891e+02 6.129180000000000064e+02 1.532000000000000028e+00 1.299500000000000099e+00 4.007500000000000284e+00 1.538999999999999924e+00
2.300000000000000000e+01 5.243000000000000000e+03 -1.000000000000000000e+00 -1.000000000000000000e+00 -1.000000000000000000e+00 -1.000000000000000000e+00 -1.000000000000000000e+00 6.497100000000000364e+02 6.293890000000000100e+02 1.274999999999999911e+00 1.131000000000000005e+00 2.867500000000000160e+00 1.268000000000000016e+00
2.300000000000000000e+01 5.231000000000000000e+03 -1.000000000000000000e+00 -1.000000000000000000e+00 -1.000000000000000000e+00 -1.000000000000000000e+00 -1.000000000000000000e+00 6.708970000000000482e+02 6.252350000000000136e+02 8.309999999999999609e-01 1.019500000000000073e+00 2.764499999999999957e+00 8.880000000000000115e-01
2.300000000000000000e+01 5.236000000000000000e+03 -1.000000000000000000e+00 -1.000000000000000000e+00 -1.000000000000000000e+00 -1.000000000000000000e+00 -1.000000000000000000e+00 6.615560000000000400e+02 6.185529999999999973e+02 1.163999999999999924e+00 9.909999999999999920e-01 2.708499999999999908e+00 1.380500000000000060e+00
2.300000000000000000e+01 5.251000000000000000e+03 -1.000000000000000000e+00 -1.000000000000000000e+00 -1.000000000000000000e+00 -1.000000000000000000e+00 -1.000000000000000000e+00 6.438650000000000091e+02 6.146860000000000355e+02 1.175999999999999934e+00 1.381999999999999895e+00 3.784499999999999975e+00 2.123000000000000220e+00
2.400000000000000000e+01 5.230000000000000000e+03 -1.000000000000000000e+00 -1.000000000000000000e+00 -1.000000000000000000e+00 -1.000000000000000000e+00 -1.000000000000000000e+00 6.695040000000000191e+02 6.128819999999999482e+02 1.532000000000000028e+00 1.299500000000000099e+00 4.007500000000000284e+00 1.538999999999999924e+00
2.400000000000000000e+01 5.243000000000000000e+03 -1.000000000000000000e+00 -1.000000000000000000e+00 -1.000000000000000000e+00 -1.000000000000000000e+00 -1.000000000000000000e+00 6.497100000000000364e+02 6.293890000000000100e+02 1.024999999999999911e+00 1.131000000000000005e+00 2.867500000000000160e+00 1.268000000000000016e+00
2.400000000000000000e+01 5.231000000000000000e+03 -1.000000000000000000e+00 -1.000000000000000000e+00 -1.000000000000000000e+00 -1.000000000000000000e+00 -1.000000000000000000e+00 6.708719999999999573e+02 6.251539999999999964e+02 8.309999999999999609e-01 1.019500000000000073e+00 2.764499999999999957e+00 8.880000000000000115e-01
2.400000000000000000e+01 5.236000000000000000e+03 -1.000000000000000000e+00 -1.000000000000000000e+00 -1.000000000000000000e+00 -1.000000000000000000e+00 -1.000000000000000000e+00 6.614270000000000209e+02 6.186530000000000200e+02 1.167000000000000037e+00 9.909999999999999920e-01 2.708499999999999908e+00 1.380500000000000060e+00
2.400000000000000000e+01 5.266000000000000000e+03 -1.000000000000000000e+00 -1.000000000000000000e+00 -1.000000000000000000e+00 -1.000000000000000000e+00 -1.000000000000000000e+00 6.402019999999999982e+02 6.384859999999999900e+02 7.930000000000000382e-01 9.565000000000000169e-01 2.485500000000000043e+00 1.000000000000000000e+00
2.400000000000000000e+01 5.251000000000000000e+03 -1.000000000000000000e+00 -1.000000000000000000e+00 -1.000000000000000000e+00 -1.000000000000000000e+00 -1.000000000000000000e+00 6.438999999999999773e+02 6.147250000000000227e+02 1.100999999999999979e+00 1.381999999999999895e+00 3.784499999999999975e+00 2.123000000000000220e+00
2.500000000000000000e+01 5.230000000000000000e+03 -1.000000000000000000e+00 -1.000000000000000000e+00 -1.000000000000000000e+00 -1.000000000000000000e+00 -1.000000000000000000e+00 6.694199999999999591e+02 6.129529999999999745e+02 1.532000000000000028e+00 1.299500000000000099e+00 4.007500000000000284e+00 1.538999999999999924e+00
2.500000000000000000e+01 5.243000000000000000e+03 -1.000000000000000000e+00 -1.000000000000000000e+00 -1.000000000000000000e+00 -1.000000000000000000e+00 -1.000000000000000000e+00 6.495890000000000555e+02 6.294909999999999854e+02 1.074999999999999956e+00 1.131000000000000005e+00 2.867500000000000160e+00 1.268000000000000016e+00
2.500000000000000000e+01 5.231000000000000000e+03 -1.000000000000000000e+00 -1.000000000000000000e+00 -1.000000000000000000e+00 -1.000000000000000000e+00 -1.000000000000000000e+00 6.708440000000000509e+02 6.252340000000000373e+02 7.309999999999999831e-01 1.019500000000000073e+00 2.764499999999999957e+00 8.880000000000000115e-01
2.500000000000000000e+01 5.236000000000000000e+03 -1.000000000000000000e+00 -1.000000000000000000e+00 -1.000000000000000000e+00 -1.000000000000000000e+00 -1.000000000000000000e+00 6.612970000000000255e+02 6.187530000000000427e+02 1.169999999999999929e+00 9.909999999999999920e-01 2.708499999999999908e+00 1.380500000000000060e+00
2.500000000000000000e+01 5.266000000000000000e+03 -1.000000000000000000e+00 -1.000000000000000000e+00 -1.000000000000000000e+00 -1.000000000000000000e+00 -1.000000000000000000e+00 6.400620000000000118e+02 6.386119999999999663e+02 7.429999999999999938e-01 9.565000000000000169e-01 2.485500000000000043e+00 1.000000000000000000e+00
2.500000000000000000e+01 5.251000000000000000e+03 -1.000000000000000000e+00 -1.000000000000000000e+00 -1.000000000000000000e+00 -1.000000000000000000e+00 -1.000000000000000000e+00 6.439339999999999691e+02 6.147640000000000100e+02 1.026000000000000023e+00 1.381999999999999895e+00 3.784499999999999975e+00 2.123000000000000220e+00
2.600000000000000000e+01 5.230000000000000000e+03 -1.000000000000000000e+00 -1.000000000000000000e+00 -1.000000000000000000e+00 -1.000000000000000000e+00 -1.000000000000000000e+00 6.693780000000000427e+02 6.129890000000000327e+02 1.532000000000000028e+00 1.299500000000000099e+00 4.007500000000000284e+00 1.538999999999999924e+00
2.600000000000000000e+01 5.243000000000000000e+03 -1.000000000000000000e+00 -1.000000000000000000e+00 -1.000000000000000000e+00 -1.000000000000000000e+00 -1.000000000000000000e+00 6.495589999999999691e+02 6.295159999999999627e+02 1.175000000000000044e+00 1.131000000000000005e+00 2.867500000000000160e+00 1.268000000000000016e+00
2.600000000000000000e+01 5.231000000000000000e+03 -1.000000000000000000e+00 -1.000000000000000000e+00 -1.000000000000000000e+00 -1.000000000000000000e+00 -1.000000000000000000e+00 6.708440000000000509e+02 6.252340000000000373e+02 7.309999999999999831e-01 1.019500000000000073e+00 2.764499999999999957e+00 8.880000000000000115e-01
2.600000000000000000e+01 5.236000000000000000e+03 -1.000000000000000000e+00 -1.000000000000000000e+00 -1.000000000000000000e+00 -1.000000000000000000e+00 -1.000000000000000000e+00 6.611680000000000064e+02 6.188540000000000418e+02 1.173000000000000043e+00 9.909999999999999920e-01 2.708499999999999908e+00 1.380500000000000060e+00
2.600000000000000000e+01 5.266000000000000000e+03 -1.000000000000000000e+00 -1.000000000000000000e+00 -1.000000000000000000e+00 -1.000000000000000000e+00 -1.000000000000000000e+00 6.399210000000000491e+02 6.387369999999999663e+02 6.929999999999999494e-01 9.565000000000000169e-01 2.485500000000000043e+00 1.000000000000000000e+00
2.700000000000000000e+01 5.230000000000000000e+03 -1.000000000000000000e+00 -1.000000000000000000e+00 -1.000000000000000000e+00 -1.000000000000000000e+00 -1.000000000000000000e+00 6.692699999999999818e+02 6.128640000000000327e+02 1.532000000000000028e+00 1.299500000000000099e+00 4.007500000000000284e+00 1.538999999999999924e+00
2.700000000000000000e+01 5.243000000000000000e+03 -1.000000000000000000e+00 -1.000000000000000000e+00 -1.000000000000000000e+00 -1.000000000000000000e+00 -1.000000000000000000e+00 6.495850000000000364e+02 6.295460000000000491e+02 1.175000000000000044e+00 1.131000000000000005e+00 2.867500000000000160e+00 1.268000000000000016e+00
2.700000000000000000e+01 5.231000000000000000e+03 -1.000000000000000000e+00 -1.000000000000000000e+00 -1.000000000000000000e+00 -1.000000000000000000e+00 -1.000000000000000000e+00 6.708440000000000509e+02 6.252340000000000373e+02 7.309999999999999831e-01 1.019500000000000073e+00 2.764499999999999957e+00 8.880000000000000115e-01
2.700000000000000000e+01 5.236000000000000000e+03 -1.000000000000000000e+00 -1.000000000000000000e+00 -1.000000000000000000e+00 -1.000000000000000000e+00 -1.000000000000000000e+00 6.612160000000000082e+02 6.187889999999999873e+02 1.151000000000000023e+00 9.909999999999999920e-01 2.708499999999999908e+00 1.380500000000000060e+00
2.700000000000000000e+01 5.266000000000000000e+03 -1.000000000000000000e+00 -1.000000000000000000e+00 -1.000000000000000000e+00 -1.000000000000000000e+00 -1.000000000000000000e+00 6.397809999999999491e+02 6.388619999999999663e+02 6.430000000000000160e-01 9.565000000000000169e-01 2.485500000000000043e+00 1.000000000000000000e+00
2.800000000000000000e+01 5.230000000000000000e+03 -1.000000000000000000e+00 -1.000000000000000000e+00 -1.000000000000000000e+00 -1.000000000000000000e+00 -1.000000000000000000e+00 6.692699999999999818e+02 6.128640000000000327e+02 1.532000000000000028e+00 1.299500000000000099e+00 4.007500000000000284e+00 1.538999999999999924e+00
2.800000000000000000e+01 5.243000000000000000e+03 -1.000000000000000000e+00 -1.000000000000000000e+00 -1.000000000000000000e+00 -1.000000000000000000e+00 -1.000000000000000000e+00 6.496109999999999900e+02 6.295760000000000218e+02 1.274999999999999911e+00 1.131000000000000005e+00 2.867500000000000160e+00 1.268000000000000016e+00
2.800000000000000000e+01 5.236000000000000000e+03 -1.000000000000000000e+00 -1.000000000000000000e+00 -1.000000000000000000e+00 -1.000000000000000000e+00 -1.000000000000000000e+00 6.612599999999999909e+02 6.187309999999999945e+02 1.131000000000000005e+00 9.909999999999999920e-01 2.708499999999999908e+00 1.380500000000000060e+00
2.800000000000000000e+01 5.266000000000000000e+03 -1.000000000000000000e+00 -1.000000000000000000e+00 -1.000000000000000000e+00 -1.000000000000000000e+00 -1.000000000000000000e+00 6.397210000000000036e+02 6.388890000000000100e+02 7.339999999999999858e-01 9.565000000000000169e-01 2.485500000000000043e+00 1.000000000000000000e+00
2.800000000000000000e+01 5.231000000000000000e+03 -1.000000000000000000e+00 -1.000000000000000000e+00 -1.000000000000000000e+00 -1.000000000000000000e+00 -1.000000000000000000e+00 6.708440000000000509e+02 6.252340000000000373e+02 7.309999999999999831e-01 1.019500000000000073e+00 2.764499999999999957e+00 8.880000000000000115e-01
2.900000000000000000e+01 5.243000000000000000e+03 -1.000000000000000000e+00 -1.000000000000000000e+00 -1.000000000000000000e+00 -1.000000000000000000e+00 -1.000000000000000000e+00 6.495850000000000364e+02 6.295460000000000491e+02 1.274999999999999911e+00 1.131000000000000005e+00 2.867500000000000160e+00 1.268000000000000016e+00
2.900000000000000000e+01 5.231000000000000000e+03 -1.000000000000000000e+00 -1.000000000000000000e+00 -1.000000000000000000e+00 -1.000000000000000000e+00 -1.000000000000000000e+00 6.708440000000000509e+02 6.252340000000000373e+02 7.309999999999999831e-01 1.019500000000000073e+00 2.764499999999999957e+00 8.880000000000000115e-01
2.900000000000000000e+01 5.236000000000000000e+03 -1.000000000000000000e+00 -1.000000000000000000e+00 -1.000000000000000000e+00 -1.000000000000000000e+00 -1.000000000000000000e+00 6.613129999999999882e+02 6.186599999999999682e+02 1.106999999999999984e+00 9.909999999999999920e-01 2.708499999999999908e+00 1.380500000000000060e+00
2.900000000000000000e+01 5.266000000000000000e+03 -1.000000000000000000e+00 -1.000000000000000000e+00 -1.000000000000000000e+00 -1.000000000000000000e+00 -1.000000000000000000e+00 6.396490000000000009e+02 6.389220000000000255e+02 8.459999999999999742e-01 9.565000000000000169e-01 2.485500000000000043e+00 1.000000000000000000e+00
3.000000000000000000e+01 5.243000000000000000e+03 -1.000000000000000000e+00 -1.000000000000000000e+00 -1.000000000000000000e+00 -1.000000000000000000e+00 -1.000000000000000000e+00 6.495589999999999691e+02 6.295159999999999627e+02 1.274999999999999911e+00 1.131000000000000005e+00 2.867500000000000160e+00 1.268000000000000016e+00
3.000000000000000000e+01 5.236000000000000000e+03 -1.000000000000000000e+00 -1.000000000000000000e+00 -1.000000000000000000e+00 -1.000000000000000000e+00 -1.000000000000000000e+00 6.613609999999999900e+02 6.185960000000000036e+02 1.086000000000000076e+00 9.909999999999999920e-01 2.708499999999999908e+00 1.380500000000000060e+00
3.000000000000000000e+01 5.266000000000000000e+03 -1.000000000000000000e+00 -1.000000000000000000e+00 -1.000000000000000000e+00 -1.000000000000000000e+00 -1.000000000000000000e+00 6.395694250668359473e+02 6.389101009445735144e+02 6.280985475040224975e-01 9.564999999999999059e-01 2.485500000000000043e+00 1.000000000000000000e+00
3.100000000000000000e+01 5.243000000000000000e+03 -1.000000000000000000e+00 -1.000000000000000000e+00 -1.000000000000000000e+00 -1.000000000000000000e+00 -1.000000000000000000e+00 6.495330000000000155e+02 6.294869999999999663e+02 1.274999999999999911e+00 1.131000000000000005e+00 2.867500000000000160e+00 1.268000000000000016e+00
3.100000000000000000e+01 5.266000000000000000e+03 -1.000000000000000000e+00 -1.000000000000000000e+00 -1.000000000000000000e+00 -1.000000000000000000e+00 -1.000000000000000000e+00 6.395968801988208270e+02 6.389142063848703401e+02 7.032794229394687680e-01 9.565000000000000169e-01 2.485500000000000043e+00 1.000000000000000000e+00
3.200000000000000000e+01 5.266000000000000000e+03 -1.000000000000000000e+00 -1.000000000000000000e+00 -1.000000000000000000e+00 -1.000000000000000000e+00 -1.000000000000000000e+00 6.396243362086204343e+02 6.389183119564293065e+02 7.784627021101391264e-01 9.565000000000000169e-01 2.485500000000000043e+00 1.000000000000000000e+00
3.300000000000000000e+01 5.266000000000000000e+03 -1.000000000000000000e+00 -1.000000000000000000e+00 -1.000000000000000000e+00 -1.000000000000000000e+00 -1.000000000000000000e+00 6.395420000000000300e+02 6.389059999999999491e+02 5.530000000000000471e-01 9.565000000000000169e-01 2.485500000000000043e+00 1.000000000000000000e+00
