2.000000000000000000e+00 5.750000000000000000e+03 -1.000000000000000000e+00 -1.000000000000000000e+00 -1.000000000000000000e+00 -1.000000000000000000e+00 -1.000000000000000000e+00 6.039329999999999927e+02 1.659394000000000005e+03 2.139999999999999958e-01 4.354999999999999982e-01 1.127499999999999947e+00 8.405000000000000249e-01
3.000000000000000000e+00 5.750000000000000000e+03 -1.000000000000000000e+00 -1.000000000000000000e+00 -1.000000000000000000e+00 -1.000000000000000000e+00 -1.000000000000000000e+00 6.010940000000000509e+02 1.660575000000000045e+03 1.970000000000000084e-01 4.354999999999999982e-01 1.127499999999999947e+00 8.405000000000000249e-01
4.000000000000000000e+00 5.750000000000000000e+03 -1.000000000000000000e+00 -1.000000000000000000e+00 -1.000000000000000000e+00 -1.000000000000000000e+00 -1.000000000000000000e+00 5.982580000000000382e+02 1.661753999999999905e+03 1.809999999999999942e-01 4.354999999999999982e-01 1.127499999999999947e+00 8.405000000000000249e-01
5.000000000000000000e+00 5.750000000000000000e+03 -1.000000000000000000e+00 -1.000000000000000000e+00 -1.000000000000000000e+00 -1.000000000000000000e+00 -1.000000000000000000e+00 5.954149999999999636e+02 1.662935999999999922e+03 1.640000000000000069e-01 4.354999999999999982e-01 1.127499999999999947e+00 8.405000000000000249e-01
6.000000000000000000e+00 5.750000000000000000e+03 -1.000000000000000000e+00 -1.000000000000000000e+00 -1.000000000000000000e+00 -1.000000000000000000e+00 -1.000000000000000000e+00 5.924880000000000564e+02 1.664126999999999953e+03 1.890000000000000013e-01 4.354999999999999982e-01 1.127499999999999947e+00 8.405000000000000249e-01
7.000000000000000000e+00 5.750000000000000000e+03 -1.000000000000000000e+00 -1.000000000000000000e+00 -1.000000000000000000e+00 -1.000000000000000000e+00 -1.000000000000000000e+00 5.895650000000000546e+02 1.665317000000000007e+03 2.139999999999999958e-01 4.354999999999999982e-01 1.127499999999999947e+00 8.405000000000000249e-01
8.000000000000000000e+00 5.750000000000000000e+03 -1.000000000000000000e+00 -1.000000000000000000e+00 -1.000000000000000000e+00 -1.000000000000000000e+00 -1.000000000000000000e+00 5.865860000000000127e+02 1.666596000000000004e+03 2.889999999999999791e-01 4.354999999999999982e-01 1.127499999999999947e+00 8.405000000000000249e-01
8.000000000000000000e+00 5.765000000000000000e+03 -1.000000000000000000e+00 -1.000000000000000000e+00 -1.000000000000000000e+00 -1.000000000000000000e+00 -1.000000000000000000e+00 5.398300000000000409e+02 1.668172000000000025e+03 6.830000000000000515e-01 3.459999999999999742e-01 8.060000000000000497e-01 6.105000000000000426e-01
9.000000000000000000e+00 5.750000000000000000e+03 -1.000000000000000000e+00 -1.000000000000000000e+00 -1.000000000000000000e+00 -1.000000000000000000e+00 -1.000000000000000000e+00 5.836109999999999900e+02 1.667873000000000047e+03 3.639999999999999902e-01 4.354999999999999982e-01 1.127499999999999947e+00 8.405000000000000249e-01
9.000000000000000000e+00 5.765000000000000000e+03 -1.000000000000000000e+00 -1.000000000000000000e+00 -1.000000000000000000e+00 -1.000000000000000000e+00 -1.000000000000000000e+00 5.397780000000000200e+02 1.668191000000000031e+03 6.330000000000000071e-01 3.459999999999999742e-01 8.060000000000000497e-01 6.105000000000000426e-01
1.000000000000000000e+01 5.750000000000000000e+03 -1.000000000000000000e+00 -1.000000000000000000e+00 -1.000000000000000000e+00 -1.000000000000000000e+00 -1.000000000000000000e+00 5.806549999999999727e+02 1.669204999999999927e+03 3.890000000000000124e-01 4.354999999999999982e-01 1.127499999999999947e+00 8.405000000000000249e-01
1.000000000000000000e+01 5.765000000000000000e+03 -1.000000000000000000e+00 -1.000000000000000000e+00 -1.000000000000000000e+00 -1.000000000000000000e+00 -1.000000000000000000e+00 5.398460000000000036e+02 1.668234999999999900e+03 4.979999999999999982e-01 3.459999999999999742e-01 8.060000000000000497e-01 6.105000000000000426e-01
1.100000000000000000e+01 5.750000000000000000e+03 -1.000000000000000000e+00 -1.000000000000000000e+00 -1.000000000000000000e+00 -1.000000000000000000e+00 -1.000000000000000000e+00 5.776649999999999636e+02 1.670459000000000060e+03 4.139999999999999791e-01 4.354999999999999982e-01 1.127499999999999947e+00 8.405000000000000249e-01
1.100000000000000000e+01 5.765000000000000000e+03 -1.000000000000000000e+00 -1.000000000000000000e+00 -1.000000000000000000e+00 -1.000000000000000000e+00 -1.000000000000000000e+00 5.399139999999999873e+02 1.668278999999999996e+03 3.619999999999999885e-01 3.459999999999999742e-01 8.060000000000000497e-01 6.105000000000000426e-01
1.200000000000000000e+01 5.750000000000000000e+03 -1.000000000000000000e+00 -1.000000000000000000e+00 -1.000000000000000000e+00 -1.000000000000000000e+00 -1.000000000000000000e+00 5.747129999999999654e+02 1.671780999999999949e+03 4.640000000000000235e-01 4.354999999999999982e-01 1.127499999999999947e+00 8.405000000000000249e-01
1.200000000000000000e+01 5.765000000000000000e+03 -1.000000000000000000e+00 -1.000000000000000000e+00 -1.000000000000000000e+00 -1.000000000000000000e+00 -1.000000000000000000e+00 5.399089999999999918e+02 1.668313000000000102e+03 3.589999999999999858e-01 3.459999999999999742e-01 8.060000000000000497e-01 6.105000000000000426e-01
1.300000000000000000e+01 5.750000000000000000e+03 -1.000000000000000000e+00 -1.000000000000000000e+00 -1.000000000000000000e+00 -1.000000000000000000e+00 -1.000000000000000000e+00 5.717269999999999754e+02 1.673026000000000067e+03 5.639999999999999458e-01 4.354999999999999982e-01 1.127499999999999947e+00 8.405000000000000249e-01
1.300000000000000000e+01 5.765000000000000000e+03 -1.000000000000000000e+00 -1.000000000000000000e+00 -1.000000000000000000e+00 -1.000000000000000000e+00 -1.000000000000000000e+00 5.399039999999999964e+02 1.668346000000000004e+03 1.559999999999999998e-01 3.459999999999999742e-01 8.060000000000000497e-01 6.105000000000000426e-01
1.400000000000000000e+01 5.750000000000000000e+03 -1.000000000000000000e+00 -1.000000000000000000e+00 -1.000000000000000000e+00 -1.000000000000000000e+00 -1.000000000000000000e+00 5.686889999999999645e+02 1.674114000000000033e+03 6.969999999999999529e-01 4.354999999999999982e-01 1.127499999999999947e+00 8.405000000000000249e-01
1.400000000000000000e+01 5.765000000000000000e+03 -1.000000000000000000e+00 -1.000000000000000000e+00 -1.000000000000000000e+00 -1.000000000000000000e+00 -1.000000000000000000e+00 5.399200025276713859e+02 1.668307327224794335e+03 1.760031595892533884e-01 3.459999999999999742e-01 8.060000000000000497e-01 6.105000000000000426e-01
1.500000000000000000e+01 5.750000000000000000e+03 -1.000000000000000000e+00 -1.000000000000000000e+00 -1.000000000000000000e+00 -1.000000000000000000e+00 -1.000000000000000000e+00 5.656399999999999864e+02 1.675184999999999945e+03 7.810000000000000275e-01 4.354999999999999982e-01 1.127499999999999947e+00 8.405000000000000249e-01
1.500000000000000000e+01 5.765000000000000000e+03 -1.000000000000000000e+00 -1.000000000000000000e+00 -1.000000000000000000e+00 -1.000000000000000000e+00 -1.000000000000000000e+00 5.399119972643557048e+02 1.668326673277807231e+03 1.659965804445422133e-01 3.459999999999999742e-01 8.060000000000000497e-01 6.105000000000000426e-01
1.600000000000000000e+01 5.750000000000000000e+03 -1.000000000000000000e+00 -1.000000000000000000e+00 -1.000000000000000000e+00 -1.000000000000000000e+00 -1.000000000000000000e+00 5.625940000000000509e+02 1.676256000000000085e+03 8.639999999999999902e-01 4.354999999999999982e-01 1.127499999999999947e+00 8.405000000000000249e-01
1.600000000000000000e+01 5.765000000000000000e+03 -1.000000000000000000e+00 -1.000000000000000000e+00 -1.000000000000000000e+00 -1.000000000000000000e+00 -1.000000000000000000e+00 5.399279999999999973e+02 1.668288000000000011e+03 1.859999999999999987e-01 3.459999999999999742e-01 8.060000000000000497e-01 6.105000000000000426e-01
1.700000000000000000e+01 5.750000000000000000e+03 -1.000000000000000000e+00 -1.000000000000000000e+00 -1.000000000000000000e+00 -1.000000000000000000e+00 -1.000000000000000000e+00 5.594890000000000327e+02 1.677123000000000047e+03 8.639999999999999902e-01 4.354999999999999982e-01 1.127499999999999947e+00 8.405000000000000249e-01
1.700000000000000000e+01 5.765000000000000000e+03 -1.000000000000000000e+00 -1.000000000000000000e+00 -1.000000000000000000e+00 -1.000000000000000000e+00 -1.000000000000000000e+00 5.399360000000000355e+02 1.668269000000000005e+03 1.960000000000000075e-01 3.459999999999999742e-01 8.060000000000000497e-01 6.105000000000000426e-01
1.800000000000000000e+01 5.750000000000000000e+03 -1.000000000000000000e+00 -1.000000000000000000e+00 -1.000000000000000000e+00 -1.000000000000000000e+00 -1.000000000000000000e+00 5.564120000000000346e+02 1.678069999999999936e+03 8.639999999999999902e-01 4.354999999999999982e-01 1.127499999999999947e+00 8.405000000000000249e-01
1.800000000000000000e+01 5.765000000000000000e+03 -1.000000000000000000e+00 -1.000000000000000000e+00 -1.000000000000000000e+00 -1.000000000000000000e+00 -1.000000000000000000e+00 5.399550000000000409e+02 1.668203999999999951e+03 7.099999999999999367e-02 3.459999999999999742e-01 8.060000000000000497e-01 6.105000000000000426e-01
1.900000000000000000e+01 5.750000000000000000e+03 -1.000000000000000000e+00 -1.000000000000000000e+00 -1.000000000000000000e+00 -1.000000000000000000e+00 -1.000000000000000000e+00 5.542500000000000000e+02 1.678819999999999936e+03 8.639999999999999902e-01 4.354999999999999982e-01 1.127499999999999947e+00 8.405000000000000249e-01
1.900000000000000000e+01 5.765000000000000000e+03 -1.000000000000000000e+00 -1.000000000000000000e+00 -1.000000000000000000e+00 -1.000000000000000000e+00 -1.000000000000000000e+00 5.398849999999999909e+02 1.668310999999999922e+03 7.399999999999999634e-02 3.459999999999999742e-01 8.060000000000000497e-01 6.105000000000000426e-01
2.000000000000000000e+01 5.750000000000000000e+03 -1.000000000000000000e+00 -1.000000000000000000e+00 -1.000000000000000000e+00 -1.000000000000000000e+00 -1.000000000000000000e+00 5.518519999999999754e+02 1.679580999999999904e+03 8.639999999999999902e-01 4.354999999999999982e-01 1.127499999999999947e+00 8.405000000000000249e-01
2.000000000000000000e+01 5.765000000000000000e+03 -1.000000000000000000e+00 -1.000000000000000000e+00 -1.000000000000000000e+00 -1.000000000000000000e+00 -1.000000000000000000e+00 5.398540000000000418e+02 1.668411000000000058e+03 7.699999999999999900e-02 3.459999999999999742e-01 8.060000000000000497e-01 6.105000000000000426e-01
2.100000000000000000e+01 5.750000000000000000e+03 -1.000000000000000000e+00 -1.000000000000000000e+00 -1.000000000000000000e+00 -1.000000000000000000e+00 -1.000000000000000000e+00 5.496559999999999491e+02 1.680213999999999942e+03 8.639999999999999902e-01 4.354999999999999982e-01 1.127499999999999947e+00 8.405000000000000249e-01
2.100000000000000000e+01 5.765000000000000000e+03 -1.000000000000000000e+00 -1.000000000000000000e+00 -1.000000000000000000e+00 -1.000000000000000000e+00 -1.000000000000000000e+00 5.399080000000000155e+02 1.668391000000000076e+03 1.469999999999999918e-01 3.459999999999999742e-01 8.060000000000000497e-01 6.105000000000000426e-01
2.200000000000000000e+01 5.797000000000000000e+03 -1.000000000000000000e+00 -1.000000000000000000e+00 -1.000000000000000000e+00 -1.000000000000000000e+00 -1.000000000000000000e+00 5.079519999999999982e+02 1.711888999999999896e+03 2.123000000000000220e+00 3.885000000000000120e-01 1.070999999999999952e+00 7.954999999999999849e-01
2.200000000000000000e+01 5.750000000000000000e+03 -1.000000000000000000e+00 -1.000000000000000000e+00 -1.000000000000000000e+00 -1.000000000000000000e+00 -1.000000000000000000e+00 5.474410000000000309e+02 1.680790999999999940e+03 8.639999999999999902e-01 4.354999999999999982e-01 1.127499999999999947e+00 8.405000000000000249e-01
2.200000000000000000e+01 5.765000000000000000e+03 -1.000000000000000000e+00 -1.000000000000000000e+00 -1.000000000000000000e+00 -1.000000000000000000e+00 -1.000000000000000000e+00 5.398630000000000564e+02 1.668329999999999927e+03 2.790000000000000258e-01 3.459999999999999742e-01 8.060000000000000497e-01 6.105000000000000426e-01
2.300000000000000000e+01 5.797000000000000000e+03 -1.000000000000000000e+00 -1.000000000000000000e+00 -1.000000000000000000e+00 -1.000000000000000000e+00 -1.000000000000000000e+00 5.112029999999999745e+02 1.711838999999999942e+03 1.874000000000000110e+00 3.885000000000000120e-01 1.070999999999999952e+00 7.954999999999999849e-01
2.300000000000000000e+01 5.750000000000000000e+03 -1.000000000000000000e+00 -1.000000000000000000e+00 -1.000000000000000000e+00 -1.000000000000000000e+00 -1.000000000000000000e+00 5.452690000000000055e+02 1.681250000000000000e+03 8.639999999999999902e-01 4.354999999999999982e-01 1.127499999999999947e+00 8.405000000000000249e-01
2.300000000000000000e+01 5.765000000000000000e+03 -1.000000000000000000e+00 -1.000000000000000000e+00 -1.000000000000000000e+00 -1.000000000000000000e+00 -1.000000000000000000e+00 5.398179999999999836e+02 1.668269000000000005e+03 4.109999999999999765e-01 3.459999999999999742e-01 8.060000000000000497e-01 6.105000000000000426e-01
2.400000000000000000e+01 5.797000000000000000e+03 -1.000000000000000000e+00 -1.000000000000000000e+00 -1.000000000000000000e+00 -1.000000000000000000e+00 -1.000000000000000000e+00 5.142350000000000136e+02 1.711680000000000064e+03 1.774000000000000021e+00 3.885000000000000120e-01 1.070999999999999952e+00 7.954999999999999849e-01
2.400000000000000000e+01 5.750000000000000000e+03 -1.000000000000000000e+00 -1.000000000000000000e+00 -1.000000000000000000e+00 -1.000000000000000000e+00 -1.000000000000000000e+00 5.427770000000000437e+02 1.681644999999999982e+03 8.639999999999999902e-01 4.354999999999999982e-01 1.127499999999999947e+00 8.405000000000000249e-01
2.400000000000000000e+01 5.765000000000000000e+03 -1.000000000000000000e+00 -1.000000000000000000e+00 -1.000000000000000000e+00 -1.000000000000000000e+00 -1.000000000000000000e+00 5.397730000000000246e+02 1.668208000000000084e+03 5.430000000000000382e-01 3.459999999999999742e-01 8.060000000000000497e-01 6.105000000000000426e-01
2.500000000000000000e+01 5.797000000000000000e+03 -1.000000000000000000e+00 -1.000000000000000000e+00 -1.000000000000000000e+00 -1.000000000000000000e+00 -1.000000000000000000e+00 5.169289999999999736e+02 1.711529999999999973e+03 1.574999999999999956e+00 3.885000000000000120e-01 1.070999999999999952e+00 7.954999999999999849e-01
2.500000000000000000e+01 5.750000000000000000e+03 -1.000000000000000000e+00 -1.000000000000000000e+00 -1.000000000000000000e+00 -1.000000000000000000e+00 -1.000000000000000000e+00 5.402839999999999918e+02 1.682040999999999940e+03 8.639999999999999902e-01 4.354999999999999982e-01 1.127499999999999947e+00 8.405000000000000249e-01
2.500000000000000000e+01 5.765000000000000000e+03 -1.000000000000000000e+00 -1.000000000000000000e+00 -1.000000000000000000e+00 -1.000000000000000000e+00 -1.000000000000000000e+00 5.397259999999999991e+02 1.668170000000000073e+03 5.430000000000000382e-01 3.459999999999999742e-01 8.060000000000000497e-01 6.105000000000000426e-01
2.600000000000000000e+01 5.797000000000000000e+03 -1.000000000000000000e+00 -1.000000000000000000e+00 -1.000000000000000000e+00 -1.000000000000000000e+00 -1.000000000000000000e+00 5.190529999999999973e+02 1.711122000000000071e+03 1.568000000000000060e+00 3.885000000000000120e-01 1.070999999999999952e+00 7.954999999999999849e-01
2.600000000000000000e+01 5.750000000000000000e+03 -1.000000000000000000e+00 -1.000000000000000000e+00 -1.000000000000000000e+00 -1.000000000000000000e+00 -1.000000000000000000e+00 5.378099999999999454e+02 1.682558999999999969e+03 8.139999999999999458e-01 4.354999999999999982e-01 1.127499999999999947e+00 8.405000000000000249e-01
2.600000000000000000e+01 5.765000000000000000e+03 -1.000000000000000000e+00 -1.000000000000000000e+00 -1.000000000000000000e+00 -1.000000000000000000e+00 -1.000000000000000000e+00 5.397435205020217381e+02 1.668172002343088252e+03 5.179707113976220745e-01 3.459999999999999742e-01 8.060000000000000497e-01 6.105000000000000426e-01
2.700000000000000000e+01 5.797000000000000000e+03 -1.000000000000000000e+00 -1.000000000000000000e+00 -1.000000000000000000e+00 -1.000000000000000000e+00 -1.000000000000000000e+00 5.206040000000000418e+02 1.710675999999999931e+03 1.491999999999999993e+00 3.885000000000000120e-01 1.070999999999999952e+00 7.954999999999999849e-01
2.700000000000000000e+01 5.750000000000000000e+03 -1.000000000000000000e+00 -1.000000000000000000e+00 -1.000000000000000000e+00 -1.000000000000000000e+00 -1.000000000000000000e+00 5.351860000000000355e+02 1.683278999999999996e+03 8.139999999999999458e-01 4.354999999999999982e-01 1.127499999999999947e+00 8.405000000000000249e-01
2.700000000000000000e+01 5.765000000000000000e+03 -1.000000000000000000e+00 -1.000000000000000000e+00 -1.000000000000000000e+00 -1.000000000000000000e+00 -1.000000000000000000e+00 5.397609999999999673e+02 1.668173999999999978e+03 4.929999999999999938e-01 3.459999999999999742e-01 8.060000000000000497e-01 6.105000000000000426e-01
2.800000000000000000e+01 5.797000000000000000e+03 -1.000000000000000000e+00 -1.000000000000000000e+00 -1.000000000000000000e+00 -1.000000000000000000e+00 -1.000000000000000000e+00 5.216009999999999991e+02 1.710356999999999971e+03 1.411999999999999922e+00 3.885000000000000120e-01 1.070999999999999952e+00 7.954999999999999849e-01
2.800000000000000000e+01 5.750000000000000000e+03 -1.000000000000000000e+00 -1.000000000000000000e+00 -1.000000000000000000e+00 -1.000000000000000000e+00 -1.000000000000000000e+00 5.320940000000000509e+02 1.684075000000000045e+03 8.639999999999999902e-01 4.354999999999999982e-01 1.127499999999999947e+00 8.405000000000000249e-01
2.800000000000000000e+01 5.765000000000000000e+03 -1.000000000000000000e+00 -1.000000000000000000e+00 -1.000000000000000000e+00 -1.000000000000000000e+00 -1.000000000000000000e+00 5.397839999999999918e+02 1.668238000000000056e+03 5.929999999999999716e-01 3.459999999999999742e-01 8.060000000000000497e-01 6.105000000000000426e-01
2.900000000000000000e+01 5.797000000000000000e+03 -1.000000000000000000e+00 -1.000000000000000000e+00 -1.000000000000000000e+00 -1.000000000000000000e+00 -1.000000000000000000e+00 5.223540000000000418e+02 1.710010999999999967e+03 1.381999999999999895e+00 3.885000000000000120e-01 1.070999999999999952e+00 7.954999999999999849e-01
2.900000000000000000e+01 5.750000000000000000e+03 -1.000000000000000000e+00 -1.000000000000000000e+00 -1.000000000000000000e+00 -1.000000000000000000e+00 -1.000000000000000000e+00 5.288840000000000146e+02 1.685031999999999925e+03 8.639999999999999902e-01 4.354999999999999982e-01 1.127499999999999947e+00 8.405000000000000249e-01
2.900000000000000000e+01 5.765000000000000000e+03 -1.000000000000000000e+00 -1.000000000000000000e+00 -1.000000000000000000e+00 -1.000000000000000000e+00 -1.000000000000000000e+00 5.397874940799063097e+02 1.668247983085446322e+03 4.931691455351376319e-01 3.459999999999999742e-01 8.060000000000000497e-01 6.105000000000000426e-01
3.000000000000000000e+01 5.797000000000000000e+03 -1.000000000000000000e+00 -1.000000000000000000e+00 -1.000000000000000000e+00 -1.000000000000000000e+00 -1.000000000000000000e+00 5.227770000000000437e+02 1.709796000000000049e+03 1.254999999999999893e+00 3.885000000000000120e-01 1.070999999999999952e+00 7.954999999999999849e-01
3.000000000000000000e+01 5.750000000000000000e+03 -1.000000000000000000e+00 -1.000000000000000000e+00 -1.000000000000000000e+00 -1.000000000000000000e+00 -1.000000000000000000e+00 5.251779999999999973e+02 1.686002999999999929e+03 8.639999999999999902e-01 4.354999999999999982e-01 1.127499999999999947e+00 8.405000000000000249e-01
3.000000000000000000e+01 5.765000000000000000e+03 -1.000000000000000000e+00 -1.000000000000000000e+00 -1.000000000000000000e+00 -1.000000000000000000e+00 -1.000000000000000000e+00 5.397910000000000537e+02 1.668258000000000038e+03 3.930000000000000160e-01 3.459999999999999742e-01 8.060000000000000497e-01 6.105000000000000426e-01
3.100000000000000000e+01 5.797000000000000000e+03 -1.000000000000000000e+00 -1.000000000000000000e+00 -1.000000000000000000e+00 -1.000000000000000000e+00 -1.000000000000000000e+00 5.231939999999999600e+02 1.709569999999999936e+03 1.302999999999999936e+00 3.885000000000000120e-01 1.070999999999999952e+00 7.954999999999999849e-01
3.100000000000000000e+01 5.750000000000000000e+03 -1.000000000000000000e+00 -1.000000000000000000e+00 -1.000000000000000000e+00 -1.000000000000000000e+00 -1.000000000000000000e+00 5.212659999999999627e+02 1.686829999999999927e+03 8.639999999999999902e-01 4.354999999999999982e-01 1.127499999999999947e+00 8.405000000000000249e-01
3.100000000000000000e+01 5.765000000000000000e+03 -1.000000000000000000e+00 -1.000000000000000000e+00 -1.000000000000000000e+00 -1.000000000000000000e+00 -1.000000000000000000e+00 5.397350000000000136e+02 1.668101000000000113e+03 3.930000000000000160e-01 3.459999999999999742e-01 8.060000000000000497e-01 6.105000000000000426e-01
3.200000000000000000e+01 5.797000000000000000e+03 -1.000000000000000000e+00 -1.000000000000000000e+00 -1.000000000000000000e+00 -1.000000000000000000e+00 -1.000000000000000000e+00 5.235180000000000291e+02 1.709375999999999976e+03 1.125999999999999890e+00 3.885000000000000120e-01 1.070999999999999952e+00 7.954999999999999849e-01
3.200000000000000000e+01 5.750000000000000000e+03 -1.000000000000000000e+00 -1.000000000000000000e+00 -1.000000000000000000e+00 -1.000000000000000000e+00 -1.000000000000000000e+00 5.173189999999999600e+02 1.687637999999999920e+03 8.139999999999999458e-01 4.354999999999999982e-01 1.127499999999999947e+00 8.405000000000000249e-01
3.300000000000000000e+01 5.797000000000000000e+03 -1.000000000000000000e+00 -1.000000000000000000e+00 -1.000000000000000000e+00 -1.000000000000000000e+00 -1.000000000000000000e+00 5.237569999999999482e+02 1.709227000000000089e+03 9.859999999999999876e-01 3.885000000000000120e-01 1.070999999999999952e+00 7.954999999999999849e-01
3.300000000000000000e+01 5.750000000000000000e+03 -1.000000000000000000e+00 -1.000000000000000000e+00 -1.000000000000000000e+00 -1.000000000000000000e+00 -1.000000000000000000e+00 5.142179999999999609e+02 1.688266000000000076e+03 8.639999999999999902e-01 4.354999999999999982e-01 1.127499999999999947e+00 8.405000000000000249e-01
3.400000000000000000e+01 5.797000000000000000e+03 -1.000000000000000000e+00 -1.000000000000000000e+00 -1.000000000000000000e+00 -1.000000000000000000e+00 -1.000000000000000000e+00 5.242999999999999545e+02 1.708800999999999931e+03 8.780000000000000027e-01 3.885000000000000120e-01 1.070999999999999952e+00 7.954999999999999849e-01
3.400000000000000000e+01 5.750000000000000000e+03 -1.000000000000000000e+00 -1.000000000000000000e+00 -1.000000000000000000e+00 -1.000000000000000000e+00 -1.000000000000000000e+00 5.100240000000000009e+02 1.688810999999999922e+03 7.139999999999999680e-01 4.354999999999999982e-01 1.127499999999999947e+00 8.405000000000000249e-01
3.500000000000000000e+01 5.797000000000000000e+03 -1.000000000000000000e+00 -1.000000000000000000e+00 -1.000000000000000000e+00 -1.000000000000000000e+00 -1.000000000000000000e+00 5.253239999999999554e+02 1.707847999999999956e+03 8.070000000000000506e-01 3.885000000000000120e-01 1.070999999999999952e+00 7.954999999999999849e-01
3.500000000000000000e+01 5.750000000000000000e+03 -1.000000000000000000e+00 -1.000000000000000000e+00 -1.000000000000000000e+00 -1.000000000000000000e+00 -1.000000000000000000e+00 5.069920000000000186e+02 1.689144000000000005e+03 7.890000000000000346e-01 4.354999999999999982e-01 1.127499999999999947e+00 8.405000000000000249e-01
3.600000000000000000e+01 5.797000000000000000e+03 -1.000000000000000000e+00 -1.000000000000000000e+00 -1.000000000000000000e+00 -1.000000000000000000e+00 -1.000000000000000000e+00 5.264109999999999445e+02 1.706580999999999904e+03 7.199999999999999734e-01 3.885000000000000120e-01 1.070999999999999952e+00 7.954999999999999849e-01
3.600000000000000000e+01 5.750000000000000000e+03 -1.000000000000000000e+00 -1.000000000000000000e+00 -1.000000000000000000e+00 -1.000000000000000000e+00 -1.000000000000000000e+00 5.039628368251034090e+02 1.689478846085144369e+03 6.640574309162730060e-01 4.354999999999999982e-01 1.127499999999999947e+00 8.405000000000000249e-01
3.700000000000000000e+01 5.797000000000000000e+03 -1.000000000000000000e+00 -1.000000000000000000e+00 -1.000000000000000000e+00 -1.000000000000000000e+00 -1.000000000000000000e+00 5.275620000000000118e+02 1.704461000000000013e+03 4.490000000000000102e-01 3.885000000000000120e-01 1.070999999999999952e+00 7.954999999999999849e-01
3.700000000000000000e+01 5.750000000000000000e+03 -1.000000000000000000e+00 -1.000000000000000000e+00 -1.000000000000000000e+00 -1.000000000000000000e+00 -1.000000000000000000e+00 5.015369999999999777e+02 1.689747000000000071e+03 5.639999999999999458e-01 4.354999999999999982e-01 1.127499999999999947e+00 8.405000000000000249e-01
3.800000000000000000e+01 5.797000000000000000e+03 -1.000000000000000000e+00 -1.000000000000000000e+00 -1.000000000000000000e+00 -1.000000000000000000e+00 -1.000000000000000000e+00 5.284049999999999727e+02 1.702093000000000075e+03 2.039999999999999869e-01 3.885000000000000120e-01 1.070999999999999952e+00 7.954999999999999849e-01
3.900000000000000000e+01 5.797000000000000000e+03 -1.000000000000000000e+00 -1.000000000000000000e+00 -1.000000000000000000e+00 -1.000000000000000000e+00 -1.000000000000000000e+00 5.288129999999999882e+02 1.699844000000000051e+03 4.599999999999999922e-02 3.885000000000000120e-01 1.070999999999999952e+00 7.954999999999999849e-01
4.000000000000000000e+01 5.797000000000000000e+03 -1.000000000000000000e+00 -1.000000000000000000e+00 -1.000000000000000000e+00 -1.000000000000000000e+00 -1.000000000000000000e+00 5.285570000000000164e+02 1.697577999999999975e+03 -1.360000000000000098e-01 3.885000000000000120e-01 1.070999999999999952e+00 7.954999999999999849e-01
